124.133 9.38617e-05
125.076 8.96377e-05
120.903 0.000106963
126.095 9.54948e-05
124.494 0.000110056
123.003 9.4628e-05
121.01 0.000102941
117.486 9.25675e-05
129.57 0.000105214
121.614 9.36438e-05
124.851 9.56975e-05
124.601 8.85648e-05
119.974 9.40712e-05
124.681 0.000108995
120.495 9.47534e-05
119.557 9.5242e-05
130.148 9.84276e-05
116.746 9.34532e-05
125.55 0.000107631
128.384 0.000111533
127.127 9.76473e-05
117.76 8.86407e-05
124.235 9.05201e-05
123.797 0.000107683
123.623 9.64769e-05
119.104 0.000102676
128.414 0.000106206
117.24 0.000101542
131.258 0.000111633
125.581 9.82066e-05
126.454 4.44574e-06
126.1 0.000101513
123.339 0.000101881
121.262 9.07824e-05
125.928 0.000100978
122.68 9.57264e-05
119.076 0.000112175
126.381 9.94554e-05
126.055 0.000101135
125.28 9.68063e-05
118.607 7.24436e-05
122.142 0.000102536
121.208 9.67051e-05
123.859 9.81423e-05
119.423 9.59723e-05
125.21 8.88537e-08
119.872 9.97014e-05
124.007 8.96695e-05
125.408 0.000110478
120.946 9.8312e-05
126.036 8.28311e-05
121.516 9.49864e-05
123.48 9.90598e-05
132.082 0.000103296
127.278 8.8518e-05
124.535 0.000112919
124.587 9.89893e-05
120.127 9.71283e-05
120.779 9.79708e-05
115.771 9.71504e-05
123.046 0.000104237
122.148 9.93011e-05
123.803 2.09255e-05
120.284 9.97559e-05
123.527 0.000101522
119.744 0.000102876
126.858 0.000104747
123.835 0.000107076
125.929 0.000108247
121.604 9.72279e-05
121.425 9.68552e-05
119.666 0.000101633
118.998 7.05111e-05
123.754 9.4526e-05
128.669 9.80515e-05
121.99 0.000100912
127.758 9.3433e-05
115.973 9.8376e-05
125.168 9.92627e-05
119.986 7.72534e-05
126.126 0.0001092
127.622 9.16283e-05
121.68 0.000101449
125.806 0.000100789
116.466 9.19199e-05
125.182 9.55754e-05
120.018 8.7661e-05
119.8 8.92971e-05
115.065 0.00011468
125.821 3.81511e-05
124.559 0.000105922
116.788 0.000109386
124.963 9.56986e-05
123.914 1.50917e-05
126.951 0.00010689
126.664 0.000104859
126.848 9.46695e-05
162.828 9.20729e-05
122.611 9.59228e-05
125.813 9.82203e-05
125.952 9.61535e-05
118.692 9.72772e-05
127.351 0.000103142
127.21 0.000106195
128.065 9.23711e-05
129.432 0.000102803
121.458 9.76001e-05
124.154 1.06454e-05
123.95 0.000107257
118.879 0.000101636
126.752 8.36955e-05
119.573 0.000117278
116.836 9.40733e-05
125.839 0.000108164
123.282 9.93166e-05
116.594 9.45291e-05
122.018 0.000108084
126.796 9.52512e-05
127.137 0.000107289
124.259 0.000108711
121.668 8.85032e-05
125.587 9.2058e-05
124.211 9.2805e-05
121.936 9.44953e-05
121.646 9.74318e-05
123.247 8.91731e-05
125.797 9.60759e-05
123.178 9.40622e-05
120.619 9.56586e-05
126.384 9.87706e-05
125.737 9.37791e-05
125.806 8.86985e-05
125.783 9.93032e-05
115.151 9.94025e-05
124.812 9.45536e-05
123.203 9.13175e-05
126.453 0.00010674
128.699 0.000113675
119.413 9.93453e-05
119.137 7.1933e-05
127.087 0.00010888
115.859 0.000106476
123.811 9.23302e-05
122.38 9.6934e-05
124.64 0.000106629
128.962 9.11561e-05
124.124 0.000110187
124.519 9.78157e-05
121.717 9.87608e-05
125.015 9.93046e-05
120.236 9.65397e-05
129.38 0.000111422
124.265 9.8137e-05
128.231 8.58728e-05
125.405 0.000110471
117.403 -9.61709e-05
121.532 9.09936e-05
126.381 8.95983e-05
119.91 0.000104516
122.781 9.97431e-05
118.138 0.000111749
122.458 9.87872e-05
117.861 9.02784e-05
125.525 9.2862e-05
119.742 9.95799e-05
129.816 8.71317e-05
122.608 0.000109004
126.516 0.00010225
123.081 9.52379e-05
126.473 9.38381e-05
124.269 6.56121e-05
122.881 8.20919e-05
125.112 9.68246e-05
123.145 0.000110834
124.783 9.49521e-05
126.03 9.95855e-05
129.102 5.78536e-05
124.069 9.47327e-05
117.933 0.000108499
122.735 9.5832e-05
126.405 9.93576e-05
120.549 0.000112728
123.797 9.99104e-05
124.154 7.40582e-05
123.637 9.45085e-05
122.752 0.000104281
122.525 0.000109358
120.225 9.98091e-05
118.568 0.000103745
122.008 9.9353e-05
116.4 9.34956e-05
117.62 9.79929e-05
149.042 9.42903e-05
129.332 2.08137e-05
125.373 0.000113718
120.738 9.44051e-05
125.78 1.54388e-05
121.966 0.000112948
123.493 9.02425e-05
128.283 9.35188e-05
120.946 9.37169e-05
122.836 9.74314e-05
124.241 0.000106535
129.228 9.8624e-05
125.314 0.000107764
125.616 9.74702e-05
121.389 0.000106122
123.736 7.53318e-05
121.77 0.000135536
120.99 6.20928e-05
126.705 9.67069e-05
122.512 0.00010945
123.42 9.4182e-05
122.607 7.58693e-05
122.873 9.83557e-05
115.533 9.91161e-05
127.8 0.000103334
125.12 9.89978e-05
122.723 0.00011062
125.603 2.81157e-05
124.905 8.90331e-05
123.258 9.38313e-05
124.119 8.61429e-05
127.093 9.76642e-05
123.188 0.000109693
116.253 9.7311e-05
116.649 0.000109211
124.271 0.000106309
125.715 9.98989e-05
125.695 9.0363e-05
119.43 0.000106302
122.175 0.000101332
123.381 9.72395e-05
124.082 0.000101481
129.885 9.56562e-05
121.667 8.7343e-05
121.315 9.56535e-05
119.832 9.74387e-05
124.498 9.954e-05
116.63 9.91125e-05
123.025 9.47541e-05
127.653 0.000104088
120.258 9.84601e-05
124.723 9.85901e-05
126.792 9.6213e-05
117.577 9.7906e-05
126.681 9.55317e-05
118.373 0.000107391
119.554 0.000102673
126.447 9.93478e-05
125.402 9.7655e-05
123.356 9.72629e-05
128.717 0.000101906
119.874 7.10142e-06
126.512 9.71667e-05
126.137 0.000102549
128.484 9.58768e-05
124.195 9.93993e-05
125.705 9.66098e-05
124.67 0.000101275
120.286 9.78255e-05
125.937 0.0001066
125.888 0.000105224
118.443 9.96794e-05
127.663 0.000103355
128.117 0.000106456
130.634 9.66408e-05
116.028 9.28731e-05
120.621 9.63576e-05
120.204 9.97024e-05
127.233 9.80202e-05
125.574 9.86672e-05
119.228 9.35123e-05
122.987 0.000100927
123.75 9.58562e-05
122.86 9.39082e-05
122.869 9.50578e-05
121.966 9.58358e-05
125.909 9.15942e-05
120.238 9.54294e-05
127.622 9.50003e-05
124.84 9.44311e-05
122.822 9.98932e-05
121.505 9.82918e-05
120.936 0.000105531
120.239 8.02379e-05
123.079 1.12922e-06
121.016 9.11954e-05
116.302 0.000105196
120.646 8.65328e-05
128.144 9.36955e-05
126.32 9.82565e-05
126.08 9.51508e-05
124.124 0.000111485
127.947 0.000108623
124.658 0.000102259
123.662 2.87523e-06
120.06 0.000109993
119.892 0.000101345
123.927 1.81263e-06
126.955 8.95769e-05
124.047 9.8895e-05
121.657 2.06633e-05
120.81 0.00010681
123.643 0.000110834
122.338 0.000103495
122.252 0.000101063
120.058 0.000100383
125.813 0.000100012
118.231 8.94227e-05
124.869 0.000111201
127.78 9.84669e-05
124.048 9.54499e-05
119.991 8.9485e-05
129.52 9.15126e-05
124.302 8.60563e-05
124.117 9.83257e-05
130.27 1.49838e-05
122.746 0.000109317
127.278 0.000108911
123.485 9.83158e-05
122.205 0.000109122
125.717 0.000106322
124.941 0.000105706
120.197 9.93818e-05
117.89 9.71605e-05
124.718 8.56857e-05
121.967 7.65419e-05
121.492 9.74985e-05
123.613 9.94277e-05
127.106 9.57394e-05
124.773 9.85507e-05
123.412 8.74739e-05
123.572 9.71364e-05
124.104 0.000101602
120.401 9.48337e-05
122.834 9.49528e-05
125.235 0.000111355
127.183 9.7404e-05
117.193 0.000100508
124.198 9.52754e-05
121.637 0.000108385
129.347 9.54426e-05
125.048 0.000112682
121.132 9.86652e-05
132.184 3.66331e-05
121.623 0.000101315
122.137 0.000103351
123.206 0.000105096
144.21 0.000102836
125.061 9.75099e-05
129.59 9.34275e-05
125.668 9.31378e-05
123.886 9.70439e-05
124.146 0.000106748
125.419 8.21145e-05
122.554 3.808e-05
124.296 0.000106365
122.73 9.99049e-05
121.344 9.75895e-05
121.468 0.000112003
125.373 5.68499e-05
122.802 9.56635e-05
128.053 9.56224e-05
120.434 9.25987e-05
125.809 4.61105e-06
120.199 -8.89499e-05
119.037 6.57487e-05
122.847 9.50013e-05
128.665 0.000109291
123.635 9.87423e-05
124.086 9.5957e-05
125.762 9.88622e-05
127.615 0.00010417
121.864 8.05036e-05
124.16 7.78722e-05
124.053 9.67702e-05
123.648 9.69341e-05
118.653 0.000100854
126.19 7.64276e-05
124.847 0.000106359
124.809 8.18447e-05
125.447 8.18368e-05
126.021 9.9056e-05
118.186 9.80882e-05
128.818 9.91473e-05
125.376 0.000104874
124.044 9.84409e-05
124.074 9.21226e-05
121.176 9.40362e-05
126.101 0.000108622
125.776 9.22038e-05
122.871 6.98214e-05
122.318 9.43744e-05
125.167 6.96695e-06
124.607 0.000102966
121.861 9.92548e-05
122.343 9.89228e-05
120.232 0.000107429
121.75 9.81207e-05
125.453 0.000109848
123.694 0.000118557
125.234 8.88344e-05
118.815 9.59627e-05
127.427 9.77804e-05
121.971 8.83518e-05
123.518 5.31284e-05
123.439 9.55481e-05
128.121 0.000101582
124.824 9.41654e-05
151.589 9.10539e-05
123.887 9.17994e-05
126.636 9.77435e-05
120.498 8.5825e-05
118.78 9.88521e-05
126.608 1.10068e-06
126.309 9.46111e-05
121.452 0.000113343
120.626 9.21041e-05
123.137 1.03419e-05
123.557 0.000100497
118.407 9.98679e-05
121.03 0.000113605
127.633 9.26047e-05
125.355 9.35523e-05
119.845 0.000106399
130.224 0.000108311
122.518 1.98636e-05
127.62 9.60673e-05
121.039 9.31322e-05
124.085 0.000109266
125.348 1.55764e-05
124.872 2.79154e-05
124.735 0.000107643
118.944 9.43141e-05
124.113 0.000107555
124.293 9.46115e-05
123.517 0.000104653
115.183 9.60784e-05
120.511 9.67894e-05
124.152 9.95069e-05
118.309 9.01616e-05
121.682 0.000102228
120.944 9.46281e-05
124.106 9.03946e-05
121.482 8.93604e-05
124.087 9.9402e-05
122.527 0.000102867
129.229 9.73859e-05
126.805 0.000107753
123.881 0.00010093
120.604 0.000109878
115.607 9.48381e-05
127.367 8.69837e-05
120.971 0.000103872
127.757 0.000101207
122.116 9.32163e-05
123.793 0.000101281
120.445 9.67886e-05
118.15 9.46617e-05
121.951 0.000100669
125.396 8.90563e-05
121.842 0.000112497
122.006 9.27504e-05
126.084 9.4826e-05
124.244 8.14225e-05
124.417 0.000105848
124.016 9.63376e-05
118.854 8.3958e-05
128.44 0.000112955
126.407 9.42503e-05
122.648 8.28114e-05
129.31 2.02683e-05
123.062 0.000101455
126.57 9.99844e-05
122.419 8.85729e-05
123.33 9.4676e-05
123.278 5.55465e-05
126.415 8.76468e-05
122.487 1.52607e-05
126.207 7.34992e-06
122.341 9.61454e-05
120.162 0.000100812
123.329 9.34949e-05
121.912 9.27862e-05
119.183 9.56523e-05
125.027 6.43323e-05
125.749 0.000107001
123.218 9.48817e-05
117.736 0.000109851
124.081 0.000110247
115.256 0.000101386
122.016 0.000107257
129.193 9.28928e-05
119.296 7.69809e-05
123.507 2.79951e-05
128.202 -9.61042e-05
117.708 9.76684e-05
126.371 9.79385e-05
129.524 9.97189e-05
123.166 9.66451e-05
123.312 9.74305e-05
126.254 9.4548e-05
117.363 9.45505e-05
123.574 3.69171e-05
119.62 9.97841e-05
125.185 0.000103592
125.8 9.80694e-05
130.742 0.000105348
121.495 4.7393e-06
129.003 9.27539e-05
121.298 9.70575e-05
127.177 7.25658e-05
124.784 0.000101252
122.176 9.80133e-05
128.69 9.56989e-05
125.839 4.57229e-05
123.054 9.78242e-05
123.636 9.77217e-05
123.233 0.000101108
123.571 0.00010075
126.011 9.15934e-05
125.52 0.000102617
127.301 9.05267e-05
119.714 6.72628e-07
123.933 9.79314e-05
124.678 9.41078e-05
124.274 0.000108096
122.058 9.67476e-05
123.321 0.000102799
126.461 0.000112794
120.551 0.000100904
127.033 6.19975e-05
121.138 9.82824e-05
124.487 7.05999e-06
121.93 6.77414e-07
123.771 9.81611e-05
120.641 0.000101697
129.661 0.000102057
127.372 4.47809e-06
123.64 9.59306e-05
123.115 0.000100027
120.051 9.57952e-05
121.236 9.49531e-05
123.949 9.95066e-05
124.798 9.4779e-05
122.998 0.000110619
125.171 9.81035e-05
121.464 9.84601e-05
120.891 8.99912e-05
124.993 0.000104845
126.764 9.84928e-05
126.026 9.19529e-05
124.247 9.45724e-05
129.198 9.82273e-05
125.108 9.71591e-05
125.38 8.85072e-05
123.423 9.54004e-05
132.264 9.4783e-05
120.572 9.43344e-05
125.087 9.58671e-05
124.415 0.000107747
135.168 0.000106668
115.47 9.66687e-05
118.749 1.44612e-05
125.458 9.34373e-05
123.256 5.56405e-05
122.428 0.000109455
123.293 9.03236e-05
116.545 0.000117169
124.963 9.50848e-05
124.231 0.000109397
118.913 0.000105787
125.328 0.000100082
125.059 0.000107305
124.784 8.94875e-05
119.646 9.29129e-05
123.839 8.84891e-05
123.681 8.88628e-05
125.202 9.5684e-05
125.125 9.68796e-05
118.887 0.000102249
124.429 9.85254e-05
121.971 7.83194e-05
116.95 4.24263e-05
123.483 8.83947e-05
122.045 9.98241e-05
127.067 0.000101612
129.453 9.71202e-05
125.457 0.000102445
124.391 0.000105911
120.615 9.4089e-05
124.211 8.93646e-05
126.791 8.88058e-05
124.848 0.000109406
122.468 9.74714e-05
122.581 9.77776e-05
122.105 0.000105108
127.067 9.82171e-05
125.536 9.4333e-05
119.989 9.9426e-05
124.166 0.000108298
126.687 9.27883e-05
128.769 9.76747e-05
123.877 0.000102127
124.187 0.000107882
129.236 0.000107207
124.979 9.64848e-05
122.74 0.000107854
126.829 0.000112635
120.212 9.51175e-05
123.728 7.47713e-05
125.019 0.000102364
120.344 0.000104509
122.496 0.000106957
123.561 0.000103462
121.819 9.11211e-05
124.732 0.000112155
130.095 9.62049e-05
128.951 9.70002e-05
124.238 9.4256e-05
127.115 8.91796e-05
124.087 9.81621e-05
125.938 0.00010648
127.309 9.76533e-05
125.223 9.51633e-05
121.15 8.88924e-05
126.037 0.000100716
126.808 9.14637e-05
122.488 8.53991e-05
125.781 9.53902e-05
119.884 0.000102139
124.453 0.000107128
121.311 0.000111589
120.498 9.3808e-05
119.701 0.000108791
123.836 0.000102338
123.339 0.000108769
119.038 9.83763e-05
121.299 9.56584e-05
116.656 1.31598e-05
126.651 9.88255e-05
122.338 9.36683e-05
120.993 0.000102407
118.255 7.92149e-05
125.464 0.000100304
125.822 2.89282e-06
128.166 9.86111e-05
125.014 9.75372e-05
128.417 9.75986e-05
124.842 9.10854e-05
125.186 6.4832e-06
120.47 7.47154e-05
118.722 8.63143e-05
118.471 9.82415e-05
126.277 0.000102821
125.403 0.000108115
125.584 9.98013e-05
123.829 7.62739e-05
119.168 0.000109106
129.475 6.35323e-05
123.428 6.67235e-05
120.668 0.000109233
128.46 9.50862e-05
124.775 2.70533e-05
124.202 0.000100323
127.836 0.000104442
126.485 9.56112e-05
119.23 9.28435e-05
123.505 9.56348e-05
119.932 8.91977e-05
115.787 9.63121e-05
124.895 9.86623e-05
124.416 0.000110017
124.231 0.000107921
122.633 0.000109885
119.698 9.4481e-05
120.502 4.02233e-07
116.748 9.3651e-05
121.666 0.000115104
121.313 0.000100302
119.628 0.000109123
126.286 9.01365e-08
127.578 9.65995e-05
123.965 0.000100685
119.431 0.000108097
126.732 9.57028e-05
127.368 8.92049e-05
118.442 9.9308e-05
127.801 9.53807e-05
126.369 9.3843e-05
119.404 9.94126e-05
127.559 9.2485e-05
123.782 0.000101838
125.106 1.72943e-06
138.866 9.83218e-05
131.244 7.19661e-05
127.363 0.000105992
123.064 0.000100134
125.043 9.76487e-05
122.47 0.000113351
127.095 0.000103491
118.793 9.07309e-05
119.89 9.64566e-05
123.425 0.000105983
122.833 9.1743e-05
115.765 9.8787e-05
123.464 9.9069e-05
123.255 4.87121e-06
123.887 0.000107508
126.937 9.75359e-05
125.435 0.000102462
125.34 0.00010923
127.413 8.97438e-05
123.461 9.40629e-05
121.749 9.46407e-05
121.859 9.97586e-05
125.612 0.000111114
120.204 0.000101281
127.504 9.42061e-05
123.101 7.18409e-06
126.898 0.000102185
118.606 0.000104129
126.231 8.92678e-08
131.299 3.56905e-05
116.262 9.53082e-05
124.246 0.000106615
128.021 9.18679e-05
123.227 9.87522e-05
124.185 9.58154e-05
127.663 9.82472e-05
124.284 0.000101626
117.381 0.000116325
126.714 9.55237e-05
130.284 0.000100145
121.74 8.67748e-05
120.196 3.65087e-05
117.586 9.27437e-05
121.26 0.000101469
125.719 2.11642e-05
125.86 8.99397e-05
