119.148 0.000950055
118.402 0.000456848
120.155 0.000958683
121.632 0.00101492
120.351 0.00108688
120.812 0.000887921
120.8 0.000989956
122.261 0.000946234
117.236 0.000971002
120.446 0.000147259
120.057 0.000974683
119.324 0.000987971
122.04 0.0009409
117.23 0.000949337
121.29 0.000957311
120.362 0.000988885
121.099 0.00100366
116.781 0.000817604
118.885 0.00098512
119.515 0.000999313
120.791 0.000967468
118.22 0.000976326
122.566 0.00100389
122.214 0.000945712
122.214 0.0010824
120.651 0.000947166
119.569 0.000647337
120.677 0.000897767
119.292 0.000991236
120.299 0.000994205
122.073 0.00106381
119.578 0.00108065
119.198 0.000948734
119.885 0.00093922
120.454 0.00106476
115.844 0.000928451
117.702 0.000948785
119.895 1.82579e-05
115.463 0.00108803
118.436 0.000983887
119.07 0.0010598
117.13 0.0010338
118.187 0.000967054
118.453 0.0010288
121.617 0.00107832
118.495 0.00100025
122.305 0.00100184
118.122 0.00108445
119.478 0.00107812
122.452 0.00076837
115.169 0.000948826
123.457 0.000938516
118.506 0.00081557
118.916 0.000985806
120.906 0.000934255
121.197 0.00109924
126.087 0.00095619
118.908 0.000994128
119.386 0.000963322
119.183 0.00106347
121.967 0.000957695
121.279 0.000962363
118.948 0.000969432
121.825 0.000973458
117.288 0.000715161
116.593 0.000955679
118.933 0.000964474
119.135 0.000902436
119.634 0.000958953
120.984 0.00096518
119.19 0.000939538
118.954 0.000965288
119.302 0.000947867
115.063 0.000991701
120.421 0.000953834
121.009 0.000938857
121.507 0.000990632
119.967 0.000998061
123.373 0.00100342
119.874 0.00110264
116.329 0.000999824
120.171 0.00103378
123.034 0.00107924
119.142 0.000974533
118.377 0.000992026
124.528 0.000969294
120.663 0.000664262
115.703 0.000959342
119.656 0.00106362
119.581 0.000906382
119.56 0.000963123
121.712 0.00100085
121.239 0.00106469
118.949 0.00108343
118.96 0.00101075
119.813 0.000999669
117.707 0.000938826
121.99 0.000982274
117.721 0.000976932
123.538 0.00100781
117.071 0.00102181
117.501 0.000949909
118.75 0.001087
121.299 0.00106407
118.364 0.00109743
119.984 0.000937202
121.338 0.000959974
120.586 0.000983631
118.109 0.000946138
118.013 0.000987298
122.3 0.00107403
119.907 0.00100758
122.183 0.000972479
120.728 0.00109827
123.326 0.000994226
122.432 0.000955676
120.139 0.00100346
121.812 0.00098481
120.892 0.000948741
118.475 0.000999582
122.547 0.000949945
115.49 0.00104932
119.157 0.00102824
119.65 0.00101147
119.19 0.000806942
118.032 0.00106152
119.818 0.00106087
119.801 0.00108446
126.089 0.00110648
121.922 0.00102
118.472 0.000954167
120.247 0.000961795
119.274 0.000997847
115.76 0.000931451
119.921 0.00095408
119.823 0.00096981
119.642 0.000966944
118.804 0.0011126
120.954 0.000981517
121.488 0.000949032
124.065 0.000991487
120.077 0.000982848
123.113 0.000953679
117.47 0.00106879
119.309 0.00110555
117.013 0.000972436
119.515 0.00101279
117.231 0.000932061
121.294 0.000947292
120.058 0.00096443
120.888 0.00105918
119.26 0.000988069
119.43 0.000988982
119.151 0.000969243
127.445 0.00108871
119.321 0.000947521
120.244 0.000982866
124.087 0.00109108
118.226 0.000942408
120.798 0.000987354
118.852 0.000825289
116.364 0.00099579
120.366 0.00110292
119.475 0.00106235
119.695 0.0010135
118.316 0.000956629
117.5 0.000928322
127.832 0.00095729
119.767 0.00106314
118.739 0.000990517
118.794 6.97925e-05
120.173 0.000991531
121.13 0.000993115
120.524 0.0010093
116.979 0.000974478
118.72 0.000985696
117.597 0.000980253
119.113 0.000937758
121.004 0.00108882
119.317 0.000982455
118.023 0.00102736
117.416 0.00105097
120.423 0.000980073
121.272 0.000899201
118.367 0.000982924
