123.865 0.000179217
151.419 0.000173848
140.144 1.73128e-06
123.144 0.000159674
150.627 0.000164244
125.109 0.000159207
168.214 0.000158781
119.545 0.000154221
129.176 0.000161097
124.423 0.000175546
142.591 0.000179505
157.642 0.000153458
119.707 0.000180429
161.756 0.000172847
124.654 0.000148202
124.232 0.00018029
125.54 4.66825e-05
122.947 0.000157643
141.002 0.000172276
116.275 0.000158419
123.727 0.000165541
118.064 0.000170289
121.435 0.000169212
127.243 0.000187383
131.53 0.000173816
119.888 0.000162018
131.389 0.000161431
129.076 0.00016409
117.205 9.16639e-05
125.084 0.000162025
120.611 0.000162597
132.198 0.000166049
119.413 0.000188895
120.791 0.00018141
122.074 0.000136671
142.723 0.000158549
141.311 0.000165543
124.416 0.000172109
135.736 0.00016242
126.37 0.000159097
130.014 1.49725e-07
131.502 0.000171261
125.491 0.000173175
126.006 0.000159293
118.917 0.000166967
121.432 0.000162364
122.075 0.000173099
126.181 0.000161851
119.445 -0.000208486
152.129 0.000183412
118.863 0.000172363
123.59 0.000131982
126.266 0.000179718
168.706 0.000166716
144.772 0.000173561
125.357 0.000171402
144.071 0.000150542
128.519 1.02615e-07
122.525 0.000171777
123.621 0.000136604
129.986 0.000160626
126.031 3.11809e-06
128.334 0.000172449
126.217 -0.000186085
127.785 0.000150865
128.453 0.000160973
124.063 0.000147012
124.208 0.000167234
124.896 7.59191e-05
124.242 0.000164084
119.009 0.00016545
122.557 0.000163634
117.849 0.000137675
118.568 8.91096e-05
117.126 0.000160397
161.713 0.000155758
158.684 0.000157289
120.524 0.000184463
123.565 0.000174754
121.996 0.000159916
127.016 0.000165482
126.202 0.000152381
126.061 0.000184266
157.491 0.000156047
162.566 0.000160615
158.21 0.000167164
122.313 0.000168638
135.094 0.000180722
123.387 0.000159662
124.574 0.000155013
143.262 0.000158082
168.056 0.000156497
152.375 0.000158947
164.848 0.00018533
126.737 0.00015895
121.667 4.67833e-05
130.104 0.000158715
150.842 0.000158517
125.176 0.000172686
168.892 0.000181345
124.484 0.000124956
129.012 0.00016437
126.723 0.000167515
116.387 0.000164413
120.88 0.000174389
120.328 1.50073e-07
132.849 0.000165251
123.875 0.000167261
148.89 6.13984e-05
125.75 0.000155425
128.413 0.000157421
117.434 0.000145426
137.468 0.000128418
125.401 0.000149835
125.234 0.000167751
131.33 0.000161055
169.458 0.000145505
115.021 0.000169178
144.457 0.000144267
123.207 0.000161029
133.526 7.4804e-06
132.726 0.000164713
152.144 0.000188663
128.022 0.000156568
119.258 0.000167661
124.384 2.85886e-06
126.448 0.000164895
126.825 -0.000179278
156.945 0.000159854
122.858 0.000162391
122.019 7.83127e-05
123.799 0.000164283
126.722 0.000152538
126.219 0.000159505
126.335 0.000150696
127.26 7.0198e-07
122.929 0.000150291
155.844 0.000160175
122.82 0.000182644
120.99 0.0001674
122.739 0.000161799
124.194 0.000164661
121.945 0.000163995
127.483 0.000165776
125.495 0.00016558
118.352 0.000157081
123.577 0.000165548
119.134 0.000168647
123.967 0.000160707
140.589 1.19722e-05
126.732 0.00015664
123.714 0.000161855
123.614 0.000154395
123.512 0.000164953
127.493 0.000137325
124.115 0.000164632
126.098 1.16755e-05
136.966 0.000133564
128.468 0.000181317
124.185 0.0001569
122.766 2.4872e-05
123.785 0.000150212
125.848 0.000161259
128.078 7.12211e-06
124.329 0.000150719
148.135 0.000170532
154.991 0.000128755
121.978 0.000159474
122.507 0.000171547
155.323 0.000165598
121.883 0.00015629
166.929 0.000158574
123.607 0.000159216
126.032 0.000166076
124.414 0.000162627
167.518 0.000160253
122.684 0.000182639
148.298 0.000122514
125.001 0.0001639
124.776 0.000165035
125.314 -0.00017065
139.865 0.000167146
119.882 0.000184664
125.932 0.00015828
139.371 0.000150384
125.315 0.000171562
115.129 0.000159519
123.379 0.000164057
122.396 0.000160377
125.552 0.000154417
165.016 0.000170846
144.057 4.01428e-07
125.25 0.000166173
126.335 0.000159577
125.316 0.000169214
120.815 0.000167008
123.436 3.46698e-05
132.767 0.000167853
116.637 0.00012381
148.751 1.74573e-05
123.328 0.000108831
119.057 0.000179664
124.833 0.00016024
123.896 0.00018067
127.717 0.000162099
122.627 0.000166609
140.215 0.000148362
122.643 0.000161047
116.238 0.00016845
124.18 0.000163821
121.191 0.00016145
129.684 0.000176949
141.617 4.83733e-06
124.524 0.000168192
151.919 0.000178002
126.294 0.000161582
122.575 0.000160076
127.459 0.000159922
161.02 0.000187421
142.968 0.000178928
142.961 8.16992e-05
121.753 0.00018218
120.883 2.50227e-07
126.218 0.000153197
123.472 0.000154637
124.393 0.000170062
153.063 0.000160666
148.089 0.00018163
169.501 0.000157826
126.4 0.000158976
125.392 -0.000177653
120.332 2.43772e-05
122.121 0.000170691
141.197 0.000165942
125.589 0.000159483
121.68 0.00018272
124.041 0.000156437
124.691 0.000157249
152.604 0.000162314
125.791 0.000153214
118.879 0.000162324
128.121 0.000154238
125.551 0.000157038
123.417 0.000160242
158.058 0.00016704
119.85 0.000162758
117.065 0.000175524
130.097 0.000163788
138.869 0.000161145
122.556 2.48723e-05
158.819 9.33124e-05
123.598 0.000164115
152.448 0.000161964
124.286 0.00016198
167.132 9.46748e-05
123.419 0.000150883
125.692 0.000159989
120.664 -0.000164689
135.261 6.31979e-05
118.819 0.000165294
166.759 0.000180463
123.197 0.000127966
128.658 0.000155536
124.59 0.00016056
124.293 0.000183773
118.957 0.000187577
123.751 0.0001631
121.155 0.000136743
143.265 0.000153263
121.334 0.000154845
127.571 0.000155937
122.933 0.000159495
155.265 0.000161066
120.541 0.000160398
139.553 0.000168236
122.399 0.000162889
124.954 0.000158117
123.386 0.00014424
167.561 0.000160365
124.77 0.000162119
127.43 0.000166269
124.763 9.43647e-05
132.316 0.000164851
128.786 0.000160945
127.401 0.000160542
124.078 0.000174115
165.418 0.000160865
126.157 0.000168171
154.853 0.000150988
153.508 0.000154873
149.46 0.000163671
123.671 7.36596e-06
126.715 0.000165736
124.406 0.000159652
130.858 0.000155842
123.734 0.000159713
134.016 0.000173027
164.012 0.000163546
127.797 0.00019037
125.475 0.00015838
119.863 0.000154769
154.002 0.000163593
125.836 0.000168565
124.08 0.000165442
121.716 0.000170025
118.9 0.000169436
119.642 0.000166292
118.136 0.000159614
157.422 0.000175661
125.169 0.000161974
148.442 0.00016048
164 0.000155449
135.231 0.000145453
142.029 0.000165098
123.987 0.000185153
126.669 -0.000167903
124.545 0.000158275
148.736 0.000167007
126.508 -1.73837e-05
165.677 0.000154678
124.496 -0.000167634
120.46 0.000155845
149.112 0.000164758
115.642 0.000165762
126.668 0.000166464
119.501 3.52145e-05
141.904 0.000157234
128.53 0.000170964
124.473 0.000171418
125.479 0.00016886
126.289 0.000141026
124.845 0.000163907
122.842 0.000180551
123.823 0.000153734
120.081 0.000173351
152.489 0.000167089
165.091 0.000160937
127.371 0.000167961
124.267 3.4597e-05
127.134 0.000186012
125.455 0.000182377
128.025 0.000169484
127.814 0.000184916
123.717 0.000164384
127.165 0.000146422
127.795 0.000158436
124 0.000157894
145.251 0.000159356
128.908 1.83087e-05
123.113 0.000109751
169.679 0.000173852
118.732 0.000156405
118.097 0.000169158
122.153 0.000185423
132.032 -0.00015371
115.589 0.000182832
122.948 0.000166621
119.914 4.61983e-05
118.697 0.000148086
126.049 0.00016122
124.878 0.000182451
160.538 0.000160635
156.995 0.000162047
125.812 0.00015707
123.448 0.000156929
-nan 0
122.054 0.000166382
124.217 0.000175719
130.679 0.000174991
167.002 0.00016482
122.521 0.00018905
141.399 -0.000177433
123.867 0.000168801
128.163 0.000156391
163.745 0.000149751
117.634 0.000165706
126.296 0.000178833
126.41 9.50592e-05
117.96 0.000165843
119.504 0.000162636
125.59 0.000162155
122.291 0.000160259
126.344 0.000165163
117.888 0.00015464
118.604 -0.000166564
161.008 0.000163313
121.627 0.000187408
124.885 0.000107744
124.709 0.000180394
116.451 0.000167301
130.643 0.000165475
125.787 3.50911e-05
122.772 0.000107485
118.511 0.0001594
120.719 0.000159818
127.339 0.00016092
162.702 0.000172357
132.352 0.000107385
125.047 0.000175337
121.831 0.000107692
135.608 0.00016465
122.122 0.000165936
152.307 0.000165128
143.822 0.000160078
121.26 0.000178774
130.641 0.000181192
122.829 0.000152941
125.88 0.000158789
124.726 0.000131848
122.14 0.000165321
118.531 0.000156694
134.958 -0.000155581
125.583 0.000182516
118.82 0.00012558
126.982 0.000183465
138.079 0.00017871
122.265 0.000167629
161.408 0.000138652
137.841 0.00018182
125.93 0.000164389
124.703 0.000149104
140.15 0.000156979
123.767 0.000165674
120.55 0.000154659
123.853 0.00016747
168.936 0.000161623
130.77 0.000165253
122.123 0.000186941
127.028 0.000158919
123.131 0.000166969
121.979 0.000139571
120.667 -0.000175175
124.998 0.000164344
124.319 0.000182213
123.407 0.000158532
126.285 0.00016506
121.827 0.000174418
142.616 0.000148999
157.866 0.000163889
123.432 0.000177214
124.566 0.000158651
129.074 0.00018699
124.488 0.000164605
119.203 1.16989e-05
165.524 0.000169658
153.401 0.000157061
121.842 0.000159146
124.565 0.000154161
167.486 0.000141405
124.288 0.00017813
153.931 0.000182949
125.197 0.00012194
134.703 0.00016401
128.135 0.000163032
167.825 0.000161198
156.296 0.000178102
126.268 0.00015751
132.377 0.000158171
122.141 0.000164135
123.015 0.000170083
124.444 0.00018264
167.645 0.000123752
124.828 0.00015824
117.068 0.000169048
125.938 0.000157007
150.677 0.000108278
124.605 0.000172059
127.134 0.000160506
125.511 0.000173076
124.291 0.000165106
119.584 0.000181367
122.791 3.45718e-05
124.794 0.000157212
125.508 0.000163152
142.01 0.000179739
126.713 0.000172274
116.857 0.000148228
123.511 0.000165405
119.227 0.000169106
122.693 0.000166285
123.971 0.000166755
122.78 0.000170039
136.305 0.000184018
124.814 0.000164942
163.03 0.000184298
138.338 0.00015838
120.507 0.000163557
148.264 0.000160133
129.171 4.83138e-06
128.715 0.000151944
163.365 0.000158139
139.936 7.8766e-05
124.417 0.000160402
126.812 0.000158946
121.484 7.64089e-06
124.172 0.000178995
155.664 0.000180928
163.096 0.000183925
120.929 0.000162316
161.486 0.000185428
124.252 0.00018837
124.141 0.000167051
127.58 0.000110656
123.879 0.000165495
121.439 0.00021379
138.977 0.000168804
157.771 0.000156384
131.119 0.000166205
119.01 0.000160506
168.537 0.000168635
124.357 0.000162739
126.035 0.000183644
120.84 0.000122622
147.501 0.000136031
126.745 0.000181896
156.372 0.000147677
124.23 0.000166034
135.244 0.000181888
122.544 0.000183355
124.927 0.000139204
118.276 0.000160785
117.635 0.000159483
121.081 0.000169828
140.087 1.64104e-05
142.191 9.14494e-05
119.342 0.000166398
126.157 0.000178297
158.058 0.000156653
123.63 0.000167875
126.233 0.000137829
123.449 0.000166082
126.188 0.000162001
126.46 0.000160843
153.377 0.00017741
130.562 0.000160336
127.421 0.000169805
147.861 0.000170758
127.014 0.000163528
121.886 0.000177414
125.332 0.000153424
123.355 0.000170973
122.093 0.000181249
123.939 0.00017846
141.357 0.000160013
125.227 0.00018368
123.042 0.000183385
156.42 0.000160522
130.512 0.000151559
116.263 0.000165873
116.671 0.000183599
124.108 0.000157497
123.733 0.000163851
122.489 0.000181343
138.466 0.00016958
126.395 0.000168997
123.451 0.00016247
116.755 0.000163674
138.274 0.0001621
125.419 0.000161086
121.766 0.000185418
127.778 0.000135141
134.749 -0.000172694
121.684 0.000156385
120.201 0.000158229
124.559 4.87378e-05
168.328 0.000165905
163.373 0.000168034
123.136 0.000185504
128.108 0.00018098
126.889 0.000173911
120.881 0.000153687
128.699 0.000184403
117.598 0.000178487
124.267 0.000166177
163.568 0.000172504
116.066 0.000171372
124.018 -0.000161692
123.56 0.00015511
126.041 0.000169316
142.521 0.000162117
126.096 0.000156654
121.404 0.000179765
123.588 0.00015879
124.786 0.000161124
152.883 0.000151935
127.314 0.000154739
118.823 0.000181173
120.498 0.000158613
125.933 0.000155309
119.512 0.000160952
120.69 0.000152426
126.032 0.000155289
116.856 -0.0001758
124.781 0.000179119
126.91 0.000162244
131.289 0.000159081
125.594 0.000186375
120.097 0.000182654
118.04 0.000160102
121.585 0.000185125
125.696 4.8249e-05
136.445 0.00015924
148.634 0.000172479
127.983 0.000161119
150.796 0.000159326
120.864 0.000180154
124.599 0.000147943
121.691 0.000164233
125.77 0.000178851
120.717 0.000173547
133.511 0.000169922
122.5 0.000161106
124.087 0.000169723
124.023 0.000151238
153.335 0.000182193
116.35 0.000180641
155.657 0.00015824
123.598 0.000182575
125.655 0.000162127
125.765 0.000175549
124.341 0.000158866
115.77 0.000158296
123.971 0.000154628
124.818 0.00016274
124.345 0.000166941
131.996 0.000160441
153.644 0.000160892
118.55 0.000168251
123.254 0.000173448
126.105 0.000162045
128.367 -0.000174181
123.117 0.000166558
156.252 0.000164355
123.196 0.000158934
129.897 0.000165864
124.854 0.000173984
119.404 0.000158684
126.836 0.000161478
122.194 0.000158247
124.953 0.000162187
125.185 0.000138102
161.673 0.00017423
125.66 0.000158701
128.076 0.000186312
121.51 0.00016659
152.104 0.00018184
119.497 0.000164457
138.813 0.000163727
125.451 -0.000168625
119.953 0.000165542
125.063 0.000157448
120.336 0.000129434
159.197 7.76472e-06
121.952 0.000157441
125.259 0.000136442
120.454 0.00016357
159.238 0.000153647
123.9 9.21621e-05
129.161 0.00017847
121.955 0.00016568
120.918 0.000154076
156.17 0.000181817
120.399 0.00017923
122.426 0.000163814
-nan 0
124.112 0.000158084
124.464 0.000182796
160.563 -0.000165189
129.126 0.000163607
125.847 0.000158084
124.737 0.000158521
126.276 7.74133e-05
152.195 0.000159284
125.622 0.00016593
124.809 0.000137215
-nan 0
168.835 3.07035e-06
122.035 0.000162019
122.517 0.000148582
154.794 0.000164083
123.165 0.000180327
125.879 2.45481e-05
131.688 0.000191336
128.477 0.0001674
124.89 0.000155221
125.236 1.7096e-05
159.835 0.000164198
123.722 0.000168557
125.07 0.000175537
122.965 0.000160916
126.753 0.000157016
119.915 0.000168448
134.411 0.000178053
127.707 0.000164149
123.7 0.00016755
131.914 0.000179161
154.01 1.85929e-06
148.374 0.000160308
121.756 0.000160128
123.284 0.000171593
125.16 0.000159357
119.492 0.000181692
121.785 0.000170307
123.474 0.000181682
123.637 0.00016466
118.604 0.000178052
128.146 0.000178619
122.317 4.96993e-06
124.603 0.000159418
119.191 0.000159778
125.376 0.000156527
118.004 0.000161158
125.16 0.000188236
167.315 0.00017168
127.195 0.000173442
148.049 0.000166456
145.221 0.000186411
116.287 0.000160329
125.836 0.000179208
121.984 0.000159879
168.931 0.000184577
155.668 0.000163832
121.958 0.000160658
125.654 0.000180305
124.677 0.000125338
135.516 0.000136619
124.796 0.000161027
141.138 0.000158287
141.225 0.000180651
122.432 0.000156922
131.28 0.000159764
122.336 0.000163978
124.149 0.000170719
126.578 0.000172724
127.208 9.41553e-05
126.283 0.00016134
121.955 0.000157752
125.416 6.16547e-05
119.053 0.000148416
127.31 0.00015886
124.666 0.000162689
122.249 0.000171931
127.971 1.16634e-05
124.99 0.000161814
125.147 0.000162057
123.557 0.00015868
129.042 0.000171587
121.033 8.20654e-05
124.378 0.000168719
157.108 4.70038e-05
119.762 2.46335e-05
164.052 0.000159848
124.43 0.000163093
129.976 0.000161622
143.231 0.000163238
121.093 0.00016219
128.34 0.000152221
119.513 0.000158916
140.679 0.000157831
128.925 4.45643e-05
127.638 0.000154526
123.852 0.000163688
140.686 0.000169283
152.817 0.000163237
123.828 0.000157286
159.565 7.6879e-05
160.54 0.000173634
123.117 0.000164825
121.586 0.000158209
124.452 0.000184292
118.454 0.000164936
125.833 0.000160754
155.084 0.000174942
117.34 0.000161114
123.065 0.000159292
124.283 0.00016205
127.471 0.000156236
121.931 0.000166791
116.804 0.000189116
125.033 0.000159227
117.219 0.000181009
128.193 0.00017193
125.547 0.000165373
159.202 0.000160787
134.22 0.000165189
124.036 0.00015868
163.147 4.85358e-06
121.454 0.000159062
129.899 0.000147744
135.478 0.000156764
160.91 0.000167763
156.225 0.000169486
164.744 0.000161042
126.779 1.48963e-07
126.693 9.28647e-05
144.354 0.000158656
124.051 0.000181299
162.037 0.000164299
125.13 0.000158002
163.778 0.000162984
128.771 4.51963e-05
163.805 0.000118991
123.583 0.000160565
123.778 0.000166952
115.694 0.000172552
147.361 3.81954e-07
127.691 1.74582e-05
124.218 0.00016708
119.415 0.000154463
122.514 0.000138259
133.958 2.47476e-05
126.724 0.000159315
122.973 3.04484e-06
161.648 0.000153497
122.416 0.000157274
124.165 0.000162624
142.484 0.000158315
124.311 0.000173774
123.117 0.00015692
159.708 0.00017342
128.291 0.000186799
143.378 0.000158001
124.176 0.000159084
117.825 0.000144365
130.508 0.000171257
119.529 0.000164465
123.374 0.000180813
138.953 0.000162104
129.534 0.000191304
118.984 0.000164789
140.309 0.00016214
124.073 0.000160591
158.398 0.00016313
121.976 0.000166084
122.811 0.000166738
145.447 0.000158192
130.441 0.000179661
123.283 0.00016453
124.573 0.000162519
119.018 0.000165016
154.053 0.000188751
124.586 0.000167609
149.975 0.000182644
123.751 0.000176264
115.137 0.000164945
115.959 0.000162743
124.68 0.000168654
125.87 0.000180383
127.146 0.000144343
125.749 0.000157229
165.729 0.000181993
121.376 0.000150091
121.743 0.000161234
124.106 0.000164215
152.058 0.000165711
126.405 8.39787e-05
126.488 7.96621e-06
123.923 0.000175024
120.24 0.000186702
125.039 0.000166073
167.533 0.000162632
124.141 0.000171988
122.831 3.41194e-05
144.667 7.78049e-06
124.478 0.000194326
129.666 0.000170613
132.257 0.000164835
168.086 0.000148704
124.035 0.000161703
123.725 0.000174319
163.484 0.000158547
125.272 0.000190238
126.343 0.000159357
152.54 0.00015731
127.624 0.000160647
127.511 0.000169376
123.79 0.00018281
124.56 0.000180828
127.021 6.8114e-05
125.821 0.000170509
124.569 0.000169671
124.855 0.000165929
123.281 0.000164546
123.668 0.000158491
128.892 -0.000179222
137.19 0.000180619
162.304 0.000181386
134.939 0.000173631
152.198 -0.000169469
125.959 0.000161814
164.992 -0.000168982
139.495 5.61557e-05
125.859 1.84035e-06
144.833 0.000165343
143.195 2.45279e-05
116.178 0.000162229
123.8 0.000154733
116.037 0.000159381
125.881 0.000164249
132.766 0.000164862
126.829 0.000159354
125.273 0.000158393
125.43 0.000167606
148.18 0.000169385
153.346 0.000165883
125.965 0.000165247
120.008 7.27098e-05
119.132 0.000123905
123.934 0.000158781
-nan 0
115.368 0.000122501
125.097 0.000167289
154.154 -0.000177641
169.609 0.000160119
158.662 0.000170571
126.336 0.000159107
124.969 0.000187039
152.492 0.000163953
127.543 0.000172798
124.063 0.000161525
125.09 0.000165791
126.51 0.000113148
127.392 0.000163952
161.977 0.00015831
150.01 0.000163056
142.736 0.000163854
121.273 0.000184642
125.355 0.000158114
123.881 6.76051e-07
167.721 0.000166574
126.242 0.000149648
124.449 0.000182773
120.27 0.000158798
115.606 0.000157177
122.051 0.000190064
123.965 0.000161224
145.891 0.000159686
127.768 0.00016918
127.008 0.000150359
117.927 0.00015382
139.629 0.000151075
135.452 0.000166589
124.574 0.000164457
145.185 0.000159497
125.107 0.000170125
123.534 0.000167864
116.365 0.000173606
169.625 0.000165474
120.255 0.000164995
137.204 0.00016149
135.122 0.000160638
132.974 0.000159387
156.197 0.0001394
126.105 0.000148557
125.018 0.000172023
163.325 0.000152009
122.27 0.000151299
169.298 0.000147216
122.203 0.000162448
125.335 0.000147835
152.76 0.000167524
122.634 0.000180779
126.354 3.44495e-05
126.249 0.00015991
163.638 -0.000163753
123.53 0.000157304
125.225 0.000160144
131.916 0.000170537
148.234 0.000160297
124.128 0.000171098
124.731 -0.000181103
126.061 0.000170199
125.79 0.000161416
142.182 0.000173661
123.491 0.000189121
151.447 0.000159996
134.765 6.70705e-07
124.561 0.000180388
121.741 0.000162347
122.619 3.48179e-05
145.079 0.000179274
122.997 0.000124048
126.21 0.000168347
117.127 0.000166847
138.976 0.000166887
117.593 0.000158223
144.7 0.000167275
125.149 0.000162528
120.848 0.000163966
122.906 0.000161959
141.515 0.000158829
124.175 1.7389e-05
124.975 7.55831e-05
128.632 0.000166432
124.512 0.00018117
126.372 6.45377e-05
123.608 0.000158324
124.944 -0.00010673
127.503 0.0001826
162.861 0.000165493
125.567 0.000127889
130.443 0.000179982
115.844 0.000175784
118.163 0.000160124
124.93 0.000172372
147.894 0.000160123
132.75 0.000178113
120.473 0.000150653
124.993 -0.00016482
120.708 0.000192411
122.221 0.000158191
130.757 0.000182685
128.543 1.69494e-05
121.229 0.000164778
119.613 0.000164773
145.278 0.000149083
128.403 0.000161777
127.632 0.000178205
123.454 0.000161794
124.373 0.00016599
125.12 0.000148003
134.355 0.000156407
125.135 0.000173576
125.5 0.000159112
116.06 0.000161636
125.33 0.000139509
142.168 -0.00017226
139.174 0.000172156
128.507 0.000167074
142.45 0.000159177
119.592 0.00015809
156.393 0.000183479
123.27 0.000159978
126.197 2.44645e-05
123.544 0.000167815
130.324 0.00016559
147.112 0.00018246
126.764 0.00015657
125.81 0.000156215
161.062 0.000166307
123.601 0.000108723
167.329 0.000179157
126.892 0.000141317
124.874 0.000158565
140.424 4.67456e-05
