121.329 6.4156e-05
126.745 0.000134036
124.25 7.56821e-05
118.412 0.000134537
118.659 0.00013402
124.043 3.98946e-06
116.37 0.000132793
139.411 0.000125379
127.022 0.000140289
125.479 0.000130046
124.486 0.000146153
126.177 0.000131085
139.726 0.000131976
136.357 0.000142323
125.317 0.000130834
123.169 0.000129989
128.331 0.000143558
122.279 0.000104811
122.176 0.000140489
127.432 0.000132301
127.195 0.000128004
126.155 0.000138136
134.035 0.000138519
129.674 0.000137413
121.478 0.000105073
136.226 0.000142242
125.229 0.000130996
117.332 0.000122678
121.238 0.000154365
140.615 0.000142453
126.019 9.8029e-06
159.918 0.000149842
121.826 0.00013939
125.252 0.000133031
124.477 0.000129781
133.657 0.000101755
124.847 0.000131416
151.249 0.00013093
124.723 0.000120262
129.692 0.000132398
123.868 0.000135176
123.565 0.00013441
124.581 0.000137731
122.147 0.000132119
166.352 0.000141215
122.182 0.000157917
127.437 0.000130121
123.597 0.000131956
123.522 0.000132543
125.548 0.000132264
127.28 0.000131788
122.553 0.000133434
122.733 0.000137845
128.661 0.000131736
138.979 0.000129688
126.132 0.000140192
156.718 0.000131977
117.431 0.000152936
124.267 0.000131852
148.419 0.000149123
120.866 0.000131992
125.69 0.000137229
124.078 0.000135139
132.58 0.000134716
124.009 0.000148529
124.448 0.000128985
121.904 0.000137676
118.146 0.000139986
127.593 6.32683e-05
118.507 0.000127391
127.84 0.000138856
124.873 0.000133036
126.016 0.000135459
125.417 0.000141897
123.911 0.000149192
127.921 0.000147575
125.454 0.000135392
122.762 0.000138442
123.328 0.000135415
125.769 0.000132736
118.833 7.65267e-05
123.904 0.000140704
115.364 0.000148793
126.848 0.00013731
117.594 0.000150038
126.888 0.000142618
125.771 0.000132152
118.667 0.000140909
125.595 5.25295e-05
123.758 8.8938e-06
115.116 0.000135195
124.425 0.000122261
120.194 0.000132593
125.297 0.000130615
129.21 0.000137426
124.213 0.000148111
126.141 0.000149658
124.273 0.000131503
117.854 0.000140243
122.601 0.000132364
127.969 0.000106123
125.444 0.000113137
121.642 0.000131088
118.707 0.000134598
124.244 0.000137181
125.573 0.000114318
126.284 1.57197e-06
137.569 0.000150301
122.979 1.3962e-05
126.81 0.000126303
125.171 2.06218e-05
124.541 0.000136113
121.41 0.000139538
122.507 0.000138445
126.531 0.000129842
161.732 0.000140449
117.891 0.000137375
126.09 0.00013533
127.201 0.000150834
128.322 0.000130731
126.152 0.000133302
125.951 8.83847e-05
126.76 -0.000138025
123.331 0.000154654
124.618 0.000149357
123.596 0.000130906
122.816 0.000136864
121.3 0.000139946
126.569 0.000122156
132.728 0.000136602
157.098 0.000148545
125.604 0.000133044
124.445 0.000130605
117.245 0.000121018
122.762 0.000135669
130.721 0.000153597
125.348 0.000139009
115.338 0.000135724
164.958 0.000129513
124.977 0.00011203
133.493 0.000144368
121.806 0.000149553
124.854 0.000138023
121.686 0.000137351
119.289 0.000134454
127.981 0.000132232
124.082 0.000135702
136.817 0.0001521
124.19 0.000149916
126.203 0.000133686
127.572 0.000125472
124.541 0.000137022
125.992 0.000154677
123.038 0.000138686
123.729 0.00015109
125.744 0.000133585
120.947 0.000136453
126.621 0.000126904
120.143 0.000124311
119.265 0.000134056
124.067 0.000138089
121.278 0.000131316
119.625 0.000144768
153.658 0.000144706
124.45 0.000128752
124.048 0.000132851
121.571 0.000151664
119.252 0.000115448
118.59 0.000121418
127.954 0.000148173
120.824 0.000132717
127.856 0.000124486
121.63 0.000130761
123.983 0.0001527
123.759 0.000136577
127.108 0.000131284
125.369 0.000130495
124.448 0.000138056
123.384 0.000142901
158.031 0.000135938
126.487 0.000139037
127.934 0.000126098
124.228 0.000142426
126.749 0.000138638
124.643 0.000133234
126.164 0.000146808
123.374 0.000151196
123.729 0.000126428
125.592 0.000152695
125.043 0.00014971
122.092 0.000132557
120.859 0.000150917
122.343 0.000129307
123.744 0.000143018
122.499 0.000131814
127.362 0.000133369
123.046 0.000129982
159.601 0.000137643
115.843 0.000130951
115.871 0.00013961
124.938 0.000126433
127.088 0.000109868
127.009 0.00014849
122.319 0.000141583
121.292 0.000134385
128.343 0.000124741
145.711 0.000132253
124.689 0.000141118
120.565 0.000120908
132.665 0.000131221
121.71 0.000149582
122.183 0.000137961
124.272 0.000128689
169.251 0.000135586
121.261 1.02584e-05
117.925 0.00013305
123.992 0.000134919
123.508 0.00013837
122.703 0.000151644
123.375 0.000148345
127.525 0.000139214
124.541 5.07533e-05
117.462 0.00013377
126.131 5.09844e-07
115.073 0.000131591
124.772 0.000134453
122.187 0.000131219
123.122 0.000129632
125.097 0.000130418
122.117 0.000137894
131.046 0.00013079
121.012 0.000132091
119.913 0.000131691
122.361 0.000131177
122.962 0.00015143
150.635 0.000134326
127.305 0.000129677
124.529 0.000148415
122.971 0.000128654
125.188 0.000132791
125.846 0.000132104
124.773 0.000151623
126.462 0.000122811
137.807 0.00013335
124.478 0.00013068
149.619 0.000131209
122.266 0.000133077
122.547 0.000132466
119.383 0.000134991
127.224 0.000130643
125.646 0.000133123
122.853 0.000148177
123.995 0.000132452
119.545 0.000133675
120.981 0.000136423
138.302 0.000129843
118.331 0.000131972
133.376 0.000127167
116.525 0.000133686
118.558 0.000143674
124.815 0.000134025
118.218 0.000149879
152.773 0.000141734
121.819 0.000130948
129.375 -0.000137098
123.685 0.00014063
126.188 -0.000133033
125.227 0.000130985
122.16 0.000149229
122.995 0.000126848
117.1 0.000146049
124.846 0.000137273
124.726 0.000130959
122.623 0.000131055
128.737 0.000131758
125.138 0.000125667
123.39 0.000131618
123.285 0.000130789
160.26 0.000130641
126.823 0.000149361
123.621 0.000148678
124.001 0.000141144
124.825 0.000127906
117.826 0.000128183
125.837 0.000129518
125.969 0.000140254
121.755 0.000130997
123.088 0.000142242
163.079 0.000151136
123.681 0.00012913
124.001 0.000137069
125.011 0.000130581
153.83 0.000138156
125.811 8.99792e-05
123.478 0.000137272
125.126 0.000131466
124.243 0.000129858
125.255 0.000133515
126.397 0.000130652
126.984 0.000130241
122.164 1.49572e-06
121.965 0.000146605
125.829 0.000123096
116.79 0.000132058
121.467 0.000152266
129.105 0.000149829
118.828 0.000142699
145.065 0.000133801
122.102 0.000131442
124.18 0.000148354
121.794 0.000115124
127.791 5.61394e-07
123.78 0.000135757
150.908 0.000150203
127.552 0.000133735
119.791 6.2995e-05
126.925 0.000127171
125.834 0.000128762
124.609 3.94973e-06
125.709 8.76067e-05
122.812 0.000147098
129.881 9.41953e-06
124.849 0.000130639
125.051 0.000129424
122.739 0.000137024
123.791 0.00013542
140.271 0.000140578
123.908 0.000133997
126.278 0.000142863
124.529 3.91552e-06
128.292 0.000123117
126.058 3.83817e-05
126.271 0.000138701
126.987 0.000135329
127.115 0.000140265
123.341 0.000151004
127.751 2.73561e-05
124.62 0.000136148
122.678 0.000135445
128.158 0.000122335
123.003 -0.000133205
122.135 0.000130114
120.676 0.000131816
121.267 0.000139397
124.878 0.000135822
127.502 0.000134154
122.757 0.000135476
122.892 0.000134859
120.628 0.000137866
121.241 0.000133635
126.066 0.00013204
130.783 0.00015369
127.126 0.000129573
128.404 0.000132178
125.424 0.000132447
119.894 0.000132091
154.239 0.000141692
125.031 0.000146152
125.668 0.000123781
125.985 3.84989e-05
124.278 7.64728e-05
125.577 0.000147574
128.667 5.23742e-05
125.685 1.39223e-05
124.284 0.000131569
124.68 0.000142579
124.786 0.000132662
124.38 0.000103798
122.055 0.000139828
125.286 0.000135529
120.585 0.000149834
124.069 0.000129651
126.341 0.000132095
123.943 0.000133945
123.697 0.000134289
123.143 0.000146492
124.969 0.000125676
128.471 0.000130327
121.701 0.00013632
125.387 0.000141184
124.212 0.000133044
122.454 0.00013245
119.986 0.00013716
122.881 0.000132699
130.36 0.000140162
124.346 0.000161201
155.532 5.57905e-07
122.791 7.68291e-05
126.483 0.000131356
120.377 0.000118619
129.379 0.000131824
117.797 0.000155376
116.388 0.000144685
125.019 9.35655e-07
123.034 0.000130495
125.009 0.000130543
128.475 0.000150704
118.176 0.000129067
149.126 0.000126442
122.969 0.000151446
124.515 0.000132131
125.492 0.000150561
124.275 0.000140518
122.532 0.000101428
125.452 0.000131436
124.329 0.000138114
126.836 0.000133884
126.247 -2.524e-06
123.499 0.000147323
120.111 0.000151817
122.552 0.000134317
119.156 0.000127566
124.655 0.000131513
125.176 0.000127164
120.917 0.000131193
122.503 0.000134801
124.099 0.000134388
123.032 0.000147573
126.593 0.000139602
124.674 0.000142784
122.276 0.000148746
126.056 0.000130764
121.203 0.000133433
122.227 0.000142693
126.566 0.00012929
119.729 0.000141111
120.815 0.000122151
119.374 0.000134067
121.268 -0.000132796
118.63 0.000131747
125.888 0.000120155
125.759 0.000135856
122.081 0.000129418
128.07 0.000131094
124.161 3.8502e-05
123.767 0.000138381
122.757 2.82879e-05
118.07 0.000129536
126.607 0.000140175
129.364 5.1092e-05
123.898 0.00013101
123.988 0.000130001
124.676 0.000131825
123.182 0.000130947
123.089 0.000161355
116.613 0.000131722
125.055 0.000149258
125.694 0.000133719
123.436 9.03301e-05
123.121 0.000132663
125.633 0.000132009
123.361 0.00013892
126.586 0.000130966
130.283 0.000149559
128.132 0.000137746
134.228 0.000158468
123.463 0.000132469
123.055 0.000131759
156.549 0.000135822
126.947 0.000136884
147.161 0.000134436
123.659 0.000135237
127.723 3.664e-06
123.735 0.000130553
122.328 0.000136613
122.12 0.000135365
124.483 0.00011372
125.949 0.000132618
125.004 0.000147109
118.24 0.000151844
122.438 0.000142484
125.455 0.000131986
124.378 0.000132241
119.168 0.000134455
123.799 0.000103104
124.868 0.00013234
123.894 0.00015181
152.014 1.56215e-06
124.932 0.000142773
121.7 0.000131828
122.325 0.000145842
124.912 0.000132539
121.21 0.00014053
124.895 0.000134666
118.379 0.000131029
127.885 0.000148272
123.24 0.000150399
125.434 0.000101676
123.508 0.000110569
129.013 0.0001428
122.697 0.000132482
125.517 1.42802e-05
124.391 0.000139117
123.863 0.000145749
123.719 0.000143076
123.26 0.000124128
125.079 -0.000114407
124.204 3.86605e-05
126.178 0.000136461
124.728 0.000132164
126.361 0.000152416
124.295 0.00014386
142.427 0.000131086
120.467 6.58686e-06
121.612 0.000132028
116.39 0.000134999
126.601 0.000135418
118.374 0.000143336
125.895 0.000132245
120.574 0.000121358
116.497 0.00015167
123.858 0.000150902
124.167 0.000151658
124.867 0.00013701
130.879 -0.0001298
127.752 0.000126488
125.855 0.000135537
126.409 0.000142525
123.44 0.000135371
121.559 0.000143407
122.223 0.000130771
124.273 0.000141863
122.403 0.000150399
127.748 0.00012077
126.472 0.000131886
124.495 0.000131388
125.148 0.000137813
124.882 0.000150718
137.226 0.000123951
126.421 0.000114993
124.272 0.000139303
126.851 0.000117137
126.394 0.000113631
127.575 0.000129575
124.457 0.00014261
126.573 0.000132498
126.156 0.000133309
123.572 0.00012716
125.35 0.000131261
122.1 0.000123921
133.797 0.000146001
125.828 0.000126991
121.297 0.000132119
123.83 0.000134744
123.928 0.000129872
124.337 0.0001316
121.21 0.000137837
126.424 0.000131637
120.501 0.000119839
124.79 0.000140619
120.466 0.000124811
122.171 0.000137179
123.756 0.000140875
135.941 0.00013452
129.455 0.000132539
122.674 0.00013091
124.041 0.00012575
120.104 0.000139306
125.769 0.000141122
118.585 0.000130682
125.8 0.000129823
124.951 0.000146934
127.625 0.000133982
129.07 0.000130881
123.001 0.000136127
123.765 9.50622e-08
122.392 0.000132475
126.085 0.00013244
122.587 0.000133382
118.359 0.000146498
125.046 0.00013026
129.449 0.000131331
144.745 0.000143996
139.757 0.000130135
122.877 0.000133762
122.025 0.000140651
125.172 0.000132161
130.441 0.00013036
126.697 0.000151725
119.518 0.000147161
124.348 0.000139421
130.658 0.000152249
120.777 0.000136195
125.629 0.000131378
138.982 0.000133634
124.995 0.000132434
124.532 0.000137012
116.973 0.000136672
120.553 0.000130303
124.282 3.83625e-05
124.344 0.000150626
123.209 0.000153146
121.811 0.000143919
140.483 0.000134377
121.546 0.000151391
130.102 0.000137508
127.18 0.00010188
125.42 0.0001313
122.495 0.000132079
118.346 0.000142283
125.14 0.000137044
128.987 0.000132883
126.574 0.000134149
157.902 0.000138379
123.357 0.000133624
119.047 0.00013355
128.166 0.000142978
125.873 0.000138702
122.508 -0.000133956
122.473 0.000135668
122.292 0.000131891
126.732 0.000124982
125.7 0.000130065
125.486 4.66609e-05
123.463 0.000142459
127.641 0.000132797
127.071 7.58186e-05
125.83 0.000124355
130.108 0.000139631
126.073 0.000121873
140.518 0.000132451
120.804 0.000148589
123.207 0.000131025
117.385 0.000125729
124.76 0.000149497
125.61 0.000124131
124.455 0.000148009
121.229 0.000150771
119.511 0.000131201
124.62 0.00012217
125.515 0.000144454
123.832 0.000134742
130.714 0.000135427
125.022 0.000148941
145.883 0.000144948
129.182 0.000131622
122.412 0.000138642
120.195 0.000127227
120.986 0.000136748
154.264 0.000138442
130.755 0.000131738
131.244 0.000162299
126.731 0.000146689
125.944 0.00013708
148.007 6.21432e-06
120.16 6.03943e-05
123.709 0.000132785
128.016 0.000129782
122.778 0.000130079
126.478 0.000147957
122.386 0.000138752
124.577 0.00013052
125.815 0.000113561
134.093 0.000144433
120.398 0.000132946
124.938 1.88509e-05
123.199 0.000132857
125.385 0.000132174
119.565 0.000134678
123.262 5.02759e-05
127.781 0.000131258
125.37 4.05643e-06
123.203 0.000148221
125.044 0.000138743
124.223 0.000113505
120.98 0.000136048
121.29 0.000134956
130.469 0.000151287
131.236 0.000131821
127.326 0.000150697
122.715 0.000144498
123.291 0.000128956
123.627 0.000133593
123.414 0.000134854
119.556 0.000150908
123.072 0.000140857
124.217 0.000130875
126.833 0.000140338
120.771 0.000117297
126.719 0.000131656
119.887 0.000143638
123.518 0.000135532
126.802 0.000133201
123.165 0.000125388
122.592 0.000132571
120.399 0.000134547
119.395 0.000132414
124.363 0.000152334
122.004 0.000129202
126.401 0.000139451
124.765 0.000131937
117.787 0.000137487
126.502 0.000139145
164.24 0.000135417
124.183 0.000149335
124.387 0.000151788
125.227 0.000142748
115.548 0.000117598
126.64 0.000136423
123.796 0.000132841
125.512 2.92249e-05
125.812 0.000137265
123.069 0.000122799
122.849 5.03847e-05
125.958 0.000135588
121.683 0.000139267
123.89 2.01707e-05
124.629 0.000134957
125.894 0.000140423
124.889 0.000128446
124.272 0.000136974
