121.94 0.000111061
124.734 9.70836e-05
119.989 2.05551e-05
124.847 1.42793e-07
125.135 9.5439e-05
115.706 0.000107689
124.358 0.000104957
123.471 9.34585e-05
116.271 9.34408e-05
125.404 9.16274e-05
125.11 9.90737e-05
124.11 9.67246e-05
126.578 6.75754e-05
125.516 9.8934e-05
120.686 0.000100938
124.973 0.000105741
123.964 9.86381e-05
125.132 0.000109221
125.832 7.39527e-05
120.281 9.83151e-05
123.217 7.57374e-05
126.256 9.81838e-05
125.543 9.4805e-05
122.965 9.825e-05
124.551 9.79712e-05
118.158 9.95433e-05
128.585 9.9121e-05
124.831 8.17018e-05
123.867 0.000102042
121.951 0.000116381
123.633 7.78856e-05
125.042 0.000110544
125.314 9.46239e-05
126.799 9.42036e-05
124.231 9.73651e-05
124.4 6.94189e-06
124.622 1.80776e-06
120.856 9.66573e-05
121.8 9.84779e-05
124.861 9.86376e-05
122.907 0.000100137
122.647 2.81617e-05
120.124 0.000110234
127.394 5.52831e-05
120.71 0.000111743
120.512 0.000106351
123.356 0.000109998
125.341 0.000104089
128.199 8.46675e-05
122.228 1.43314e-05
127.345 0.000108652
121.755 9.49478e-05
124.307 0.000100321
123.484 9.83893e-05
130.621 1.04344e-05
124.35 0.00011464
121.818 0.000100441
122.922 0.000101617
124.022 0.000110777
124.685 8.08082e-05
124.845 9.97551e-05
124.369 0.000108517
129.905 4.70081e-06
120.185 4.61545e-05
124.106 0.000100721
125.827 0.000101945
123.99 9.64844e-05
124.596 0.000109178
125.305 5.15497e-05
126.075 0.000108746
122.33 9.30094e-05
129.002 9.84268e-05
126.121 0.000109204
117.652 9.50586e-05
120.014 0.000101266
122.225 0.000104009
122.087 9.71097e-05
122.274 6.57717e-05
125.134 4.06958e-07
123.271 0.000100458
120.607 9.73938e-05
117.638 0.000112104
127.151 9.81785e-05
125.702 9.21639e-05
120.105 9.21998e-05
123.92 9.90028e-05
130.514 0.00010622
123.507 0.000106648
124.9 9.83537e-05
122.547 0.000105193
124.672 9.86178e-05
123.176 0.000109316
123.326 0.000110156
115.667 8.83727e-05
127.334 9.82445e-05
124.95 9.60414e-05
123.08 0.000114064
123.951 0.000104805
124.829 9.97251e-05
124.764 0.000102065
120.495 0.000108247
125.532 9.39606e-05
123.607 4.50572e-06
126.867 9.64e-05
129.708 0.000110972
124.59 0.000101107
125.628 0.000102157
130.657 2.09107e-05
125.539 8.36475e-05
126.977 9.70733e-05
120.523 0.000104179
126.097 9.53623e-05
121.339 2.0632e-05
126.046 0.00010754
121.655 0.000101636
123.216 9.617e-05
125.435 8.69591e-05
127.029 9.59882e-05
121.492 0.000108462
124.99 9.95067e-05
124.871 9.01048e-05
122.142 9.67458e-05
126.612 9.63726e-05
122.233 9.45759e-05
126.251 9.68696e-05
123.825 0.000106416
125.187 9.86419e-05
125.172 1.85684e-06
126.301 7.53271e-05
124.176 9.65258e-05
122.041 0.000109133
126.246 9.76057e-05
121.894 9.98446e-05
126.39 9.10349e-05
127.673 9.96282e-05
117.799 0.000109849
121.526 0.000100332
121.56 9.54353e-05
126.777 9.33928e-06
127.518 0.000100495
125.756 7.46348e-05
126.597 9.97102e-05
124.549 9.83928e-05
122.486 0.00010202
122.446 9.48284e-05
120.882 7.59359e-05
124.831 0.000107894
118.73 0.000105998
123.966 9.47475e-05
123.184 9.85664e-05
125.751 9.7904e-05
121.6 9.68373e-05
128.334 0.000101692
125.973 9.86053e-05
121.412 9.99603e-05
122.04 9.94658e-05
127.113 0.000107911
122.146 3.65549e-05
125.441 8.23619e-05
123.078 9.02289e-05
124.116 9.09496e-05
125.238 9.42207e-05
123.24 0.000106526
122.661 0.000105642
124.947 0.000108787
125.714 9.50041e-05
125.098 9.72394e-05
126.466 9.35619e-05
121.807 9.77777e-05
120.68 0.00010382
123.209 9.5895e-05
123.129 0.000100401
124.576 1.47117e-05
121.582 5.54266e-05
128.182 0.000112734
120.759 8.69393e-05
122.35 0.000107214
123.94 9.37455e-05
123.024 9.80352e-05
123.156 9.49287e-05
123.339 9.88372e-05
129.086 9.64426e-05
122.122 0.000113296
128.48 0.000109494
121.45 9.96446e-05
120.661 0.000109572
127.045 0.000109213
121.597 1.03136e-05
116.3 9.22648e-05
125.091 9.02968e-05
122.609 8.93198e-05
126.047 0.000102608
128.179 9.91235e-05
123.23 0.000100636
127.273 9.03655e-05
124.686 9.18552e-05
122.657 9.45427e-05
119.949 0.000107075
125.221 9.43691e-05
124.834 0.000141783
126.388 9.56766e-05
126.045 9.8578e-05
124.862 8.72195e-05
124.265 9.96852e-05
120.739 8.9651e-05
116.057 0.000106737
122.551 9.79955e-05
130.397 9.45489e-05
115.427 9.88383e-05
122.604 9.99551e-05
123.932 1.78888e-06
145.328 0.000100327
125.619 0.000100819
125.487 0.000100429
125.095 9.95125e-05
127.715 9.72956e-05
125.973 0.000117221
122.917 9.40954e-05
124.163 9.42571e-05
122.214 9.52346e-05
124.877 0.000108606
115.302 0.000108719
124.252 7.03386e-06
124.262 9.03487e-05
125.271 9.82288e-05
132.176 9.80655e-05
126.772 9.51339e-05
124.811 9.59794e-05
123.156 0.000100713
122.803 9.85687e-05
128.383 9.7595e-05
124.54 9.52108e-05
122.354 3.56069e-07
125.83 9.94902e-05
119.213 0.000102429
127.086 9.54615e-05
121.635 2.12479e-05
121.11 7.52597e-05
126.096 7.36073e-05
125.171 9.21973e-05
123.544 9.40749e-05
120.029 9.6463e-05
124.148 9.55678e-05
123.111 9.16998e-05
122.272 8.13867e-05
119.233 0.000110227
126.702 0.000100139
123.622 9.53628e-05
126.613 9.92336e-05
126.261 8.70219e-05
128.837 9.71952e-05
121.865 9.72354e-05
127.288 9.76223e-05
125.341 0.000110202
122.79 9.99676e-05
122.134 0.000108638
123.366 8.87499e-05
129.673 9.34649e-05
125.13 9.97168e-05
123.197 0.000108268
126.733 9.64568e-05
129.443 9.3906e-05
128.662 9.67766e-05
125.541 0.000107326
120.529 8.63445e-05
123.907 9.38572e-05
126.729 9.82616e-05
124.626 2.00482e-05
123.641 0.000104034
127.278 6.57541e-06
138.653 0.0001065
122.745 9.67022e-05
121.092 9.90629e-05
127.027 8.97118e-05
124.146 0.000100008
124.402 0.000107739
123.101 6.62609e-08
128.502 0.000100737
124.215 9.4787e-05
126.066 9.67975e-05
116.417 0.000107449
119.16 9.96422e-05
124.245 9.87179e-05
125.902 0.000100492
121.289 0.000109394
127.982 0.000106134
125.083 8.62914e-05
125.425 0.000110432
124.684 9.94464e-05
124.938 9.54442e-05
124.945 3.69682e-05
127.746 2.75311e-05
128.646 0.000112985
126.743 9.7686e-05
126.04 0.000108561
122.934 4.62428e-06
121.043 9.97545e-05
122.898 0.000104086
130.398 6.40419e-05
124.839 0.000108978
128.363 9.72749e-05
124.692 9.64606e-05
124.208 0.000104036
123.162 9.4789e-05
124.665 6.48537e-05
123.175 9.9202e-05
123.657 0.000103173
120.887 9.54054e-05
127.723 9.34411e-05
125.644 0.000108001
125.47 0.000103195
123.836 9.58998e-05
123.617 9.88693e-05
127.869 9.41362e-05
124.481 9.56563e-05
120.348 0.000106599
124.135 9.9791e-05
127.425 9.69035e-05
123.972 9.71161e-05
116.277 9.7838e-05
122.587 0.000102804
123.128 8.28635e-05
122.285 0.000113822
124.101 1.04548e-05
124.622 9.59273e-05
120.823 9.43205e-05
122.942 9.05285e-05
126.572 0.000108541
124.81 9.59343e-05
127.474 9.78395e-05
124.929 9.24234e-05
118.547 0.000101424
123 8.91223e-05
125.068 9.9191e-05
124.804 0.000112015
124.849 9.70942e-05
122.28 7.07592e-06
124.701 9.51692e-05
123.341 7.51013e-05
119.957 0.000109362
122.071 9.64433e-05
127.998 0.00010005
120.777 9.48447e-05
124.129 9.70402e-05
123.259 0.00010796
126.041 0.000105655
123.759 0.000105006
124.031 0.000103814
125.174 9.77489e-05
123.313 0.000110087
125.241 9.84343e-05
123.989 0.000101438
122.244 0.00010725
123.544 0.000107637
116.049 8.60601e-05
126.712 2.86106e-05
122.733 8.67923e-05
126.093 8.31873e-05
122.718 9.97288e-05
127.579 9.47931e-05
121.332 9.48297e-05
124.302 9.97514e-05
121.554 9.6031e-05
123.096 0.000102651
123.512 0.000100449
125.015 9.58715e-05
126.632 9.95809e-05
122.146 9.5834e-05
123.656 0.000106535
120.725 0.000109649
124.343 9.95679e-05
127.187 9.68496e-05
125.093 9.39564e-05
125.213 0.000109708
126.043 8.85447e-05
148.034 2.65922e-05
124.835 5.66522e-05
124.143 9.65199e-05
124.208 0.000105685
123.394 9.70609e-05
118.987 9.25352e-05
123.047 0.00011011
121.414 9.84771e-05
126.188 0.000106451
125.516 9.75324e-05
129.062 9.05726e-05
122.076 9.98829e-05
124.106 9.62981e-05
125.494 0.000100736
122.105 0.000109368
124.014 9.43763e-05
118.94 9.58602e-05
130.583 6.479e-07
125.632 0.000104903
123.362 9.60177e-05
126.048 0.00010766
119.322 2.06281e-05
121.269 9.61159e-05
125.897 9.65873e-05
124.496 0.000100762
121.721 8.99261e-05
118.867 9.20383e-05
128.305 8.59369e-05
123.933 0.000107638
127.827 9.3943e-05
119.169 9.97535e-05
124.309 0.000108732
125.236 9.90777e-05
124.718 9.99916e-05
117.286 2.04683e-05
117.329 9.504e-05
119.252 0.000107014
123.868 0.000103244
123.699 9.73966e-05
122.712 9.55589e-05
125.209 9.93327e-05
119.803 9.25808e-05
126.597 9.84322e-05
122.285 5.14863e-05
124.103 1.8163e-06
124.827 9.54599e-05
119.86 0.000108921
119.863 1.99158e-05
121.941 9.09209e-05
124.717 0.000108202
119.121 9.67345e-05
127.907 5.58829e-05
126.19 0.000102536
119.718 0.000102722
131.774 0.000108049
122.888 0.000106267
126.322 0.000107751
122.453 0.000101478
120.127 9.9478e-05
122.098 0.000144654
121.864 0.000117916
122.063 9.80606e-05
123.052 9.48695e-05
122.547 0.000103611
125.876 9.57532e-05
123.074 8.22839e-05
126.679 9.53468e-05
124.71 0.000104057
123.735 9.66996e-05
126.443 0.000110576
123.769 8.4811e-05
125.853 9.79997e-05
117.72 9.52856e-05
125.95 9.51991e-05
124.677 9.71681e-05
125.86 1.36653e-05
128.01 8.48199e-05
130.356 0.000100819
127.325 0.000105061
124.503 0.000110249
125.051 8.95085e-05
122.927 9.88244e-05
124.61 9.68149e-05
125.467 9.50611e-05
125.55 9.53092e-05
123.96 9.89877e-05
123.502 0.000110157
117.956 9.63702e-05
119.719 9.70161e-05
124.056 0.000108267
127.769 9.35931e-05
124.693 9.70741e-05
121.691 0.000105469
121.652 0.000105179
125.784 9.86743e-05
122.273 0.000111721
124.218 0.000100562
124.564 0.000108012
121.997 9.41929e-05
122.265 2.81542e-05
123.948 8.6961e-05
125.972 9.66004e-05
122.332 0.000100012
123.844 1.04837e-05
125.572 0.000108124
122.282 9.07462e-05
120.53 0.00010308
124.113 9.52099e-05
122.467 9.52428e-05
126.437 9.11823e-05
123.229 2.80663e-05
126.098 9.51077e-05
123.58 9.57384e-05
123.66 0.000100012
126.233 9.65545e-05
125.706 9.56341e-05
124.765 9.63183e-05
124.189 9.58466e-05
121.484 0.00010824
128.091 4.79665e-05
122.211 9.17451e-05
124.638 0.000100602
124.885 0.000102726
125.315 0.000101153
115.267 0.00010343
122.489 9.76165e-05
125.186 6.97764e-06
125.959 9.66426e-05
122.591 0.000109152
120.973 9.61884e-05
124.123 3.80588e-05
121.463 6.48857e-05
122.58 9.51748e-05
127.565 2.01763e-05
126.808 9.81791e-05
122.698 9.57438e-05
125.338 0.000102889
122.325 9.75655e-05
119.025 0.000103758
117.75 9.0439e-05
124.5 0.000102422
127.14 8.77074e-05
124.172 0.000109012
123.712 9.51285e-05
128.087 3.00607e-06
129.205 9.95227e-05
123.652 9.86416e-05
125.635 9.40968e-05
124.727 0.000105212
122.583 9.56124e-05
125.497 9.56837e-05
120.339 9.22202e-05
125.334 9.40948e-05
131.176 9.7294e-05
123.767 9.39934e-05
125.515 0.000104952
126.939 0.000106952
129.604 9.89955e-05
122.801 0.000100536
122.994 9.91114e-05
122.136 5.71727e-05
124.136 9.98437e-05
125.548 7.68292e-05
125.438 9.70217e-05
122.743 8.60465e-05
125.343 0.000109489
123.548 9.84566e-05
121.483 9.66538e-05
121.662 9.3227e-05
121.334 0.000113036
125.282 9.98715e-05
123.991 0.000105536
124.315 9.72306e-05
127.199 0.000104211
126.838 0.000106687
123.451 6.4474e-05
124.612 0.000109098
125.543 0.000111822
122.786 9.7857e-05
128.107 9.50761e-05
123.08 9.77501e-05
127.418 9.6256e-05
125.092 4.64099e-06
123.847 0.000106137
123.543 0.000109358
119.731 9.02107e-05
121.807 3.78992e-05
121.22 9.69097e-05
122.511 9.82996e-05
124.132 9.4633e-05
125.174 6.49102e-05
124.355 9.6817e-05
125.617 9.62201e-05
129.039 9.97931e-05
125.971 9.67145e-05
127.323 9.97273e-05
126.48 9.15767e-05
119.664 9.82987e-05
124.301 9.638e-05
123.517 9.46736e-05
126.346 0.000101764
122.066 9.53987e-05
122.266 9.69894e-05
125.099 9.84166e-05
125.691 9.62697e-05
123.51 9.79324e-05
126.195 9.86615e-05
120.007 9.37009e-05
126.231 0.00011005
122.856 9.54104e-05
131.223 0.000105811
128.523 9.5033e-05
123.55 8.02913e-05
124.802 9.50608e-05
127.004 0.000100634
124.6 0.00010619
122.351 6.56606e-05
124.103 9.80034e-05
125.82 9.46924e-05
125.17 0.000107766
121.041 0.000101362
129.166 2.09646e-05
121.141 9.98654e-05
124.428 9.88211e-05
129.152 9.18282e-05
127.467 9.68142e-05
125.828 9.87252e-05
123.199 9.89085e-05
120.686 9.49659e-05
124.513 9.8172e-05
121.159 9.89213e-05
125.1 0.000100073
120.845 0.00010963
123.226 0.000101268
124.561 0.000109925
120.084 9.41441e-05
123.355 0.000100755
125.06 0.000101453
123.79 0.000109739
124.336 4.62987e-06
121.156 9.83397e-05
125.088 6.41692e-05
126.013 9.75599e-05
124.07 9.33469e-05
123.699 9.92309e-05
122.683 9.58187e-05
124.382 9.95264e-05
128.055 9.42019e-05
127.591 0.00010744
122.731 0.000106267
124.885 0.000109293
120.776 0.000103518
125.285 0.000113295
124.718 0.000102042
119.948 0.000102158
124.579 9.58574e-05
123.849 9.60003e-05
124.377 9.89116e-05
121.616 9.85756e-05
119.757 9.51278e-05
126.749 6.59507e-05
125.119 0.000101693
120.71 0.000109065
128.039 9.7461e-05
126.531 0.000100084
120.963 0.000108222
132.029 5.50287e-05
126.42 9.30445e-05
124.677 9.54643e-05
124.389 9.43202e-05
119.372 6.84267e-06
125.102 9.41805e-05
124.251 8.18172e-05
124.823 2.84218e-05
128.421 0.000108136
120.071 9.04295e-05
125.571 9.48504e-05
121.417 0.000101316
128.852 0.00010435
123.092 9.91086e-05
118.924 0.000109983
122.772 0.000101435
125.554 9.63188e-05
123.791 9.94997e-05
124.168 0.000106361
126.316 9.25863e-05
125.783 9.93487e-05
122.457 9.46913e-05
125.296 9.71093e-05
131.064 0.000101632
129.394 9.40366e-05
124.155 9.67138e-05
127.518 2.92644e-05
122.667 9.87333e-05
121.142 1.03665e-05
115.373 4.08846e-05
123.974 0.00010249
124.169 9.51568e-05
124.341 9.63073e-05
117.272 0.000114233
124.334 9.78533e-05
123.342 0.000116739
116.675 9.46016e-05
124.213 9.40255e-05
126.029 8.93147e-05
125.836 9.74357e-05
124.844 9.86071e-05
124.135 9.4678e-05
127.114 9.9981e-05
125.461 9.49764e-05
118.134 9.06631e-05
122.973 9.29705e-05
121.862 0.000100512
126.272 0.000100511
122.968 9.72971e-05
119.495 9.36661e-05
123.052 0.000102574
128.858 0.000105191
122.809 6.88776e-06
128.265 0.0001103
126.472 9.3564e-05
124.539 2.78352e-05
128.247 0.000100262
131.227 9.67127e-05
121.059 9.63611e-05
121.366 8.37084e-05
122.099 6.59147e-05
123.733 0.000100171
128.184 9.65938e-05
126.667 9.84691e-05
122.49 0.000104377
125.348 6.68758e-07
127.066 9.4839e-05
124.336 2.90978e-06
124.786 9.64454e-05
126.744 9.44166e-05
124.162 9.99966e-05
123.072 6.65652e-05
127.834 0.000107307
117.698 9.72545e-05
123.053 9.88447e-05
122.783 0.000109152
126.028 2.06148e-05
123.402 9.64287e-05
124.059 9.67798e-05
124.811 9.69086e-05
122.693 9.78335e-05
122.672 0.000111868
125.031 9.51904e-05
124.555 0.000108176
123.987 9.72388e-05
123.912 9.71012e-05
122.138 0.000118046
123.017 3.63373e-05
125.561 0.000111752
123.89 1.7481e-06
121.099 6.16993e-05
115.966 9.13463e-05
124.074 6.50245e-05
123.379 0.000101623
121.608 0.000108569
124.832 0.000109452
123.444 9.45017e-05
122.354 9.75329e-05
115.076 9.53693e-05
119.97 0.000100031
124.368 9.47192e-05
125.286 9.56297e-05
125.541 0.000108853
120.945 0.000117594
119.98 9.4289e-05
126.253 9.92051e-05
122.987 9.15916e-05
122.627 9.41889e-05
122.556 0.000100213
127.52 0.000111797
124.215 9.4785e-05
127.969 0.000114012
128.653 9.67315e-05
120.506 0.000100256
126.461 9.1834e-05
120.575 0.000101364
120.54 9.61669e-05
123.991 0.000100389
122.113 9.95847e-05
128.064 0.000110091
123.385 5.51838e-05
125.61 9.5233e-05
125.007 2.79068e-05
122.794 0.000103755
122.641 9.65066e-05
127.952 9.6103e-05
121.579 4.67524e-05
125.522 0.000109659
123.602 9.47967e-05
129.471 0.00011032
122.867 1.48569e-05
124.089 8.8827e-05
127.396 9.82413e-05
125.172 0.000102331
122.858 9.56162e-05
128.468 0.000106977
120.798 9.82668e-05
125.651 9.8228e-05
116.94 0.000109609
123.545 9.5937e-05
121.871 5.83634e-05
127.383 9.60094e-05
122.482 2.05743e-05
122.575 9.39409e-05
132.904 0.00011261
122.914 0.000101722
124.738 0.000102899
125.663 9.59925e-05
126.31 9.6813e-05
123.076 9.49664e-05
124.077 9.64769e-05
121.602 9.23913e-05
125.184 0.000102185
119.551 0.000124147
126.492 9.74143e-05
124.574 9.7417e-05
122.56 0.000107178
122.18 8.64946e-05
121.696 1.82125e-06
125.555 9.6836e-05
123.702 9.56865e-05
121.166 0.000104907
120.781 0.000102666
122.372 0.000100764
121.381 0.000101939
126.376 9.62397e-05
126.496 9.76375e-05
126.502 1.03902e-05
127.484 9.53102e-05
123.577 0.000101422
122.463 9.02212e-05
122.911 0.000109281
124.93 9.63245e-05
127.857 9.92263e-05
126.541 9.83108e-05
126.012 9.5601e-05
124.728 0.000108653
123.639 0.000102112
124.225 6.53686e-05
122.002 8.89895e-05
125.726 8.26457e-05
120.593 0.000104089
125.892 9.67386e-05
124.416 4.4016e-05
126.062 0.00011388
121.185 9.77054e-05
124.814 9.54883e-05
125.067 3.69488e-05
124.872 9.73214e-05
129.422 9.51457e-05
121.93 0.000106785
125.795 9.93224e-05
122.112 9.39117e-05
126.169 9.84324e-05
124.536 9.64348e-05
125.663 9.69345e-05
124.988 0.000108388
126.58 5.57645e-05
121.829 9.49726e-05
125.645 9.80162e-05
129.345 0.00010088
123.025 0.000104426
124.814 9.85092e-05
124.018 9.66414e-05
123.704 9.92123e-05
123.144 9.71141e-05
128.094 9.72173e-05
122.373 8.91876e-05
121.027 7.69155e-05
124.401 0.000106552
125.916 0.000107771
125.43 0.000103013
130.629 9.75444e-05
119.173 9.464e-05
122.252 0.000108436
120.077 0.000101694
124.424 0.000108323
123.115 9.17226e-05
131.458 0.000100292
123.556 9.80119e-05
124.345 0.000100824
120.122 0.000100678
125.686 0.000100355
120.441 9.28113e-05
119.08 0.000104226
120.746 8.99949e-05
124.233 9.84194e-05
124.008 0.000115988
120.72 9.94646e-05
121.947 4.45696e-05
123.168 1.49812e-05
125.306 9.79573e-05
129.15 0.000102473
125.494 9.63572e-05
119.841 7.55006e-05
122.885 9.41019e-05
126.35 9.51297e-05
122.962 9.04571e-05
120.778 9.61346e-05
129.635 1.5021e-05
127.137 9.62257e-05
118.444 0.000100663
125.916 0.00010451
126.676 9.05983e-05
131.678 9.60474e-05
130.099 0.000111805
125.244 7.46119e-05
124.38 9.84487e-05
125.93 9.9001e-05
124.782 9.48519e-05
121.85 6.25027e-07
126.96 9.3623e-05
127.878 0.000113359
121.853 9.74858e-05
124.71 0.000102375
119.849 9.75715e-05
124.298 9.5274e-05
125.608 9.75255e-05
124.129 9.5787e-05
124.777 9.87777e-05
123.305 9.38016e-05
124.189 0.000109915
133.475 0.000100724
124.325 9.54857e-05
117.22 0.000108839
126.381 9.95443e-05
122.722 9.47048e-05
126.696 0.000103669
119.891 0.000108358
123.69 9.78806e-05
122.082 0.000102007
127.643 6.97723e-05
115.866 9.74516e-05
124.39 9.89199e-05
122.696 0.000107588
125.234 3.72236e-05
124.879 9.74857e-05
123.494 9.79803e-05
127.585 9.53331e-05
124.823 0.000101028
127.807 9.5943e-05
126.859 0.000123172
117.217 9.92209e-05
127.75 9.53902e-05
122.823 0.00010266
126.182 8.88058e-05
121.881 9.34509e-05
123.99 2.07785e-05
115.504 9.84984e-05
127.038 9.78668e-05
125.435 9.62289e-05
122.056 0.00011007
121.854 9.53074e-05
122.701 0.000100353
127.841 9.43982e-05
128.007 9.38473e-05
120.123 0.000102006
122.111 0.000100257
119.145 9.97893e-05
124.417 7.34348e-05
122.332 9.97868e-05
125.011 0.000109735
132.867 0.000106153
118.632 9.85304e-05
116.438 9.96852e-05
122.847 9.63401e-05
124.603 9.78322e-05
124.49 9.77807e-05
125.803 0.000109168
127.44 9.71207e-05
124.682 1.49713e-05
122.05 9.77123e-05
123.473 0.000104921
122.8 9.59283e-05
122.918 4.01346e-07
122.308 9.35873e-05
126.48 9.52023e-05
118.668 6.23058e-05
125.824 9.16039e-05
122.929 0.000107262
123.825 0.00011043
115.588 0.000104172
122.213 9.97368e-05
122.457 9.991e-05
123.965 9.65486e-05
121.338 9.12812e-05
124.65 9.43308e-05
125.099 4.35148e-05
122.603 0.000100289
124.452 0.000108477
125.121 9.83924e-05
126.668 2.15078e-05
119.206 9.49541e-05
125.351 9.53161e-05
119.486 0.00010287
123.776 9.94995e-05
127.472 9.40196e-05
125.925 9.38546e-05
125.577 9.50026e-05
128.004 9.86279e-05
118.25 9.74512e-05
125.138 6.48602e-05
122.832 4.60537e-05
122.427 9.51101e-05
125.879 4.61959e-06
124.193 9.04587e-05
120.35 9.4587e-05
126.744 9.67873e-05
125.699 0.000107111
124.95 0.000111636
123.526 1.91404e-05
126.354 9.75184e-05
129.41 9.12396e-05
119.804 0.000105937
124.003 7.51032e-05
121.572 9.8714e-05
127.597 9.90084e-05
125.779 9.66818e-05
121.136 0.00010337
124.853 9.67512e-05
120.994 4.27739e-05
129.805 0.000110168
120.897 0.000103388
125.241 0.000101611
120.105 9.4826e-05
126.71 9.81647e-05
124.742 7.56786e-05
126.183 9.6408e-05
124.567 9.81524e-05
126.001 0.000106989
125.711 0.000104162
124.556 0.000101714
132.557 0.000100019
122.395 0.000109884
126.641 6.89443e-08
119.826 9.56217e-05
119.838 9.52516e-05
127.382 4.51991e-05
127.503 9.37412e-05
120.489 0.000103616
128.208 2.88367e-05
123.235 9.73242e-05
123.804 0.000102706
127.09 9.94397e-05
125.014 9.86232e-05
123.268 0.000105712
123.655 0.000100728
117.633 9.76352e-05
121.726 9.91313e-05
121.197 9.69522e-05
126.322 9.38956e-05
122.47 9.3094e-05
127.152 9.51744e-05
123.054 0.000108157
125.113 9.53925e-05
125.789 9.90774e-05
125.786 0.000112657
125.304 9.52432e-05
124.085 0.000114936
128.25 5.32879e-05
125.696 0.000101459
127.382 9.43787e-05
119.216 0.000119909
118.583 9.39705e-05
126.335 0.00010646
126.52 9.13236e-05
123.728 9.07684e-05
124.793 9.53888e-05
124.92 0.000114119
126.083 9.99021e-05
123.816 0.000101621
123.53 7.15212e-06
124.576 0.00010245
120.473 0.000107507
118.464 0.000111581
124.993 9.96698e-05
125.214 8.32486e-05
126.358 9.99533e-05
123.048 9.9256e-05
122.408 9.71576e-05
122.363 2.7732e-05
124.647 9.40169e-05
124.084 9.88173e-05
122.655 9.42674e-05
126.86 8.89819e-05
126.1 0.000110698
123.222 0.000110727
124.46 2.94869e-05
119.924 9.44356e-05
121.256 8.8654e-05
124.663 9.52984e-05
120.035 1.06291e-05
120.766 2.80224e-05
122.729 9.92182e-05
125.478 0.000123026
123.947 0.000107122
126.588 9.23011e-05
122.93 0.000101881
123.864 8.89709e-05
125.121 9.93997e-05
123.247 9.27115e-05
115.567 0.000106281
124.276 0.000108433
124.573 9.60374e-05
125.537 9.07092e-05
120.823 9.52691e-05
124.516 0.000110249
125.119 0.000109993
128.467 0.000107465
122.832 8.98734e-05
127.84 1.04585e-05
126.208 9.93543e-05
122.342 8.95623e-05
125.68 2.4252e-07
125.624 0.000100294
123.622 9.60657e-05
127.585 9.72352e-05
117.494 7.53124e-05
125.542 2.67566e-05
127.857 9.91597e-05
126.52 0.000109059
120.987 0.000109526
124.146 0.000115146
123.871 9.91259e-05
123.912 2.86544e-06
117.384 8.18424e-05
117.936 7.38414e-05
124.649 8.25999e-05
120.379 9.73041e-05
124.373 0.000100307
125.449 0.000105617
128.39 9.61209e-05
125.421 1.02897e-05
125.551 0.000103553
126.33 9.70936e-05
126.432 0.000101113
122.703 9.93227e-05
124.898 9.59093e-05
124.143 9.00829e-05
119.501 9.04034e-05
123.524 0.000104725
127.548 9.50245e-05
122.228 9.82876e-05
125.621 9.49594e-05
120.512 9.60396e-05
130.227 9.86653e-05
125.458 9.87174e-05
124.274 0.000104086
126.243 0.000113015
124.601 8.28652e-05
121.871 8.40355e-05
126.831 0.000100016
126.064 0.000112201
122.581 9.92313e-05
123.759 9.82099e-05
123.293 9.81838e-05
128.515 9.29305e-05
118.808 9.85588e-05
124.386 9.78055e-05
125.452 9.74833e-05
128.048 3.66631e-05
117.48 0.000109289
123.8 0.000105162
122.517 8.84473e-05
126.908 8.88181e-05
125.048 0.000109935
124.345 2.0649e-05
124.972 9.03948e-05
124.753 4.02082e-07
124.444 9.31901e-05
124.366 0.000106074
128.496 9.15494e-05
127.906 0.000107914
123.215 1.48101e-05
123.107 9.69145e-05
121.935 9.8952e-05
124.523 9.90601e-05
123.019 6.66612e-05
125.249 9.55763e-05
124.613 0.000110478
117.928 0.000100586
123.729 9.86971e-05
129.012 2.83285e-05
123.1 9.52052e-05
121.839 9.09255e-05
138.438 0.000104811
116.895 9.24762e-05
133.429 9.67462e-05
126.511 9.33797e-05
125.946 9.35537e-05
122.925 0.000101242
125.344 9.63434e-05
127.719 1.4851e-05
127.916 0.000106103
117.32 0.000103592
126.568 9.45661e-05
127.106 0.000103883
119.59 0.000108943
122.663 2.82691e-05
121.838 9.44693e-05
123.192 0.000114993
123.675 9.66291e-05
130.382 0.000100043
123.486 9.15567e-05
123.166 9.51108e-05
125.608 9.41092e-05
125.382 9.58755e-05
126.682 9.53206e-05
123.918 0.000100531
117.995 7.25102e-06
117.934 8.5375e-05
121.801 1.68701e-06
124.768 9.71935e-05
126.639 0.0001121
126.349 9.58817e-05
128.908 9.57167e-05
128.625 9.73346e-05
123.5 0.000103648
124.515 4.60185e-05
124.189 9.51682e-05
121.332 9.91833e-05
122.78 0.000102407
119.204 0.000102022
123.13 9.73918e-05
122.499 0.000110767
128.025 9.47397e-05
122.509 9.52035e-05
121.536 0.000102377
124.957 9.52162e-05
122.309 9.4753e-05
126.125 9.39837e-05
122.439 0.000101244
124.667 0.000113846
121.993 9.90275e-05
123.419 9.67299e-05
120.148 9.70428e-05
122.335 9.70519e-05
123.933 0.000107036
129.908 0.000101205
123.345 0.000108738
127.635 9.62781e-05
124.431 9.62443e-05
124.522 0.000100201
125.943 9.66214e-05
125.764 9.47354e-05
123.834 6.82085e-05
123.755 3.66488e-05
124.644 0.000103714
123.486 9.59518e-05
122.951 9.82637e-05
120.247 4.68978e-06
125.196 0.000100183
123.434 0.000108285
125.807 9.71795e-05
120.488 4.1795e-07
126.799 2.87938e-06
126.793 9.52905e-05
122.706 9.76213e-05
117.209 9.58643e-05
125.586 9.73883e-05
126.248 6.72315e-07
124.742 9.94706e-05
127.31 0.000102255
128.204 0.000102203
125.925 9.89397e-05
125.452 0.00010507
125.86 9.5904e-05
123.523 8.8518e-05
124.951 8.86006e-05
126.172 8.72232e-05
124.504 0.000104183
122.818 9.51912e-05
124.027 9.23724e-05
123.929 9.50553e-05
126.33 0.000109288
128.93 9.65973e-05
125.663 0.000110605
115.375 9.92829e-05
127.341 0.000101463
121.76 0.000109957
122.835 0.000109765
125.695 0.000101356
123.568 0.000102951
124.176 7.18816e-05
117.937 9.97992e-05
124.702 0.000108918
121.13 9.88466e-05
122.883 0.000101573
122.487 9.74328e-05
121.76 9.65729e-05
126.018 9.78902e-05
121.39 0.000108457
123.852 9.32933e-05
124.053 0.000101134
120.346 0.000100193
123.262 9.96957e-05
128.61 9.95555e-05
126.228 0.000101729
117.415 9.64331e-05
126.501 0.000101027
119.521 9.6918e-05
126.216 0.000108999
123.54 0.000106415
122.043 2.07241e-05
117.799 0.000104905
121.206 0.000101335
125.808 9.46295e-05
122.254 9.84939e-05
122.721 0.000113646
122.263 0.000105345
125.611 9.91792e-05
125.131 9.3716e-05
124.177 0.00010765
125.034 0.000103923
125.828 9.45464e-05
128.318 9.83825e-05
119.372 9.86743e-05
120.106 9.88738e-05
121.331 0.000101396
122.96 0.000106762
118.786 9.91465e-05
123.956 6.52266e-05
120.68 0.000101749
123.422 9.58068e-05
125.143 9.80782e-05
125.981 9.79495e-05
120.796 9.55619e-05
123.178 9.56883e-05
123.754 9.60474e-05
123.893 0.000110001
124.341 0.000100458
115.04 9.76897e-05
117.339 9.5477e-05
130.068 9.92305e-05
123.896 4.34973e-05
118.52 6.33904e-05
123.234 0.000107286
124.708 7.01007e-06
124.848 0.000101876
123.922 1.82255e-06
122.866 9.95476e-05
121.288 0.000103279
129.334 0.000100632
122.173 9.45344e-05
120.421 9.59063e-05
128.726 0.000105112
125.743 8.04203e-05
124.614 9.53449e-05
125.435 9.3977e-05
122.259 9.78276e-05
123.58 9.53454e-05
126.692 0.000103371
124.921 9.4448e-05
125.885 0.000107546
127.326 9.87351e-05
123.474 9.7325e-05
122.835 9.61083e-05
125.128 7.41256e-05
123.482 9.48893e-05
125.367 3.54314e-05
124.38 0.000105537
123.593 9.51317e-05
125.764 0.000106507
120.043 6.71321e-07
124.419 9.92972e-05
125.902 8.81431e-05
121.034 9.68342e-05
126.211 9.65841e-05
127.316 9.96791e-05
126.013 9.95758e-05
123.82 0.00010451
122.721 9.84028e-05
125.195 9.67905e-05
119.58 9.70016e-05
124.583 9.87093e-05
125.274 0.000100084
122.767 9.585e-05
121.479 9.35529e-05
124.277 5.47152e-05
122.93 9.39348e-05
115.769 9.60815e-05
123.745 9.60425e-05
124.653 4.41099e-05
125.331 9.86523e-05
127.116 0.000111576
125.125 0.000102327
124.651 0.000110359
123.9 9.47675e-05
126.459 9.51406e-05
125.037 2.14429e-05
122.095 8.72348e-05
121.449 9.51041e-05
125.623 9.67302e-05
121.131 6.71514e-05
118.31 0.000108414
123.89 0.000106036
124.074 9.74662e-05
123.698 9.87247e-05
122.889 9.97293e-05
124.587 9.19884e-05
127.204 9.63639e-05
118.749 0.000105978
124.841 0.000109026
124.983 9.9311e-05
121.069 9.65031e-05
125.534 9.72042e-05
126.283 9.829e-05
125.733 9.72213e-05
119.598 9.32008e-05
120.785 0.000102077
122.131 0.000100975
125.348 9.4229e-05
120.452 9.36948e-05
124.132 0.000106055
124.176 9.79159e-05
124.951 9.79981e-05
126.583 0.000106101
123.939 7.45358e-05
127.375 9.1015e-05
125.213 8.33398e-05
125.674 1.03648e-05
122.82 0.000104756
125.527 9.5874e-05
125.432 9.86377e-05
115.072 0.000110768
124.483 9.47437e-05
126.156 7.37541e-05
128.753 9.60116e-05
125.444 9.4134e-05
124.267 9.84642e-05
126.442 9.57468e-05
119.824 9.9754e-05
124.657 9.59324e-05
121.123 9.50564e-05
123.765 9.58301e-05
123.848 9.55423e-05
123.35 9.82755e-05
122.61 2.59326e-05
120.732 0.000100791
133.533 0.00010023
116.732 9.72849e-05
123.074 9.51147e-05
123.941 9.78848e-05
123.191 9.51717e-05
125.993 9.68978e-05
121.068 9.51691e-05
134.97 9.46631e-05
127.861 0.000110287
123.833 0.000101594
126.963 0.000104935
125.157 0.000106686
124.201 9.77457e-05
121.203 9.38631e-05
126.905 9.57326e-05
123.308 9.04231e-05
120.456 9.83073e-05
122.261 6.67281e-05
125.687 0.00010024
125.72 9.52643e-05
124.375 9.55185e-05
122.864 0.000104124
125.068 9.11659e-05
119.89 9.08102e-05
123.131 0.000110121
125.395 9.92882e-05
124.811 9.95764e-05
124.466 6.47012e-05
123.351 0.000109943
125.609 9.80103e-05
122.471 9.5627e-05
123.801 9.77562e-05
123.765 0.000107432
124.392 8.81405e-05
125.112 0.000110897
125.213 9.87199e-05
122.837 9.80231e-05
124.516 0.000107537
122.658 0.000100306
123.949 9.82445e-05
122.389 9.92193e-05
127.711 9.67236e-05
124.042 0.000108977
126.747 9.54617e-05
121.966 9.71202e-05
121.69 9.8478e-05
153.865 9.47575e-05
122.846 0.000112962
120.805 9.88954e-05
122.854 0.000104724
127.214 0.000107969
121.719 9.46396e-05
126.811 9.62234e-05
123.033 9.50161e-05
120.209 9.8644e-05
118.462 0.000101192
124.828 9.92544e-05
125.874 9.63717e-05
125.899 9.83727e-05
125.674 9.594e-05
116.266 9.5942e-06
124.581 0.000107047
126.44 8.26264e-05
123.691 0.000107259
118.95 9.60257e-05
122.326 4.63613e-05
125.87 9.06836e-05
126.462 9.61896e-05
121.624 9.60336e-05
121.456 0.000100248
121.926 9.51615e-05
124.635 9.56301e-05
124.296 9.75313e-05
127.43 9.50951e-05
124.45 9.52135e-05
121.313 9.53627e-05
121.393 0.000102976
125.43 9.95962e-05
122.544 9.34637e-05
124.575 9.48935e-05
125.707 9.52518e-05
122.564 0.000108186
125.293 9.75461e-05
124.038 7.16899e-06
122.294 0.000105541
123.039 0.000109104
124.657 0.00010451
128.902 9.60891e-05
124.134 0.000105142
120.899 0.000105867
122.148 0.00010395
125.786 9.82357e-05
117.415 0.000101266
126.429 9.60909e-05
122.503 0.000106967
126.988 9.84532e-05
135.629 9.43229e-05
121.891 9.72266e-05
119.569 9.69507e-05
121.473 2.78242e-05
123.965 9.73291e-05
130.495 4.61209e-05
120.882 8.90445e-05
128.505 9.00085e-05
123.967 0.000103981
126.166 9.49892e-05
125.32 9.94072e-05
128.989 0.000110288
123.968 0.0001014
125.592 9.56056e-05
120.271 9.58036e-05
124.727 9.88731e-05
124.228 0.000109827
126.66 9.70448e-05
117.666 0.000109618
128.806 9.06024e-05
124.284 9.52511e-05
124.634 9.97099e-05
125.043 2.37547e-07
126.991 0.000105433
125.043 0.000105849
131.016 9.29302e-05
128.975 0.000110873
126.263 0.000109598
122.567 9.91871e-05
123.748 0.000103408
127.053 0.000100539
119.62 0.000110556
124.942 9.75276e-05
125.571 0.000130347
120.443 8.73746e-05
121.37 1.03515e-05
122.031 9.53575e-05
136.705 9.64999e-05
127.461 0.000106326
125.899 0.000100899
125.833 9.39524e-05
123.467 4.64627e-06
125.004 9.53242e-05
116.586 0.000101979
119.835 0.000109555
120.684 9.61471e-05
124.077 4.57701e-05
127.102 9.23157e-05
129.141 9.42362e-05
124.889 9.77721e-05
131.025 0.000114378
121.485 6.97984e-06
124.656 5.53045e-05
125.123 8.8969e-05
123.833 0.000100699
120.768 8.97304e-05
126.016 4.53725e-05
127.067 9.13827e-05
132.801 9.75106e-05
122.615 2.89333e-05
120.739 9.57466e-05
125.997 9.57535e-05
126.261 0.000100844
126.204 9.58411e-05
124.261 0.000109973
125.58 9.60399e-05
124.495 9.54141e-05
126.068 9.53177e-05
124.552 0.000104941
126.232 9.92622e-05
129.31 9.90257e-05
125.915 0.000102516
122.187 9.53867e-05
126.93 9.8725e-05
120.267 9.60202e-05
125.917 9.75918e-05
129.096 0.000108041
121.012 0.000100238
121.278 9.34433e-05
124.567 0.000103137
123.332 0.000101222
126.086 0.000103567
118.899 8.25432e-05
126.432 0.00010019
124.709 9.72154e-05
123.094 9.3848e-05
129.761 9.84747e-05
115.035 9.25558e-05
125.79 0.000109096
127.554 0.000100126
116.402 9.98061e-05
123.034 9.36424e-05
127.302 9.93779e-05
124.598 0.000127744
126.889 9.84723e-05
125.504 0.000100907
125.543 9.47543e-05
123.575 9.27099e-05
125.806 9.68154e-05
126.7 0.000101939
122.979 0.00010621
125.572 9.85331e-05
125.975 0.000112119
124.023 8.23907e-05
124.312 4.673e-06
125.551 0.0001065
124.621 9.14252e-05
126.329 9.5834e-05
124.279 9.72925e-05
124.517 9.55816e-05
122.859 0.000110207
124.596 9.50508e-05
130.964 9.4415e-05
126.437 6.61708e-05
116.869 7.50099e-05
126.248 9.30767e-05
120.504 0.000108245
125.067 0.000108813
119.359 9.61659e-05
121.48 0.00010234
126.16 0.000102054
125.125 7.37213e-05
121.997 0.000109431
130.517 9.39762e-05
120.232 9.0786e-05
124.432 9.62075e-05
123.735 1.04863e-05
121.053 0.000102861
119.621 8.27822e-05
125.606 0.000105013
123.492 9.39877e-05
125.238 9.51736e-05
119.708 0.000101602
122.98 0.000107777
124.053 9.2264e-05
125.576 0.000102909
126.678 9.49769e-05
127.552 9.6809e-05
125.144 6.73887e-05
118.041 9.36267e-05
121.569 1.02103e-05
123.073 9.66057e-05
124.784 9.01632e-05
117.851 9.50774e-05
118.547 8.26291e-05
125.603 0.000109131
121.671 0.000100079
123.215 9.78055e-05
129.796 0.000112955
130.633 0.000105046
125.49 9.89087e-05
124.367 9.97048e-05
123.191 0.000101
123.184 3.72581e-05
121.55 9.67962e-05
127.57 6.9593e-06
123.978 9.7748e-05
126.025 0.000101007
127.547 9.58189e-05
124.894 9.7682e-05
123.589 9.40947e-05
122.045 9.6173e-05
117.027 9.51505e-05
119.42 0.000103419
124.203 9.45615e-05
123.06 1.96316e-05
129.184 0.000101387
126.083 8.74239e-05
127.121 7.45514e-05
125.228 0.000104774
118.179 9.74192e-05
124.503 2.89561e-06
124.181 0.000108535
124.657 0.000100162
124.346 0.000102998
125.829 9.35186e-05
126.219 9.81079e-05
122.575 0.000103304
123.752 0.000105029
120.512 9.36575e-05
124.743 9.61099e-05
121.652 0.000100603
124.149 2.09204e-05
125.541 8.63069e-05
123.685 9.84024e-05
124.745 9.98517e-05
123.297 1.10587e-06
124.797 8.24242e-05
123.272 8.27085e-05
115.499 8.74387e-05
123.32 8.43939e-05
127.952 9.27487e-05
125.356 0.000109215
125.061 8.92696e-05
123.466 0.00011052
120.179 9.40281e-05
124.78 9.41717e-05
125.158 9.66128e-05
125.869 0.000112542
120.252 8.97838e-05
116.452 0.000103388
128.575 9.80075e-05
121.083 9.87698e-05
120.398 0.000107388
124.561 9.28776e-05
127.319 0.000104732
124.739 0.000107435
124.352 9.74095e-05
122.607 9.47113e-05
127.045 0.000110191
125.342 9.9566e-05
124.884 9.4478e-05
123.119 9.71305e-05
127.462 9.69556e-05
123.983 0.000109031
125.123 9.08721e-05
120.063 4.71611e-06
122.155 0.000109599
132.134 1.48532e-05
123.072 9.3553e-05
123.808 0.000101643
123.689 9.9273e-05
126.017 9.93397e-05
121.166 9.59023e-05
117.148 9.9322e-05
125.538 0.000101788
117.565 0.000101015
126.012 0.000102264
125.008 7.42453e-05
119.576 0.000103396
124.624 0.000105483
126.594 9.53934e-05
127.647 6.6959e-05
120.305 0.000110568
120.756 9.56194e-05
129.693 9.84094e-05
121.573 0.00011025
132.828 9.31734e-05
127.379 2.09923e-05
127.257 0.000107516
128.507 9.52787e-05
119.88 3.83245e-05
119.66 9.64661e-05
125.77 9.52437e-05
127.377 9.24411e-05
128.86 9.28279e-05
123.239 2.79548e-06
123.408 9.2759e-05
122.921 9.18391e-05
124.027 9.34249e-05
120.584 9.76925e-05
125.834 9.51195e-05
124.476 9.98442e-05
122.723 8.99769e-05
118.645 8.80307e-05
125.87 9.73296e-05
124.664 9.52732e-05
122.984 1.52022e-05
125.316 0.000104339
120.28 9.44601e-05
123.875 9.93827e-05
125.406 9.82059e-05
122.891 9.91583e-05
163.804 9.19693e-05
119.063 1.0148e-05
122.488 0.000107427
125.149 1.03e-05
120.918 9.13516e-05
123.455 9.06666e-05
124.197 0.000102621
122.159 0.000103684
119.487 9.94167e-05
130.274 8.94187e-05
126.306 5.27253e-05
119.004 0.000107665
123.195 0.000107839
123.82 0.000107315
122.573 0.000105013
118.906 9.54902e-05
117.364 9.63022e-05
122.133 0.000104691
124.446 6.53228e-05
125.482 6.86669e-07
123.758 9.54626e-05
126.225 0.000108467
125.432 0.000108409
121.204 6.50563e-05
125.327 9.70103e-05
121.725 5.68459e-05
120.113 8.90125e-05
122.588 9.25429e-05
126.776 2.35053e-07
122.357 0.000106605
125.248 5.58623e-05
126.154 8.57478e-05
127.131 9.94633e-05
125.851 9.54592e-05
117.643 0.00010683
123.764 3.53519e-05
123.737 0.000110159
123.37 0.000109803
124.174 9.68505e-05
122.92 9.89112e-05
123.076 9.5375e-05
129.653 9.50644e-05
123.252 0.00011006
125.027 3.49724e-05
123.545 9.64227e-05
125.632 9.59135e-05
118.207 2.46338e-07
120.171 9.83807e-05
124.928 9.80429e-05
127.709 9.59885e-05
123.537 9.60327e-05
120.402 0.000100305
122.323 0.000110239
119.52 0.000107931
128.397 0.000111112
125.158 9.63701e-05
119.924 0.000107262
120.837 0.000110015
125.822 9.91751e-05
126.797 0.000103123
121.099 9.96284e-05
122.209 9.32452e-05
121.959 0.000106569
123.576 0.0001018
126.176 0.000106259
121.165 9.40035e-05
124.257 9.39833e-05
127.808 9.58591e-05
120.123 0.000103206
122.688 9.63051e-05
122.138 9.99876e-05
123.164 0.000108182
117.36 9.06252e-05
125.559 2.91533e-06
125.743 9.98488e-05
121.685 8.42906e-05
123.842 9.59817e-05
124.879 8.49384e-05
121.143 0.000100527
115.631 9.53632e-05
129.716 0.000109148
124.241 2.83003e-05
123.385 0.000107918
118.794 0.000111384
126.061 2.05634e-05
124.601 9.50883e-05
125.286 0.000109395
120.102 9.93624e-05
125.033 0.000100082
122.578 9.34023e-05
121.649 9.88001e-05
120.874 9.2415e-05
122.841 7.03961e-06
127.826 9.62531e-05
130.743 0.000107059
123.493 0.000106785
124.167 1.02908e-05
123.614 9.09804e-05
126.907 5.57756e-05
128.629 9.58751e-05
122.426 9.79785e-05
119.201 0.000104956
120.584 0.000103709
123.684 9.46492e-05
126.303 0.000114026
115.382 9.75955e-05
126.986 0.000103517
126.034 9.83285e-05
125.228 0.000100148
122.615 0.000110297
121.906 0.00010008
124.484 9.89386e-05
128.317 0.000100866
125.566 9.97837e-05
122.051 0.00010595
127.634 9.83493e-05
124.844 0.000110735
119.823 9.80447e-05
126.117 9.31736e-05
117.174 9.83875e-05
122.603 0.000102878
126.007 9.82198e-05
121.036 9.98733e-05
124.142 0.000105637
127.11 9.14531e-05
123.378 9.70529e-05
124.235 7.45721e-05
126.042 0.000101731
127.169 9.50628e-05
121.66 9.65901e-05
121.243 0.000109834
121.873 9.53157e-05
129.652 9.24383e-05
127.986 9.89313e-05
124.502 7.05359e-06
124.605 9.72913e-05
126.081 9.66391e-05
124.577 9.9052e-05
123.683 0.000107939
122.22 9.24833e-05
124.544 9.48375e-05
126.683 0.000106115
115.373 2.76221e-05
124.767 9.5121e-05
123.533 9.85509e-05
122.165 0.000100446
126.392 0.000111884
123.836 0.000104227
120.263 0.000100855
127.578 9.85666e-05
123.958 9.53851e-05
118.983 9.80129e-05
125.684 9.64186e-05
126.111 9.54098e-05
124.658 9.91148e-05
121.534 0.000109941
125.406 9.67851e-05
123.972 9.54597e-05
124.92 0.000114647
122.312 9.53491e-05
124.854 0.000102573
121.111 9.65889e-05
121.407 3.68355e-05
125.287 0.000103734
126.404 9.42333e-05
116.03 0.000116239
125.115 9.36994e-05
123.847 7.53472e-05
126.655 9.70435e-05
128.117 7.47275e-05
120.536 9.56722e-05
123.401 9.80997e-05
125.645 9.18643e-05
124.2 0.000102869
126.371 1.03542e-05
125.815 0.000102014
122.863 9.4646e-05
122.582 2.07281e-05
119.067 9.47419e-05
126.986 9.65965e-05
125.036 9.04118e-05
123.393 9.52817e-05
124.719 0.000109651
122.624 0.000105529
119.825 9.86298e-05
121.113 7.38579e-05
124.506 9.66349e-05
123.562 9.50362e-05
124.2 1.79228e-06
124.859 0.000107694
123.227 4.64984e-06
127.72 9.66085e-05
126.351 9.88604e-05
126.581 2.06191e-05
121.587 9.9867e-05
127.454 9.80428e-05
125.547 9.5457e-05
125.641 0.000103834
128.521 9.71407e-05
126.514 0.00010337
123.919 9.50162e-05
123.343 9.58483e-05
118.779 9.81306e-05
121.84 0.000103537
122.02 8.88498e-05
125.878 0.00010737
121.943 9.72754e-05
125.265 9.52322e-05
124.822 9.98355e-05
124.012 9.9473e-05
124.699 0.000107745
124.793 9.76136e-05
120.028 0.000122849
125.743 9.6291e-05
130.327 9.37974e-05
124.739 0.000101767
125.557 0.00010288
124.284 0.000108936
123.168 9.9467e-05
124.358 0.000102245
124.845 0.000102897
124.974 8.91273e-05
125.288 9.50773e-05
124.72 8.70128e-05
126.648 3.65295e-05
125.259 9.61349e-05
126.33 9.39442e-05
132.041 0.000108092
121.077 0.000109346
126.026 9.90606e-05
123.871 9.43165e-05
125.848 9.03075e-05
125.365 0.000100233
123.727 9.5478e-05
122.258 0.0001041
122.277 3.70356e-05
126.985 9.66263e-05
128.261 8.949e-05
121.611 9.67502e-05
125.805 6.5085e-05
127.08 9.79013e-05
115.524 0.000110676
123.744 0.00010915
125.07 9.4833e-05
121.981 8.79018e-05
122.847 7.67197e-05
126.904 9.51622e-05
125.877 0.000109965
122.983 9.95849e-05
126.421 9.84536e-05
127.937 2.04616e-05
123.419 0.000112034
124.795 0.000107864
127.895 0.000110289
115.697 9.96699e-05
125.908 9.7215e-05
119.108 7.01806e-06
123.957 9.87344e-05
119.897 9.42902e-05
123.441 9.63967e-05
116.55 9.86701e-05
126.675 0.000105236
131.356 9.29521e-05
121.507 9.12071e-05
122.059 0.000100553
123.273 9.69404e-05
122.308 8.25432e-05
123.848 2.82546e-05
120.397 9.83319e-05
122.006 0.000100874
120.878 9.85208e-05
118.305 0.000101142
124.604 4.52651e-05
126.509 8.60815e-05
118.071 9.02254e-05
126.3 9.34016e-05
125.775 0.000104767
127.172 0.000108898
126.59 0.000104809
116.017 8.93472e-05
125.339 9.57863e-05
122.739 0.00010881
122.748 9.95567e-05
118.766 9.76942e-05
120.866 9.93116e-05
125.62 9.35163e-05
124.015 5.48075e-05
122.505 0.000111834
118.519 9.01693e-05
127.755 0.000101347
122.962 9.59504e-05
123.696 0.00010869
123.221 0.000104038
123.472 4.87269e-05
125.679 0.00010658
127.407 9.45852e-05
119.581 0.000111186
116.863 9.47834e-05
123.955 4.32548e-05
124.702 0.000101527
119.351 6.69214e-05
126.7 0.000111547
125.163 4.74768e-05
123.248 0.000108278
126.09 1.86249e-06
123.209 7.49477e-05
127.187 8.97379e-05
125.539 9.72098e-05
123.185 0.000108061
115.767 9.64879e-05
126.325 8.97321e-05
126.197 9.70195e-05
119.259 7.05231e-06
121.734 0.000108484
116.337 0.000111073
127.654 9.52962e-05
128.014 9.81357e-05
115.247 0.000110705
125.955 0.00010022
123.699 0.000121954
123.866 9.63796e-05
123.557 0.000102374
128.936 0.00010679
124.441 0.000108135
125.729 1.1241e-06
124.182 0.000108671
127.086 3.65195e-05
120.181 9.88612e-05
123.764 9.18842e-05
126.493 7.72202e-05
125.859 5.47482e-05
121.544 9.59122e-05
122.77 0.000108219
125.18 0.000103552
123.635 0.000111167
125.402 9.33391e-05
123.864 9.90121e-05
126.216 9.99218e-05
124.844 9.98968e-05
122.766 9.71047e-05
121.917 8.63017e-05
133.229 8.8134e-05
128.828 9.59507e-05
125.808 9.5481e-05
126.884 2.79011e-05
123.672 9.4866e-05
124.094 0.000101517
125.28 9.89222e-05
125.224 9.57936e-05
126.439 8.55218e-05
125.964 8.9379e-05
125.482 0.000108103
119.314 2.83466e-05
116.705 0.000101638
122.497 5.6042e-05
124.959 9.85248e-05
126.461 9.57215e-05
126.65 9.4308e-05
123.578 9.94326e-05
125.046 0.000103115
117.622 9.72772e-05
116.975 0.000108703
125.364 9.57364e-05
126.63 9.74521e-05
128.08 0.000100928
123.253 9.82125e-05
125.105 9.65912e-05
124.261 0.000109634
126.878 9.73445e-05
124.791 9.46159e-05
124.392 0.000112117
124.46 9.71292e-05
127.316 0.000101132
122.641 9.78511e-05
124.84 9.23547e-05
124.489 0.000109901
121.638 0.000104437
125.395 9.65864e-05
119.491 8.87673e-05
127.815 9.85527e-05
125.757 3.80467e-05
122.481 0.000108191
129.865 9.73487e-05
119.953 0.000104939
124.608 0.000109043
120.189 9.89218e-05
126.895 9.8815e-05
118.66 9.21465e-05
125.833 0.000106994
123.577 9.66517e-05
124.249 0.000103428
121.699 0.00010541
124.942 9.96778e-05
125.535 0.00010229
123.836 1.04206e-05
125.907 0.000102422
124.704 9.92054e-05
120.044 9.79805e-05
124.767 9.93413e-05
124.532 9.65421e-05
125.923 9.62137e-05
126.834 9.86132e-05
124.195 9.62807e-05
119.189 9.35346e-05
122.33 1.46213e-05
129.285 0.000104192
123.221 9.81475e-05
123.255 9.85392e-05
123.171 0.00010061
123.116 8.16596e-05
128.904 0.000108996
126.53 9.45475e-05
124.345 9.08155e-05
119.512 9.45625e-05
123.397 9.00235e-05
123.548 0.0001092
125.853 9.55019e-05
122.864 0.000105798
122.632 9.86114e-05
120.042 0.000112217
127.258 9.83585e-05
126.789 9.79934e-05
123.6 9.90725e-05
124.486 9.23891e-05
130.365 1.84297e-06
126.713 2.06475e-05
120.314 9.82776e-05
125.57 9.61254e-05
123.592 9.39073e-05
126.8 9.9613e-05
122.917 8.06262e-05
126.518 0.000103726
123.329 9.86534e-05
134.894 9.9094e-05
127.02 9.88834e-05
122.375 1.81579e-06
123.718 0.000101045
128.9 9.80953e-05
122.402 9.74882e-05
127.927 4.18807e-05
119.363 9.22237e-05
120.552 9.81219e-05
122.926 9.66248e-05
122.13 9.07482e-05
122.325 9.37105e-05
127.369 5.48939e-05
137.341 0.000101879
122.981 0.000104407
125.041 2.7897e-05
125.386 0.000102889
121.532 9.37349e-05
130.404 0.000105684
123.136 9.65276e-05
123.397 9.64307e-05
120.115 0.000100344
120.869 0.000105487
123.99 0.000104316
123.808 0.000108339
124.772 0.00010033
121.155 4.71548e-06
123.941 0.000109159
123.819 2.81054e-05
123.407 9.09126e-05
122.545 9.4898e-05
120.652 0.000100379
119.482 9.56807e-05
124.715 0.000110619
124.256 9.60564e-05
125.285 0.000111058
125.237 0.000107314
122.994 7.1475e-05
126.196 9.41574e-05
127.698 9.27439e-05
124.081 9.49215e-05
124.093 9.4559e-05
121.316 9.16518e-05
116.06 9.42788e-05
124.246 9.38626e-05
122.381 9.27326e-05
118.414 9.4911e-05
125.078 0.000107597
125.941 9.99546e-05
123.722 9.65362e-05
126.738 0.000102604
122.346 0.000103037
123.666 9.4774e-05
128 0.000100926
124.624 9.07944e-05
127.182 9.58256e-05
126.429 9.99295e-05
125.613 0.000104069
125.588 0.000100855
122.231 9.4772e-05
124.031 0.00010188
125.479 0.000100385
122.963 9.65856e-05
124.326 9.6584e-05
124.679 0.000108691
125.639 9.90191e-05
121.425 9.38832e-05
125.14 7.79491e-05
126.492 9.51225e-05
124.406 8.97683e-05
123.733 9.95778e-05
123.354 9.99732e-05
116.719 9.80573e-05
123.03 0.000107779
124.823 2.06251e-05
126.009 9.68808e-05
122.784 8.78268e-05
127.884 0.000107555
122.342 6.32301e-05
127.251 0.000101797
124.056 9.52829e-05
125.917 9.82661e-05
125.636 9.24292e-05
124.437 9.73512e-05
118.366 9.41597e-05
122.697 2.86192e-06
125.142 9.99325e-05
123.334 9.68473e-05
126.547 0.000107303
125.336 0.000103367
127.853 9.66538e-05
124.59 8.83436e-05
120.803 9.68588e-05
117.655 0.000100821
125.304 9.23572e-05
123.092 9.92473e-05
115.522 4.28533e-06
126.07 0.000112612
121.929 9.06708e-05
126.388 0.00010644
120.19 9.79746e-05
124.255 9.93434e-05
125.625 2.83054e-05
123.7 2.15846e-05
123.305 5.26507e-05
126.231 9.8459e-05
122.093 9.66323e-05
121.318 9.7913e-05
125.484 0.000101012
122.466 0.000100882
123.603 6.98726e-06
123.595 9.83529e-05
116.79 0.00010748
128.133 0.000108225
124.412 9.27695e-05
125.556 9.75179e-05
122.465 9.63589e-05
122.76 0.000108263
127.473 5.49301e-05
128.915 9.60082e-05
126.344 0.000100535
118.855 8.85282e-05
118.808 9.72598e-05
123.701 9.99797e-05
120.769 0.000102747
123.874 9.74735e-05
123.715 9.56662e-05
120.649 9.05599e-05
126.536 9.51467e-05
124.122 4.42094e-05
127.834 9.21392e-05
125.637 9.43668e-05
118.655 2.80026e-05
127.091 8.94802e-05
133.477 0.000104036
121.843 9.66681e-05
125.79 8.93953e-05
127.862 9.84536e-05
120.592 0.000100211
122.63 1.53586e-05
123.212 9.80721e-05
115.469 9.959e-05
120.065 9.32088e-05
124.912 9.458e-05
126.798 9.70467e-05
129.411 9.73272e-05
116.102 9.54086e-05
116.101 0.0001085
124.176 0.000114715
124.364 9.25725e-05
125.599 2.91137e-06
120.893 0.000101884
124.833 0.000107748
126.61 0.000109605
124.696 2.62477e-05
120.054 9.50554e-05
128.467 0.000109483
123.998 9.17647e-05
123.277 9.48738e-05
120.201 9.53297e-05
123.061 0.000110722
125.589 9.35942e-05
125.242 9.41114e-05
122.795 0.000101652
128.026 2.07472e-05
124.102 9.60443e-05
124.28 0.000109716
124.006 9.64408e-05
126.65 0.000104972
125.176 0.000106518
127.026 0.00010074
125.828 0.000110921
127.295 0.000107562
125.702 0.000104689
125.782 0.000100439
123.634 9.47638e-05
126.999 4.49312e-05
123.143 0.000106363
119.585 0.0001
127.748 3.97416e-05
120.497 9.43354e-05
124.531 9.53019e-05
123.013 0.000104949
123.311 0.000107682
125.606 2.80146e-05
124.678 9.92789e-05
123.556 0.000102671
117.904 9.77624e-05
124.396 9.56361e-05
126.64 5.77774e-05
128.756 0.000111052
123.959 7.79354e-05
121.348 0.000101817
121.587 4.62821e-06
126.893 9.44142e-05
123.863 0.000102971
122.828 9.40671e-05
121.917 9.9729e-05
127.152 0.000101765
125.351 9.67041e-05
126.065 9.69393e-05
122.945 0.000104429
123.371 7.74729e-05
120.171 9.43519e-05
126.951 3.70407e-05
126.333 9.54468e-05
123.808 9.56013e-05
127.292 9.78541e-05
124.785 0.000101916
129.833 9.46857e-05
125.711 1.94583e-06
122.777 9.62008e-05
126.298 0.000101831
127.805 0.000111672
121.943 8.21786e-05
123.62 9.50211e-05
118.748 0.000113172
120.387 9.55112e-05
118.428 9.89501e-05
124.811 0.000110662
120.587 9.30474e-05
124.716 0.00011199
121.407 9.53916e-05
126.494 0.000121164
124.438 0.000101862
125.985 9.86584e-05
123.959 1.50216e-05
126.621 9.7445e-05
125.476 0.000127878
125.068 0.000109507
127.919 1.5006e-05
126.081 9.55174e-05
122.541 0.000100639
117.097 9.65922e-05
127.289 9.74071e-05
125.425 0.000100277
116.409 9.20016e-05
120.62 2.05818e-05
122.663 8.92984e-05
122.758 3.75295e-05
128.513 0.000102395
133.532 0.000102815
115.591 1.05573e-05
125.572 9.83031e-05
120.861 0.00010033
124.443 1.03581e-05
121.308 0.000100378
122.801 8.49495e-05
124.326 9.5247e-05
129.037 9.57495e-05
124.711 9.32781e-05
117.98 9.39607e-05
122.905 9.21871e-05
124.006 9.11003e-05
123.415 9.72532e-05
125.169 9.50914e-05
125.903 0.000108354
125.452 9.92424e-05
121.146 0.000103779
123.719 9.59548e-05
126.324 8.97298e-05
125.27 9.50823e-05
125.47 7.46827e-05
126.068 1.5062e-05
124.065 0.000102966
125.57 9.81726e-05
124.413 9.72935e-05
128.983 9.81684e-05
116.718 9.95915e-05
122.816 9.69429e-05
123.549 0.000100189
124.497 2.81398e-06
120.472 0.000108772
117.621 9.50587e-05
125.585 0.000110137
125.371 9.55988e-05
122.122 0.000109934
125.7 9.97789e-05
122.934 6.96609e-05
122.581 0.000101835
125.823 9.64662e-05
123.179 0.000109592
127.831 9.08617e-05
121.078 0.00010052
120.845 9.37724e-05
125.383 9.55795e-05
124.307 9.56249e-05
119.713 0.000109886
125.935 4.52676e-05
123.954 9.25119e-05
124.846 9.82468e-05
123.385 9.69149e-05
123.023 9.65092e-05
123.76 9.49628e-05
124.872 9.77721e-05
122.613 0.000108226
124.446 0.000109125
124.323 7.43169e-05
115.723 2.13117e-05
125.576 0.000101289
124.475 9.66439e-05
122.928 7.38276e-05
120.081 9.6313e-05
125.791 0.000110319
123.741 0.00011291
122.738 9.69959e-05
123.592 9.89354e-05
124.282 9.86936e-05
125.685 9.87928e-05
125.934 0.000108647
123.373 0.000100474
124.86 8.54828e-05
123.065 9.81948e-05
126.724 5.59744e-05
121.212 0.000107155
120.657 9.72233e-05
125.442 9.81041e-05
127.192 9.09744e-05
128.305 0.000102002
119.371 9.62409e-05
125.574 9.8638e-05
125.504 1.0737e-05
126.182 9.4292e-05
123.632 7.55016e-06
122.629 9.79523e-05
123.932 0.000103956
122.285 9.54837e-05
123.726 0.000105957
130.026 0.000107154
124.254 0.000101741
126.983 9.70545e-05
126.663 9.44082e-05
124.767 9.38725e-05
126.221 0.000102538
124.378 9.30437e-05
125.451 9.65146e-05
126.381 2.06888e-05
120.557 9.94165e-05
126.456 9.58717e-05
121.342 9.50424e-05
123.643 9.7654e-05
125.029 0.000104598
125.123 9.91631e-05
130.001 0.000109843
125.649 9.51331e-05
119.869 9.57445e-05
125.637 0.000108918
123.064 0.000104215
124.671 9.59631e-05
125.651 9.71975e-05
120.492 0.000106845
117.186 0.0001013
125.131 9.78713e-05
125.198 9.88817e-05
120.062 2.38475e-07
123.514 0.000103899
128.533 0.000104138
121.522 9.59261e-05
124.32 9.52266e-05
121.439 9.75497e-05
124.678 9.39113e-05
125.464 9.76708e-05
123.505 9.97839e-05
125.061 0.000107596
123.116 0.000102002
125.219 9.44985e-05
126.821 9.81733e-05
125.353 0.00010103
120.8 2.07417e-05
125.517 0.000101627
126.646 0.000101237
125.196 9.50556e-05
123.689 0.000100411
123.602 9.80336e-05
126.758 0.000104566
124.456 9.43071e-05
125.691 9.7046e-05
124.38 1.15726e-06
124.294 9.94208e-05
121.306 0.000100831
124.288 0.000101746
119.24 9.4782e-05
123.344 4.6305e-06
126.739 9.11559e-05
121.073 9.83394e-05
123.873 2.69313e-05
128.228 0.000104809
123.768 8.84769e-05
118.911 9.76158e-05
124.764 5.49796e-05
126.794 9.95842e-05
122.165 9.89346e-05
123.702 9.42377e-05
115.837 8.58826e-05
125.168 9.91249e-05
122.917 0.000107838
115.804 9.52543e-05
124.87 9.85475e-05
125.374 9.82948e-05
122.492 9.89545e-05
124.509 8.80047e-05
124.794 9.79661e-05
124.006 0.000105845
123.172 9.88866e-05
122.324 8.88179e-05
123.409 2.99729e-05
118.797 9.59638e-05
125.708 9.42099e-05
123.778 6.46086e-05
126.9 0.000101245
121.269 9.28319e-05
121.129 9.56233e-05
121.432 8.31325e-05
123.562 9.49309e-05
126.89 9.63645e-05
125.476 7.06747e-06
124.857 9.55888e-05
121.95 9.91026e-05
124.537 0.000104457
128.181 0.000100455
121.789 9.09031e-05
123.817 6.47346e-05
122.459 9.37792e-05
128.12 0.000110157
120.759 9.10685e-05
127.542 0.000114711
124.96 0.000106457
123.84 9.76124e-05
122.026 9.77878e-05
126.51 9.60552e-05
127.777 9.93386e-05
123.977 0.000101311
121.143 0.000101061
120.705 9.61109e-05
122.687 0.00010822
127.385 9.6444e-05
124.606 0.000109925
122.52 0.000103128
125.711 9.41138e-05
129.78 9.33595e-05
126.55 0.000113717
122.96 9.68122e-05
123.474 9.95238e-05
128.144 9.75159e-05
123.524 9.65254e-05
126.567 0.000107232
118.477 9.81892e-05
124.289 9.71529e-05
126.911 9.71754e-05
124.078 9.82405e-05
119.485 0.000112418
125.153 9.88266e-05
124.315 9.89398e-05
126.073 0.000108471
125.123 9.35133e-05
124.921 0.000106864
119.379 0.000106896
121.567 9.57959e-05
125.414 9.88177e-05
124.122 0.000108911
125.021 9.56666e-05
120.108 0.000100377
124.288 9.73881e-05
120.594 1.01769e-06
124.753 9.60971e-05
125.916 4.70233e-05
130.884 9.99016e-05
121.71 9.6899e-05
124.915 9.58733e-05
122.876 0.000107217
123.426 0.000101928
121.289 3.62576e-05
122.395 0.000112646
126.319 3.70799e-05
122.063 9.6316e-05
119.813 0.000107356
120.1 9.97206e-05
120.979 9.90067e-05
124.842 3.50114e-05
125.013 9.72554e-05
126.457 9.73389e-05
124.712 0.000107989
122.971 9.88324e-05
117.757 9.98239e-05
120.108 0.000106863
121.107 9.93335e-05
124.803 1.96545e-05
125.501 0.000100087
123.215 9.41633e-05
122.734 9.33845e-05
126.142 9.50948e-05
124.744 9.65801e-05
119.473 0.000115051
121.842 9.53108e-05
118.975 9.7265e-05
123.612 7.50503e-05
125.022 0.000101186
127.013 1.83903e-06
122.915 9.38197e-05
120.208 9.57871e-05
122.185 9.51017e-05
123.798 9.53243e-05
122.583 0.000109552
123.053 0.000108192
127.309 9.30993e-05
119.068 9.89348e-05
129.307 9.80798e-05
126.862 0.000105185
129.03 9.99521e-05
120.118 3.57116e-05
126.176 9.46388e-05
120.86 9.53193e-05
121.035 8.55127e-05
123.271 0.00011053
124.894 0.000102942
123.986 0.000104269
122.746 9.52853e-05
125.446 0.000100713
122.196 9.06139e-05
122.241 0.000112517
129.733 2.06946e-05
121.318 0.000100495
123.729 3.64806e-05
120.407 0.000105539
123.677 9.49663e-05
123.647 7.31046e-05
116.825 9.50532e-05
118.952 9.30824e-05
124.76 0.000104119
125.801 0.000103642
127.231 0.000103762
122.294 0.000106872
123.78 0.000108993
123.516 8.2098e-05
125.677 9.55361e-05
126.598 0.000101627
123.93 8.97728e-05
127.021 9.04466e-05
126.847 9.36011e-05
121.54 9.41929e-05
129.868 0.000108583
125.161 9.61955e-05
124.426 0.000100541
124.656 0.000108959
125.713 9.69374e-05
131.004 0.000106624
120.406 0.000104245
117.575 3.55892e-05
122.892 9.91486e-05
124.86 9.59416e-05
120.954 8.06295e-05
124.962 8.97765e-05
121.422 9.87341e-05
124.999 9.92626e-05
124.505 9.70851e-05
129.627 0.000110797
122.245 2.81116e-05
125.532 9.62201e-05
124.519 9.55445e-05
123.712 0.000103988
120.707 9.52924e-05
127.342 9.62303e-05
124.69 0.000107761
128.703 9.69027e-05
123.754 0.000105041
120.692 9.04201e-05
115.841 8.58011e-05
124.732 0.000108131
127.872 0.000111287
127.835 9.52165e-05
129.471 9.49763e-05
121.695 0.000101494
125.754 9.7522e-05
125.093 9.79003e-05
124.008 9.80627e-05
121.757 9.80935e-05
126.691 9.50896e-05
120.24 9.6069e-05
124.547 9.86896e-05
121.533 9.45831e-05
125.259 9.63022e-05
128.72 9.70718e-05
119.385 0.000101981
124.478 0.000106786
123.062 9.95187e-05
127.976 9.93499e-05
124.297 4.16277e-05
123.74 4.5398e-05
121.278 2.86349e-05
125.365 6.9005e-06
120.538 9.91692e-05
117.755 9.41264e-05
123.525 7.39426e-05
126.086 9.54753e-05
125.84 9.6269e-05
123.043 9.04181e-05
127.591 9.01586e-05
118.85 2.87809e-06
121.768 9.39358e-05
127.103 0.000104517
124.96 5.14299e-05
126.141 9.51477e-05
123.831 9.9368e-05
125.575 6.69235e-05
126.689 0.000102473
125.834 9.18177e-05
123.886 0.000110903
123.974 9.97418e-05
123.984 9.72759e-05
123.864 6.65139e-05
124.8 0.000102632
127.136 9.12204e-05
122.577 0.000109624
123.273 0.000108749
119.246 9.73886e-05
127.02 9.96008e-05
124.753 9.66997e-05
127.048 9.86776e-05
123.102 9.51125e-05
123.346 8.99167e-05
122.518 9.5076e-05
125.477 9.61237e-05
120.726 9.97998e-05
121.327 9.63216e-05
118.36 8.83116e-05
124.947 9.50644e-05
126.087 9.39316e-05
124.365 9.48808e-05
129.906 9.54844e-05
125.792 6.05544e-05
126.263 9.5521e-05
124.694 9.30349e-05
130.23 1.07121e-05
123.254 9.80679e-05
125.071 9.46867e-05
123.184 9.8681e-05
124.165 0.000110401
123.006 0.000102358
120.97 9.8814e-05
122.197 9.75581e-05
129.485 9.07269e-05
125.83 9.57803e-05
127.77 0.000101871
122.62 9.73023e-05
121.444 9.54639e-05
125.42 2.826e-05
117.935 6.42908e-05
122.869 9.76869e-05
126.627 9.27484e-05
125.214 9.56588e-05
124.883 9.75547e-05
123.124 9.76998e-05
123.26 8.27761e-05
126.809 9.79666e-05
124.264 9.27431e-05
125.564 9.98737e-05
128.461 0.000100814
120.463 9.43592e-05
124.253 9.54327e-05
127.335 9.46118e-05
123.584 9.68482e-05
125.746 9.67109e-05
124.585 9.55076e-05
131.201 6.42235e-05
121.724 9.58914e-05
127.091 9.79838e-05
124.318 8.67861e-05
125.131 9.49431e-05
127.312 9.97759e-05
121.496 9.93942e-05
126.055 0.00010395
126.931 0.000106581
119.517 9.01443e-05
120.956 9.83595e-05
123.225 0.000100052
127.141 9.56271e-05
121.842 9.89676e-05
123.796 9.50403e-05
123.997 9.03031e-05
123.287 0.000100337
126.133 6.65155e-05
119.776 0.000106238
122.665 3.55812e-07
120.125 8.76561e-05
125.187 0.00010395
127.015 4.57804e-05
123.808 9.84643e-05
125.165 9.6148e-05
121.473 0.000105619
124.414 6.67357e-07
122.78 0.000100445
122.803 9.50071e-05
128.179 9.81693e-05
121.508 0.000101179
122.443 9.88676e-05
127.827 9.91748e-05
126.523 7.779e-05
128.689 1.04487e-05
124.317 0.000100124
124.112 0.000106598
125.638 0.000100621
122.462 9.8964e-05
124.017 9.82791e-05
124.352 1.49645e-05
125.511 2.8304e-06
131.754 0.000110105
121.233 0.000101403
122.662 9.62727e-05
120.995 9.66681e-05
124.864 9.52091e-05
128.054 9.4779e-05
121.618 4.137e-07
125.535 9.95822e-05
130.285 9.55327e-05
127.398 9.41209e-05
123.035 9.66439e-05
123.695 9.12628e-05
127.617 1.82738e-06
121.226 9.62277e-05
125.396 9.8641e-05
120.643 8.87384e-05
124.451 0.00010961
121.337 0.000109255
120.878 9.95372e-05
126.719 9.30038e-05
121.441 9.78394e-05
122.372 0.000102436
126.303 9.95622e-05
123.133 9.89117e-05
123.897 9.57461e-05
123.549 2.79116e-05
120.277 8.87094e-05
124.975 1.0639e-05
122.934 9.56854e-05
121.058 0.000100067
127.563 9.54077e-05
126.418 9.99059e-05
124.602 9.4061e-05
123.776 9.52334e-05
122.911 9.9851e-05
122.291 8.67451e-05
125.416 0.000109467
126.131 0.000107489
125.205 3.65255e-05
126.124 5.4867e-05
127.169 0.00010273
119.733 9.62803e-05
125.595 0.000102122
124.526 9.42458e-05
120.975 9.61645e-05
124.415 5.65435e-05
124.424 9.86087e-05
125.869 9.59627e-05
123.234 5.55015e-05
121.733 1.09072e-05
122.199 9.58182e-05
126.595 9.57113e-05
120.736 9.26085e-05
125.549 9.2016e-05
123.129 5.48772e-05
119.822 0.000103454
123.116 0.000104109
125.674 9.7485e-05
120.841 9.96626e-05
125.358 9.09707e-05
123.976 0.000102531
122.589 9.56534e-05
120.304 8.60657e-05
124.559 0.000111979
125.982 7.62392e-05
125.939 9.62961e-05
128.415 0.000103387
124.67 0.000111805
122.22 9.55256e-05
125.271 0.000109858
122.485 8.94557e-05
124.407 9.07611e-05
125.711 9.93027e-05
127.992 9.17018e-05
120.951 1.02959e-05
123.635 9.60868e-05
119.391 0.000110749
120.882 9.07398e-05
128.307 7.76122e-05
124.086 0.000106803
122.65 0.000107001
122.685 0.000105792
121.929 1.09969e-06
120.962 9.93166e-05
125.873 0.000100394
124.717 0.000107743
120.143 9.06764e-05
125.46 9.60729e-05
121.271 2.13335e-05
121.427 9.73029e-05
123.788 9.62002e-05
123.451 9.56483e-05
127.025 9.71565e-05
125.877 0.000105254
124.692 9.96581e-05
127.845 0.000104839
127.189 5.46561e-05
123.949 9.45095e-05
124.336 0.000107959
115.014 9.21668e-05
125.364 0.000106769
124.927 9.85172e-05
122.842 9.61808e-05
125.67 0.000100294
117.036 9.92088e-05
127.054 9.57697e-05
119.778 9.81517e-05
131.012 9.62719e-05
125.825 9.62458e-05
122.647 9.88574e-05
125.024 9.66045e-05
126.94 9.73043e-05
120.603 9.87949e-05
126.668 9.62504e-05
125.624 0.000101101
122.071 8.93421e-05
124.415 7.45376e-05
122.093 9.62807e-05
124.814 9.65921e-05
131.702 0.000108341
123.221 9.62991e-05
126.73 0.000102278
126.74 9.41504e-05
123.829 0.000111954
126.211 0.000100066
123.431 0.000100513
127.641 9.5246e-05
122.96 0.0001008
124.545 0.000110373
125.647 9.77758e-05
122.914 0.00010085
127.215 0.000104588
121.987 6.74761e-08
123.367 0.000103886
124.275 8.97198e-05
123.62 1.33699e-05
123.756 0.000106047
128.768 9.94374e-05
125.366 0.00010493
123.817 4.76272e-05
126.25 0.000100912
127.829 9.85157e-05
123.623 9.78819e-05
123.759 9.37055e-05
121.589 0.000102919
125.659 0.000107395
126.51 0.000109246
126.896 9.6772e-05
119.988 9.42866e-05
120.631 9.37089e-05
126.197 0.000106585
125.34 9.89304e-05
122.367 8.01078e-05
120.853 9.76587e-05
127.285 9.26093e-05
127.65 2.89177e-05
123.341 9.6192e-05
123.763 0.000103432
126.121 1.39352e-05
125.948 0.000104185
127.497 0.000114635
124.097 9.90542e-05
121.662 3.71352e-05
126.544 0.000107325
124.766 8.19316e-05
130.049 0.000109043
122.671 0.000100271
121.843 9.06336e-05
124.71 3.56877e-05
121.25 9.8593e-05
126.843 0.000112462
127.38 9.347e-05
124.617 0.000109371
122.695 7.92904e-05
123.043 0.000109637
127.28 0.000106139
121.163 9.489e-05
122.717 0.000110969
126.728 9.69825e-05
123.77 0.00011016
145.139 9.85368e-05
124.417 9.62652e-05
128.229 8.79409e-05
124.854 9.61973e-05
128.438 9.88621e-05
125.713 9.66639e-05
122.227 9.60122e-05
122.542 0.000107363
125.792 0.000109453
126.308 9.51537e-05
125.685 9.85187e-05
125.636 9.71833e-05
123.49 9.25018e-05
121.678 9.44418e-05
126.89 0.00010115
127.482 0.000107673
126.524 9.17107e-05
123.39 9.69339e-05
125.767 9.62564e-05
120.237 9.59486e-05
122.746 9.76707e-05
117.904 9.97656e-05
128.986 6.62246e-05
122.065 0.00011092
125.962 0.000107538
125.944 9.83638e-05
123.143 9.42634e-05
123.173 9.43578e-05
127.649 9.79041e-05
124.494 9.56128e-05
122.685 9.50299e-05
125.626 0.000103485
126.647 9.91628e-05
127.669 8.96418e-05
125.734 9.56241e-05
128.182 9.57034e-05
124.031 0.000111577
121.739 9.70528e-05
119.63 0.00010924
129.695 9.5231e-05
123.504 8.94037e-05
124.35 0.000107598
119.861 0.00010636
123.535 0.000110875
124.044 0.000103514
120.506 9.45621e-05
123.679 9.89048e-05
122.944 8.79514e-05
123.547 9.58978e-05
121.017 9.41786e-05
120.988 1.9107e-06
123.726 0.000103932
122.338 8.76291e-05
121.592 9.83707e-05
124.649 9.42167e-05
122.806 9.7846e-05
124.561 0.000103178
119.693 9.45861e-05
125.58 9.91938e-05
125.733 0.000101266
126.81 9.88961e-05
124.068 0.00010025
124.515 8.89345e-05
127.297 9.47044e-05
124.956 9.58816e-05
117.862 9.52295e-05
126.624 0.000100103
123.126 9.2526e-05
122.818 9.78925e-05
126.532 9.18279e-05
125.749 9.87076e-05
128.439 9.79662e-05
127.217 9.53981e-05
126.832 9.31581e-05
126.544 0.000102333
124.913 4.59614e-05
126.694 9.83226e-05
122.767 6.80992e-05
117.489 9.48511e-05
125.434 0.00010646
123.965 0.000100523
117.955 9.01595e-05
122.679 9.07873e-05
125.913 8.80989e-05
121.94 9.58003e-05
122.089 9.52232e-05
125.586 4.63929e-06
127.6 9.75549e-05
128.173 9.74511e-05
125.242 4.37747e-05
124.821 9.45555e-05
127.552 9.55966e-05
128.332 2.42112e-07
125.696 8.67671e-05
120.032 9.98953e-05
126.322 9.72664e-05
123.208 9.68614e-05
120.338 9.78565e-05
126.811 9.65244e-05
123.385 0.000104439
124.619 9.74169e-05
125.577 0.00010021
121.344 9.64017e-05
121.44 0.000100785
117.591 9.46583e-05
126.079 9.51716e-05
126.881 9.6053e-05
123.521 9.36586e-05
127.278 0.000101109
124.755 9.91982e-05
125.317 0.000109916
126.731 0.000106985
125.565 9.04174e-05
124.64 9.57984e-05
127.771 1.51668e-05
124.682 7.60169e-05
124.53 0.000101246
126.944 0.000106481
123.701 8.21824e-05
124.029 0.00010198
120.987 0.000114221
124.03 0.000104969
124.687 0.000101159
126.24 8.88695e-05
123.801 0.000100438
126.804 6.42252e-05
125.389 8.80222e-05
125.649 0.000108854
121.296 0.000100059
122.371 0.000101487
123.177 9.88884e-05
121.875 9.82388e-05
129.583 0.000100024
128.821 9.82392e-05
131.316 8.04206e-05
119.629 9.46385e-05
126.782 0.000100902
127.124 0.000107845
124.172 0.000100979
126.06 9.38821e-05
121.869 0.000110874
125.277 0.000106208
126.607 9.24109e-05
124.034 0.000106706
124.227 0.000106677
123.875 9.91848e-05
127.611 9.61142e-05
125.335 0.00010734
123.567 2.88947e-06
126.535 9.58267e-05
122.805 9.91238e-05
124.261 7.3194e-05
124.667 0.000102428
125.385 9.54154e-05
