125.245 0.000235527
129.307 0.000250476
118.331 0.000231363
128.326 0.000247006
128.481 0.000235811
131.581 0.000237724
126.883 0.000265991
129.719 0.000267279
125.203 0.000239888
128.627 0.000254738
125.535 0.000251966
129.33 0.000235106
130.895 0.000241679
127.153 0.000241986
126.091 0.000264885
130.406 0.000249899
130.007 0.000230597
127.25 0.000254117
127.227 2.5359e-05
127.628 0.000267569
133.876 0.000230802
129.394 0.000267002
125.023 0.0002367
127.866 0.000239246
131.011 0.000246121
129.026 0.000233401
132.012 0.000248681
126.583 0.000231326
129.739 7.13818e-06
127.785 0.000239691
130.134 0.00017496
129.127 0.00023789
129.074 0.000219414
126.923 0.000266345
131.059 0.000261351
130.757 0.000203446
129.853 0.0002498
129.679 0.000250448
117.333 0.0002427
128.516 0.00016891
131.552 0.000239385
128.48 0.000242634
127.396 0.000253748
130.191 0.000232642
131.929 0.000232056
130.715 0.000252171
129.318 0.000238374
129.375 0.000236065
126.586 0.000239503
128.067 0.000216481
128.018 0.000233682
126.436 0.000237624
131.199 0.000253663
130.189 0.000232936
121.378 0.000261505
129.324 0.000261206
129.204 0.0002398
128.791 0.000240428
125.367 0.000180675
128.003 0.000253537
130.667 0.000243716
127.965 0.000230347
129.168 0.000237376
129.681 0.000263026
132.356 0.000237552
127.656 0.000239817
132.4 0.000228768
125.141 0.000227848
130.508 0.000231429
132.295 0.000240613
128.44 0.00022853
129.68 0.000234585
127.59 0.000237768
128.884 0.000235958
130.048 0.000244545
127.851 0.000240234
129.73 0.000267008
124.521 0.000250519
129.932 0.000238342
130.406 0.000238922
127.346 0.000250301
134.16 0.000233499
130.693 0.000266641
130.888 0.000260443
126.99 0.000269176
129.704 0.000242032
123.755 0.000237514
132.128 0.000232682
129.617 0.000243525
126.325 0.000265807
128.645 0.000238405
130.933 0.000239788
130.288 0.000229515
127.981 0.000234811
129.128 0.000266638
118.645 0.000254433
132.319 0.000233783
123.401 0.000234128
126.095 0.000240165
127.469 0.000242524
123.269 0.000231319
126.28 0.000258678
133.795 0.000111958
130.985 0.000266806
127.978 0.000196866
129.242 0.000236719
130.469 0.000236244
128.667 0.000157435
129.038 0.000269736
129.62 0.000239271
116.507 8.60391e-05
126.856 0.00013558
129.711 0.000230773
131.432 0.000231394
128.573 0.000238716
129.909 0.000181194
129.55 0.000267627
130.442 0.000264383
130.504 0.000233567
124.097 0.000232698
126.25 0.000233187
129.529 3.63445e-05
131.218 0.000245075
125.589 0.000231941
128.017 2.58786e-05
125.826 0.000257186
131.095 0.000269708
130.197 2.53153e-05
120.224 0.000267282
133.084 0.000136501
128.118 0.000262889
128.363 0.000235887
127.302 0.000270763
129.786 0.000248857
128.715 0.000241356
129.59 0.000208879
130.669 0.000230881
129.369 0.000233621
126.476 0.000231171
127.268 0.000221383
126.96 0.000246474
129.067 0.000232094
129.629 0.000263519
129.305 0.000234567
130.907 0.000266118
116.254 0.000134869
129.707 0.000265229
128.02 0.000234393
126.483 0.000221407
125.069 0.000255959
125.211 0.000271489
127.934 6.86602e-05
130.028 0.000148324
129.88 0.000257563
129.575 0.0002519
124.324 0.000111895
131.161 0.000243956
129.328 9.14134e-05
130.57 0.000248825
129.899 4.85345e-05
128.748 0.000240152
132.306 0.000249705
127.419 0.000242751
128.647 0.000237515
129.464 8.98991e-05
132.137 0.000267339
131.925 0.000202953
127.983 0.000231835
130.132 0.000238572
128.848 0.000236386
132.555 0.000273015
125.947 0.000257628
130.731 0.000232631
131.859 0.00023282
129.2 0.000240133
128.716 0.000234357
131.287 0.000234744
127.863 0.000238124
129.199 0.000214222
131.147 0.00024212
128.727 0.000265261
132.658 0.000243581
119.038 0.000236034
128.4 0.000221717
129.42 6.60574e-06
126.003 0.000261013
130.808 0.000236424
125.865 0.000233025
116.05 0.000268377
129.53 0.000245275
127.769 0.000243375
128.658 0.000240276
125.753 0.000265876
121.75 0.000216444
133.207 0.000272779
127.867 1.7117e-05
132.837 0.000242721
125.573 0.000230198
129.427 0.000223613
122.703 0.000236164
127.468 0.000232246
127.605 0.000266739
133.927 0.000233375
126.541 0.000251115
131.542 0.000240497
120.972 0.00024104
128.474 0.000233279
128.657 4.49149e-06
131.004 0.000245012
130.704 0.000238203
128.224 0.000235594
133.342 0.000261195
132.804 0.000265112
123.99 0.000234289
120.904 0.00024223
127.08 0.000236974
127.559 0.000242235
131.757 0.000236896
124.977 0.000234894
127.563 0.000269645
130.097 0.000242731
122.933 0.000269633
128.329 0.000190446
126.693 0.000245786
127.526 0.000242748
127.889 0.000254044
129.062 0.000238309
126.964 0.000252114
122.168 0.000223634
119.898 0.00023489
130.889 0.000264711
133.729 0.000239386
129.622 0.000231707
118.749 9.82651e-07
126.478 2.7278e-06
130.075 0.000185273
134.16 5.08975e-05
130.733 0.000251147
130.812 0.000233924
131.083 0.000232563
127.242 0.00026862
129.612 0.00015872
128.669 0.000226381
131.271 0.000233557
129.648 0.000235366
128.351 0.00023579
125.367 0.000267307
128.934 0.000265002
126.113 0.000234933
125.193 0.000249723
122.835 0.000238219
131.628 0.000231671
135.577 0.000244457
129.594 0.000242536
128.902 0.000246147
129.694 0.000234531
127.469 0.000236115
127.793 0.00023741
122.805 0.000273739
128.789 0.000238852
128.182 0.000160131
136.548 0.000135633
128.3 0.000226558
127.409 0.000227193
128.205 0.000215481
126.394 0.00023546
126.947 6.9105e-05
131.443 0.000237098
130.808 0.000235406
131.506 0.000240083
126.139 0.00025233
132.193 2.55188e-05
129.695 0.000260302
130.703 0.000241137
131.501 2.55966e-05
117.405 0.000243083
131.235 0.000244541
128.3 0.00027334
129.261 0.000241143
123.006 0.000244387
130.564 0.000232476
128.126 0.000260877
129.311 0.000110326
129.435 0.000269092
134.54 0.000235101
127.407 0.00024726
129.659 0.000252136
125.909 1.73191e-05
126.618 0.000229112
123.082 0.000259795
126.784 0.000238168
130.369 0.000245235
120.35 0.000239001
127.858 0.00020255
132.105 0.000270687
130.407 0.000226598
128.014 0.000161543
129.445 0.000236561
128.172 0.000256153
125.688 -0.00022944
129.648 0.00025244
130.964 0.000218795
129.291 0.000263127
123.544 0.000258281
130.373 0.000226879
128.712 0.000244521
125.489 0.000223669
131.622 0.000236166
121.243 0.000242655
128.558 0.000237825
127.501 0.000241065
125.818 0.000235013
126.113 0.000258267
124.518 0.000262848
131.253 0.000240525
127.585 0.000235
126.483 8.95563e-05
128.218 0.000258434
129.54 0.000231899
130.378 9.07794e-05
126.66 0.000198469
130.198 0.000246556
129.34 0.000261729
126.72 0.000255266
128.764 0.000232207
129.33 0.000235621
126.031 0.000240722
128.781 0.000248506
126.805 0.000239268
131.236 0.000234497
135.893 0.00024154
128.005 0.000262103
128.478 0.000239942
128.616 0.000245157
127.584 0.000229824
128.716 1.12819e-05
128.657 0.000233082
131.119 0.000230125
133.052 0.000234687
129.46 0.000241007
128.09 1.12862e-05
127.123 0.000242758
139.055 0.000249427
121.076 0.000180837
128.938 0.000239497
128.661 0.000236428
125.588 0.000139051
127.453 0.000265504
133.576 0.000231536
129.587 0.000235434
130.463 0.000220274
129.705 0.000230544
130.246 0.000236195
131.687 0.000242219
130.113 0.000266025
125.756 0.00023377
128.515 0.000233802
129.626 0.000245069
116.161 0.00023429
131.521 1.14795e-05
129.702 9.11979e-05
128.674 0.000202198
129.338 7.14098e-06
120.903 0.000235517
127.636 0.00026883
128.227 0.000111565
130.331 0.000233964
130.043 0.000241333
131.545 0.000266729
128.305 0.000254373
124.109 0.000111652
128.882 0.000258916
131.546 0.000245353
127.419 0.000235908
132.389 0.000205714
130.859 0.000265573
130.14 0.000241643
133.869 0.000217065
126.672 0.000232274
129.219 0.00026883
130.345 2.73485e-06
130.078 0.000231378
126.778 0.000269214
133.952 0.000231727
127.314 0.00023262
128.251 0.000244431
119.187 0.000239375
117.221 0.000263577
126.653 0.00025121
134.588 0.000243502
129.717 0.000218424
126.208 0.000159842
129.953 0.00026927
129.271 0.000268233
