118.246 0.00013882
125.026 5.13018e-05
125.319 0.000136527
128.202 0.000150012
127.544 3.91072e-05
167.645 0.000137314
147.696 0.000145401
122.842 6.09362e-05
121.488 0.000141328
124.933 0.000132928
124.558 0.00015109
125.107 0.000142426
127.274 0.00013473
122.592 0.000130457
124.29 0.000131343
123.268 0.000143649
165.556 0.000142235
145.276 0.000130572
123.659 0.000128114
118.592 0.000131274
123.496 0.000129247
127.584 0.000161201
123.026 0.000135963
129.045 0.000121691
121.414 0.000132424
126.542 0.000129622
126.474 0.000135417
125.577 0.000135214
130.469 0.000102551
130.529 0.000147436
128.205 0.000130755
124.473 0.000112356
120.41 0.00013355
123.303 0.000151539
125.267 0.000132082
125.474 0.000113896
164.464 2.83297e-05
124.974 0.00012837
116.514 2.91903e-05
