124.551 0.000624232
119.11 0.000621381
125.775 0.000705643
125.581 0.000665985
124.709 0.000243957
126.453 0.000660369
125.785 0.00063398
125.124 0.000708542
124.651 0.000601952
117.591 0.000657962
121.113 1.86973e-05
124.849 0.000666208
123.767 0.000733867
120.915 0.000623917
122.978 0.000678227
124.007 0.000644749
120.396 0.0006267
123.758 0.000706454
121.671 0.00018245
126.195 0.000625288
125.478 0.000630597
124.636 0.000657589
121.408 0.00070948
123.281 0.000631133
125.921 0.000693012
124.022 0.000712711
124.849 0.000671742
123.941 0.000642208
122.747 0.000658626
120.982 0.000633904
122.773 0.000621059
124.672 0.000632772
120.923 0.000638493
127.501 0.000713377
124.651 0.000714569
125.358 0.00063983
124.593 0.000699893
125.51 0.000617418
119.123 0.00074218
124.912 0.000662573
126.193 0.000543798
121.974 0.000697454
119.594 0.000615893
120.782 0.000626562
125.007 0.00070663
124.009 0.000620626
124.892 0.000653928
124.307 0.000645151
119.708 0.000640745
126.751 0.000677485
125.489 6.66174e-05
127.411 0.000721051
126.525 0.000670321
122.669 0.000183564
118.021 0.000691494
127.872 0.000646832
132.282 0.000705558
124.11 0.000704709
124.413 0.000636324
122.671 0.000659394
132.152 0.000635467
124.758 0.000674965
124.055 0.000718625
120.879 0.000633559
124.623 0.000704065
121.475 0.000619973
125.342 0.000645871
124.434 0.000642894
122.616 0.000623765
125.976 0.00061619
124.199 0.000644534
128.224 0.00071297
129.435 1.82587e-05
120.828 0.00062336
125.086 0.000676902
123.584 0.000617555
124.86 0.00053569
126.506 0.000696205
123.566 0.000631825
124.999 0.000135054
123.403 0.00064962
124.092 0.00071027
123.926 0.000673082
125.001 0.000623187
125.901 0.000632083
125.114 1.87524e-05
124.387 0.000627827
122.567 0.000647364
125.405 0.000616395
123.706 0.000655494
122.586 0.000623025
127.6 0.000647901
125.478 0.000717414
124.158 0.000681951
117.281 0.000633108
125.506 0.000615246
127.374 4.21156e-05
125.767 0.000627984
124.657 0.000658579
122.486 0.000596335
127.417 1.90748e-05
122.578 0.00043696
125.438 0.000709541
124.247 0.00062891
134.104 0.000633551
121.431 0.00061661
117.112 0.000632445
125.905 0.000627445
125.481 0.000618665
117.813 0.000658938
126.461 0.000634955
125.914 0.000721672
125.282 0.000709862
125.172 0.000629204
124.668 0.000531073
123.577 0.000365086
123.631 0.000655659
124.927 0.000724459
125.614 0.000619529
128.014 0.000617703
120.494 0.000428052
125.845 0.000707753
123.108 0.000625885
125.108 0.000647098
125.213 0.000627552
123.915 0.000654825
115.895 0.000659259
122.082 0.000620484
124.483 0.000618532
124.783 4.34176e-06
122.349 0.000663095
121.301 0.000612013
122.202 0.000630897
124.002 0.000613567
124.911 0.000618112
125.534 0.000616446
122.595 0.00071697
126.652 0.000647353
123.559 0.000648078
125.341 0.000618935
126.507 0.000483058
123.773 0.000713817
125.276 0.000620154
126.451 0.000572095
123.962 0.000668011
125.216 0.000637939
118.993 0.000631399
123.95 0.000680461
123.226 0.000709613
123.156 0.000674723
126.209 0.000663787
123.388 0.000605265
122.929 0.000710482
120.661 0.0004244
126.464 0.000644343
125.534 0.000695051
127.197 0.000657301
125.228 0.00061759
124.254 0.000613203
124.664 0.000629208
120.202 0.000580428
125.28 0.000673803
124.229 0.000627821
124.258 0.000656462
124.558 0.000641656
127.466 0.000695591
120.943 0.000535178
125.711 0.000560368
127.7 0.00069479
126.353 0.000635002
125.007 0.000617441
123.257 0.000468447
124.635 0.000679724
121.929 0.000624589
124.874 0.000611255
118.506 0.000242724
125.578 0.000695189
126.644 0.000624715
125.948 0.00063144
124.26 0.000535134
120.423 0.000608303
118.392 0.000611902
117.406 0.000644766
123.141 0.0006393
124.735 0.000690569
123.635 0.000694528
123.912 0.000633074
124.396 0.000704269
122.944 0.000670871
125.27 0.000626602
129.476 0.000621471
125.286 0.000713308
125.771 0.000648904
122.349 0.000422402
122.538 0.000671435
124.339 0.000640461
123.508 0.000691452
125.173 0.000629844
127.239 0.000650852
127.348 0.000676212
121.163 0.000428796
123.873 0.000628337
120.657 0.00063103
123.651 0.000634871
122.871 0.00064227
125.131 0.000628792
125.789 0.000653361
125.61 0.00068006
125.46 0.000643567
126.119 0.000682333
121.621 0.000626055
125.645 0.000709987
126.236 0.000622951
125.288 0.000699883
123.603 0.000642233
120.035 0.000677704
119.662 0.000703525
124.492 0.000617641
123.064 0.000628853
127.758 0.000713069
122.444 0.00062909
120.882 0.00064097
121.765 9.68537e-05
122.835 0.000621757
120.907 0.000617355
126.111 4.56182e-05
122.447 0.000625578
119.861 0.000623935
125.407 0.000644932
124.661 0.000620287
121.622 0.000677734
125.249 0.000614892
131.691 0.000616627
124.443 0.00064527
124.938 0.000626739
118.477 0.000698414
127.942 0.000681588
122.493 0.000649629
122.416 0.000580612
124.602 0.000615597
125.919 0.00061952
125.855 0.00066908
124.444 0.000626328
124.657 0.000643771
130.85 0.000633079
123.828 0.000620706
125.35 0.000641129
128.779 0.000618775
126.796 0.000615204
121.85 0.000419782
120.513 0.000646923
123.108 0.000361704
126.584 0.000633603
124.658 0.000652241
129.284 0.000643873
121.057 4.5682e-05
126.54 0.000689998
128.95 0.000655902
122.833 0.000676154
125.674 0.000620434
123.342 0.000627528
122.64 0.000620735
119.222 0.000638198
125.103 0.000301094
123.757 0.000617485
124.461 0.000623701
119.984 0.000704016
119.79 0.000635984
124.458 0.000636552
125.496 0.000692191
125.101 0.000689193
123.319 0.000675944
123.942 0.000673866
125.603 0.000614516
124.953 0.000671585
122.632 0.000631909
125.458 0.000616573
124.995 0.00068243
116.774 0.000617015
124.388 0.000182269
123.79 0.000681677
123.162 0.000622856
121.06 0.000691348
125.964 0.000626931
127.051 0.00061969
125.03 0.000674081
122.816 0.000642258
118.618 0.000653041
125.872 0.000635201
126.17 0.000629928
125.641 0.000602664
124.853 0.000712351
123.37 0.000677678
122.762 0.000625726
124.904 6.738e-05
120.787 0.00069889
118.6 0.000706438
124.353 0.000612314
124.442 0.000646187
123.197 0.000703775
122.028 0.000532453
125.206 0.000626265
123.373 0.000707345
126.17 0.000627787
124.046 0.000612753
127.636 0.000647793
125.842 0.000622561
122.006 0.000622245
122.422 0.000640354
122.25 0.000646524
121.642 0.000519505
124.688 0.000707395
123.761 0.000630279
125.025 0.000644312
127.295 0.000647121
123.837 0.000648506
121.859 0.000710279
128.341 0.000660878
125.144 4.56601e-05
127.131 0.000626251
122.763 1.21021e-05
121.162 0.000738761
123.426 0.000613087
124.207 0.000618008
122.846 0.000607107
124.235 0.000654367
122.042 0.000652314
126.089 0.000620007
126.199 0.000670936
126.405 0.000629337
125.984 0.00068573
122.181 0.000711711
123.589 0.000622035
119.032 0.000675883
125.989 0.000626386
118.498 0.00062008
119.24 0.000675724
127.831 0.000623601
124.046 0.000625875
123.455 0.000644589
123.704 0.000620227
128.43 0.000671411
124.712 0.000622524
117.907 0.000628058
125.547 0.000641489
123.352 0.000642684
125.521 0.000630895
126.46 0.000679812
123.888 0.00062574
124.43 0.000627572
122.125 0.000711126
120.369 0.000705942
125.714 0.000617311
120.97 0.000711103
125.425 0.000489376
125.688 0.000623335
127.817 0.000696133
127.412 0.000631413
118.173 0.00069662
124.779 0.000626272
122.833 0.000292996
122.108 0.000136213
125.544 0.00062869
124.195 0.000663781
126.013 0.000625472
124.689 0.000622949
124.75 0.000539563
125.453 0.000632703
124.164 5.72472e-07
125.432 0.000647892
118.994 0.000696634
120.538 0.000649261
124.021 0.000621065
122.356 0.000619796
128.138 0.000710393
127.859 0.000572135
127.266 0.000637519
115.551 0.000620951
123.828 0.000618217
119.806 0.000639342
122.322 0.000628361
122.109 0.000714368
124.543 0.000628342
123.803 0.00064995
122.592 0.000645115
118.26 0.000643965
125.866 0.000624543
123.383 0.000617683
124.083 0.000652868
123.163 0.000653895
125.175 0.000625459
123.263 0.000711631
125.93 0.000571481
127.646 0.000697815
121.864 0.000619732
123.291 0.000639784
121.533 0.000623841
125.981 0.000623293
124.859 0.00062439
127.037 0.000677757
126.823 0.000611849
125.115 0.000566064
126.329 0.000641417
124.735 0.000702646
126.981 0.000614002
124.59 0.000706844
127.654 0.000642611
124.362 0.000655406
123.012 0.000703468
125.609 0.000584645
118.649 0.000652631
121.777 0.000644261
121.635 0.000677497
124.459 0.000626482
126.369 0.000620162
121.623 0.000642556
122.164 0.000715032
122.442 0.000630871
123.596 0.000644488
124.339 0.00063316
124.985 0.000716544
125.574 0.00063433
123.592 0.000615404
124.533 0.000705789
128.854 0.000622663
128.18 0.000713806
123.184 0.000535033
123.785 0.000615932
124.184 0.000635535
123.059 0.000653177
123.705 0.000645428
126.102 0.000709519
125.803 0.000662514
124.796 0.000620581
122.06 0.000640878
123.699 0.000716411
122.415 0.00061983
118.659 0.000682647
124.281 0.000618118
122.113 0.000628272
119.145 0.00063114
124.735 0.00067794
127.008 0.000649149
125.452 0.000637263
126.593 0.000609487
125.838 0.000653251
126.909 0.000640629
122.218 0.000626481
123.731 0.000616902
125.936 0.000294481
128.88 0.000637214
124.219 0.000646536
123.951 0.000630906
121.795 0.000708798
125.691 0.000664655
