121.05 0.000197107
119.88 0.000240725
120.165 0.000213186
122.555 0.000221094
121.525 0.000184558
132.82 0.000226837
123.218 0.000216499
119.399 0.000226366
120.644 0.00024832
115.411 4.32168e-05
152.419 0.000240123
121.236 0.000211807
119.376 0.00022344
119.445 0.000233187
118.99 0.000219118
117.589 0.000224698
120.848 0.000198966
120.075 0.000245946
122.302 0.000210305
117.016 0.000214723
119.826 0.000247555
116.911 0.000218767
120.309 0.000215654
115.217 0.000241049
118.901 0.000216639
140.659 0.00024604
116.542 0.000226318
117.452 0.000226713
120.218 0.000217506
118.815 -0.000228277
144.726 0.00022403
122.768 6.48961e-06
120.453 0.000218625
120.879 0.000216399
118.941 0.000214148
162.522 0.000216043
121.915 0.000193074
118.986 0.000211721
118.44 0.00021569
119.117 0.000210703
120.013 0.0002154
118.043 0.000222821
117.607 0.00021264
116.868 0.000246277
119.05 0.000213368
120.395 0.000208476
119.878 0.000210876
119.068 0.000219451
122.54 0.000218799
117.593 0.000215322
116.375 0.000244583
121.912 0.000216226
121.676 0.000216237
122.253 0.000218619
118.486 0.00021029
117.812 0.00022904
120.003 0.000169333
118.272 0.000260413
125.663 0.0002191
120.198 0.000245818
121.613 0.00021678
117.525 0.000227668
120.5 0.000235106
119.144 0.000248881
129.311 0.000221914
116.395 0.000220703
-nan 0
119.283 0.000215413
118.091 0.000211956
118.468 0.000250865
119.464 0.000250363
115.196 0.000148425
117.96 0.000215519
121.115 0.000214001
121.235 0.000227608
125.184 0.000243114
120.641 0.000224919
119.63 0.000216425
117.335 0.000232806
121.323 4.71233e-05
116.169 0.000217393
119.56 0.000259386
121.563 0.000166769
118.43 0.000251275
116.687 0.000215165
122.131 0.000224757
117.916 0.000227922
117.481 0.000210674
118.636 0.000221608
152.201 0.000233616
120.997 0.000125468
122.713 0.000212132
116.452 0.0002137
119.638 0.000225742
119.845 0.000214203
116.617 0.000250729
121.131 0.000228361
120.05 0.000230253
120.269 0.000247091
120.534 0.000219813
121.577 0.000224636
123.808 0.000239721
120.263 0.000231212
119.131 0.000125481
122.027 2.3428e-05
121.356 0.000208915
117.897 0.000213114
120.155 0.000215985
115.086 0.000217051
149.033 0.000228917
117.948 6.4346e-05
118.92 0.000195465
116.673 0.000217995
123.249 0.000215894
121.004 0.000223781
119.466 0.000212864
121.41 0.000210952
120.61 0.000225854
129.786 0.000207604
115.898 1.60157e-05
122.621 0.00023108
118.03 6.43297e-05
118.471 0.000214888
117.621 0.000229151
120.401 0.000215381
119.623 0.000248052
121.393 0.000229019
155.782 3.38479e-05
120.698 0.000222662
117.46 0.000245884
118.213 0.000231281
120.485 0.000221644
122.091 0.000231059
131.425 0.000250346
116.867 0.000222046
116.617 0.000214661
119.752 0.000222421
117.457 0.000216003
120.382 0.000218767
122.424 0.000236931
118.976 0.000216181
119.934 0.000216272
119.284 0.000147172
142.6 0.000211736
119.933 0.000216436
123.665 -0.000221305
121.236 0.0002132
120.926 0.00025982
126.352 0.000206222
132.433 0.00021733
148.804 0.000222276
117.814 0.000191142
123.577 0.000207173
118.738 0.000219926
118.919 0.00024734
119.832 0.000215603
119.436 0.000221689
121.491 0.000208234
120.106 0.000219373
115.449 0.000249137
120.212 0.000224287
122.425 0.000213118
117.019 0.000246017
120.195 0.00023116
139.487 0.000196935
117.223 0.000250517
119.774 0.000232704
117.134 0.000213711
120.639 0.000225106
119.184 0.000219728
119.358 1.59942e-05
117.324 0.000224224
122.074 0.000211654
118.521 0.00023226
142.197 0.000217133
168.415 0.000222729
117.146 0.000227795
120.759 6.3823e-05
117.029 0.000217826
119.007 0.000216973
115.973 0.000201109
121.376 0.00022385
119.984 0.00023636
121.091 0.000216776
116.49 0.000185241
124.043 0.000204685
116.064 0.000249181
122.569 0.000215546
120.433 0.000175
119.15 0.000226548
124.257 0.000224791
118.807 0.000222529
-nan 0
120.309 0.000242214
118.253 0.000229014
119.22 0.000239686
120.996 0.000213332
116.808 1.49682e-07
115.649 0.000220842
123.673 0.000231493
116.829 0.000234791
120.636 0.000219957
122.069 0.000221679
161.125 0.000245581
142.469 0.000246096
145.189 0.000215147
120.395 0.000228418
118.799 0.000233698
119.488 0.000218219
116.616 0.000213662
121.763 0.000224837
123.302 0.000217028
119.389 0.000221355
118.386 0.00021482
119.146 0.000249393
116.879 0.000221984
116.628 0.000218647
122.285 0.000233954
117.647 -0.000221834
119.764 1.0438e-05
115.462 0.000216899
119.669 0.000219447
119.418 0.000216709
118.19 0.000219651
117.396 0.000225691
119.243 0.000224992
139.522 0.000222607
122.107 0.000226202
123.165 0.000220021
120.621 0.000254872
141.31 0.000221172
118.196 0.000234299
119.936 0.000221609
120.892 0.00022851
121.361 0.000162545
115.018 0.000222812
124.277 0.000213899
117.09 0.000250205
134.703 0.000226014
116.801 0.000222525
124.115 0.000248883
119.353 0.000215285
146.872 0.000181571
118.575 0.000219809
115.244 0.000224624
129.831 0.000223222
135.042 0.000199506
166.445 6.44698e-05
118.18 0.000229501
