121.514 0.000677055
120.591 0.000361022
124.801 0.000716973
124.053 0.000697099
123.653 0.000682619
128.526 0.000680991
122.844 0.000667597
124.944 0.000646048
124.929 0.000609914
125.678 0.00063066
121.636 0.000682615
125.55 0.000652601
123.637 0.000200619
126.151 0.000659521
124.25 0.000676338
123.572 0.000634825
123.557 0.000620523
125.973 0.000666013
126.192 3.07416e-05
126.163 0.000676587
126.71 0.000297129
126.675 0.000358471
124.388 0.000667564
124.505 0.000655831
127.551 0.000627654
125.573 0.000643966
121.759 0.000607713
124.325 0.000638621
127.42 0.000535297
124.729 0.000623797
124.136 0.000644658
122.903 0.000678022
119.77 0.000721342
124.695 0.000692001
124.722 0.000624537
124.23 0.000639345
125.449 0.000618838
122.329 0.000644569
122.6 0.000757526
123.238 0.00064021
123.648 0.000626153
116.06 0.000735239
120.823 0.000680766
118.468 0.000624839
124.28 0.000378349
122.416 0.000428175
119.668 0.000610829
121.257 0.000711585
121.418 0.000755382
124.301 0.000653517
124.746 1.92414e-05
123.703 0.000591261
122.639 0.000724248
124.748 0.000695847
123.813 0.00062972
123.925 0.000632285
127.009 0.000572098
124.905 0.000569817
125.128 0.000689681
122.932 0.000666404
124.508 0.000637386
129.625 0.000652127
123.017 0.000628077
122.099 0.000527255
123.497 0.000680549
123.125 0.000681031
122.003 0.000661143
127.481 0.000644441
123.874 0.000630599
124.635 0.00064524
126.208 3.01309e-05
120.693 0.000646432
124.877 0.000642592
126.571 0.000642153
123.652 0.000650111
128.922 0.000741663
125.788 0.000671082
120.038 0.0006474
123.399 0.000709094
124.337 0.000646077
126.832 0.000546552
124.292 0.000609664
123.415 0.000640429
123.021 0.000621815
127.462 0.000615437
126.805 0.000619705
126.046 0.000630391
124.477 0.000641307
122.816 0.000657404
127.32 6.71439e-05
122.938 0.000622517
124.493 0.00062494
121.48 0.000588396
123.994 0.000630013
123.527 0.000421412
124.833 0.000631977
119.826 0.000583512
120.34 0.000657759
131.67 3.05089e-05
125.204 4.32964e-06
127.432 0.000639639
126.352 0.000646542
124.614 0.000299496
123.795 0.000642392
124.865 0.000241096
126.675 0.000619396
124.69 9.7189e-05
126.15 0.000642197
121.995 0.000630348
123.807 0.000684249
123.865 4.56168e-05
121.882 0.000661999
123.605 0.00058582
123.255 0.000354402
119.022 0.000622305
123.408 0.000740537
126.853 0.000661651
126.348 0.000657049
119.594 0.000613307
125.917 0.000624518
122.433 0.000649011
122.294 0.000609709
125.851 0.000624854
125.851 0.000650273
122.209 0.000624222
121.817 0.000593762
124.426 0.000192403
121.561 0.000134607
125.458 0.000715695
124.977 0.000299407
123.186 0.000706675
124.885 0.000666532
126.929 0.000707999
123.442 0.000663602
119.317 0.000675743
124.454 0.000639512
125.346 0.000622217
123.309 0.00061911
124.504 0.000631613
124.188 0.000638994
124.272 0.000696761
125.189 0.000621518
124.07 0.000699021
126.451 0.000584824
124.676 0.000678124
128.825 0.000607683
124.966 0.000715631
123.133 6.41021e-05
123.935 0.000675201
125.94 0.000723553
125.952 0.000606268
124.47 0.000634455
123.168 0.000652385
124.91 0.00072476
127.721 0.000660642
120.214 0.000584041
124.205 0.000651507
129.783 0.000669372
124.128 0.000668364
124.558 0.000486247
118.358 0.000631338
123.436 0.000645869
126.513 0.000608595
127.694 0.000627598
125.398 0.000694191
122.578 0.000653407
121.655 0.000669486
121.359 0.000416912
122 0.00066967
121.37 0.000636901
120.256 0.000605848
125.257 0.000652564
125.685 0.000636957
123.865 0.00064717
124.434 0.000639759
124.503 0.000307893
127.369 0.000359904
122.084 0.00067853
124.803 0.000688592
124.609 0.000623064
121.972 0.000654902
116.323 9.77497e-05
128.425 0.000643628
122.801 0.000665643
124.358 4.55733e-05
128.597 5.44852e-07
122.702 0.00061474
125.079 0.000634831
122.774 0.000707678
118.501 0.000717665
120.488 0.000639158
125.663 0.00063518
126.121 0.000721669
125.887 6.72325e-05
123.797 0.000645819
124.047 0.000625573
123.166 0.000704065
123.997 0.000713799
127.323 0.000740391
124.852 0.000613792
117.41 0.000632577
121.794 0.000613286
124.11 0.000636427
122.906 0.000525336
123.706 0.000628822
125.041 0.000616658
128.316 0.000744696
123.419 0.000613781
117.052 0.000707779
124.53 0.000619696
115.769 0.00061726
128.672 0.000606249
124.094 0.000660622
122.644 0.000491278
123.811 0.000711989
126.472 0.000639531
125.129 0.000707402
125.262 0.000625835
116.361 0.000626369
122.409 0.000622309
124.774 0.000647651
124.71 0.000722819
124.084 0.000650517
121.221 0.000622191
126.906 0.000694453
122.971 1.88499e-05
127.849 0.000716307
121.022 0.000653651
115.113 0.000714251
124.472 0.000614196
128.432 0.000642373
124.974 0.000618196
123.18 0.000275406
125.416 0.000679877
122.354 0.000722989
125.829 0.000653817
122.917 0.000620311
126.998 0.000646484
123.945 0.000619299
130.109 0.000640163
125.157 0.000613987
123.374 0.000642757
121.295 0.00068799
121.909 0.000678629
123.341 0.000621905
124.165 0.000668835
124.338 0.000619915
121.337 0.00028887
125.415 0.000675343
120.053 0.000681213
122.118 0.000122324
125.23 0.000595283
123.087 0.000360659
124.747 0.000648191
123.912 0.000611544
131.196 0.000621852
119.678 0.000651614
127.135 0.000620685
123.856 0.0007123
125.957 0.00030001
126.061 0.000679408
123.785 0.000645632
124.468 4.35709e-06
126.038 0.000628815
125.311 0.000631934
124.399 0.000624345
120.672 0.000436207
128.942 0.000730625
125.326 0.000640157
122.505 0.000714571
122.35 0.000626327
123.971 0.00066096
124.708 0.000653947
122.198 0.000600199
121.792 0.000614691
123.019 0.000631262
123.33 0.0006557
123.691 0.000635591
125.726 0.000620091
120.402 0.000635878
123.215 0.000622007
122.126 0.000674506
125.775 0.000663229
123.157 0.000645171
121.218 0.000709821
125.393 0.000631144
131.236 0.000665042
122.187 0.000616514
138.13 0.000659075
122.962 0.000694318
121.427 0.000697549
125.518 0.000652711
126.51 0.000625902
120.056 0.000624024
123.639 0.000681432
125.844 0.000711451
128.989 0.000657552
122.748 0.000602564
122.91 0.000540615
125.783 0.000633262
124.07 0.00065385
125.127 0.000667831
123.217 0.000713753
127.706 0.000295525
127.749 0.000611404
122.891 0.000628687
123.157 0.000586537
124.247 1.91203e-05
126.7 0.000653358
117.735 0.000129023
121.338 0.000596306
123.672 0.000623892
128.347 0.000619012
125.616 0.000697732
122.618 0.000642449
124.979 0.000615915
121.857 0.000624759
123.851 0.000629472
125.881 0.000711314
124.97 0.000642438
123.291 0.000650106
125.443 0.000627144
119.202 0.000638582
127.194 0.000632613
124.404 0.000620962
133.964 0.000614451
123.932 0.000611652
124.147 0.00061545
122.594 0.000704598
125.594 0.000655714
119.963 6.68634e-05
121.657 0.000613511
122.97 0.000718727
124.401 0.000689486
126.681 0.000618671
123.915 0.000646028
123.888 0.000627263
124.065 0.000620449
122.358 2.6224e-06
125.053 0.000679024
123.564 0.000624174
127.871 0.0005876
124.498 0.000720421
119.788 0.000622975
118.556 0.000707348
121.496 0.000631148
116.937 0.000596191
123.594 0.000635618
126.059 0.000683136
122.664 0.000658492
123.544 0.000705772
118.127 0.000622196
127.259 0.00061425
124.633 0.000724827
128.811 6.61089e-05
127.423 0.000669504
125.384 0.00061932
124.511 0.000637896
120.673 0.000617547
125.12 0.000618244
123.201 0.000670436
123.83 0.000629902
125.975 0.000646157
124.955 0.000618477
126.262 0.000698375
125.46 0.000377214
126.257 0.000713377
123.729 0.000691927
127.301 0.000710891
123.121 0.000725854
126.07 0.000711444
124.133 0.000656202
122.835 0.000617236
124.565 0.000629936
126.69 0.000632382
125.967 0.000579135
122.35 0.000697978
127.005 0.000306744
125.769 0.000672795
128.445 0.000645633
126.946 0.00065339
126.526 0.000629528
126.581 0.000737159
127.516 0.000608608
121.343 0.000620287
124.36 0.000622198
126.086 0.00064348
125.416 0.000643737
124.272 1.17515e-05
122.422 0.000628538
123.898 0.000468906
125.691 0.000638241
123.742 0.000396832
121.917 0.000655032
121.831 0.000624058
123.024 0.000614673
124.671 0.000615443
127.294 0.000626274
124.386 1.89531e-05
122.732 0.000614877
123.37 0.000651223
124.663 0.0006762
124.702 0.000621159
117.606 0.00065871
123.144 9.67956e-05
124.298 0.000585456
128.346 0.000627234
123.829 0.000649683
124.424 0.000624522
122.081 0.00065368
126.474 0.000644995
124.872 0.000614356
120.415 0.000633826
126.379 0.000184411
122.21 0.000643925
123.837 0.000620976
123.422 0.000590068
127.33 0.00064642
119.054 0.000516258
121.397 0.000630871
124.723 0.000618476
125.184 0.000637242
127.473 0.000604727
121.746 0.000646876
125.982 0.000635136
125.937 0.000626897
120.979 0.000635609
124.584 9.87233e-05
123.065 0.000620753
127.399 0.000627183
124.336 0.000619062
124.695 0.000611507
126.614 0.000628825
123.567 0.000693969
120.198 0.000625993
123.366 1.19443e-05
119.103 1.16724e-05
123.243 0.000616181
125.887 0.000648694
117.151 0.000615657
126.579 0.000641349
122.556 0.000621603
122.755 0.000675377
124.268 0.000604161
123.47 0.000660416
124.367 0.000622158
132.29 0.000739779
125.815 0.000656614
126.175 1.90889e-05
123.44 0.000643398
123.528 0.000542673
117.781 0.000610522
123.509 0.000565227
123.119 0.000579099
129.109 0.000534916
118.992 0.000618165
121.391 0.000716718
127.94 0.00061518
122.926 0.000582195
126.03 0.000712231
125.12 0.000644083
133.613 0.000555457
128.189 0.000682411
125.663 0.000621359
124.023 0.000665767
124.257 0.00060772
125.516 0.00058752
124.331 0.000651923
127.472 0.000623079
115.206 0.000130778
123.134 0.000687431
124.187 0.000580989
124.73 0.000638551
124.827 0.000651562
126.138 0.000710666
120.334 0.000589994
125.513 0.000609349
125.262 0.000641951
122.793 0.00064243
122.29 0.000640023
131.76 0.000685032
126.179 0.000656956
125.531 0.000608719
124.646 0.000641853
124.301 0.000581563
123.512 0.000737667
121.305 0.000659794
124.147 0.000620041
122.914 9.59383e-05
126.098 0.000661189
123.614 0.00069634
122.594 0.000617501
123.235 0.000631107
123.559 0.000642765
120.55 0.000623528
125.197 0.000616884
126.731 0.000659176
125.844 0.000580914
122.848 0.000677058
125.983 0.000674836
117.201 0.000649749
125.636 0.000648336
124.614 0.000659322
127.271 0.00062858
125.533 0.000703631
118.06 0.000353002
124.124 0.000485517
131.623 0.000632104
126.994 0.000616543
122.49 0.000659114
123.273 0.000665806
122.024 0.000574658
128.551 0.000691392
129.504 0.000620821
118.675 0.000637768
124.012 0.000639146
125.732 6.71098e-05
126.433 0.000632109
126.465 0.000651031
124.921 0.000580187
123.704 0.000633672
128.578 0.000699314
123.301 0.00063075
123.562 0.000719414
122.381 0.000630303
124.887 0.000628872
126.855 0.000673797
126.951 0.000631883
127.317 0.00064357
124.002 0.000644711
121.386 0.000645147
121.721 0.0006479
125.537 0.000676583
115.215 0.000696693
116.858 0.000670493
127.326 0.000627566
122.82 0.000639262
121.066 0.000624074
122.859 0.000648782
120.89 0.000245398
125.247 0.000619125
124.747 0.000677169
123.688 0.000655131
125.13 0.000371071
117.014 0.000298854
126.049 0.000712316
122.402 0.000625987
122.263 0.000623423
127.359 0.000681263
123.883 0.000636917
124.75 0.000675142
121.435 0.000623777
120.232 0.000639194
120.875 0.000630767
120.428 0.000628351
123.227 0.000621265
123.828 0.000644266
123.478 0.000653053
122.221 0.000621715
127.589 0.000643987
126.178 0.000651435
128.24 0.000641733
127.618 0.000628924
124.56 0.000717065
124.705 0.000630626
126.347 0.000587333
123.729 0.00062055
124.016 0.000641219
126.079 0.000652913
122.466 0.000620631
125.366 0.000624645
126.986 0.000625622
122.376 0.000508664
116.914 0.000600585
119.758 0.000629193
123.094 0.000627592
124.327 0.000643362
123.878 0.000650729
124.659 0.000620566
126.088 0.000632256
115.688 0.00063172
122.437 0.000665191
118.413 0.000708786
127.943 0.000631396
120.662 0.000665212
124.913 0.000629286
120.833 0.000739207
124.004 0.000623994
123.086 0.000544519
123.923 1.19176e-05
126.319 0.000628222
121.889 0.000667973
122.882 0.00073661
123.706 0.000706577
120.073 9.65228e-05
128.609 8.70145e-07
125.931 0.000618998
120.579 0.000640045
124.874 0.000610721
115.499 0.000682059
128.295 0.000136586
123.548 0.000632715
123.535 0.000724074
122.872 0.000527648
123.592 4.59909e-05
119.939 0.000639241
122.634 0.000418656
123.267 0.000642859
127.518 0.00030349
119.953 2.58127e-06
126.396 0.000700259
125.522 1.87674e-05
123.678 0.0006484
125.489 0.000645385
127.548 4.58234e-05
125.25 0.000631454
126.652 0.000668962
125.432 0.000702604
122.202 0.00066809
124.609 0.000711493
125.593 0.000658677
127.973 0.000638995
123.469 0.000661527
124.156 0.000633221
124.131 0.000621824
121.068 0.000632494
124.682 0.000565361
125.143 0.000618186
126.197 0.000708733
116.797 0.000595165
121.812 0.000478701
125.382 0.000597192
124.644 0.000427299
122.342 0.000678527
124.683 0.000423902
124.444 0.000700997
125.288 0.000690383
125.011 0.000612486
124.973 0.000725218
122.501 0.000633371
124.435 0.000618994
126.632 0.000646739
127.681 0.000623741
128.245 0.000627134
122.043 0.000647855
126.133 0.000619255
124.78 0.000720487
126.132 0.000632467
124.138 0.000577904
122.739 0.000639093
122.223 4.54122e-05
124.51 0.000627394
122.201 0.000670236
124.459 0.000649798
125.068 0.000647062
118.011 0.000669556
123.811 0.000714907
129.841 0.000625794
125.537 0.000701778
122 6.78317e-05
123.221 0.000778917
122.651 0.000627169
126.263 0.000649315
126.09 0.00062476
126.274 0.000704639
127.772 4.44447e-06
121.195 0.000618452
123.336 0.000426972
123.311 0.000707902
122.951 0.000624512
125.974 0.000626705
127.843 0.000665281
124.371 0.000642328
121.697 4.59724e-05
122.314 0.000698589
126.656 0.000622174
125.599 0.000670625
128.62 0.000693957
125.777 0.000723994
120.68 0.000586398
124.781 0.000722582
126 0.000665896
116.164 0.000626477
124.494 0.000651666
125.791 0.000627872
123.059 0.000133161
123.743 0.000587252
121.015 0.000132962
125.916 0.000615656
123.78 0.000624802
131.876 0.000561371
123.13 2.80012e-05
125.629 0.000676075
118.432 0.000613578
122.416 0.000472131
131.145 0.000683849
131.22 0.000651612
122.476 0.000594383
116.632 0.00055673
125.685 3.05655e-05
122.406 0.000653474
127.031 0.00058807
119.263 0.000361769
125.8 0.000639043
123.448 0.000636903
126.853 0.000640555
123.532 0.000703422
123.043 0.000621085
121.737 0.000658529
122.101 0.000582502
117.284 4.7636e-05
127.009 3.10162e-05
118.621 0.000718796
123.575 0.000442743
122.49 0.000657196
125.261 0.000657407
123.392 0.000132583
127.572 0.000712743
122.777 0.000643059
125.311 0.000606756
127.952 0.000590466
118.048 0.000643179
121.786 0.000656326
119.202 0.000732391
128.554 0.000483661
126.99 0.000651279
126.259 0.000644216
128.418 0.000612617
123.367 0.000663838
123.388 0.000684994
123.23 0.000622198
117.22 0.000567883
124.782 0.000620137
123.048 0.000616032
123.446 0.000625179
124.076 0.00064163
124.62 0.000700996
122.605 0.000622815
120 0.000644973
126.044 0.000644529
122.504 0.000635532
124.473 6.61316e-05
116.736 0.000654478
119.999 0.000701782
124.782 0.000635109
124.779 0.000645834
125.853 0.000706003
123.496 0.000628285
123.223 0.000657181
120.682 4.74375e-05
126.866 0.000643813
124.188 0.000692571
123.402 4.48423e-06
123.294 0.000639306
126.237 0.000646177
123.666 0.00062436
126.379 0.00066941
122.152 0.000622504
121.989 9.8052e-05
122.306 0.000609319
121.941 0.000614834
125.139 0.000653601
124.871 0.000746353
120.865 0.00061247
125.492 0.00061924
126.853 0.000628705
119.79 0.000688812
124.699 0.000620421
125.145 0.000623966
119.933 0.000620055
122.438 0.000629759
125.641 0.000709869
123.298 0.000538115
126.346 0.000620322
120.494 0.000694636
126.734 0.000640664
124.713 0.000656475
121.732 9.77335e-05
125.311 0.000540322
126.549 0.000623272
120.353 0.000420582
129.462 0.000635498
123.023 0.000477343
123.644 0.00065742
125.54 0.000622886
120.291 0.000732708
130.567 0.000671694
122.782 0.000575203
125.609 0.000135625
120.94 0.000713348
125.77 9.02139e-05
126.878 0.00052668
116.499 0.000677984
123.46 0.000669002
124.448 0.000678767
124.547 0.000538799
123.969 0.000241251
125.331 0.000631104
126.219 0.000375812
121.504 0.000598834
123.191 0.000533008
126.122 0.000360066
123.328 6.73406e-05
126.227 0.000752409
122.489 0.000660251
125.55 0.000620049
124.788 0.000741238
121.052 0.000566064
124.38 0.000679243
124.201 0.000627169
125.709 0.000602593
119.939 0.000610294
124.638 0.000623404
124.812 0.000658146
126.677 0.00071598
121.775 0.000628047
120.83 0.000694384
121.076 0.000629078
124.929 0.000606625
124.35 0.000421946
123.104 0.000728007
132.978 0.000649861
125.157 0.000708995
123.744 0.000670582
124.335 0.00061298
124.722 0.000673241
124.69 0.000659189
122.427 0.000720511
125.162 0.000630947
125.587 0.000713136
124.233 0.000617306
126.571 0.00061881
115.285 0.000487537
122.794 0.000711199
126.704 0.000182839
126.599 0.000652248
128.015 0.000705465
121.597 0.00023829
123.983 0.000694766
115.357 0.000620192
125.072 0.000635895
125.968 0.000646233
128.574 0.000638651
128.41 0.000580848
124.479 0.000528287
121.465 0.000651908
123.191 0.00071036
122.784 0.00024009
123.357 0.000621519
121.839 0.000715164
125.525 0.000641687
124.026 0.000628913
117.607 0.000243519
124.437 0.000673947
119.69 0.000617607
121.47 0.000643301
118.635 0.000651744
122.552 0.000663625
122.023 0.000622311
124.547 0.000656688
131.95 0.000620715
126.66 0.000633772
126.929 0.000614123
122.868 0.000642422
125.033 0.000679156
121.311 0.000647535
125.614 0.000650355
124.22 0.000648857
126.687 0.00071061
126.768 0.000579763
117.324 0.000626305
124.738 0.000650379
126.064 0.000602564
130.137 0.00036863
125.099 0.000643748
124.465 0.000702796
125.708 0.000626639
124.432 0.000679363
125.102 0.000650306
123.639 0.000606234
126.111 0.000628977
121.935 0.000651931
124.411 0.000631751
124.96 0.000184772
126.001 0.000616045
124.05 0.000642598
125.407 0.000707289
126.817 0.000614108
127.747 0.000648249
121.693 0.000364243
119.404 0.000614441
127.686 0.000643233
126.882 0.00063469
123.273 0.000632014
122.312 0.00061418
124.93 0.000661332
123.531 2.62178e-06
125.984 0.000358191
118.464 3.04643e-05
124.425 0.00064508
116.527 0.000704351
122.055 0.000674313
121.722 0.000666521
124.87 0.000618936
126.182 0.000637717
126.214 0.000136009
118.279 0.000646058
125.457 0.000630399
124.688 0.000625416
125.043 0.000652468
123.102 0.000717703
124.066 0.000698072
121.203 1.88633e-05
125.733 0.000642474
125.484 0.000628747
126.081 0.000648136
122.438 0.00063799
124.316 0.000631726
121.599 0.00064602
126.267 0.000619522
125.755 0.000643336
126.464 0.000703701
125.781 0.000621052
128.21 0.000651889
125.013 0.000658869
123.473 0.000620518
