127.573 0.00147349
123.682 0.000991726
126.892 0.00158787
129.609 0.00126435
121.958 0.00144565
126.181 0.00136565
116.477 0.00148837
129.187 0.00161048
124.953 0.000558396
128.342 0.00132504
129.188 0.0016336
129.398 0.00145381
128.432 0.00148912
127.538 0.00145307
128.798 0.00165938
129.675 0.00150095
129.449 0.00164567
129.893 0.00146506
127.336 0.00150239
125.248 0.00150637
128.789 0.00143021
130.532 0.00144693
126.744 0.00143982
132.796 0.00164674
131.55 0.00145119
128.804 0.00145899
129.237 0.00162716
129.204 0.000841311
127.137 0.00166902
129.035 0.00149641
130.636 0.00151162
132.697 0.00132474
128.5 0.00167745
129.163 0.00146928
130.359 0.00150158
128.711 0.00148923
123.619 0.00163947
131.196 0.00123793
124.986 0.00147233
127.779 0.00164855
124.854 0.00146587
121.001 0.00144614
131.328 0.00155132
130.904 0.00160323
128.151 0.00136458
132.865 0.00151496
128.656 0.00145633
129.997 0.00146168
129.403 0.00142397
128.403 0.000431674
130.269 0.00164926
132.056 0.00142952
128.665 0.00151821
129.482 0.00160445
130.589 0.00145919
128.061 0.00147218
129.995 0.00143927
131.443 0.00146549
129.399 0.00149682
131.454 0.00142943
130.505 0.00155702
128.117 0.00136587
130.233 0.00165834
129.789 0.00156533
126.447 0.00144986
120.989 0.00147851
131.861 0.00152174
130.621 0.00167889
126.829 0.00158753
128.107 0.00156611
126.581 0.00146391
130.685 0.00099342
126.979 0.00164829
125.834 0.00149665
129.841 3.61266e-06
129.143 0.00145633
127.913 0.00148256
129.267 0.00163879
127.743 0.0015053
131.531 0.001394
130.123 0.000107825
130.65 0.00149953
130.756 0.0014644
128.57 0.00164483
132.341 0.00144308
118.837 0.00167497
128.667 0.00142335
128.63 0.00147419
120.777 0.00158035
128.534 0.0014412
130.47 0.000838003
125.903 0.0012674
133.009 0.000572333
126.55 0.00157004
131.61 0.00164468
130.893 0.0014489
128.887 0.00145253
131.54 0.00150391
127.932 0.0015122
130.998 0.00152668
127.893 0.00146609
127.077 0.00145937
127.212 0.00158487
128.048 0.00143233
125.239 0.00147172
129.988 0.00103003
130.629 0.00164514
129.842 0.00164784
129.656 0.00145172
127.72 0.00167621
121.865 0.00144527
127.381 0.0014593
124.396 0.00137126
129.878 0.00164657
134.709 0.00144336
125.995 0.00151993
133.47 0.00149658
125.765 0.001564
130.477 0.00145314
128.515 0.00150933
122.219 0.00172779
129.41 0.00145681
128.033 0.00146208
129.137 0.00152446
129.054 0.00149992
132.283 0.00165853
126.804 0.00150221
126.249 0.00164584
128.721 0.00142363
128.939 0.00157789
129.601 0.00148001
128.757 0.00149943
129.259 0.00162656
127.679 0.0014427
120.057 0.001661
131.031 0.00152839
132.078 0.00160455
129.903 0.00160141
128.702 0.00148497
127.965 0.000562971
129.661 0.00145171
127.045 0.00144466
130.794 0.0016502
128.706 0.00142891
131.2 0.00151266
124.831 0.00148166
128.002 0.0016407
129.657 0.00155518
123.722 0.000321411
124.852 0.00164408
125.67 0.00133423
130.217 0.0014706
127.218 0.00159414
128.932 0.00147271
124.777 0.0014407
126.324 0.00145033
129.518 0.00138203
133.354 0.00146641
130.189 0.00150667
129.641 0.00144322
126.697 0.00150689
125.103 0.00149785
130.702 0.0016546
129.56 0.0014481
128.074 4.35577e-05
126.888 0.00164887
124.578 0.00167002
128.499 0.00156055
130.545 0.00153135
123.711 0.00170994
131.776 0.00163631
128.309 0.00142874
131.031 0.000228189
127.792 0.00149821
129.679 0.00146225
129.626 0.00156979
125.427 0.00151122
129.461 0.00134201
127.007 0.00144999
132.308 0.00166146
131.941 0.00156151
130.683 0.00152136
117.337 0.00158335
126.678 0.00148176
129.862 1.69722e-05
118.181 0.00145513
130.323 0.00158012
128.413 0.00147049
126.057 0.00161037
132.366 0.00134729
130.552 0.00156496
130.466 0.00147466
121.529 0.00153536
128.18 0.00151376
127.705 0.00126602
128.67 0.00149682
128.084 0.00162822
129.43 0.0015191
132.439 0.00136797
132.328 0.00138911
130.395 0.00158259
133.718 0.00130872
130.818 0.00152212
125.455 0.00168469
123.363 0.00148731
127.174 0.00145436
126.863 0.00149447
127.822 0.00162049
130.839 0.00168152
130.011 0.00153968
125.572 0.00145453
117.489 2.82186e-05
128.021 0.00144576
132.146 0.00152141
128.816 0.00145764
130.504 0.00144411
124.676 0.00169368
129.798 0.0016879
125.424 0.00164862
131.594 0.00145062
130.737 0.0014556
125.65 0.00167119
134.964 0.00164178
125.971 0.00147283
131.641 0.00151583
126.487 0.00144626
129.239 0.00144165
129.31 0.00148121
126.424 0.00147025
130.3 0.0015113
128.083 0.0014437
129.097 0.00149745
131.373 0.00151358
130.269 0.00150237
128.428 0.001467
127.836 0.0015069
130.884 0.00097669
124.492 0.00161248
132.139 0.00148032
127.488 0.0015499
129.46 0.00151026
125.093 0.00151428
129.642 0.00127408
130.298 0.00155039
129.869 0.00156382
130.296 0.00149323
120.554 0.000312953
128.825 0.00165302
130.139 0.00150817
126.207 0.00145746
121.125 0.00156648
126.007 0.00150285
128.773 0.0010983
128.938 0.00146172
125.361 0.0014912
130.947 0.00137093
129.827 0.00148909
131.35 0.00164001
131.002 0.00144444
128.149 0.00163425
126.607 0.000567187
129.026 0.00152797
126.931 0.00148798
132.126 0.00156633
131.501 0.00169178
131.847 0.00145956
127.992 0.0014606
128.503 0.00163194
128.627 0.00149693
129.266 0.00146925
124.522 0.001479
129.036 0.00151594
125.222 0.00164069
127.714 0.00158549
125.973 0.001221
129.251 0.00158309
132.801 0.00146363
131.244 0.00142445
128.381 0.00164831
120.176 0.00147137
127.526 0.00151203
125.162 0.00152306
120.508 7.06877e-05
132.648 0.00147726
118.982 0.00143927
131.296 2.1294e-06
126.545 0.00155011
122.979 0.00147711
131.921 0.00145956
126.925 0.000987038
127.174 0.00147602
123.384 0.00150766
126.437 0.00144832
123.087 0.00124963
130.539 0.000978107
129.597 0.000836126
128.011 0.00165337
128.414 0.00154669
128.724 0.000562595
128.26 0.00156787
128.656 0.0014393
128.046 0.0016024
125.861 0.00142264
119.962 0.00166576
129.03 0.00161601
127.595 0.00149681
119.066 0.00153447
130.407 0.00165519
130.814 0.000106541
130.355 0.00151585
128.476 0.0014767
126.093 0.00147319
127.868 0.00144189
128.491 0.00143277
128.883 0.00146987
131.206 0.00151846
130.482 0.00162126
127.518 0.00146265
131.904 0.00148444
130.427 0.00165966
129.576 0.0015524
124.747 0.00146624
131.332 0.00168215
127.737 0.00143236
128.688 0.00145307
130.986 0.00150726
130.482 0.000223962
126.052 0.00159171
130.202 0.00166031
126.697 0.000310787
130.895 0.00083658
130.984 0.00152109
135.459 0.00147721
120.252 0.00144052
128.567 0.00147738
129.418 0.00151614
127.596 0.00144805
127.166 0.00146333
128.862 0.00152437
131.505 0.00168157
118.102 0.00146933
131.121 0.00154684
128.818 0.00145747
128.784 0.00142218
126.809 0.00166927
128.886 0.0014609
131.385 0.00149027
129.412 0.00146001
129.871 0.00167685
128.749 0.00141562
129.901 0.00135563
132.543 0.00157942
128.621 0.00148003
131.651 0.00145398
125.842 0.00135304
131.392 0.000868196
128.527 0.00148198
125.681 0.00146907
126.012 0.00151034
127.827 0.00164417
128.704 0.00155429
128.348 0.00143252
126.076 0.00147702
121.703 0.00171476
135.297 0.00152773
126.996 0.00151699
130.831 0.00157812
128.559 0.0015207
127.305 0.00168298
127.762 0.000228456
127.621 0.0015624
130.622 0.00160773
125.971 0.0014586
120.372 0.000395755
128.567 0.00150122
134.591 0.0010123
127.687 0.00147824
126.321 0.00168473
126.864 0.00154331
131.312 0.00144881
130.9 1.70529e-05
121.167 0.00151716
132.521 0.00140823
123.923 0.00150117
124.068 0.00151211
130.088 0.00151643
127.046 0.0017476
130.81 0.00150418
127.795 0.00145963
126.65 0.00145432
122.56 0.00163281
121.441 0.00151901
128.154 0.00148526
126.783 0.00141204
133.678 0.00142134
123.809 0.00137723
130.041 0.00151462
123.18 0.00149617
130.762 0.00157326
130.752 0.00149276
132.451 0.00106847
133.677 0.00155572
128.609 0.00144162
120.494 0.00149607
133.481 0.00142346
130.471 0.000434425
116.406 0.00156558
126.966 6.98594e-05
128.258 0.00123719
125.342 0.0013755
131.359 0.00150468
129.524 9.95197e-05
130.231 0.00150753
130.774 0.00142935
130.57 0.00161366
127.788 0.00134897
124.624 0.00098458
129.503 0.00149531
126.087 0.00143944
124.814 0.00151138
115.242 0.00154302
130.177 0.00146856
132.62 0.00135384
129.268 0.00143879
124.153 0.00151042
119.686 0.00147896
130.733 0.00166851
129.003 0.00148314
124.567 0.0016362
130.24 0.00150977
127.335 0.00114627
130.962 0.00170229
130.777 0.00147123
128.833 0.00147404
127.751 0.00165512
131.06 0.000990742
130.164 0.000698457
128.05 0.00136334
127.296 0.00153175
127.633 0.00151618
131.555 0.00155302
119.865 0.00144519
131.224 0.00145213
127.298 0.00158364
129.279 0.00150635
130.246 0.00145562
124.774 0.00143174
130.679 0.0015665
131.726 0.00141468
131.364 0.00147342
123.975 0.0014526
131.417 0.000559712
123.623 0.0014381
129.641 0.00145145
125.467 0.00152317
127.268 0.00146461
131.136 0.00145708
129.265 0.00137262
127.293 0.00100048
125.335 0.00157257
130.582 0.00150779
130.522 0.00166785
128.232 0.00150601
129.22 0.00167587
126.535 0.0015075
131.571 7.0728e-05
130.466 0.0014622
129.931 0.00166157
130.851 0.00155394
129.153 0.00168036
129.214 0.00150178
126.602 0.00143655
130.644 0.00136603
127.532 0.00163024
129.994 0.000159061
125.368 0.00153922
131.914 0.00155688
131.777 0.00147637
127.696 0.00136444
128.764 0.0012581
126.32 0.00158553
129.88 0.00166801
116.806 0.00143242
128.714 0.00157806
129.848 0.00161468
131.092 0.00146075
131.338 0.00147157
129.333 0.00143388
129.984 0.00134781
128.429 0.00146607
124.588 0.00149165
129.324 0.00147081
128.102 0.00151273
128.122 0.00150038
127.376 0.00163531
132.688 0.0013519
129.679 0.00147374
117.661 0.00144707
129.561 0.00142026
129.922 0.00143584
128.516 0.00164928
138.049 0.00159632
132.024 0.00144755
133.422 0.00123513
130.584 0.00136785
133.558 0.00146222
127.268 0.00151677
129.214 0.00147128
129.897 0.00158353
124.792 0.00145939
127.014 0.00152385
127.801 0.0014476
127.656 0.00152945
124.672 0.00149004
122.559 0.00145567
132.399 0.00157097
131.19 0.00153873
130.421 0.00145553
128.161 0.00143597
124.327 0.00145772
123.248 0.00146718
129.896 0.00156222
115.028 0.0015211
127.382 0.00152539
130.891 0.00145951
130.139 0.00149001
129.413 0.0015548
127.749 0.00144754
128.296 0.00148202
132.625 0.00157859
127.643 0.00166548
121.535 0.00145598
129.704 0.00161874
123.653 0.00137127
129.001 0.00155825
131.639 0.00143769
131.742 0.0014752
118.473 0.00154147
132.889 0.00163326
128.97 0.00157849
130.048 0.000838896
128.792 0.00150621
121.386 0.00022286
131.201 0.00144851
127.797 0.00148083
130.198 0.00152314
128.361 0.00143806
127.96 0.00136836
131.31 0.00136176
127.926 0.00166442
129.077 0.00152492
130.525 0.00144739
130.982 0.00143813
127.773 0.00143861
131.699 0.00150859
126.644 0.00128786
130.138 0.00146108
128.496 0.00136711
129.392 0.00112524
129.7 0.0014792
126.788 0.000159299
128.541 0.00148328
130.473 0.00151594
130.249 0.00145153
129.421 0.0011207
127.016 0.00134174
132.233 0.0016042
126.773 0.00160538
131.043 0.00150286
128.94 0.00156901
129.721 0.00145511
122.482 0.00145877
130.503 0.00145756
131.628 0.00157384
129.001 0.00152659
127.925 0.00165223
131.527 0.00133242
127.851 0.00157229
124.987 0.00147228
131.831 0.00149866
130.214 0.000696228
127.312 0.00145647
128.24 0.00151429
133.566 0.00158175
129.371 0.00150375
134.151 0.00150052
127.395 0.00138609
132.848 0.00151605
133.9 0.0014757
131.096 0.00164197
132.798 0.00165243
126.865 0.00142751
129.893 0.00150791
125.629 0.00145658
133.683 0.00144183
131.693 0.00124742
123.167 0.00166273
127.303 0.0016172
132.865 9.78005e-07
128.903 0.0014493
128.718 0.00163348
130.963 0.00144377
129.996 0.00148224
129.912 0.00148262
127.519 0.00145933
133.044 0.00144662
129.403 0.000557178
128.66 0.0014585
130.496 0.00146416
133.227 0.000423352
129.088 0.00148166
128.565 0.00146622
133.376 0.00148674
129.66 0.00164882
129.863 0.00129195
127.313 0.00158007
129.449 0.00147285
129.129 0.00145852
132.943 0.00145855
129.269 0.00157762
127.043 0.00141938
129.309 0.00144794
127.207 0.00149686
126.186 0.00142406
130.151 0.00148261
116.4 0.00166387
128.955 0.00153574
129.606 0.00146459
130.551 0.000315287
129.997 0.00144941
129.864 0.00145787
129.142 0.00157615
129.286 0.00146176
132.28 0.00125096
126.373 0.0014511
130.916 0.00154549
130.257 0.00160057
127.163 0.000396392
127.801 0.00152673
130.612 0.00142575
131.29 0.00162673
126.345 0.00139199
126.556 0.00131323
130.022 0.00157192
130.224 0.00161458
128.413 0.00149679
128.952 0.0014927
132.128 0.00124779
127.86 0.00151156
129.491 0.00150174
130.298 0.00144698
129.992 0.00167759
128.729 0.0014487
129.437 0.0015077
130.86 0.00158545
131.216 0.00144883
129.66 0.00168341
125.022 0.000105444
129.431 0.00147597
125.778 0.00145936
122.944 0.00164732
127.723 0.0014755
130.61 0.00145222
125.246 0.00162527
129.417 0.0015129
128.162 0.00136587
128.887 0.00162107
134.563 0.00147247
128.771 0.00149942
130.751 0.00145467
129.174 0.00155711
125.531 0.00169099
128.959 0.000315371
134.087 0.00126922
126.787 0.00144671
130.399 0.00152276
129.277 0.00155276
128.252 0.0014351
120.133 0.00155606
132.051 0.0016559
130.218 0.00144549
128.223 0.00164283
129.117 0.00146788
129.398 0.00138429
132.881 1.02604e-05
128.975 0.0016022
129.174 0.00162748
125.927 0.00146298
128.565 0.00146628
129.42 0.000317881
127.661 0.00144693
129.11 0.0016129
129.016 0.00148621
127.402 0.00153041
126.651 0.00145747
129.751 0.00151374
131.925 0.00137687
130.69 0.00156987
131.59 0.0015813
127.915 0.00145987
129.461 0.00147034
129.619 0.000975326
129.805 0.0014499
129.961 0.00146189
129.865 0.0014659
124.465 0.00146027
132.977 0.00150563
130.789 0.00145373
132.051 0.00138899
129.461 0.00158132
128.437 0.00145335
127.049 0.00165035
132.667 0.00146769
132.126 0.00152886
117.004 0.00167159
128.858 0.00144
129.965 0.00134931
134.151 0.00157012
127.053 0.00165176
131.741 0.0014345
132.718 0.00143916
130.504 0.000994749
129.22 0.00163931
124.897 0.00145437
131.834 0.00149888
124.714 0.00162166
128.895 0.00155705
131.007 0.000106237
125.307 0.00143581
125.909 0.00149061
128.172 0.000558406
128.693 0.00146291
132.001 0.00160734
130.535 0.00145827
128.362 0.00147725
124.565 0.001618
132.513 0.00158073
130.611 0.00144722
130.687 0.0016659
126.862 0.00163554
120.648 0.00148673
127.017 0.00124958
129.524 0.00150309
131.87 0.00150503
133.335 0.00157104
130.694 0.00143576
128.074 0.00141136
129.869 0.00145023
131.782 0.00163037
128.975 0.00157739
131.915 0.00155749
131.764 0.0016161
133.501 0.00151076
125.426 0.00156726
127.98 0.00145512
134.142 0.00150214
129.581 0.00146403
128.959 0.00145951
130.496 0.00147226
130.974 0.00145659
131.241 0.00164394
124.635 0.00114209
129.036 0.00150739
129.827 0.00144288
127.205 0.00144538
131.665 0.00145172
128.46 0.00145461
125.02 0.00147574
131.105 0.00157428
132.529 0.00147531
127.384 0.000698469
129.569 0.00148639
128.072 0.00137805
131.558 0.000986109
131.094 0.0015603
129.881 0.00133839
127.19 0.00144078
129.405 0.00157794
130.101 0.00147922
129.855 0.00149902
129.371 0.00146317
131.989 0.000692081
130.51 0.000982515
130.782 0.00144297
129.58 0.00127081
130.165 0.00156867
127.447 0.00147371
127.188 0.00141613
129.639 0.00149833
129.598 0.00135482
130.939 0.00144531
129.333 0.00152969
132.824 0.00171582
127.279 0.00154276
129.14 0.00148404
131.829 0.00144275
131.374 0.00163871
134.23 0.00154811
129.884 0.00142276
127.823 0.00152942
132.698 0.00163714
125.121 0.0013909
123.875 0.00145007
126.724 0.00158675
123.273 0.001529
128.047 0.00150615
126.232 0.00167588
124.22 0.00144851
129.979 0.00145148
128.665 0.00147034
126.853 0.00144516
131.699 0.00146206
129.944 0.00146702
128.309 0.00150037
135.035 0.00145386
133.476 0.00135382
128.944 0.00155118
130.811 0.00145455
132.257 0.00157377
126.56 0.00163848
127.887 0.00161199
128.46 0.00161835
133.06 0.00145501
131.255 0.00147173
130.202 0.00166646
132.443 0.00145529
130.965 0.0015117
128.237 0.00163963
128.318 0.00143863
136.497 7.14323e-05
129.62 0.00144658
130.363 0.0014676
128.64 0.00146415
130.692 0.00150349
129.978 0.0012685
126.826 0.00158952
126.926 0.00146542
131.323 0.00149821
127.869 0.00147436
128.603 0.00143874
131.109 0.00143529
130.632 0.00166982
129.046 0.00152893
128.09 0.00170585
130.453 0.00167851
132.604 0.00144175
128.089 0.00147696
129.343 0.00143592
123.937 0.00163881
127.657 0.00147085
128.666 0.00114177
120.84 0.00146197
128.213 0.00152286
127.968 0.00168654
121.741 0.00145105
116.268 0.00144531
128.024 0.00163695
131.344 0.00157337
125.583 0.00148163
127.093 0.00150375
131.496 0.00149376
124.118 0.00163671
130.88 0.0015113
124.094 0.00154605
127.949 0.00142637
127.89 0.00135483
127.41 0.00168332
127.426 0.00147707
126.466 0.00142812
129.058 0.00147604
130.362 0.00150277
129.636 0.00147542
129.561 0.00161972
123.551 0.00163687
129.981 0.00165161
125.599 0.00156614
129.712 0.00144979
127.958 0.00148205
128.389 0.00174031
130.446 0.00153192
129.812 0.00143553
130.839 0.000701673
122.533 0.00144402
124.635 6.99932e-05
128.385 0.00147157
130.699 0.00144436
129.91 0.00145215
127.814 0.00107732
131.321 0.00144622
123.814 0.00164425
128.166 0.00165524
119.91 0.00165736
128.157 0.00144237
129.691 0.00146405
124.865 0.001486
126.821 0.00148253
129.324 0.0014345
133.458 0.00152549
127.422 0.00146387
130.567 0.00143643
128.634 0.00157091
130.447 0.00146315
129.905 0.00150521
126.509 0.00146754
128.123 0.00165268
115.169 0.00147952
129.628 0.00164831
135.373 0.00147645
128.653 0.00153276
130.922 0.00122889
133.434 0.00141403
130.605 0.00163904
132.63 0.00159159
127.507 0.00147503
128.944 0.0014454
129.886 0.00165145
125.984 0.00147455
129.043 0.00147081
129.361 0.0015269
130.751 0.00150924
128.42 0.00145493
133.052 0.00147807
130.292 0.00159045
131.007 0.00144996
128.989 0.00148871
130.487 0.00149348
121.378 0.00135101
130.685 0.00164855
132.58 0.00166157
128.634 0.000226876
129.873 0.00144816
126.688 0.00143365
129.504 0.00148846
120.651 0.00136569
115.136 0.00126454
129.497 0.00167944
129.765 0.00145693
125.715 0.00150239
129.839 0.00144381
121.879 0.0014389
125.709 0.00146514
128.158 0.00156403
129.13 0.00145019
127.121 0.00151394
132.622 0.00144863
131.187 0.00150546
130.438 0.00167278
126.64 0.00153016
129.657 0.0014506
128.714 0.00166968
130.618 0.000690629
131.647 0.00157852
127.966 0.00161645
123.238 0.00146096
120.036 0.00138306
128.972 0.00150585
133.273 0.00148572
126.896 0.00144736
130.654 0.0014742
126.779 0.00145632
127.983 0.00145724
132.993 0.00168404
129.784 0.0014806
129.018 0.00143994
128.212 0.00144824
127.366 0.00125461
126.444 0.00149729
131.248 0.00159024
131.443 0.00149747
125.124 0.00134306
128.474 0.000107797
129.365 0.00150993
129.243 0.0014657
124.662 0.000701784
130.397 0.00163838
129.185 0.00148641
128.416 0.00145365
129.376 0.00164909
132.102 0.00149483
127.242 0.00145741
121.736 0.00151602
116.085 0.00167121
128.584 0.00145658
124.917 0.00070297
129.843 0.00162993
130.887 0.00152673
125.368 0.00148621
130.134 0.0015218
129.751 0.00158539
132.492 0.000315093
131.412 0.00147423
126.576 0.0014693
133.29 0.00165249
132.525 0.0013584
119.34 0.00148909
122.223 0.00158373
130.233 0.0014778
122.584 0.0015202
127.535 0.00166169
129.365 0.000313635
131.244 0.00148392
129.6 0.00136052
128.714 0.00144269
129.697 0.00147543
127.232 0.00151507
130.047 0.00146405
127.633 0.00143927
128.364 0.00157234
131.569 0.00150802
126.117 0.00167398
129.648 0.00168498
129.787 0.00127327
128.144 0.00151945
131.762 0.00145779
128.436 2.78035e-05
127.735 0.00114405
130.144 0.00148449
122.974 9.6407e-07
130.913 0.0015105
127.916 0.00147973
129.737 0.00147696
126.337 0.00015948
126.738 0.00153304
127.883 0.00149018
132.666 0.00144449
127.638 0.00165537
131.273 0.00143356
124.361 0.00151317
128.379 0.00144516
127.432 0.00152075
131.973 0.00149533
130.917 0.00169573
132.564 0.00150518
130.683 0.0013413
135.495 0.00146502
130.363 0.00147034
130.269 0.00149203
127.766 0.00151333
127.372 0.00143911
134.011 0.000565462
133.544 0.00164436
126.749 0.00113062
128.204 0.00147184
122.117 0.00145113
130.606 0.001503
130.172 0.00143785
130.027 0.00113301
119.316 0.00151654
126.944 0.00148021
132.324 0.00136401
130.081 0.0015076
129.606 0.00166721
123.726 0.0016501
131.187 0.0015316
133.451 0.000846595
131.601 0.00162153
131.502 0.00153409
126.791 0.00114411
126.173 0.00157874
134.615 0.00152266
125.516 0.000992217
130.623 0.00146851
126.129 0.00143899
129.24 0.00163678
132.414 0.00160267
125.728 0.00151595
128.909 0.00145016
128.418 0.00157112
126.347 0.00145551
130.439 0.00167016
130.515 0.00147567
130.512 0.0014464
129.626 0.00143163
124.28 0.0015334
133.603 0.00174993
122.11 0.00162411
129.962 0.00144779
126.588 0.00159474
127.102 0.00147559
128.663 0.00151091
130.003 0.00156659
130.068 0.00147934
138.793 0.00153961
127.968 0.00146444
127.962 0.00163668
131.973 0.00166128
129.889 0.00146408
132.477 0.00151654
128.633 0.00148573
131.169 0.00150289
128.249 0.00143608
127.204 0.00084575
128.166 0.00142684
127.657 0.00146914
128.253 0.0016491
130.157 0.00145807
124.498 0.00148943
131.149 0.00150593
127.975 0.00145681
127.258 0.00145252
131.435 0.00151493
127.261 0.00147231
128.245 0.00144033
131.251 0.00157277
129.929 0.00144272
131.406 0.0014629
128.002 0.00165087
134.641 0.00149598
122.906 0.000963306
126.396 0.00148933
129.783 0.00149693
130.783 0.00150933
130.633 0.00145909
126.628 0.00167081
132.869 0.00148967
129.52 0.00148718
126.561 0.00147359
129.89 0.00147044
129.683 0.00145132
129.795 0.00156395
131.043 0.00159668
132.319 0.00165369
132.609 0.00152967
133.411 0.00144117
134.42 0.000845599
127.788 0.00166168
128.59 0.00142395
129.396 0.00157554
129.975 0.00153859
129.261 0.00160736
131.022 0.00165653
131.665 0.00146407
122.178 0.00147778
129.587 0.001498
130.634 0.00145365
129.061 0.00145194
132.823 0.00147413
133.427 0.00167055
129.965 0.00151392
125.184 0.00157555
131.399 0.00146985
125.762 0.00146672
131.879 0.00144848
128.394 0.00148445
131.031 0.00146751
128.928 0.00157849
124.625 0.00149954
116.113 0.00126988
127.909 0.00145951
130.368 0.00148509
124.08 0.00148276
130.014 0.00150776
130.37 0.00144491
130.468 0.00166922
126.571 0.00145398
129.982 0.00144999
128.38 0.00149116
130.135 0.00143913
130.98 0.001461
130.169 0.00146045
127.558 0.000158017
130.395 0.00149947
124.481 0.00167064
129.834 0.00150017
129.784 7.05725e-05
129.188 0.00147182
129.933 0.00146829
132.273 0.00150756
127.746 0.00148499
131.361 0.0002291
123.677 0.00169042
124.679 0.00155622
128.116 0.00150688
126.521 0.00136414
129.097 0.00147407
126.385 0.0014441
127.957 0.00150032
126.874 0.00150065
132.485 0.0014624
128.829 0.000105912
128.368 0.00165929
126.117 0.00112459
133.344 0.00142714
123.205 0.00150472
131.964 0.00143944
124.306 0.00166049
126.548 0.00143809
129.91 0.00150384
131.7 0.00151045
131.572 0.00147012
132.114 0.00155685
125.173 0.00146195
128.66 0.000837136
125.196 0.00146951
132.015 0.0015058
131.17 0.00125634
133.219 0.00163135
132.74 0.00150893
129.84 0.00146261
129.538 0.0014585
125.853 0.00153099
130.547 0.00112954
130.026 0.00147839
127.427 0.00139781
128.432 0.00145155
131.003 0.00145195
128.654 0.00168681
130.803 0.000700022
131.834 0.00163948
129.75 0.00164435
129.514 0.00145848
126.911 0.00144588
132.978 0.00145392
126.575 0.00154566
127.852 0.00153577
130.692 0.0014239
132.794 0.00153049
133.231 0.00144971
130.683 0.00144603
130.353 0.00149066
129.591 0.00150774
129.799 0.00152103
122.384 0.00145633
132.3 0.00149971
132.143 0.00150259
132.528 0.00167228
125.919 0.0014604
126.617 0.001553
131.08 0.00135756
129.35 0.000227574
127.669 0.00153052
126.086 0.00144228
128.981 0.00150289
128.163 0.0014352
127.112 0.000992855
129.195 0.00159701
128.486 0.00164194
126.598 0.00149533
127.426 0.00150305
130.089 0.00144705
128.531 0.00147919
129.848 0.00156532
128.73 0.00164225
131.14 0.00148144
131.833 0.00162123
128.283 0.000841537
128.546 0.0016568
126.361 1.69665e-05
120.246 0.00113053
128.422 0.00146651
131.263 0.00112408
127.519 0.00152623
129.74 0.00151515
128.893 0.0015079
127.906 0.00157324
121.513 0.000105772
131.31 0.00149758
128.029 0.00146389
126.454 0.000847206
127.77 0.00167302
131.089 0.000311513
131.734 0.00154543
130.62 0.00137408
131.125 0.00148177
131.542 0.00137459
127.915 0.00146916
122.462 0.00163015
128.49 0.00145774
131.689 0.00162637
126.945 0.00136972
130.592 0.00163669
130.026 0.00162142
131.23 0.00153855
125.718 0.00146157
128.908 0.00142454
132.793 0.00143912
127.086 0.00166931
130.55 0.000226484
126.263 0.00170513
133.827 0.00148332
130.172 0.00145267
130.056 0.00156236
128.834 0.0014398
118.363 0.00126291
127.514 0.00171628
128.122 0.0014311
127.184 0.00146016
126.911 0.00148187
124.342 0.00159616
124.065 0.00144345
130.434 0.00145159
129.357 0.000427515
131.955 0.00085418
130.064 0.00152101
124.412 0.00147716
131.11 0.00164894
126.067 0.00146148
124.112 0.00139286
129.879 0.0016504
129.761 0.00164567
129.935 0.00153256
127.808 0.00149725
129.432 0.0016283
129.019 0.00150626
128.547 0.00148097
124.295 0.000101314
126.087 0.00149664
127.253 0.00167134
128.298 0.00148625
130.927 0.00144356
128.847 0.00145527
129.341 0.00151695
122.456 0.00134752
129.407 0.0016345
131.099 0.0014625
120.349 0.00152654
128.662 0.00144008
126.269 0.00148211
131.357 0.00167566
131.638 0.000586845
128.168 0.00151313
128.067 0.00135593
131.583 0.00146603
127.192 0.00145492
129.392 0.00168646
129.077 0.00145787
131.05 0.00148919
129.026 0.00170272
127.972 0.00144202
128.65 0.00157313
124.937 0.00147415
132.082 0.00148908
131.113 0.0014421
135.432 0.00145388
127.968 0.00164991
130.812 0.00161761
135.476 0.00156195
126.589 0.0014781
129.642 0.00147546
130.685 0.0015522
126.691 0.00158008
129.19 0.00155506
128.763 0.00146002
131.102 0.00147738
130.33 7.12335e-05
130.368 0.00162695
128.087 0.0014539
126.792 0.00144415
128.582 0.00165089
132.978 0.00167498
129.906 0.00166164
129.324 0.00069709
130.477 0.00166903
129.55 0.00147232
129.178 0.00168551
131.505 0.00146805
129.296 0.0014907
127.049 0.00144163
128.975 0.00163518
129.197 0.00148019
129.972 0.00144689
124.979 0.00148199
129.092 0.0016565
132.083 0.00165822
133.159 0.00153245
128.506 0.00146657
130.316 0.00101067
129.977 0.00149866
132.593 0.00150273
131.861 0.00132231
124.578 0.00150436
125.947 0.00164992
126.829 0.00168061
128.241 0.0015967
132.718 0.000156013
127.543 0.00138161
128.581 0.00152594
131.7 0.00162538
128.42 0.00147506
126.625 0.00167046
129.974 0.00148643
130.46 1.68629e-05
126.675 0.00146665
127.522 0.00031229
129.345 0.00144743
129.35 0.00144124
133.88 0.00159472
130.051 0.00146597
128.287 0.00162861
128.483 0.0014405
125.182 0.00156818
126.813 0.00152833
130.095 0.0014736
127.572 0.00167082
136.476 0.00155241
123.856 0.00144906
131.051 0.00112385
129.3 0.00146983
132.679 0.00136011
129.479 0.00145203
126.311 0.000433273
127.357 0.00151021
131.08 0.00144759
128.238 0.00156191
129.045 0.0015143
129.803 0.00150611
128.062 0.00147382
130.897 0.00144243
134.897 0.00166213
115.79 0.000999023
130.595 0.00146458
130.542 0.00143223
125.574 0.00150567
127.973 0.00126694
129.491 0.0015027
126.938 0.00146487
124.133 0.00162451
134.042 0.00167684
128.444 0.0014781
119.759 0.00167262
118.711 0.00151483
126.907 0.00154558
125.626 0.000416077
131.241 0.00151509
131.415 0.00149693
130.396 0.00145747
128.688 0.00148069
125.783 0.00145286
130.097 0.0014339
131.853 0.0016128
128.364 0.000560578
127.565 0.00144634
128.696 0.00145213
127.952 0.00165679
130.606 0.00146174
128.456 0.0016555
129.004 0.00148793
130.879 0.00146173
127.602 0.00154477
128.319 0.00145909
129.97 0.00145923
129.116 0.00144756
129.414 0.00148322
132.432 0.00145781
126.646 0.0014983
130.243 0.0014444
132.793 0.0011233
127.13 4.42101e-05
129.894 0.000423827
132.652 0.0014565
131.266 0.0014659
129.628 0.000690601
129.264 0.00125274
128.57 0.0014947
129.978 0.00147489
131.384 0.0011311
130.553 0.00144847
128.297 0.000698054
137.184 0.00156017
129.351 0.00144612
137.784 0.00143107
131.084 0.00152544
128.946 0.00166821
130.861 0.00149154
128.837 0.00144367
128.412 0.00146918
123.409 0.00152847
127.133 0.00162287
127.539 0.0013663
124.472 0.00149636
131.193 0.00150902
132.449 0.00146005
129.761 0.000220835
131.54 0.00144856
126.489 0.00150415
127.523 0.00148003
130.304 0.00146973
129.718 0.00165588
130.187 0.0014681
132.144 0.00149718
128.421 0.00164141
130.369 0.00157716
130.077 0.00145182
132.452 0.00143911
128.851 0.00155465
133.731 0.00143773
127.628 0.00143828
131.236 0.00110991
127.051 0.00145978
119.796 0.00144061
128.435 0.00152293
129.055 0.00163189
130.347 0.00150092
130.049 0.00148901
130.129 0.00143948
128.745 0.00143548
129.893 0.0016325
126.663 0.00112889
128.865 0.00150289
128.311 0.00137396
129.055 0.00169432
130.199 0.00146248
131.424 0.00137545
148.922 0.00144186
133.918 0.0014583
115.477 0.000426852
128.65 0.00171091
118.234 0.00146821
128.165 0.00151784
127.297 0.0014777
126.801 0.00135608
132.096 0.000981254
123.232 0.00158538
129.946 0.00155845
128.49 0.00163627
130.025 0.00154132
119.755 0.00137166
127.903 0.00145752
131.57 0.00152306
129.37 0.00149719
129.769 0.00150596
127.587 0.00151588
133.874 0.00152261
130.695 0.00146743
126.102 0.00149674
128.964 0.00155118
129.673 0.00147888
130.015 0.00150973
124.023 0.000104555
125.099 0.00147156
126.979 0.00144678
127.792 0.00167636
129.078 0.00143378
131.668 0.00125172
128.084 0.00144075
124.691 0.00134991
129.924 0.00146704
129.779 1.66575e-05
128.594 0.00136575
126.272 0.00147876
126.899 0.00143942
130.172 0.00150339
125.779 0.00145174
129.392 0.00069486
126.269 0.00158708
129.715 0.00148534
131.665 0.00144283
125.97 0.00146992
128.797 0.00149187
128.289 0.0016513
127.921 0.000692528
128.613 0.000313403
128.193 0.00159474
131.74 0.00155991
118.553 0.00153792
129.606 0.00162125
130.453 0.000228647
132.902 0.00113529
129.174 0.0014392
128.314 0.00170699
130.146 0.00144638
126.998 0.001417
128.097 0.00165539
128.632 0.00115459
131.579 0.00126916
128.937 0.00151255
133.008 0.00145002
124.252 0.00151785
130.37 7.02628e-05
123.09 0.00123022
123.975 4.37024e-05
126.937 0.00147156
131.085 0.00145897
128.32 0.00153172
129.674 0.00146733
127.579 0.00143844
126.925 0.00164421
130.416 0.00146147
129.555 0.00161525
129.166 0.00165431
129.102 0.00154209
130.014 0.00144543
125.449 0.00135209
121.607 0.000156271
130.991 0.00157898
128.252 0.0015063
124.605 0.00169586
133.221 0.00150825
129.272 0.00145186
135.676 0.0015547
130.513 0.00144305
129.447 0.00167838
129.497 0.00164819
132.952 0.00150308
128.672 0.00153222
128.759 0.00157355
125.307 0.00148481
129.789 0.00151594
130.32 0.00138054
123.438 0.00144285
131.057 0.00143674
128.064 0.00157355
130.461 0.00152118
128.711 0.00150847
129.887 0.000107744
127.176 0.00161495
130.444 0.00132652
129.32 0.000101225
124.297 0.00168545
132.222 0.00150633
128.476 0.0014481
130.341 0.00165815
127.95 0.000690125
119.371 0.0015736
131.852 0.00142935
127.628 0.00125291
126.822 0.00163037
127.379 0.00145649
128.849 0.0013759
129.376 0.00165345
129.414 0.00166811
129.504 0.00165967
131.353 0.00146186
128.625 0.00156379
127.87 0.000559976
129.858 0.00164851
123.631 0.00149921
131.346 0.00163517
124.693 0.000989111
131.606 0.000399969
131.138 0.00141858
127.328 0.00151318
126.197 0.00162495
127.06 0.00148484
127.17 0.000157543
126.702 0.0016521
129.825 0.00167856
128.383 0.00146835
129.627 0.00144955
128.506 4.27228e-05
129.297 0.00133886
127.305 0.00147099
128.143 0.00144917
129.889 0.00146373
123.809 0.00166549
129.804 0.00055768
128.368 0.00144402
130.257 0.00149681
128.904 0.00147847
132.189 0.00148613
130.821 0.00135457
130.733 0.00146137
128.043 0.000105794
129.091 0.00164772
129.723 0.00149176
127.371 0.00148808
129.108 0.00144684
128.048 0.00146912
127.339 0.00144207
130.514 0.00151413
131.923 0.00156958
128.099 0.00165344
131.261 0.00168608
127.373 0.00148743
125.824 0.00151804
129.727 0.00145859
127.66 0.00141986
126.953 0.00163787
128.781 0.00145685
128.291 0.00113108
130.912 0.00167867
128.431 0.00156219
128.5 0.00165444
130.576 0.00144531
129.225 0.000694574
129.736 0.00151576
131.882 0.0016149
131.864 0.00147334
129.345 0.0015191
131.182 0.00152939
129.523 0.00144181
128.916 0.00144104
130.566 0.00145336
129.14 0.00145012
132.981 0.00150832
124.3 0.00146565
128.272 0.00145788
121.519 0.00143743
128.553 0.00150777
127.679 0.00151541
125.255 0.00165728
134.339 0.00165537
130.347 0.00167647
128.943 0.00147771
128.1 0.00151825
130.48 0.00165749
127.457 0.00149895
127.525 0.00143534
131.5 0.00143344
120.355 0.00150727
127.633 0.000312791
130.085 0.00150721
115.848 0.00142649
130.644 0.00144979
128.211 0.00162897
130.956 0.0014797
129.692 0.00145689
129.712 0.00149531
127.338 0.00144536
129.331 0.00163711
128.645 0.00137735
131.922 0.00139935
126.382 0.00146612
130.752 0.00147347
133.898 0.00144112
127.468 0.00146461
127.625 0.00153669
131.235 0.00167616
125.842 0.00145182
131.281 0.00142335
127.32 0.00143973
129.687 0.00149627
128.957 0.00147901
130.215 0.00167287
130.537 0.00144496
130.028 0.00149339
129.971 0.00157415
127.477 0.00154964
131.504 0.00148654
129.059 0.00149835
133.299 0.00149336
128.647 0.00145061
130.851 0.00153189
128.904 0.00167519
132.986 0.00148423
132.238 0.0014527
131.311 0.00145278
128.082 0.00144237
131.076 0.00150656
130.653 0.00156576
135.264 0.00146612
130.15 0.00125802
130.926 0.00136345
128.504 0.00145157
131.022 0.00144478
119.526 0.00153688
124.192 0.00166195
130.345 0.0013905
119.035 0.00138058
118.395 0.0013839
130.749 0.00147079
130.614 0.00168589
124.588 0.00163723
129.82 0.0015186
127.657 0.00149531
130.023 0.00146151
129.405 0.00146405
124.876 0.00149193
129.243 0.00150236
128.082 0.00148712
129.499 0.00152563
127.498 0.00150457
128.518 0.00144626
135.797 0.00145508
129.655 0.00164924
134.18 0.00147327
126.824 0.00144389
126.676 0.00166768
129.52 0.0014354
128.101 0.0014779
131.677 0.00148013
128.705 0.00149274
132.791 0.00146579
119.359 0.00149477
125.364 0.00113423
121.321 0.00145654
130.514 1.69204e-05
131.014 0.00151016
130.501 0.0015792
125.705 0.00144797
129.061 0.00146397
127.896 0.00125953
129.701 0.00143503
128.767 0.00145406
130.245 0.00163367
118.153 0.0014914
129.304 0.00150789
126.899 0.00141235
128.503 0.00146864
128.959 0.00150473
127.048 0.00149849
131.27 0.00145204
130.186 0.001649
124.763 0.00112265
129.706 0.00145829
132.261 0.00145499
126.059 0.00150618
127.512 0.00141695
131.495 0.00150902
128.389 0.00165008
134.773 0.00149942
128.952 0.00164822
132.964 0.00149722
130.561 0.00139476
130.411 0.00156696
132.266 0.00168026
127.11 0.0014529
129.982 0.00166231
129.225 0.00162566
130.578 0.00154657
131 0.000108035
126.284 0.00155798
116.127 0.00155623
127.554 0.00124329
129.9 0.00164358
132.294 0.00113996
126.839 0.00042749
127.057 0.00157335
130.163 0.00148578
129.758 0.00166765
128.159 0.00153787
127.803 0.00155541
127.179 0.00166855
128.189 0.001458
126.86 0.0013553
120.369 0.00152137
128.58 0.00145609
125.485 0.00148215
132.584 0.00146969
130.61 0.00122559
129.351 0.00151073
126.962 0.00156558
130.827 0.0016185
132.717 0.000688043
124.773 0.00150289
130.684 0.0016584
130.484 0.00164207
132.749 0.00153864
128.695 0.00153469
130.997 1.68377e-05
128.457 0.00148274
133.877 0.00126513
130.668 0.00146466
132.72 0.0014943
121.307 0.00150283
127.685 0.0015357
129.989 0.00148867
121.459 0.00131393
131.246 0.00157457
130.367 0.00143712
130.917 0.000155256
129.826 0.00147809
125.998 0.00145642
121.96 0.00167662
132.775 0.00146938
127.931 0.0014962
128.207 0.00150461
130.965 2.84911e-05
124.177 0.00145519
131.73 0.00151212
128.659 0.00147301
129.067 0.00146231
129.126 0.00146679
124.25 0.00141351
121.589 0.00171412
130.027 0.00139208
128.238 0.00150949
124.455 0.00159237
132.963 0.00139116
123.054 0.00144162
126.612 0.00152668
129.006 0.00164921
132.848 0.00135142
128.176 0.00160161
127.074 0.000980975
128.189 0.00151627
126.579 0.00151712
128.989 0.0014623
129.413 0.00145899
127.473 0.00146149
127.614 0.00148751
131.26 0.00126705
129.328 0.00143899
128.292 0.00144225
131.39 0.00145692
127.117 0.00146399
126.359 0.00169783
130.292 0.0016548
130.538 7.06068e-05
129.643 0.0014319
128.057 0.00161257
129.423 0.00146874
130.928 0.001458
128.761 0.000158324
127.493 0.00166572
129.01 7.04702e-05
126.156 0.00143735
130.888 0.0014099
128.007 0.00146828
129.359 0.00143844
132.758 0.00141118
131.779 0.00146176
129.661 0.00156842
129.506 0.00136052
130.842 0.00158216
132.456 0.00163934
132.988 0.00113388
129.604 0.0015767
127.289 0.00154175
130.436 0.00022351
127.266 0.000159127
127.209 0.00144763
131.527 0.00161344
128.972 0.00148466
121.28 0.00157694
128.376 0.00145608
129.693 0.00150537
126.161 0.0014986
129.207 0.0016726
130.684 0.00161356
130.508 0.0014456
130.671 0.00164417
128.183 0.00123808
131.1 0.00149069
130.035 0.000316222
125.582 0.00164557
129.017 0.00143871
118.556 0.00143987
130.867 0.00165976
131.108 0.00164849
128.311 0.00112866
130.639 0.00145713
126.189 0.000157841
123.609 0.00143368
130.929 0.00148229
129.524 0.0016346
128.803 0.00146697
127.768 0.00144264
134.334 0.00145777
124.36 0.0015858
128.803 0.0014705
131.001 0.00149481
130.96 0.00150662
128.164 0.0013321
129.825 0.00144682
125.843 0.00146933
132.356 0.00161048
131.962 0.00148837
129.358 0.00159182
127.212 0.00153254
129.629 0.00148354
130.406 0.00152847
132.867 0.00145524
128.117 0.00143768
125.921 0.00146033
123.96 9.76315e-05
128.808 0.00165388
129.982 0.00150355
126.728 0.00161947
130.312 0.00150065
130.201 0.00147047
125.336 0.00146705
129.827 0.00150786
148.579 0.00143983
129.906 0.00146538
129.225 0.00160929
127.629 0.00162923
131.207 0.00159612
127.219 0.00145719
130.127 0.0014772
126.027 0.00143817
123.638 0.00144561
130.549 0.00151583
127.245 0.00144905
130.389 0.00141903
126.381 0.00158075
136.23 0.0014545
130.217 0.00144389
131.468 0.00137275
128.58 0.00146442
129.165 0.00168263
129.046 0.00167038
127.252 0.00169089
129.989 0.00157206
128.295 0.00164684
130.119 0.00147907
131.057 0.00145406
129.709 0.00143816
124.384 4.37865e-05
129.66 0.00152184
130.44 0.00137948
130.385 0.000696116
126.86 0.00145303
130.819 0.00146826
127.393 0.0014882
131.26 0.00147888
130.927 0.00149086
128.362 0.00146717
129 0.00162445
129.093 1.35225e-06
127.053 0.000691421
127.973 0.0014385
128.742 0.00146282
131.337 0.00147088
126.125 0.000408137
131.122 0.00143668
125.146 0.0015651
130.151 0.00150055
128.639 0.00166548
130.789 0.00167665
130.282 0.00142305
130.177 0.00149776
133.663 0.00162935
133.138 0.00152358
125.955 0.00138866
128.084 0.00152341
128.466 0.00142091
130.098 0.00133525
131.807 0.00142519
132.191 0.00148334
121.412 0.00144938
132.065 0.00145467
129.359 0.00159433
129.46 0.00150479
130.208 0.00148973
128.228 0.00161525
129.131 0.00155262
127.891 0.00165945
127.631 0.0013678
130.743 0.00083313
128.234 0.00163414
129.361 0.00164777
126.912 0.00161625
124.642 0.0015071
127.61 0.00143055
131.504 0.00148334
132.703 0.00111835
131.305 0.00152368
127.405 0.00142676
127.444 0.00149778
128.117 0.00159993
129.093 0.00163687
124.076 0.00152699
130.918 0.000321212
133.634 0.00159252
126.609 0.000562719
130.509 0.00161326
129.835 0.00135986
127.112 0.00153753
124.548 0.00163109
131.409 0.00112941
126.965 0.00165857
129.522 0.00147907
131.299 2.81871e-05
128.592 0.00147405
129.988 0.00149739
130.264 0.00161158
127.738 0.00147905
130.447 0.00166971
134.098 0.00157739
130.512 0.00168339
129.593 0.00167924
131.937 0.00145973
131.194 0.00143728
124.561 0.00161331
128.988 0.00156848
132.126 0.00149664
132.695 0.00145642
132.005 0.0014491
128.784 0.00153621
125.824 0.00139507
131.99 0.000432447
132.587 0.00143652
130.441 0.00102091
129.563 0.00124434
128.504 0.00147488
129.777 0.00159931
129.191 0.00146275
130.407 0.00147168
130.265 0.0014645
130.178 0.00154498
130.128 0.00152567
129.261 0.00144948
128.573 0.00147558
125.875 0.00151221
127.926 0.00145733
132.237 0.00150924
128.634 0.00151459
129.395 0.00143386
128.548 0.000426058
127.268 0.00156777
131.174 0.0015151
126.108 0.00165329
122.661 0.001479
128.481 0.00150659
130.444 0.00153577
124.932 0.00145661
129.274 0.00145881
130.373 0.00161629
