120.689 7.56821e-05
127.8 0.00014895
125.286 0.000131187
124.865 0.000133108
125.219 0.000113854
123.621 0.000131078
121.845 -0.000138121
125.233 0.000132896
122.439 0.00013516
119.045 0.000130656
125.305 8.96412e-05
124.482 0.000129024
122.258 0.000134339
125.145 0.000133904
127.238 0.000151379
126.642 0.000141855
124.373 0.000151026
153.424 0.000139223
127.086 0.000133568
124.151 0.000131922
123.165 0.000132719
125.296 0.000149468
123.398 3.54252e-07
124.297 0.000111551
127.447 0.000124115
122.786 0.000131504
123.857 0.000148203
123.309 0.000137231
124.142 0.000102209
124.37 2.86295e-05
125.974 0.000135486
125.247 0.000143516
123.031 0.000119484
125.972 0.000131414
125.842 0.000135655
124.33 0.000131057
125.271 0.000145785
125.833 0.00014159
125.778 0.000137057
126.387 0.000136514
126.682 1.3892e-05
125.474 0.000148264
123.456 0.000138719
124.701 0.000154713
124.27 0.000130393
120.956 0.000131777
152.933 0.000129325
124.399 0.00013331
118.384 0.000113822
126.102 0.000184708
128.064 0.000138516
118.232 0.000136093
124.801 0.000148694
127.276 0.000146284
126.609 0.000130385
122.963 0.00014018
122.263 0.000125241
123.636 2.02404e-05
126.776 0.000149254
125.459 0.000136611
125.137 0.000130141
122.145 0.000140201
123.46 0.000128978
121.061 0.000126367
123.84 0.00015067
125.064 5.20264e-05
123.102 0.000133275
128.016 0.000150636
118.918 0.000136697
124.584 0.000129387
124.906 0.000132593
126.474 0.000135805
126.471 0.000136507
125.086 2.04317e-05
121.965 0.000129651
121.591 0.000140124
124.867 0.000133196
127.252 0.000133157
130.532 0.000147095
126.308 0.000141064
122.707 3.85515e-05
123.317 5.03581e-05
125.921 0.000133884
117.439 0.000129202
121.55 0.000134317
123.646 0.000148188
124.215 0.000136229
122.935 0.000132292
123.732 0.000129587
115.342 0.000124051
121.678 0.000146151
122.372 0.000131784
125.905 0.000139209
128.253 0.000154838
119.866 1.44785e-05
124.337 0.000138781
125.871 0.000131886
124.505 1.45614e-05
121.536 0.000103104
118.057 0.000140651
123.286 0.000131867
121.787 0.000142553
124.754 0.000131123
125.7 0.00013716
125.026 0.000130563
126.086 6.28908e-05
124.887 0.000146894
131.157 -0.00012805
125.144 0.000102703
123.153 0.00014829
125.334 0.000144732
143.358 0.000139889
136.702 0.000147814
127.715 0.000136594
127.003 0.000152728
126.231 0.000130714
126.129 0.000131916
117.869 -0.000131159
124.202 0.00012246
125.174 0.000130661
129.107 0.000103583
127.111 0.00013677
130.456 0.00013101
126.462 0.000132335
123.099 0.000129272
122.851 0.000140652
126.043 0.000143235
126.363 0.000134162
140.438 0.000133634
124.129 0.000133402
121.897 0.000131803
124.977 0.000131903
120.592 0.00013618
125.163 0.000134742
145.619 0.000137927
124.83 0.00013227
121.86 0.000135832
123.57 0.000147202
123.911 0.000146638
122.484 0.0001446
122.035 0.000149881
124.954 7.57925e-05
126.408 0.000140585
124.413 0.000121682
125.975 0.000132517
123.732 0.000134275
122.386 1.41565e-05
131.198 0.000130102
128.119 0.000132658
124.124 0.000125297
