118.622 0.000870511
118.605 0.00111549
116.401 6.61578e-07
119.979 0.00105906
118.514 0.00109373
119.481 0.0010846
118.733 0.00104298
119.766 0.000955751
121.773 0.00108243
118.733 0.00109744
118.975 0.000946232
119.055 0.00100658
119.907 0.000949694
118.815 0.000963686
118.066 0.000986968
119.678 0.000464144
120.568 0.000967424
122.39 0.000957327
120.973 0.00107044
120.059 0.000986775
122.239 0.00104648
118.619 0.000982885
119.376 0.000993186
117.799 0.00093249
116.645 0.000979061
120.686 0.000950127
118.516 0.00101449
119.378 0.00094326
120.529 0.000990051
119.869 0.00102645
121.262 0.0010636
117.948 0.000738457
119.492 0.000284192
118.895 0.000944799
121.569 0.000456153
115.056 0.000988252
117.339 0.000952059
118.151 0.000951729
120.679 0.000977987
123.368 0.000943948
121.791 0.00101202
119.979 0.000983335
117.158 0.00104959
116.547 0.00104527
118.953 0.000941774
124.185 0.000975422
117.08 0.000966057
119.673 0.000976795
118.255 0.00107168
118.064 0.00103329
117.239 0.000978601
118.897 0.000974342
118.237 0.000943606
118.401 0.000908257
118.728 0.00110485
118.378 0.000967973
116.726 0.000370706
122.135 0.000950662
124.627 0.00109524
120.028 0.0011064
119.987 0.000994706
118.531 0.00104015
119.581 0.000978156
120.999 0.00111704
117.971 0.000279143
119.204 0.000998253
120.954 0.00100705
119.779 0.000827081
115.747 0.000983096
118.07 0.000950476
117.487 0.000956219
117.533 0.000942478
119.584 0.000980215
116.169 0.000799332
116.461 0.000958107
116.438 0.000980205
115.03 0.00100815
120.327 0.0009893
115.78 0.00091759
122.229 0.000221917
118.304 0.00094483
120.832 0.00102985
119.669 0.00101301
117.582 0.000824495
121.784 0.000383845
115.014 0.000960825
120.078 0.000457241
122.85 0.000964797
118.903 0.000918163
117.766 0.000199257
116.726 0.00102941
120.99 0.00103084
120.931 0.00101566
120.034 0.000955642
120.48 0.000938039
117.691 0.0011514
122.21 0.00094327
119.129 0.00100865
119.331 0.000963756
120.72 0.00107936
121.564 0.00112846
121.631 0.000967348
120.279 0.00108586
121.189 0.00110356
119.495 4.8638e-05
115.608 0.00100015
115.316 0.000987058
119.124 0.000941204
118.877 0.000970164
121.814 0.00101067
122.611 0.00100624
124.225 0.000948469
118.89 0.000991019
119.735 0.00102485
117.737 0.000280037
119.676 0.0009427
120.671 0.000957487
118.607 0.00107339
120.879 0.000953239
118.715 0.000825237
119.23 0.00112389
119.654 0.000959342
120.616 0.000974556
122.967 0.000957173
118.742 0.00080847
120.065 0.000976942
116.318 0.000962258
119.573 0.00106677
119.826 0.00104134
119.902 0.00103703
116.374 0.0010031
118.503 0.00100801
116.142 0.000949157
118.027 0.000948975
120.989 9.73577e-05
123.247 0.000957506
118.85 0.00108677
119.57 0.000888754
119.557 0.00105013
116.463 4.55165e-05
120.78 0.000938333
119.58 0.000951537
118.811 0.000987274
118.74 0.000873797
120.801 0.000961543
120.161 0.00107445
118.268 0.000950133
120.632 0.0010445
118.933 0.000961431
123.897 0.000460087
120.719 0.00110134
117.763 0.000992333
123.489 0.00109135
119.826 0.000961115
122.22 0.000975636
120.486 0.000959849
121.99 0.0009785
120.186 0.000989094
118.685 0.000940426
118.088 0.00107646
119.764 0.000961943
120.122 0.00095499
124.496 0.000998195
119.55 0.00109524
121.063 0.000993147
120.338 0.000906535
126.629 0.00105346
122.857 0.000940922
119.075 0.000975257
117.584 0.00110428
119.311 0.000947241
120.355 0.000951116
118.884 0.00095094
119.688 0.000984143
117.95 0.00102804
117.565 0.000997914
119.019 0.00110466
120.01 0.000977933
118.141 0.00108208
119.232 0.000963388
118.863 0.00100246
121.459 0.000972879
118.018 0.000997038
121.018 0.00113594
119.382 0.00101655
116.949 4.66396e-05
122.105 0.00107195
120.062 0.00103753
121.884 0.000824337
120.049 0.000953549
124.206 0.000956058
115.76 0.00102768
117.578 0.00101225
118.833 0.000947596
118.088 0.000980427
119.884 0.00108387
120.925 0.000936036
122.298 0.000948147
120.153 1.71663e-05
120.336 0.00101078
117.687 0.00101787
121.373 0.000371803
119.448 0.000955851
118.792 0.000541326
124.657 0.00100127
121.181 0.000964587
119.232 0.000940831
116.144 0.00108539
118.568 0.00101636
120.867 0.000998168
120.236 0.000940037
118.579 0.0010285
118.313 0.000954973
121.653 0.000991585
116.78 0.00106986
118.547 0.00100637
121.21 0.000974015
119.058 0.000916702
121.173 0.00108425
117.895 0.00105209
122.375 0.00105098
117.743 0.000948196
119.948 0.000975141
119.906 0.000948973
115.614 0.000935474
118.39 0.000950377
117.25 0.000461602
117.123 1.10317e-05
118.049 0.00097599
120.829 0.000981236
121.445 0.00110032
116.765 0.00093893
118.98 0.000941556
119.669 0.00110801
116.885 0.00103718
116.507 0.000937986
123.088 0.00103518
118.959 0.00098522
121.131 0.00104964
120.795 0.000977495
119.389 0.000965413
118.192 0.0010546
117.32 0.000968267
117.918 0.000800815
120.816 0.000969981
118.573 0.000102986
117.887 0.000806382
122.998 0.000887867
123.194 0.000996039
122.783 0.00109034
118.839 0.000102247
118.703 0.00109751
119.527 0.00108886
121.371 0.00100081
123.709 7.06764e-05
121.147 0.00096513
121.471 0.00110872
116.598 0.00103273
120.757 0.00110639
117.543 0.0011024
116.685 0.000985019
122.204 0.000963992
115.681 0.000961392
118.198 0.000863766
118.296 0.000969662
119.831 0.00109435
119.062 0.000983419
119.941 0.000912649
116.756 0.00107622
119.296 0.000902157
121.981 1.85921e-05
120.775 0.000899927
119.66 0.00095398
116.559 0.000988328
118.008 0.000154358
119.563 0.00098948
118.967 0.000986484
120.521 0.00101277
118.346 0.000981086
117.81 0.00108438
119.9 0.00106297
119.236 0.00103504
119.281 0.000958552
123.165 0.000948157
119.465 0.000966463
119.741 0.000956747
119.559 0.00100077
121.099 0.000944569
121.484 0.00102885
119.574 0.000955241
119.722 0.000922997
117.285 0.00106745
119.787 0.00101348
118.732 0.000208795
120.005 0.000947861
120.722 0.00100483
120.097 0.000996629
120.152 0.000967818
120.235 0.00107615
121.582 0.00103616
121.333 0.000887974
119.732 0.00100222
117.217 0.000980825
121.228 0.000742042
122.635 0.000952289
118.805 0.000960565
119.169 0.00102541
121.063 0.00100188
123.978 0.000938151
119.979 0.000985595
115.473 7.44628e-05
115.655 0.00106179
116.928 0.000999084
117.347 0.000874918
118.396 0.000931498
119.381 0.000964893
118.626 0.00100999
120.512 0.000208433
118.469 0.00104485
119.831 0.000989187
118.871 0.000960549
119.681 0.000202137
117.306 0.000562569
119.971 0.00101728
121.034 0.000864968
118.404 0.000899705
118.609 0.000905176
121.09 0.000963541
118.906 0.000893697
118.384 0.000988261
119.181 0.000954839
119.868 0.00102878
124.853 0.000432789
118.132 0.00101281
122.006 0.000369623
119.54 0.00094812
122.55 0.000944732
117.763 0.000984394
121.952 0.00107923
118.102 0.00108755
117.592 0.000965448
118.911 0.000965358
120.952 0.000954923
119.618 0.000966827
117.81 0.00092673
120.081 0.000949933
118.272 0.000984719
120.988 0.000957696
117.994 0.000958097
122.415 0.000941058
120.822 0.00108986
121.191 0.000954986
120.501 0.000958475
121.798 0.000886119
119.208 0.0009313
121.141 0.00100016
118.17 0.00102019
121.458 0.000940619
121.358 0.00101493
117.126 0.000952927
118.559 0.000982813
121.6 0.00101264
117.886 0.000950163
117.357 0.000974654
119.86 0.000988371
117.021 0.000986475
