125.218 0.000630644
123.442 0.000742693
122.574 0.000676967
125.318 0.000695602
123.908 0.00062483
123.882 0.000683096
127.513 0.000709653
124.09 0.000665068
125.129 0.000649091
126.261 0.000641569
118.075 0.000658323
122.783 0.000600478
128.497 0.000622219
123.242 0.000242643
124.649 0.000350299
129.093 0.000583589
125.914 0.000622628
123.212 0.000694707
126.824 0.000625976
125.718 0.00071888
125.811 0.000614912
128.594 0.000700045
120.66 0.000619565
122.341 0.000678239
126.706 0.000603873
121.42 0.000617061
123.686 0.000480561
126.316 0.000657739
125.371 0.000722325
125.323 0.000633567
124.584 0.000241707
120.425 0.000604953
120.854 0.00062642
126.539 0.000617519
127.697 0.000619879
126.623 9.60067e-05
127.374 0.000617312
122.451 0.000650015
124.309 0.00064065
120.631 0.000672672
118.535 0.000655634
-nan 0
124.566 0.000621226
119.803 0.000610104
125.6 0.000627164
128.538 0.000653715
123.444 0.000680546
122.082 0.000520636
123.785 0.000680465
126 0.000686905
125.639 0.000622727
123.487 0.000689871
124.594 0.000618601
129.931 0.000655318
123.427 0.000617806
124.951 0.000610544
120.688 0.000629826
124.854 0.000715012
125.024 0.000629265
123.893 0.000631894
123.357 0.000482714
119.096 0.000642974
125.34 0.000629213
123.837 0.00062193
121.447 0.000617754
126.656 0.000646039
127.631 0.000655726
125.529 0.000695445
124.189 0.000652416
122.321 0.000715084
122.315 0.000642253
123.581 0.000628199
130.212 0.000628909
126.328 0.000665815
123.707 0.000625675
120.322 0.000180004
122.125 0.0004698
118.872 0.000642777
127.826 0.000614626
121.655 0.000601387
126.273 0.000620065
125.33 0.000601282
122.515 0.000625668
123.066 0.000646106
124.314 0.000674707
121.782 0.000704294
125.459 0.000627907
125.886 0.000634757
126.023 0.000602922
124.955 0.000627538
123.174 0.000581421
128.39 0.000704888
122.339 0.000700875
123.674 0.000627741
121.07 0.000671187
122.023 0.000634453
124.255 0.000632712
126.523 0.00062793
117.084 4.50524e-06
123.17 0.000531413
125.92 0.000635029
124.808 0.000615365
123.59 0.00053984
120.759 0.000655156
123.523 0.000620966
125.269 0.000647617
124.323 0.000675566
-nan 0
126.769 0.000674039
121.041 0.000629586
124.91 0.000608856
122.976 0.000597065
124.769 0.000672019
125.652 0.000647079
126.089 0.000621678
123.153 0.000584493
127.441 0.00049278
126.742 0.000423013
130.529 0.000661058
125.182 0.00063504
118.522 0.000633255
125.591 0.000630257
124.73 0.000597568
125.006 0.00070816
152.723 0.000659804
123.661 0.000627158
125.74 0.000641916
126.239 0.0007088
124.027 0.000639451
124.065 0.000633881
126.821 0.000642388
123.043 0.000279726
121.888 0.000628514
118.979 0.000709205
117.467 0.000670263
124.584 0.000700604
123.916 0.000639308
121.669 0.000616577
124.37 0.000613457
125.473 0.000595319
119.873 0.000613789
122.346 0.000644742
123.685 0.000588242
127.069 0.000744198
121.642 0.000676969
123.629 0.000242161
121.411 0.000641182
125.554 0.000617749
120.625 0.000543287
123.65 0.000533203
130.038 0.000539443
122.488 0.000632098
126.247 0.000635359
125.17 0.000665147
126.131 0.000665841
125.768 0.000575884
122.509 0.000588918
118.668 0.000612914
125.345 0.000536723
124.307 0.000710217
124.283 0.000654783
125.446 9.65661e-05
126.225 0.000695779
125.632 4.39371e-06
121.515 0.000655894
-nan 0
124.004 0.000635841
125.583 0.000697987
125.485 0.000668969
123.722 0.000636151
122.987 0.000719189
121.955 0.000649488
120.945 0.000580837
125.067 0.000703621
125.354 0.000633279
130.096 0.000623778
115.223 0.000638287
127.007 0.000638341
125.338 0.000637262
132.752 0.000617085
124.545 0.000623861
128.502 0.000668755
125.05 9.71134e-05
125.749 0.000139277
125.091 0.000660375
124.198 0.000617641
124.179 0.000638493
121.289 0.000628261
121.026 0.000701111
124.396 0.000653852
125.769 0.000641628
125.778 0.00068302
120.71 0.000594531
125.412 0.000644689
120.806 0.000640131
129.506 0.000620665
124.686 0.000647274
121.403 0.000679703
118.286 0.000684097
125.024 0.000612661
126.406 0.000673256
121.468 0.000724561
123.6 0.000657327
125.376 0.000632451
128.473 0.000614396
115.412 0.000709176
125.836 0.000590068
117.651 0.000560874
126.98 0.00071156
127.359 0.000682388
119.102 0.000645198
128.227 0.00013439
117.237 0.00070426
125.056 0.00071301
123.793 0.000678559
127.303 0.000634389
117.44 0.00063619
121.227 0.00063551
118.665 0.00036027
125.507 0.000576017
125.402 0.000621493
124.106 0.000705104
125.951 0.000626404
124.074 0.00063403
123.389 0.000609224
123.86 0.000721599
122.861 0.00067804
125.329 0.000608511
125.176 0.000632894
121.785 0.000610349
127.012 0.000658636
127.676 0.000646303
127.842 0.00060326
122.928 0.000624022
125.921 0.000498359
123.817 0.000738559
122.047 0.000598077
124.024 0.000598387
121.366 0.00063041
123.572 0.00066062
128.268 0.000654796
122.93 0.000602189
124.207 0.000622953
126.368 0.000701075
123.862 0.000635279
125.136 0.000652938
122.298 0.000316453
119.503 0.000593539
129.954 0.000725671
126.832 0.00071889
123.921 0.000703473
115.351 0.000710135
132.119 0.000669988
130.042 0.000629583
125.536 0.000626517
125.095 0.000706535
123.839 0.000724273
126.512 0.000709321
126.696 0.000684983
124.047 0.000634129
121.016 0.000660566
128.099 0.000717343
127.473 0.000642037
125.703 7.22941e-06
125.417 0.000651867
122.521 0.000665509
123.636 0.000623581
125.328 0.000646574
122.644 0.000716972
124.698 0.000605501
120.267 0.000672907
121.421 0.000605376
124.045 0.000664469
123.818 0.000702488
123.087 0.000182859
123.805 1.45658e-06
118.702 0.000633198
122.898 0.000697173
125.335 0.00069504
122.371 0.000641388
128.33 0.000621189
122.325 0.000603758
116.217 0.00065402
126.375 0.000630404
121.46 4.54307e-05
129.432 0.000641036
123.833 0.000667602
128.015 0.000640741
122.193 0.000629424
123.689 0.000630501
120.306 0.000716188
127.552 0.000684554
124.283 0.000279181
121.407 0.000726
125.286 0.000719124
121.833 0.000421462
127.219 0.000608625
131.68 0.000639644
121.882 0.000622529
124.799 0.000651427
127.077 0.000657659
127.371 0.000662899
129.02 0.000625296
122.774 0.000638854
129.946 0.000297069
122.615 0.000646637
122.633 0.000634324
121.245 0.000380471
121.434 0.000720575
124.378 0.000674806
126.496 0.000658552
122.408 0.000631359
123.224 0.000637859
125.006 0.000493629
123.011 0.000683741
127.992 0.00071042
124.035 0.000638196
123.703 0.000722965
121.206 0.000616018
123.886 0.000667728
122.458 0.000699923
126.598 0.000543379
122.032 0.000636613
127.505 0.000359594
125.542 0.0006279
124.403 0.000673524
122.642 0.000467705
126.336 7.37981e-06
122.276 0.000643952
123.791 0.000129075
124.76 0.000612593
124.695 0.000605131
120.539 0.000713078
124.756 0.00061373
124.815 0.000619793
127.919 0.00064762
125.427 0.000717691
126.425 0.000621147
124.456 0.000700258
125.033 0.00065866
124.132 0.000719329
124.688 0.00056579
124.918 0.000639713
125.015 0.000622437
125.766 0.000645404
119.091 0.000670818
131.027 0.000444717
120.77 0.000652766
125.826 0.000472756
125.581 0.000648605
125.019 0.000705489
123.377 0.000370405
121.248 6.80511e-05
124.392 0.000716581
121.953 0.000630019
122.913 0.000734336
127.416 0.00013451
121.245 0.000638498
121.084 0.000134621
127.786 0.000632852
122.088 0.000645083
123.79 0.000704461
124.69 0.000601057
121.566 0.000704649
121.364 0.000703767
126.264 0.000696868
125.174 0.000725672
129.263 0.000632892
120.225 0.000746478
125.445 0.000617447
121.549 0.000644452
129.587 0.00063958
122.82 0.000701373
127.182 0.000614778
125.558 0.00062436
123.219 0.000697496
126.484 0.000631122
120.693 0.000718392
128.802 0.000703424
124.794 0.000670921
121.692 0.00065303
122.841 0.000654801
124.947 0.000622178
127.272 0.000651376
123.647 0.000589096
-nan 0
132.639 0.000686744
125.475 0.000663804
120.598 0.000629855
122.945 0.000683533
123.681 6.87092e-05
125.178 0.000671471
124.337 0.000526738
121.022 0.000616603
121.538 0.000612123
125.02 0.000655915
121.935 0.000621165
121.282 0.000635351
125.896 0.000633774
124.288 0.000614339
117.834 0.000647963
126.74 0.000629579
123.538 0.000616223
124.756 0.000647241
124.428 0.00061769
125.129 0.000647414
125.028 0.000566071
121.743 0.0006439
126.742 0.00055673
125.795 0.000638774
123.491 0.000641409
124.794 0.00062727
117.947 0.000716479
130.121 0.000661188
126.114 0.000703223
127.305 0.000650453
128.41 0.000638711
126.56 0.000703718
122.012 0.000632349
126.721 0.000679903
122.799 0.000656427
124.598 0.000619352
126.661 0.00069902
127.472 0.000639669
124.729 0.000621766
121.12 0.000623826
122.307 0.00068897
126.196 0.000648842
125.224 0.000625298
125.883 0.00063836
120.251 0.000683807
124.562 0.000574527
127.842 0.000705806
125.427 0.000586098
124.95 0.000634862
124.529 0.00072032
124.446 0.000618196
124.472 0.000425483
126.288 0.000638035
122.32 0.000679032
133.55 0.000620771
126.679 0.000637489
119.783 0.000438916
126.066 0.000619274
123.413 0.000605956
125.158 0.000351285
121.809 0.000617763
122.114 0.000547108
124.966 6.68827e-05
124.373 0.000650929
125.531 0.000617275
122.406 0.000528246
120.435 0.000625872
122.095 0.000689529
121.731 0.000610689
123.927 0.000185487
123.906 0.000596327
120.514 0.000646069
124.83 0.000676887
124.897 0.000631412
122.038 0.000622913
127.728 0.000499463
124.172 0.000709805
128.309 0.000599641
125.615 0.000664418
120.17 0.000637231
125.946 0.000622105
127.733 0.000737363
125.81 0.000637304
122.807 0.000698932
123.712 0.000485176
120.318 0.000675238
-nan 0
128.347 0.000488121
126.746 0.000678085
121.75 4.32214e-06
123.918 0.000624366
121.87 0.000709552
124.209 0.00066128
127.47 0.000713071
126.26 0.000424532
125.531 0.000629664
124.334 0.000642809
123.657 0.000627976
123.769 0.000666815
120.465 0.000721548
124.88 0.000623906
117.714 0.000720456
122.643 0.000677484
122.335 0.000647465
119.325 0.000646657
126.553 0.000607363
123.108 0.000307806
122.397 0.000623472
124.597 0.000644816
123.359 0.000592621
129.128 0.000296237
124.805 0.000632073
123.247 0.000719871
124.234 0.00064685
124.822 0.000635744
125.467 0.000655451
126.3 0.000706515
118.034 0.000561058
118.454 0.000637227
-nan 0
120.92 0.000675577
120.349 0.000677289
129.381 0.000670326
128.42 6.29995e-05
118.389 0.000701258
122.737 0.000621628
126.643 1.90674e-05
124.485 0.000623131
123.934 0.000796343
122.416 0.0006349
128.037 0.000674699
121.079 0.000624509
125.236 0.000302184
126.941 0.000629189
125.184 9.90961e-05
129.093 0.000666079
124.745 0.000240315
126.715 0.000705198
121.812 0.000135263
124.065 0.000654355
128.365 0.000627881
123.831 0.000674674
123.192 0.000711779
126.655 0.000409599
124.103 0.000622027
116.911 0.000654828
124.487 0.000637607
123.017 0.000186685
129.375 0.000627142
126.669 0.000651774
123.845 0.000623707
125.881 0.000135389
124.742 0.000679009
119.951 0.000591647
123.709 0.000641646
125.511 0.000629424
123.889 0.000588794
132.467 0.00067363
123.109 0.000488538
124.784 0.0006816
118.705 0.000625622
125.187 0.000647608
122.298 0.00067678
128.041 0.000620854
120.485 0.000689449
123.604 0.000613508
121.122 0.000627545
121.342 0.000664906
125.136 0.000666889
122.491 0.000590496
125.31 0.00063042
126.813 0.000428558
123.817 0.000682729
121.025 0.000619934
126.107 0.000618564
124.05 0.000686605
122.423 0.000717447
126.734 0.000722389
124.053 0.000632438
125.279 0.000628921
124.884 0.000581803
128.969 0.000646603
135.285 0.000436841
124.144 0.000646558
124.566 0.000640057
122.878 0.000622835
125.067 0.000285396
125.03 0.000595118
127.646 0.000642117
122.198 0.000630444
125.025 0.000702007
126.818 0.000623419
129.257 0.000651843
123.014 0.000650078
126.082 0.000641315
125.302 0.000627028
125.389 0.000671031
122.66 0.000662742
125.604 0.000703223
125.637 0.000592882
118.276 0.00064328
123.248 0.00059227
124.855 0.000665475
118.311 0.000633573
127.786 0.000680214
127.951 0.000713792
124.325 0.000639746
119.535 3.12338e-05
120.836 0.000678243
118.144 0.000649751
124.873 0.000663607
124.863 0.00062598
128.463 0.000657581
122.307 0.000616376
124.184 0.000641097
121.919 2.6361e-06
120.971 0.000692241
133.38 0.000684566
124.299 0.000713923
125.026 0.000663099
124.761 0.000645145
122.467 0.000634122
120.349 0.000652978
124.532 0.000627978
123.759 0.000616624
125.523 0.000649414
122.739 0.000687289
122.111 0.000605917
124.683 0.000678821
126.387 0.000643775
124.07 0.000361214
122.902 0.000623951
122.022 0.000637843
126.611 0.000604578
122.505 0.000720731
122.255 0.00042566
125.088 0.000660027
127.227 4.33779e-06
123.868 0.000624399
124.293 0.000694872
122.248 0.000709091
119.093 0.000608686
127.315 0.000634369
122.943 0.000696486
122.833 0.000604077
121.831 0.000647375
127.243 0.000616525
123.986 0.0006699
124.326 0.000583176
124.689 0.000702785
125.039 0.000632881
123.363 0.000642169
122.249 0.000610355
125.996 9.77358e-05
125.382 0.000623039
123.581 0.000719146
122.193 0.0007044
128.907 0.0006236
122.845 0.000650396
126.474 0.000622984
125.116 0.000699523
119.619 0.000619799
116.549 0.000695236
123.826 0.000635239
125.44 0.000592049
125.756 0.000680677
123.375 0.000617919
124.162 0.000622029
120.888 0.000632897
124.707 0.000575574
120.369 0.000678066
121.474 0.000713221
120.677 0.000697273
126.363 0.000621259
123.963 0.000646482
122.998 0.000622798
125.965 0.000649522
125.217 0.000718074
125.936 0.000641155
124.849 0.000619843
119.706 0.000667878
124.418 0.000709181
122.744 0.000708186
119.166 0.000664499
121.134 0.000651803
123.944 0.000629982
125.577 0.000638406
125.307 0.000673571
125.671 0.000621872
124.634 0.000630233
125.701 0.000625541
123.701 0.000626323
122.581 0.000625446
125.001 0.000657165
124.973 0.000644064
128.962 0.000702145
126.136 0.000637541
126.564 0.000608917
124.298 0.00062664
124.96 0.00059664
120.17 0.000624653
124.713 0.000663536
131.458 0.000672675
123.803 0.000627946
121.391 0.000491569
128.66 0.00064288
125.751 0.000628821
122.79 0.000649429
118.155 0.000593538
122.726 0.000543351
123.401 0.0005965
124.433 0.000584848
122.691 0.000650866
121.477 0.000528461
116.858 0.000691666
123.035 0.000645598
122.733 0.000619784
118.757 0.000663309
123.559 0.000712684
125.765 0.000642101
122.233 0.000637743
122.474 0.000638545
125.749 0.000672006
124.058 0.000616986
124.319 0.000655412
127.027 0.000627534
124.774 0.000613248
122.658 0.000636274
126.983 0.000705583
118.939 0.000693522
125.777 0.00061518
121.959 1.18306e-05
124.064 0.000702539
124.761 0.000657599
124.962 0.000706806
122.761 0.000602218
121.952 0.000641923
124.907 0.000676892
123.68 0.000639636
124.557 0.000662288
127.652 0.000624322
125.279 0.000716589
124.78 0.000659511
122.309 0.000620263
122.868 0.00018249
129.964 0.000668655
126.848 0.000586437
122.272 0.000621716
124.014 0.000617538
126.052 6.78937e-05
123.863 0.000597826
121.339 6.73368e-05
128.124 0.000647125
128.07 0.000590222
126.559 0.000185067
119.702 0.000642314
116.864 0.000626055
123.771 0.000416344
-nan 0
123.662 0.000608878
125.658 0.000634171
125.324 0.000631186
122.313 0.00061898
124.662 0.00065582
126.867 0.000576764
126.124 0.000626712
119.549 0.000617854
124.036 0.000407576
126.588 0.000627814
120.887 0.000627671
123.319 0.000666121
120.433 0.000588456
125.642 0.000717726
125.892 0.000644125
119.916 0.000603635
119.308 0.000650015
124.902 0.000629785
118.071 0.000614679
126.108 0.000662559
125.857 0.000535777
122.651 0.000652748
125.497 0.000642298
116.08 0.000701529
127.419 0.000682556
118.289 0.000632249
126.321 0.000629616
126.647 0.000731702
127.808 0.000658451
122.27 0.000635498
125.346 6.61489e-05
122.094 0.000692214
126.312 0.000236534
124.286 4.67014e-05
129.43 0.000615332
122.812 0.000630311
123.722 0.000715686
126.69 0.000573166
122.88 0.000638736
122.229 0.000677963
122.441 0.000629543
125.792 0.000668549
127.353 0.000670807
122.539 0.000703576
118.318 0.000626881
125.07 0.000632305
125.894 0.000133914
124.991 0.000576046
123.622 0.000715388
120.631 0.000677698
123.198 0.000304759
124.922 0.000588655
127.001 0.00066296
125.51 0.000134955
126.398 0.000636196
122.451 0.000641114
124.815 0.000482227
121.891 0.00070196
123.72 0.00064511
125.195 0.000659607
117.485 0.000634815
126.994 0.000653375
131.732 0.00065422
121.703 0.00067301
126.645 0.000684758
119.944 0.000610401
125.052 0.000630807
122.744 0.000608929
115.68 0.000675071
126.429 0.000618766
125.085 0.000615494
115.789 0.000641892
123.056 0.00064999
118.869 0.000635501
124.651 0.000591273
123.141 0.000625443
123.078 0.000631347
124.366 0.000676803
119.143 0.000678362
126.036 0.00070661
124.857 0.000667641
120.079 0.000368385
126.664 0.000746664
123.866 0.000624328
124.18 0.000671282
119.764 0.000633589
123.536 0.000635268
120.948 0.000660081
120.19 0.000666847
121.9 0.000660801
123.913 0.000622884
125.227 0.000716627
123.145 0.00062648
128.529 0.0010366
125.377 0.000354246
121.806 0.000655455
126.902 0.000697218
129.254 0.000642824
126.917 0.000655312
120.513 0.000635585
126.429 0.000628176
127.813 0.000689474
126.606 0.000644921
125.251 0.000612887
126.504 0.000641289
118.28 0.00056867
126.002 4.73329e-05
129.321 0.000630967
121.928 0.000673507
123.449 3.02014e-05
126.938 0.000705237
124.393 0.000635248
127.717 0.000574419
123.381 0.000490504
118.986 0.000596065
129.123 0.000637962
120.07 0.000663874
129.995 0.000644047
128.902 0.000637996
130.668 0.000591649
127.948 0.000646742
120.99 0.00062036
122.441 0.000625383
122.778 0.000699152
123.963 0.000637573
123.932 0.000669773
125.408 0.000642496
117.141 0.00062308
124.007 0.000587227
122.801 0.000708187
122.857 0.000596065
122.747 0.000658741
123.999 0.000625721
122.366 0.000625885
125.06 0.000692177
121.657 0.000630141
123.64 0.000710015
124.662 0.000639285
126.877 0.000736074
123.462 0.000641079
127.694 0.000631173
122.605 0.000707464
125.037 0.000728047
124.895 0.000674947
116.129 0.000643841
121.87 0.000665892
122.333 0.00059965
115.559 0.000422777
120.915 0.00067213
125.879 0.000645864
125.028 0.000643966
125.565 0.000714616
125.836 0.000627369
122.362 0.000680548
126.676 0.00062798
123.574 0.000646082
115.232 0.000700219
125.822 0.000630932
124.229 0.0007203
123.721 0.00061619
124.886 0.000668399
124.125 0.000656743
125.092 0.000632924
122.417 0.000643812
120.156 0.000631581
122.716 0.000621098
125.552 0.000644475
126.218 0.000635964
125.466 0.000658351
119.328 0.000624039
123.958 0.00061757
126.769 0.000733562
122.2 0.000136372
128.611 0.000662259
124.231 0.000710014
123.366 0.000708015
123.694 0.000681459
128.003 0.000565943
122.216 0.000631861
123.762 0.000589935
126.532 0.000633371
124.967 0.000630647
124.577 0.00063823
123.103 0.00070939
124.515 0.000635369
124.25 0.000666104
118.503 0.000628493
125.161 0.00065098
121.284 0.000585693
123.781 0.000631862
118.493 0.000710193
126.68 0.000754381
-nan 0
119.405 0.000650283
122.366 0.000626106
127.172 0.000555322
123.285 0.000138039
124.531 0.000638654
123.171 0.000606954
124.876 0.000663148
-nan 0
124.796 0.00071575
121.507 0.000627191
122.585 0.000648122
126.523 0.000602726
125.904 0.000586638
123.133 0.000649634
123.459 0.000136132
126.052 9.00883e-05
122.425 0.000517526
121.304 0.000634489
125.42 0.000607683
125.501 0.000681856
116.766 0.000642735
123.908 0.000704558
125.357 0.000637079
120.03 0.000566726
119.419 0.00063056
125.134 0.00065961
123.897 0.000641385
123.279 0.000621979
123.686 0.00063155
126.004 0.000648365
126.945 0.000638944
125.118 0.000642826
122.51 0.000639791
123.844 0.000647202
124.064 0.000626293
125.896 0.000649056
125.591 0.000641295
124.933 0.000613636
125.526 0.000629241
123.564 0.000655111
127.57 0.000643833
121.052 0.000630131
128.546 0.000614225
123.847 0.00061525
127.764 0.000659796
120.034 0.000709606
116.53 0.000616853
123.225 0.000712888
123.724 0.000713995
125.097 0.000604276
124.153 0.000647968
122.868 0.000615327
121.952 0.000690594
125.423 0.000701944
124.75 0.000627496
123.855 0.000583408
132.875 0.000884415
122.637 0.000654877
127.21 0.000627861
126.461 0.000613795
118.904 0.000618079
118.941 0.000703078
125.169 0.000631445
125.156 0.000625746
129.328 0.000707219
123.361 0.000575701
127.915 3.11213e-05
125.038 0.000616739
122.757 0.000645801
119.381 0.00065318
123.945 0.000620215
121.55 0.000690569
124.979 0.000626604
125.443 0.00064826
121.704 0.000647811
125.509 9.68847e-05
128.866 0.000626767
122.476 0.000633516
125.484 0.000644286
122.05 0.000594609
122.59 0.000659352
127.341 0.000710303
120.865 0.000357444
123.307 0.000723374
131.371 0.000629081
126.01 0.000626616
125.7 0.000631759
126.674 0.000616653
127.962 0.000647723
126.395 0.000577165
122.32 0.000628352
125.206 0.000623904
124.802 0.000596608
130.542 0.000632928
123.095 0.000622325
119.119 0.000612601
124.72 0.000660379
123.67 0.000720261
123.949 0.000620613
126.633 0.000669643
125.751 0.000652933
121.409 0.000668978
127.769 0.00060915
124.611 0.000627109
119.949 0.000679423
126.146 0.000695993
125.98 0.000614208
127.013 0.000667862
126.619 0.000641912
129.255 0.000608345
128.667 0.000682009
123.779 0.000184752
121.411 0.000648025
123.846 0.00071439
124.572 0.000613333
124.387 0.00065986
129.922 0.000639003
125.337 0.000677609
122.254 0.00022845
122.392 0.000668462
125.993 0.000654106
127.932 0.000715811
122.442 0.00046794
123.01 0.000367173
122.326 0.000668303
124.995 0.000721955
124.449 0.000623822
126.685 0.00067643
122.997 0.000638243
124.497 0.000708576
128.823 0.000658436
128.295 0.000628952
127.331 0.000690598
122.967 0.000659966
124.494 0.00067491
119.959 0.000134505
126.222 0.000620827
122.24 0.000693093
126.03 0.000643998
127.172 0.000631451
129.181 0.000668348
127.873 0.000699172
120.32 0.000655008
122.323 0.000642002
122.426 0.000659385
126.387 0.000628231
125.311 0.000646844
128.448 0.000699143
121.475 0.000644837
118.388 0.000609916
122.684 0.00061801
122.66 0.000625049
119.107 0.000540124
123.793 0.000689808
122.543 0.00060709
123.626 0.00048573
125.975 0.000651324
127.424 0.000634338
124.911 0.000707872
124.515 0.000629123
124.222 0.000641823
123.259 0.000616017
125.471 0.000677436
119.454 0.000626729
122.868 0.000621996
117.521 0.000663866
125.147 0.000633951
130.004 0.000692179
120.037 0.000710592
123.759 0.00063129
123.409 0.000622518
121.329 0.000487392
125.71 0.000654421
125.289 0.000617113
128.704 0.000644466
126.48 0.000634635
123.557 0.000708881
124.108 0.000633612
123.517 0.00061476
125.298 0.000643334
126.1 0.000655654
123.678 0.000626288
118.124 0.000623763
124.219 0.000597825
122.98 0.000595383
123.198 0.000657965
118.861 0.000597734
127.018 0.000606901
131.658 0.00059311
125.656 0.000630392
125.154 0.000583403
122.654 0.00060982
122.269 0.000659933
123.229 0.000241833
124.929 0.000626011
123.137 0.000659363
123.579 0.000698559
124.9 0.000581736
125.417 0.000600529
121.28 0.000746762
127.225 0.000681986
123.848 0.00068048
128.479 0.000640884
124.399 0.000655223
118.996 0.000674397
121.58 0.00062207
119.457 0.000622057
123.884 0.000625595
121.984 0.000698045
125.736 0.000631067
125.511 0.000559881
126.556 0.000631688
122.919 0.000620747
121.335 0.000742249
117.502 0.000659637
-nan 0
123.397 0.000634912
122.607 0.0007049
126.366 0.000595651
129.933 0.000668628
122.023 0.000696306
125.221 0.000675532
123.667 0.0006445
123.799 0.00068235
118.654 0.000689604
120.566 0.000612339
124.975 0.000704335
118.496 0.000587837
117.993 0.000688888
127.583 0.000639353
128.057 0.000601005
127.11 0.000652626
127.417 0.000604873
131.757 0.000616979
124.128 0.000577186
122.31 0.000626375
124.664 0.000636333
125.887 0.000650345
124.851 0.000715954
121.788 0.000632786
124.174 0.000628216
125.162 0.000650979
125.158 0.000709731
123.654 0.000651969
124.75 0.00065157
127.231 0.000716498
123.836 0.000648857
120.853 0.000674869
133.355 0.000652111
122.48 0.000640359
121.435 0.000604774
121.508 0.000699938
123.251 0.000596294
128.251 0.00062232
117.235 0.000547623
118.272 0.000495048
120.557 0.000648728
124.445 0.000432078
124.118 0.000613238
124.874 3.07174e-05
126.007 0.000621823
125.239 0.000646584
124.499 0.000646231
127.171 0.000660518
127.396 0.00063219
115.267 0.000599997
130.389 0.000602423
125.508 6.70269e-05
122.962 0.000632214
123.061 0.000634685
131.464 0.000627003
125.438 0.000628562
128.237 0.00040012
123.25 0.000681518
125.059 0.000629703
124.239 0.000638704
120.5 0.000755051
128.929 0.00062443
125.512 0.000653194
123.91 0.000703176
125.535 0.000639193
119.735 0.000627271
127.139 0.000631426
122.026 0.000685347
125.88 2.99445e-05
118.387 0.000583014
124.701 0.000125084
154.95 0.00071637
123.917 0.000630683
122.264 0.000638518
125.136 0.000685855
124.374 0.000580124
124.338 0.000632591
122.734 0.000627002
127.65 0.000590831
125.968 0.000704265
124.737 0.000578345
124.591 0.000612136
120.195 0.000676183
125.479 0.00062027
126.119 0.000669819
123.25 0.000627231
121.452 0.00062683
123.754 0.00053682
122.496 0.000621097
123.777 0.000642748
124.171 0.000666276
128.134 0.000626975
121.728 0.000618129
125.244 0.000660722
128.1 0.000654989
126.077 0.000731637
130.422 0.000625351
128.184 0.000716981
124.531 4.51177e-05
127.241 0.000650617
124.651 0.000222709
125.641 3.05834e-05
122.861 0.000622843
124.168 0.000671033
125.098 0.000641739
125.583 9.78316e-05
120.585 7.46214e-06
-nan 0
123.631 0.0006684
121.402 0.000761234
125.389 0.00069813
125.999 0.000653315
124.747 0.000717514
118.43 0.000429708
122.415 0.000615045
125.932 0.000620239
123.063 0.000635072
123.991 0.000635435
125.037 0.000629315
124.425 0.000705702
126.165 0.000627637
122.05 0.000686085
125.56 0.000646307
123.403 0.000657605
130.032 0.00065268
122.314 0.000627862
127.304 0.000696485
117.73 0.000686385
130.393 0.000639248
124.254 0.000617274
119.868 0.000721684
124.739 0.000626401
128.619 0.000648225
124.815 0.000683803
123.019 0.000622336
123.65 0.000645913
127.177 0.000706671
129.142 0.00063361
121.984 0.000599404
123.292 0.000672632
123.55 0.000655636
124.614 0.000478474
127.062 0.000428078
118.174 0.000646338
116.278 0.000625688
125.004 0.000618089
123.406 0.000619821
117.758 0.000622282
122.447 0.000642837
127.038 0.000435413
124.968 0.000618323
123.964 0.000618673
127.209 0.000404098
122.357 0.000582265
121.31 0.000636155
125.868 0.000620316
119.78 0.000717926
124.361 0.000602827
123.375 0.000637999
120.362 0.000601915
124.023 0.000682325
123.027 0.000618029
129.838 0.000656084
122.167 0.000717143
122.668 0.000632251
123.904 0.000620218
115.45 0.000608784
120.771 0.000701133
126.906 0.000642256
124.804 0.000648361
127.288 0.000691945
129.275 0.000742995
122.817 0.000659054
123.113 0.000645768
124.516 0.000624476
120.135 0.000632237
124.848 0.00059762
125.048 0.000611139
123.44 0.000709634
124.093 0.000650632
124.183 0.000619641
123.703 0.000640768
126.166 0.000567211
119.264 0.000653528
127.233 0.000655605
119.913 0.000648659
125.03 0.000920593
123.194 0.00063523
121.039 0.000485922
123.899 0.000624223
126.782 0.000739991
123.54 0.000652784
120.524 0.000658999
123.145 0.000590811
122.286 0.000422379
126.543 0.000700107
122.73 0.000621397
123.379 0.00062971
125.52 0.000648245
119.789 0.000699564
128.964 0.000653994
125.374 0.000639924
115.467 0.000630522
125.331 0.000651126
124.331 0.000444211
125.728 0.000619617
124.7 0.000302638
132.381 0.000145153
129.269 0.000601814
125.161 0.000298668
121.4 0.000641167
126.289 0.000699458
122.882 0.000640483
124.249 0.000655007
126.536 0.000628626
127.099 0.000622789
125.034 0.00060343
128.393 0.000665546
119.484 0.000239934
124.607 0.000239168
119.529 0.000625992
127.095 0.000626805
125.077 0.000671465
125.129 0.000296605
117.59 0.000734008
124.039 0.000657286
123.973 0.00065671
124.294 0.000642653
124.49 0.000652045
121.203 0.000652253
122.623 0.000643747
125.683 0.000651167
125.678 0.000637094
125.302 0.000634773
124.984 0.000629571
122.7 0.000626802
120.372 0.000666988
121.026 0.000615042
124.983 0.000712572
121.101 0.000699352
124.182 0.000660866
123.393 0.000628046
119.653 0.00061073
120.846 0.000690841
125.878 0.000737322
123.026 0.000599484
122.518 4.40487e-07
124.713 0.000630874
126.542 0.00065808
126.601 0.00067929
124.579 0.000660621
119.893 0.000649689
127.262 0.000589166
124.855 0.000695223
127.812 0.000716362
126.301 0.000594068
124.461 0.000599259
117.438 4.74095e-05
123.68 0.000676971
127.533 0.000671073
126.197 0.000617026
124.821 2.96528e-05
126.24 0.000646313
123.593 0.0006147
128.045 0.000618813
131.241 0.000650638
124.704 0.000568426
121.059 0.000699133
124.412 0.000718277
125.403 0.000660717
124.22 0.000647294
123.49 0.000621798
122.793 0.000648761
128.317 0.000715108
126.176 0.000353104
124.416 0.000618861
121.846 0.000545153
125.537 0.000609045
121.235 0.000179285
125.613 0.000631094
124.642 0.000186249
126.941 0.00062771
121.062 0.000675826
124.733 0.000703269
128.711 0.000602042
127.407 0.000648489
122.197 0.00062284
126.831 0.000347666
117.921 0.000643334
117.597 0.00064764
123.713 0.000624572
128.268 0.000644107
119.248 0.000669801
122.497 0.000642328
127.188 0.000622059
123.483 0.000643541
119.208 0.000609478
122.956 0.000187395
127.987 0.000659391
124.511 0.000618991
125.282 0.000627764
123.086 0.000610502
125.553 0.000489052
122.658 0.00030309
124.804 0.000625352
126.896 0.000669011
115.818 0.000632769
125.541 0.000715466
120.281 0.000653742
132.176 0.000617063
129.566 0.000636547
125.313 0.000637241
116.993 6.98725e-06
124.851 0.000575958
125.129 0.000612882
124.6 0.000636131
126.989 0.000587498
124.685 0.000586194
122.898 0.00073671
126.841 0.000599667
127.03 0.000613695
124.215 0.000663173
124.482 0.000721446
121.844 0.000673666
123.786 0.000673858
124.531 0.000669091
122.069 0.000712884
131.937 0.000704262
121.052 0.000618505
126.898 0.000627399
125.586 0.000659426
122.868 0.000365482
117.264 0.000658834
124.034 0.000703338
123.944 0.000631309
121.205 0.000645133
118.455 0.000662672
126.764 0.0006576
125.033 1.89543e-05
121.969 0.000570204
125.18 0.000653221
126.292 0.000582277
121.395 0.000643493
120.264 0.000625558
128.071 0.000585958
127.413 0.000569778
127.324 0.000722172
121.568 0.000638228
124.768 0.000436837
126.825 0.000661657
125.245 0.000625642
120.628 0.000554747
125.014 0.00064527
124.927 0.000637246
124.463 0.00029971
123.4 0.000135704
124.463 0.000614336
126.064 0.000634466
126.389 0.000648079
121.942 0.000671569
122.853 0.000676846
124.832 0.00063062
123.153 0.000721987
126.422 0.000609412
127.831 0.00071261
122.269 0.000649014
121.954 0.000562355
124.479 0.000637084
125.058 0.000604418
126.43 7.229e-06
126.494 1.8961e-05
124.814 0.000715301
127.83 0.000707957
124.133 0.000240118
123.296 0.00060764
123.452 0.000487889
130.832 0.000720321
118.998 0.000578388
126.239 0.000621097
126.761 0.000620109
127.768 0.000623176
122.299 0.000650659
127.846 0.000618545
119.271 0.000697327
124.317 0.000647241
123.86 0.000632948
126.301 0.000777614
122.037 0.000615336
117.12 0.000636408
122.019 0.000677901
125.249 0.000622025
126.653 0.000709876
125.714 0.00061836
124.322 0.000650731
123.593 0.00062576
124.737 0.000638149
125.883 0.000606115
126.088 0.000645272
120.452 0.000606385
120.63 0.000709884
121.671 0.000624616
122.938 0.000619542
127.777 0.000487204
124.2 0.000616624
127.085 0.000661719
125.169 0.000628737
126.338 0.000622954
117.018 0.00066879
122.27 0.000658075
120.972 0.000127024
126.057 0.000695955
123.926 0.000666119
122.351 0.000617609
122.661 0.000644953
129.566 0.00069749
126.017 0.00066806
126.892 0.000615865
124.129 0.00018336
124.08 0.000707414
124.241 0.000648458
125.647 0.000641945
126.504 0.000898791
127.172 0.000296928
127.39 0.000492933
122.508 0.000629631
124.269 0.000705212
130.93 0.00074828
123.28 0.000304071
124.796 0.000583025
125.58 0.000604014
125.536 0.000631812
124.907 0.000363338
122.97 0.000630249
123.339 0.000243349
126.685 0.000624488
123.452 0.000705519
128.48 0.000709232
128.078 0.000732747
124.04 0.000635907
131.194 0.00064195
123.29 0.000686142
126.945 0.000713204
124.611 0.000649694
124.483 0.000623504
120.881 0.000614907
121.608 0.000694122
124.888 0.000703851
119.575 0.000628154
121.651 0.000683212
123.959 0.000624691
129.763 0.000608156
125.942 2.9343e-05
124.667 0.000573452
127.567 0.0005328
132.643 0.000634467
118.33 0.000716994
126.522 0.000614876
125.057 0.000701554
123.418 0.000717733
118.407 0.000634773
123.965 0.000653553
125.553 0.000654349
124.327 0.000629922
118.028 0.000684559
116.765 0.00062718
123.471 0.000621974
123.46 0.000670721
124.774 0.000657874
125.779 0.000712044
119.315 0.000597757
126.232 0.00068324
125.249 0.000612782
124.159 0.000664515
122.441 0.00059726
124.939 0.000640348
123.696 0.000628358
118.487 0.000627044
125.844 0.000648019
124.696 0.000642157
116.279 0.000615951
126.009 0.00071249
125.319 0.000638589
121.518 0.000600845
124.246 0.000739339
127.589 0.000138942
124.187 0.000669353
124.484 0.000501159
126.345 0.00065533
127.052 0.000628347
121.773 0.000634453
125.134 0.000618726
118.333 0.00065148
126.9 0.000645163
127.212 0.00066879
126.282 0.000626523
125.881 0.000656953
125.402 0.00059716
125.15 0.000570362
123.973 0.000657458
127.329 0.000636664
119.234 0.000717121
123.584 0.000628719
121.682 0.000670748
125.014 0.000702321
122.696 0.000450108
123.871 0.000442828
126.773 0.000170075
126.14 0.000731753
124.936 0.000728498
119.711 0.000638888
124.953 0.000621925
120.931 0.000610469
124.013 0.00064492
123.117 0.00062528
125.034 0.000643595
125.459 0.000638705
131.883 0.000617183
123.251 0.000607341
125.247 0.000582437
126.543 0.000621598
119.994 0.000717296
127.305 0.000648349
124.829 0.000598508
128.711 0.00066535
124.225 0.000624313
126.97 0.00066113
123.591 0.000646587
124.787 0.00063825
121.93 0.000693525
120.43 0.000635142
117.871 0.000652907
120.512 0.000656211
126.735 0.000620596
127.636 0.000599084
120.972 0.000102422
124.979 0.000674016
123.001 0.000694196
131.64 4.59271e-05
120.493 0.000699782
122.82 0.000406067
122.059 0.00061127
125.675 0.000477575
124.364 0.000641731
119.359 0.000628987
124.211 0.000297313
127.245 0.000692691
125.501 0.000635911
122.64 0.000701207
121.76 0.000631615
-nan 0
125.236 0.000719674
125.768 4.43437e-07
124.113 0.000627236
123.07 0.000630835
126.399 0.000604428
127.804 0.000715649
121.666 0.000651941
120.157 0.000682984
121.845 0.000648015
125.721 0.000703871
122.724 0.000635379
116.465 0.000598979
126.621 0.000602305
122.211 0.000622561
118.154 0.000629046
130.762 0.000134457
125.446 0.000699149
124.29 0.000714955
127.986 0.000277915
115.022 0.000600707
125.724 0.000701813
131.463 0.000658641
124.294 0.000540827
128.74 0.000713136
127.388 0.000640485
122.518 0.000736464
126.305 0.000675033
130.198 0.000649564
122.334 0.000613089
123.093 0.000636332
125.099 0.000612582
124.982 0.000579386
121.818 0.000722669
120.933 0.000700697
125.351 0.000650506
123.699 0.000613111
125.925 0.000631708
124.942 0.000624328
127.269 0.00060917
123.994 0.000701053
121.9 0.00071412
124.668 0.00072223
126.052 0.000535352
119.581 0.000621938
124.071 0.000647833
123.64 0.000619794
120.923 0.000632873
125.236 0.0006938
124.269 0.000636067
124.756 0.000698194
123.437 0.00070676
117.861 0.00070931
122.512 4.70007e-05
122.186 0.000719592
117.151 0.000299016
122.81 0.000688659
126.906 0.000638916
123.181 0.000698618
123.238 0.000621723
124.129 0.000623559
123.871 0.000593104
126.018 0.000642708
126.629 0.000624356
124.679 0.000637397
122.076 0.000653956
126.183 2.95905e-05
124.212 0.000705491
128.009 0.000570015
123.171 0.000628006
127.968 0.000628405
125.924 0.000623648
122.779 0.000697439
121.243 0.000678387
120.087 0.000596086
121.307 0.000605242
123.34 0.000541767
125.864 0.000590892
123.546 0.00065572
121.88 0.000617573
121.256 0.00072698
120.578 0.000628514
126.973 6.80223e-05
128.401 0.000642813
124.043 0.000540009
118.173 0.000705694
126.076 0.000665448
127.68 0.000618359
125.418 0.000621444
125.812 0.000655781
125.87 0.00065508
123.974 0.000720449
124.066 0.000619935
141.192 0.000669572
123.697 0.000633669
118.59 0.000595126
116.531 0.000572328
124.517 0.000373661
122.224 0.000632866
127.087 0.000650353
125.609 0.000629255
128.021 0.000651867
127.503 0.000542662
119.401 0.000734801
120.54 0.000674733
125.487 0.000650594
122.703 0.000648248
124.251 0.000619131
123.478 0.000688179
122.354 0.000500284
127.727 0.0006337
122.839 0.000579989
126.135 0.00063552
125.162 0.000298048
124.485 0.000585424
124.688 9.21286e-07
125.699 0.000638124
123.6 0.000646935
117.957 0.000677555
122.224 0.000614701
123.259 0.000721052
122.213 0.000301124
127.157 0.000572464
123.408 0.000619947
122.498 0.000647404
125.947 0.000242068
124.711 0.000625222
121.857 0.000645038
128.66 0.000610964
128.752 0.000627676
123.006 0.00054296
121.564 0.000687157
118.313 0.000638044
121.554 0.000668405
127.12 0.000628178
122.324 0.000624081
125.675 0.000647728
121.716 0.000719279
121.589 0.000606361
122.713 0.000646779
124.602 0.000645076
118.864 0.000622195
124.512 0.000616376
125.863 0.000617674
124.122 4.37476e-05
127.165 0.000663063
126.252 0.00061145
133.515 0.000723289
120.142 0.000701611
121.586 0.000715267
127.633 0.000647061
123.776 0.000614614
130.224 0.000677778
164.615 0.000713922
128.573 0.000575242
123.151 0.000423511
124.026 0.000651119
125.696 0.000709556
124.763 0.000184623
126.779 0.000712568
122.555 0.000697683
123.597 0.000626975
127.049 0.000642755
122.527 0.000622398
130.411 0.000643516
118.546 0.000648101
124.957 0.000627989
121.979 0.000660279
125.201 0.000620417
124.812 0.000641631
122.197 0.000134901
122.721 0.000601848
117.338 0.000625362
120.487 0.000605842
119.099 0.00064542
126.322 0.000632345
121.192 0.000135115
123.892 0.000676727
123.734 0.00061939
117.588 0.000486981
126.093 0.000715269
125.633 0.000623183
127.051 0.000678565
124.069 0.000632581
122.42 0.000622189
122.108 0.000639151
120.303 0.000665171
120.371 0.000729541
129.668 0.000652883
123.799 0.000662559
120.849 0.000674893
124.157 0.000661405
124.771 0.000606861
120.968 0.000702604
121.172 0.000655215
127.617 0.000450407
121.432 0.000622136
124.454 0.00067216
124.123 0.000615372
123.253 0.000628056
122.173 0.000614574
127.34 0.000641376
120.655 7.19141e-06
124.982 0.000586077
124.226 0.000743156
123.558 0.000642998
125.241 0.000623389
123.452 0.000643927
122.84 0.000672664
125.521 0.000706373
125.973 9.61424e-05
121.959 0.000614092
125.751 0.000605901
129.217 0.000617865
126.133 3.14224e-05
123.928 0.000619354
129.258 0.000684282
118.945 0.000621875
120.032 0.00061133
122.795 0.000651438
119.526 0.000590608
121.104 0.000622307
127.016 0.000614239
122.617 0.000621068
120.757 0.000599253
127.402 0.00070485
128.942 0.000654439
123.951 0.000644889
120.708 0.000611976
126.527 0.000418468
123.416 0.000632129
122.829 0.000646862
122.592 0.000645492
126.478 0.000713649
121.03 0.000641619
130.758 0.000630757
125.019 0.000651471
124.494 0.000731251
126.973 0.000624325
120.507 0.00055742
122.462 9.61899e-05
125.509 0.000612579
128.801 0.000629344
122.931 0.000397399
126.635 0.000672158
126.15 0.000240127
125.118 0.000649522
124.222 0.000704477
121.529 0.000501963
125.031 0.000538964
125.519 0.000623783
122.09 0.00068351
124.061 0.000619568
125.74 0.000566703
127.247 0.000626203
122.679 0.000619438
123.585 0.00063069
125.632 0.000444435
126.847 0.000629923
127.287 0.000636073
121.944 0.000632606
123.357 0.000625556
126.322 0.000653575
124.027 0.000646145
123.65 0.000615624
120.285 0.000743111
125.253 0.000623584
117.555 0.000654496
120.863 0.000532768
124.837 0.000623455
123.63 0.000648389
117.052 0.000640662
119.19 0.000649672
123.028 0.000624646
115.632 4.41683e-05
125.018 0.000632199
120.389 0.000648782
123.746 0.000707584
124.849 0.000648938
124.018 0.000618762
123.296 0.000648701
123.493 0.000618659
123.82 0.000669692
126.738 0.000606072
127.626 0.000696545
127.798 0.000130076
127.457 0.000649925
124.274 0.000645888
118.812 0.000619028
123.637 0.000614395
124.928 0.000663568
123.623 0.000703114
126.263 0.000607545
120.445 0.000643351
123.81 0.00070545
129.103 0.000133721
122.337 0.0006918
124.259 0.000656953
122.181 0.000639458
127.055 0.000717577
118.522 0.000723607
121.333 0.00063268
124.188 0.000618468
124.934 0.0006733
118.426 0.000613577
122.965 0.000655137
122.824 0.000676904
123.067 0.000695132
122.634 0.000595293
126.49 0.000640513
124.792 0.000632658
119.938 0.000641901
127.526 0.000674413
127.694 0.000705961
128.548 0.000635144
126.183 0.000370136
124.807 0.000628746
124.671 0.00062528
126.077 0.000666835
125.718 0.000409359
125.907 0.000617247
123.666 0.000642594
123.147 0.000633337
124.789 0.000489433
118.482 0.000670486
126.638 0.000607868
122.884 0.000717485
123.666 0.000100524
125.963 0.000544069
128.024 0.000718839
-nan 0
124.706 0.000617316
123.881 0.000705165
124.03 0.000708227
125.535 0.000712836
121.521 0.000522033
122.061 0.000621811
121.342 0.000657131
126.587 0.000536623
124.053 0.000626963
123.852 0.00061591
126.96 0.000637973
122.797 0.000617557
122.88 0.000243708
121.501 0.000642949
123.861 0.000653443
128.947 0.00055577
126.559 0.000639428
126.509 0.000651435
124.516 0.000624598
123.269 0.000657016
126.529 0.00024308
124.414 0.000239915
117.936 0.000596275
122.768 0.000630884
126.885 0.000100662
129.672 0.000696775
125.065 0.000631785
121.227 0.000633984
127.877 0.00063312
122.822 0.000595336
126.523 0.000638012
124.184 0.000634871
122.225 0.00063002
126.011 0.000578464
125.191 0.000809151
127.002 0.000604878
122.701 0.000591429
120.937 0.000574492
124.942 0.000636883
126.286 0.000714426
122.65 0.000651731
127.278 0.000734388
121.143 0.000668551
125.254 0.000663495
126.954 0.000628533
119.896 0.000615185
125.686 0.000649144
125.428 0.000546987
124.265 0.000646759
121.741 0.00069682
122.111 0.000733967
121.53 0.000657455
128.483 0.000620523
125.068 0.000615718
124.987 0.000618596
126.952 0.000672354
124.297 0.000637424
122.877 0.000179181
127.102 0.000607116
123.789 0.00065053
127.653 0.000644891
121.926 0.000624738
130.183 0.000656971
124.69 0.000627682
129.499 0.000633864
126.484 0.000178377
127.147 0.000654649
127.935 0.000618614
127.517 0.000636056
118.792 0.000720307
115.453 0.000633897
122.977 0.000637428
125.275 0.000652484
118.999 0.000620409
116.742 0.00062525
124.704 0.000638474
125.689 0.000616963
121.927 0.000626588
121.985 0.000628185
121.057 0.000656581
122.534 0.000575546
117.973 0.000622253
119.894 0.000628814
127.082 0.000604969
124.588 1.87344e-05
123.966 0.000627329
119.089 0.000707135
118.161 0.000720978
121.139 0.000636788
125.934 0.000641587
122.191 0.000716109
126.305 0.000714104
124.091 0.000645615
119.973 0.000698349
133.138 0.000656705
128.099 0.000618427
121.518 0.000650594
125.691 0.000606195
124.66 0.00068172
125.238 0.000621694
121.129 0.000647687
124.107 0.000649387
124.4 0.000623659
124.237 0.000641434
121.196 0.000634686
127.911 0.000660296
127.492 0.00071684
126.967 0.000610516
118.958 0.000674244
124.638 0.000537996
130.142 0.000557431
124.293 0.000665009
124.688 0.000606365
125.422 0.000717131
124.061 0.000664131
125.392 0.000654581
122.407 4.59074e-05
125.072 0.000649461
116.586 0.000643806
125.523 1.7619e-05
127.733 0.000633068
119.311 0.000666029
125.182 0.000594853
128.4 0.000648791
125.59 0.000642997
130.57 0.000650037
127.228 0.000602919
125.003 0.000547795
124.55 0.000631245
125.61 0.000613673
130.408 0.000182178
119.74 0.00068821
119.706 0.000593421
122.925 0.000618646
124.298 0.000542264
121.363 9.78021e-05
120.395 0.000742841
118.209 0.000249991
123.805 0.000648731
120.433 0.000556435
124.876 0.000573039
121.527 0.000627848
125.344 0.000643293
127.631 0.000628925
123.979 0.000624959
126.922 0.00062552
120.955 0.000716841
129.069 0.00062027
125.153 0.000539339
125.81 0.000625001
121.127 0.000629767
125.063 0.000637976
123.271 0.000670591
122.976 0.000605934
123.346 0.000635091
128.414 0.000701165
126.759 0.0006359
124.052 0.000725009
126.566 0.000625518
126.327 0.000607772
121.378 0.000682756
122.643 0.00071083
124.737 0.00066446
125.113 0.000620315
125.354 0.000715145
128.17 0.00066689
126.683 0.000626452
126.955 0.000622209
129.599 0.00071283
123.485 0.000729992
124.974 0.000700833
122.533 0.000626681
123.996 0.000641097
124.191 0.000619233
119.893 0.000655349
126.175 0.000749922
122.98 0.000657367
129.916 0.000611212
115.504 0.000624314
122.628 0.000698098
125.295 0.000622443
122.797 0.000629199
125.473 0.000648992
129.461 0.000652581
122.667 0.000572205
126.984 0.000653765
121.423 0.000637277
122.922 0.000627236
124.033 0.000596151
118.402 0.000682231
124.59 0.000694018
124.706 0.000613324
121.914 0.000632091
124.987 0.000661254
120.981 0.000611854
125.547 0.000661969
123.521 0.00063669
124.783 0.000615503
122.535 0.000628911
128.501 0.000674141
126.115 0.000645215
123.352 0.000669739
123.782 0.000592072
121.859 0.0006722
120.442 0.000621087
123.795 0.000740507
124.554 0.000711526
124.825 0.00062473
122.062 0.000608237
124.489 0.000595157
124.537 0.000677327
129.105 0.000626618
123.37 0.000639389
125.183 0.000649184
125.472 0.000484106
123.836 0.000624028
126.281 0.000647336
122.107 0.000614051
125.596 0.000645261
124.737 0.000405964
124.379 0.000535213
125.998 0.000734231
123.38 0.00062402
120.381 0.000686563
125.25 0.000583458
125.429 0.000643487
125.227 0.000696642
124.083 0.00065449
125.049 0.000719307
125.765 7.20988e-06
121.404 0.000639288
124.061 0.000694296
124.141 0.000653072
121.704 0.000240947
121.111 0.000626054
125.785 0.000711959
122.376 0.000183489
119.35 0.000692889
117.104 0.000602562
125.885 0.000693811
119.353 0.0007273
128.479 0.000693614
123.72 0.000704638
121.48 0.000576131
129.82 0.000594409
125.416 0.000623154
124.804 0.00062129
123.504 0.000637999
120.236 0.000565117
123.701 0.000626764
125.062 0.000627723
120.67 0.000629494
124.516 0.000658793
120.54 0.000638472
125.397 0.000676172
124.688 0.000580428
124.878 0.000702353
128.376 0.00062288
122.518 0.000650641
124.237 0.000572053
125.625 0.000634442
121.642 0.000654047
121.321 0.000649115
126.171 0.000729454
123.25 0.000618108
127.75 0.000697385
121.314 6.77599e-05
128.445 0.000490446
123.536 0.000612833
123.775 0.00058937
123.631 0.000644794
119.995 0.000665728
118.068 0.000632006
117.152 0.000688781
125.085 0.000665461
129.328 0.000642252
129.052 0.000609926
124.711 0.000619115
123.058 6.76799e-05
125.884 0.000578999
120.861 0.000626157
122.121 0.000687245
118.374 0.000618696
123.795 7.29698e-06
119.094 0.000641097
121.048 0.000682727
126.438 0.000637098
122.312 0.000627986
118.937 0.000574209
124.651 0.000642518
125.635 0.000578457
125.689 0.000632789
124.621 0.000662947
126.248 0.000642009
123.566 0.000626687
122.96 0.000684378
127.814 0.000655376
124.058 0.000376061
123.847 0.000621111
119.925 0.000632061
124.132 0.000641621
126.196 0.000624258
125.99 0.000660102
119.675 0.000654231
124.217 0.000712422
120.822 0.000630109
126.594 0.000699893
122.307 0.000684386
121.521 9.41402e-05
121.286 0.000595076
122.358 0.000612895
119.64 0.000620253
127.444 0.000640161
121.356 0.000677961
120.942 0.000693901
126.051 0.000713287
121.851 0.000644025
127.072 0.000620812
116.887 0.0007343
123.992 0.000701257
121.457 0.000611112
124.629 0.000710939
129.558 0.000666893
130.546 0.000652683
121.986 0.000715029
124.991 0.000620632
117.731 0.00067124
117.32 0.000623184
123.58 0.000709667
125.482 0.000583331
126.176 0.000655257
121.934 0.000670048
121.49 0.00070283
126.913 0.000576977
128.118 0.000664689
127.208 0.000612048
122.476 0.000632183
125.434 0.000614416
122.882 0.000603739
124.782 0.000624445
121.87 0.000185499
125.022 0.000623723
124.441 0.000651003
124.406 0.000694842
124.628 0.000639691
117.927 0.000617013
124.331 0.000646789
123.174 0.000614848
127.872 0.000613799
122.551 0.000635671
120.049 0.000658835
118.551 0.00070638
123.734 0.000592825
122.646 0.000582157
122.834 0.000643631
124.648 0.000606429
123.683 0.000618244
126.475 0.00061332
122.062 0.000635979
127.134 0.000616697
119.94 0.00064364
125.597 0.000584598
124.684 0.000684589
122.858 0.000620114
125.398 0.000621287
126.362 0.000646282
125.881 0.00066599
124.907 0.00071463
117.701 0.000613547
125.929 0.000622686
125.894 0.000621911
124.292 0.000616001
127.941 0.000644608
125.398 0.000640251
118.047 0.000636351
123.845 0.000638179
127.26 0.000614727
126.13 0.000421428
123.819 0.000545517
123.586 0.00070008
127.012 0.000627581
123.374 0.000644776
118.207 0.000623944
120.203 0.000671835
120.29 0.000651949
127.237 0.000625922
131.521 0.000619014
120.742 0.000600616
123.866 0.000734808
124.582 0.00059478
121.731 0.000667801
121.237 0.000714852
116.26 0.000624095
124.079 0.000508756
123.977 0.000615173
124.372 0.000649434
123.985 0.000706369
124.83 0.000620917
115.501 0.000598321
125.933 0.000563118
122.164 0.000603077
121.075 0.000672328
125.362 0.000710835
124.121 0.000673944
123.154 0.000653471
115.229 0.000631805
127.31 0.000611179
125.019 0.000653048
121.949 0.000672535
123.96 0.000625873
123.513 0.000654513
121.325 0.000644112
122.86 6.72604e-05
127.887 0.000718311
126.361 0.0008604
120.183 0.000641319
127.08 0.000654225
125.131 0.000720863
120.973 0.000665305
122.945 0.000652045
126.68 0.000644834
119.084 0.000703893
122.948 6.88687e-06
117.931 0.000627803
127.436 0.000652115
119.026 0.000672636
121.059 0.000645841
122.414 0.000710765
124.628 0.000654187
122.481 0.000293992
127.545 0.00061395
121.816 0.000611695
123.922 0.000699961
122.845 0.000712169
126.45 0.000496883
123.091 0.000700321
122.322 0.000671259
124.879 0.000674995
127.065 0.000619559
121.948 0.000649491
123.01 0.000675932
125.198 0.000723294
127.955 0.000641999
128.362 0.000361755
126.521 0.000637997
126.112 0.000239315
123.518 0.000634557
121.285 0.000650872
123.617 0.000705444
125.787 0.000618392
122.616 0.000576248
123.107 0.000727518
122.309 0.00067314
124.744 0.000626138
126.462 0.000649508
126.562 0.000674533
115.494 4.59823e-05
127.565 0.00063222
121.851 0.000696541
130.132 0.000677586
121.99 0.000637572
122.618 0.000682405
126.782 0.00068753
131.258 0.000648512
126.121 0.000674361
125.774 0.000740014
122.371 0.000709012
125.317 0.000700166
125.166 0.000630892
127.479 0.000590421
120.636 0.00059123
117.469 0.0006127
119.854 0.000640599
123.286 0.000684938
123.349 0.000653497
126.77 0.000617658
122.965 0.000734942
123.261 0.000667077
127.296 0.000620153
125.619 0.000660912
119.286 0.000649043
129.329 0.000718479
128.162 0.000636195
119.81 0.000635364
119.792 0.000183804
120.713 0.000705757
119.75 0.000653949
124.365 0.000710363
120.963 0.000652415
126.898 0.000574397
126.224 0.000623791
121.625 0.000627036
122.731 0.000724164
121.37 0.000620699
122.366 0.000615687
125.502 0.000624984
126.17 0.000630081
121.738 0.000596043
120.633 0.000592525
125.015 0.000592998
125.151 0.000685585
119.547 2.72014e-05
122.652 0.000677414
122.007 0.000621992
121.959 3.03656e-05
128.568 1.55772e-06
123.609 0.000637328
121.454 0.000688358
127.538 0.000710413
124.506 0.000419684
128.563 0.000658189
118.469 1.90283e-05
123.877 0.000649629
121.956 0.000696238
123.879 0.000618467
128.741 0.000638808
120.483 3.03432e-05
121.048 0.000592801
125.591 0.000420741
118.782 1.90496e-05
126.731 0.000619405
124.229 0.000649586
126.942 0.000626441
118.45 0.000611749
124.978 0.000136553
123.597 0.000626155
124.056 0.000650828
124.92 0.000642048
125.611 0.000609429
119.043 0.000631653
127.263 0.000636645
122.749 0.000652882
127.034 0.000679299
129.238 0.000641764
123.268 0.000664077
124.407 0.000714474
125.265 0.000648867
124.406 0.00070038
123.59 0.000721185
124.171 0.00062406
123.529 0.000676376
120.248 0.000708417
123.405 0.000693426
125.283 0.00064813
124.07 0.000679731
123.636 0.000135743
126.979 0.000648104
119.812 0.000484319
123.087 0.000706657
125.085 0.000605918
121.886 0.000621831
126.96 0.000630597
125.334 0.000626655
126.924 0.000715241
127.075 0.000656818
126.865 0.000615658
121.46 0.000642853
122.094 0.000677671
122.77 0.000239881
125.272 0.000628204
127.328 0.000699024
123.407 0.000657454
121.115 0.000644591
125.483 0.000611725
121.064 0.000712651
121.467 0.00062125
126.521 0.000629982
122.071 0.000655476
123.098 0.00061401
122.822 0.000604288
125.73 0.000623941
125.096 0.000616221
124.128 0.000642688
123.408 0.00063862
123.17 0.000668434
128.845 0.000651857
122.629 0.000682195
125.037 0.000600815
125.209 0.00064668
123.295 0.000591191
125.027 0.000621899
-nan 0
122.281 0.000618179
123.159 0.000665093
118.711 0.00065754
126.034 0.000650627
123.167 0.000639302
125.924 0.000587705
124.739 0.000715125
126.049 0.00067463
124.875 0.000481783
120.907 0.000644357
127.077 0.000184531
119.967 0.000623194
122.242 0.00063244
122.382 0.000648782
123.073 0.000652572
123.994 0.000583628
126.405 0.0006243
125.478 0.000621076
124.18 1.13781e-05
127.841 0.000470784
124.387 0.000668765
125.771 0.000638663
128.04 0.000547053
123.493 0.000671313
124.864 0.000623254
123.829 0.000614141
123.388 0.000135047
120.316 0.000359082
120.731 4.26874e-05
116.313 0.000617233
125.046 0.000682935
124.724 0.000670878
124.577 0.000135265
126.685 0.000642454
126.113 0.000635254
122.75 0.00071967
126.137 0.00065137
122.912 0.000632456
121.634 0.000632477
128.79 0.000426277
125.124 0.000355748
124.492 0.000612558
123.838 0.000593363
125.081 0.000629502
125.883 0.000676574
128.502 0.000639973
123.157 0.000644058
129.469 0.000621836
125.756 0.000717336
126.354 0.000621543
118.783 0.000597834
123.283 1.89007e-05
122.542 0.000669251
125.311 0.000712106
126.337 0.000628935
116.652 0.000477739
122.778 0.000747235
120.319 0.00064585
126.14 0.000711292
120.65 0.000672147
120.831 0.00057877
120.786 0.00064207
124.897 0.00061676
127.671 0.000684794
123.217 0.000132047
129.99 0.000631748
127.906 0.000630145
115.034 0.000664544
125.595 0.000667591
125.589 0.000653377
124.741 0.000638619
125.435 0.00062273
125.324 0.000612228
125.929 0.000734242
124.123 0.000616623
131.568 0.000629785
123.646 0.000715122
134.039 0.000656626
123.949 0.000718617
130.836 0.000614639
115.076 0.000701733
118.918 0.000706125
123.563 0.000682842
122.534 0.000624105
120.773 0.000733442
125.391 0.000658209
128.405 0.000649344
120.62 0.000634583
127.301 0.000733966
123.882 0.000702541
121.489 0.000718588
125.744 0.000701407
124.181 0.000658445
123.085 0.000647578
119.612 0.000536852
120.797 0.000641688
126.339 0.000620619
124.313 0.000722508
124.996 0.000619009
124.923 0.000638316
124.352 0.000697208
126.051 0.000707785
124.804 0.000674838
124.255 0.000752211
131.283 0.000645968
121.921 0.000649412
125.812 0.000656443
119.796 0.000622547
125.924 0.000622673
125.371 0.000617426
-nan 0
127.992 0.00036998
125.461 0.000643161
126.977 0.000610894
126.702 0.000531975
126.667 0.000545646
116.497 0.000622988
126.111 0.000702077
120.14 0.000625622
118.631 0.000718437
125.883 0.00054858
121.738 0.000620945
122.863 0.000678577
124.975 0.000134825
127.27 0.000638484
116.387 0.000632172
125.494 0.000668689
123.764 0.000296433
124.846 0.000610778
123.372 0.000626
120.582 0.000483405
125.77 0.00071018
125.237 0.000184226
124.5 0.000721179
129.515 0.000610569
122.953 0.000612389
125.254 0.000648925
126.539 0.000673852
125.459 2.99055e-05
123.86 0.0006208
155.106 0.000592796
127.692 0.000192511
125.06 0.000620348
115.615 0.000715604
122.778 0.000101432
123.128 0.000680605
119.423 0.000652038
128.246 0.000651605
122.313 0.000135512
125.808 0.00070161
-nan 0
123.874 0.000621139
125.453 0.000636849
121.913 0.000619282
128.029 0.000626918
124.695 0.000623943
119.968 0.000681082
124.101 0.000644584
121.537 0.000575008
119.987 0.000647266
124.895 0.000708516
126.805 0.000672124
127.752 0.000651327
124.863 0.000658964
122.643 0.000664893
124.117 0.000630821
130.868 0.000615917
117.687 0.000644692
125.764 0.000721208
118.618 0.000699586
125.001 0.000648818
125.761 0.000709661
123.994 0.000711803
125.951 0.000633824
115.569 0.000681782
122.301 0.000642782
124.126 0.000658883
122.642 0.000613339
124.52 0.000612705
121.968 0.000649176
124.327 0.000632031
126.689 0.000667395
121.379 0.000705604
123.762 0.000661701
124.329 0.000650806
125.149 0.000590247
125.668 0.000677327
123.259 0.000708139
129.142 0.000728892
122.481 0.000618879
120.978 0.000644723
120.98 0.000592678
122.22 0.000631838
124.354 0.000654416
125.901 0.000622416
125.986 0.000614494
125.066 0.00064834
121.155 0.000613158
125.725 0.000644314
124.796 0.000645018
125.882 0.00064791
124.039 0.000749839
126.168 0.000641366
124.302 0.000635666
121.008 0.000557966
122.005 0.000650855
124.044 0.00067139
124.736 0.000136259
125.211 0.000716997
120.49 0.000634167
123.802 0.000658536
128.663 0.000638764
121.001 0.000705201
124.15 0.00070234
118.967 0.000693963
124.144 0.000588875
123.987 0.000636838
122.125 0.000595556
124.279 0.00067442
123.609 0.00029502
127.991 0.000609437
121.485 0.000658907
127.042 0.000616161
124.146 0.00068837
123.155 0.00063154
124.627 0.000614943
125.982 0.000693608
122.703 0.000519954
119.056 0.000620938
135.821 0.000627006
124.275 0.000706777
122.709 0.00067222
125.461 0.000654589
125.385 6.66755e-05
122.67 0.000716833
123.163 0.000656524
118.903 0.000707387
124.235 0.000699077
120.591 0.000686289
116.986 0.000628533
126.293 0.000659167
126.76 0.000592539
123.61 0.000585766
132.719 0.000667791
118.161 0.00066628
124.818 0.00062642
125.958 0.000701773
124.114 6.92415e-05
121.335 0.000618314
130.295 0.000655528
125.358 0.000646821
123.736 0.000737173
123.925 0.000652588
125.232 0.00064765
119.3 0.000674256
125.393 0.000627368
125.951 0.000630388
121.204 0.000635823
124.166 0.000691528
124.301 0.000624251
125.854 0.000696946
124.349 0.00066082
115.056 0.000654149
124.338 0.000698342
120.295 0.000420382
124.212 0.00068894
122.857 0.000645499
125.622 0.000616858
122.25 0.000718726
124.382 0.000639188
126.108 0.00062874
125.279 0.00013879
121.423 0.000599881
128.784 0.000621203
123.804 0.000579798
123.775 0.000623893
121.612 0.000643215
132.995 3.00742e-05
120.306 0.00063302
117.966 0.000715668
125.288 0.000651448
124.28 0.000628321
127.912 0.000644435
124.894 0.000624706
124.903 0.000641698
122.631 0.000698537
123.804 0.000134652
125.624 0.000632646
126.424 0.000617326
121.691 0.000663784
148.249 0.000185853
124.124 0.000612827
127.847 0.000621711
123.855 0.000624922
123.868 0.00065726
124.444 0.000631225
122.972 0.000673474
124.97 0.000632554
121.316 0.000621757
125.794 0.000623239
126.345 3.0403e-05
125.469 0.000652179
120.094 0.00071736
120.139 0.000711655
127.835 0.000620806
116.988 0.000598864
121.232 0.000668038
125.523 0.000595924
124.754 0.000101058
126.745 6.93693e-05
123.265 0.000244422
123.85 0.000628047
122.252 0.000606175
125.96 0.000635722
128.729 0.000656827
125.286 0.000637721
124.883 0.000628959
125.028 0.000183043
128.753 6.77425e-05
126.258 0.000665787
122.19 0.000634106
128.425 0.000735933
126.991 0.00061711
122.372 0.000655817
125.19 0.000622237
128.095 0.0007208
126.933 0.000635785
123.432 0.000624369
125.264 0.000669903
123.755 0.00061421
126.875 0.00069062
120.535 0.000595881
125.893 0.000618149
125.425 0.000656496
125.83 0.00070519
127.902 0.000589504
123.218 0.000624918
122.102 0.000672402
118.24 0.000608662
121.28 0.000485771
121.348 0.000720187
123.353 0.000643829
121.532 0.000603493
122.575 0.000633305
124.866 0.000708083
125.46 0.000634337
122.243 0.000613217
126.611 4.60139e-05
132.315 0.000380124
123.866 4.37969e-06
125.645 0.000706133
124.641 0.000597572
123.954 6.77678e-05
123.424 0.000584643
122.084 0.000676635
123.779 0.000647789
124.355 0.000680016
128.008 0.000624149
122.222 0.000621153
123.757 0.00042068
122.735 0.000607484
122.09 0.000604205
127.025 0.000625659
122.255 0.000683138
123.484 0.000733473
124.792 0.000706106
124.048 0.000703694
120.159 0.000711489
121.831 0.000619346
130.906 0.000647742
125.352 0.000587567
120.857 0.000657798
127.024 0.000666407
124.078 0.000614273
126.501 0.000636148
128.61 0.000636509
127.049 0.000679528
121.489 0.000656882
128.944 0.000185659
126.042 0.000612439
128.795 0.000656886
125.072 0.000619952
124.138 0.000640192
121.97 0.000707873
125.002 0.00059574
122.604 0.000709743
124.812 0.000617541
125.935 0.000692667
121.827 0.000800659
122.298 0.000613241
124.511 0.000592422
128.822 0.000633928
123.981 0.000633713
125.942 0.000418927
125.301 0.000638243
123.514 0.000648317
117.881 0.000673418
121.075 0.000669006
119.597 0.000625388
119.046 0.000607031
125.817 0.000658206
126 0.000621104
127.821 0.000677405
125.532 0.00062599
122.589 0.000601237
124.072 0.000583318
123.335 0.000635428
123.631 0.000718161
117.259 0.000499713
120.767 0.000706816
125.5 0.000536144
124.152 0.000427211
121.193 0.0006115
129.805 0.000622908
122.195 0.000716161
124.54 0.000703851
125.578 0.000688567
126.821 0.000658463
124.957 0.000364799
124.069 0.000652423
127.868 0.000642722
124.35 0.000626605
122.413 0.000630209
122.528 0.000646604
132.685 0.000734168
122.449 0.000667604
124.975 9.37732e-05
123.365 0.000633011
120.279 0.000654218
124.319 0.0006331
126.978 0.000621521
121.072 0.000656774
124.568 0.000642797
125.236 0.000746162
125.741 0.000722291
123.972 0.000685664
125.605 0.000674446
129.126 0.000715911
124.336 0.000625689
119.378 0.000368713
125.71 0.000625275
126.518 0.000648201
122.667 0.000691588
121.533 0.000677875
125.562 0.000592298
122.012 0.000708163
124.528 1.89584e-05
121.408 0.000605126
121.793 0.000626543
120.698 0.000645472
123.245 0.000735131
128.477 0.000651681
124.868 0.000621845
125.082 0.000687179
126.385 0.000611917
124.681 0.000556833
121.241 0.000626976
125.892 0.000630819
124.424 0.000184817
122.756 0.000419241
127.132 0.000758073
124.986 0.000649903
126.121 0.000647148
124.584 0.00065204
123.826 0.000299429
125.571 0.000687281
127.106 0.000591201
125.766 0.000626069
126.298 0.00070493
123.903 0.000661969
127.231 0.000652896
125.667 0.000687352
132.982 0.000656892
124.511 0.000657012
125.543 0.00063202
120.901 0.000302003
123.662 0.000654104
125.366 0.000483225
125.016 0.000673379
123.189 0.000180546
122.603 9.72191e-05
117.588 0.000180861
120.41 0.000709518
124.665 0.000591649
125.068 0.000592055
121.51 0.000624403
124.484 0.000622805
121.618 0.000711092
125.707 0.000615402
125.353 0.000639123
125.753 0.00018318
121.541 0.000667255
123.795 0.000620282
123.012 0.000609557
121.499 0.000588966
123.8 0.000642011
124.82 0.000706953
125.763 0.00061617
122.714 0.000629149
124.68 0.000718072
123.476 0.000720924
123.633 0.000629871
125.278 0.000645032
126.712 0.000700642
123.941 0.000639962
123.333 0.000713532
125.397 7.02097e-05
128.009 0.000648545
122.283 0.00063301
126.463 0.000640259
125.304 0.000623751
118.627 0.000607209
122.932 0.000691314
125.745 0.000655582
120.484 0.000714044
124.901 0.000640397
124.767 0.000695859
124.077 0.000431856
126.127 0.000636976
122.609 0.000867779
125.62 0.000619845
124.859 0.000430089
124.13 0.000652152
128.313 0.000590066
127.453 0.000567316
128.476 0.000609099
124.213 0.000706603
129.167 0.000623796
123.689 0.000661886
121.995 0.000625078
121.591 0.000601292
125.72 0.000671024
120.449 0.000691081
126.764 0.00061959
119.987 0.000589188
117.108 0.000641516
124.448 0.000499679
125.926 0.000628715
125.873 0.000650729
119.917 0.000630315
118.898 0.000603234
120.897 0.000649235
125.163 0.000642626
122.201 0.000653155
123.278 0.000617602
120.309 0.000586995
123.365 0.000735974
126.117 0.0006537
125.911 0.000649926
123.379 0.000297416
127.885 0.00062373
129.247 7.34174e-06
123.355 0.00069018
127.337 0.000707139
125.002 0.000617085
127.242 0.000608023
124.89 0.000709837
117.11 0.000679994
125.565 0.000590828
128.879 0.000648878
122.429 0.000630214
118.217 0.000711357
122.249 0.000567121
122.139 0.00060737
126.84 0.00042398
123.819 0.000620073
122.982 0.000646238
120.609 0.000188221
122.626 0.000641709
117.745 0.000715666
126.413 0.000715528
124.5 0.000607317
123.318 0.000639093
123.776 0.000666665
119.458 0.000659111
121.327 0.000630977
121.11 0.00063671
125.899 0.000618131
122.484 0.000634024
129.773 0.000599865
118.436 0.000647913
117.405 1.86151e-05
123.285 0.000758911
120.59 0.000615707
121.159 0.000654778
122.063 0.000649117
115.861 0.0006537
123.135 0.000623209
125.22 0.000646748
127.43 0.000621145
122.58 0.000506974
122.096 0.00061827
124.249 0.000643581
123.405 0.000622412
125.108 0.000667471
125.046 0.000624652
121.187 0.000654881
125.345 0.000540025
128.864 0.000646699
126.25 0.00064506
128.167 0.000647796
123.971 0.0005748
126.786 0.000631739
120.081 0.000697125
125.364 0.000613901
121.485 0.00065582
123.72 0.000667229
124.967 9.85556e-05
120.379 0.000686054
120.905 0.000649605
123.931 0.000661336
123.633 0.000620571
127.417 3.01345e-05
117.716 0.000704232
125.107 0.000669602
120.783 0.000703832
127.826 0.000669956
126.038 4.04507e-06
126.441 0.000607688
124.43 0.000709463
120.328 0.000624302
125.238 0.000625506
125.294 0.000614693
125.34 0.000720239
120.663 0.000621817
125.486 0.000647132
125.897 0.000613291
123.102 0.000643119
126.527 0.00061955
124.331 0.000709859
126.299 0.000535391
131.552 0.000620459
125.011 0.000623361
122.895 0.000655658
124.897 0.000517503
124.707 0.000622506
122.925 0.000137273
127.942 0.00013087
128.542 0.000513243
127.114 0.00070666
124.705 0.00070696
125.043 0.000644363
119.028 0.00063212
119.812 0.00062229
124.712 0.000643071
122.535 0.00059902
125.565 0.000670106
126.437 0.000648089
126.478 0.000710986
125.739 0.000578518
122.578 0.000717607
124.961 0.000628322
122.16 0.000739484
126.831 0.000629128
134.176 0.000631831
120.159 0.000479238
119.614 0.000640391
128.431 0.000664431
124.314 0.000703793
126.771 0.000362814
124.985 0.000643821
127.227 0.000604983
121.522 0.000661785
122.251 0.000654981
123.363 0.00063688
-nan 0
125.937 0.000616184
115.669 0.000622454
126.406 0.000639857
122.149 0.000656769
121.913 0.000620465
126.288 0.000679682
123.114 0.000702806
126.532 0.000703954
124.838 0.000139439
125.3 0.000712078
122.588 0.00061923
123.191 0.000630525
125.273 0.000621895
123.501 0.000714069
122.174 0.000641233
129.952 0.000592673
124.835 0.000629558
125.642 0.000618605
126.737 0.000492334
121.78 0.000618261
122.507 0.000539463
127.501 0.000644236
125.396 0.000616944
123.846 0.000649357
118.869 0.000625595
124.817 0.000633581
128.12 0.000598787
119.397 0.000610692
123.546 0.000640847
126.576 0.000687066
122.436 0.000630355
123.827 0.00064883
123.127 0.000654544
130.579 0.000622391
125.743 0.000603807
123.167 0.000723984
127.628 0.000616372
124.608 0.000635189
123.349 0.000240664
123.607 0.000627174
125.253 0.000622291
122.775 0.000644766
120.786 0.000645283
120.355 0.000652096
124.796 0.000649909
123.267 0.000653659
126.752 0.000621433
123.897 0.000627394
124.141 0.000673641
122.038 0.00065174
123.651 0.000668274
124.419 0.000185527
118.399 0.00069943
126.525 0.000617946
126.407 0.000629612
126.842 0.000646006
123.777 0.000644829
126.752 0.000706076
127.189 0.000630027
121.721 0.000669418
120.181 0.000718342
122.909 0.000623739
123.685 0.000663505
126.052 0.000732433
123.386 4.27177e-06
126.896 0.000656113
127.936 0.000652275
122.253 0.000683718
121.274 0.000456702
123.051 0.00064854
123.942 0.000656052
121.007 0.000601678
126.454 0.000645304
120.302 0.000623137
124.967 0.000553767
119.529 0.000652515
123.758 0.000718092
116.356 0.000677904
125.426 0.000648793
124.378 0.000641828
122.78 0.000707563
123.734 0.000703984
124.559 0.000655342
125.076 0.000573264
124.506 0.00035754
126.192 3.96415e-07
125.118 0.000648941
118.654 0.000612608
125.674 0.000630425
117.4 0.000649936
116.177 0.000700237
122.539 9.74253e-05
124.725 0.000633381
126.287 0.000634074
118.699 0.000648079
121.243 0.000671502
127.668 0.000651565
124.417 0.000694294
125.543 0.000713736
124.129 0.000650026
125.879 0.000626497
115.978 0.000640968
125.577 0.000163259
126.982 0.000639643
120.182 0.000629373
126.588 0.000720936
123.643 0.000626032
124.522 0.000619295
125.544 0.000187951
121.462 0.000652827
125.955 0.000746102
123.239 0.000607477
123.374 0.000642298
119.079 0.000694009
120.666 0.000641858
125.12 3.01723e-05
124.58 0.000651924
130.43 0.000619266
126.369 0.000642157
127.593 0.000717938
119.173 0.000707655
122.714 0.000654893
125.829 0.000655173
122.525 0.000630353
128.419 0.000572862
124.969 0.000641574
132.419 0.000588913
121.817 0.00069771
125.517 0.000651384
122.619 0.000652689
125.581 0.000569745
124.058 4.60696e-05
125.716 0.000657545
124.063 0.000597054
124.948 0.000684276
125.988 0.000635542
122.005 0.000579438
122.753 0.000614712
118.495 0.000624901
132.019 0.000654042
124.768 0.000621261
121.554 0.000652454
123.314 0.000738602
126.234 0.000732614
124.592 0.00070712
125.392 0.00062617
124.464 0.000659474
125.515 0.000661159
123.13 0.000675783
124.026 0.000650752
125.227 0.000584089
124.771 0.000618229
120.499 0.000298421
-nan 0
123.709 0.000591271
124.022 0.000643325
117.76 0.000727248
125.284 0.000596898
123.595 0.000656723
125.234 0.000690922
120.378 0.000609716
122.858 0.000706212
116.623 0.000602095
123.618 0.000636209
115.642 0.000637566
124.655 0.000708351
129.851 0.000715643
119.705 0.000855721
126.657 0.000584701
125.126 0.000626846
127.035 0.000622727
118.577 0.000625296
124.583 0.000249386
126.733 0.000138451
117.143 0.000648867
125.323 0.00064729
121.233 0.000636647
126.265 0.000707463
124.733 0.00059119
123.312 0.000629068
122.209 0.000587987
127.346 0.000703305
125.57 0.000623325
127.752 0.000648783
122.552 0.000684117
123.113 0.000135884
124.928 0.00072243
131.943 0.000625711
122.337 0.000621861
118.807 0.000423709
123.872 0.000593462
123.301 0.000632261
124.99 0.000649668
120.701 4.41242e-05
119.121 0.00063356
117.822 0.000632007
126.431 0.000616068
124.85 0.000706808
116.749 0.000722647
124.371 0.000561165
125.594 0.000639574
124.934 0.000646177
125.777 4.41984e-05
118.748 0.000627186
124.777 9.7273e-05
126.302 0.000632386
127.107 0.000640207
125.375 0.000361272
121.06 0.000601616
117.679 0.000479521
127.95 0.000647133
117.005 0.000632349
124.966 0.000633455
126.1 0.000641735
117.747 1.60893e-06
123.833 0.000639394
124.433 0.000695879
127.205 0.000618002
125.496 0.000636009
125.495 0.000645019
121.763 0.00062262
128.128 7.33315e-06
126.883 0.000659158
128.567 0.000637456
123.842 0.000646084
126.167 0.000632005
122.361 0.000708102
121.956 0.000680485
121.937 0.000617267
127.16 0.000631961
126.025 0.000578315
126.83 0.000624102
122.477 0.000673262
121.641 0.000641593
123.956 0.000638171
121.934 0.000714925
125.988 0.000653302
118.869 0.000709557
124.637 0.000548781
123.303 9.67741e-05
126.219 0.000613475
126.932 0.000645198
122.798 0.000576046
127.566 0.000631051
128.03 0.000587884
124.314 0.000626094
124.943 0.000568906
125.465 0.000645381
124.662 0.000632554
127.257 0.000657586
125.779 0.000181154
121.25 0.000728177
124.817 0.000613554
124.803 0.000646716
123.301 0.000621085
122.823 0.000622527
122.772 0.000627649
123.323 0.000649734
123.568 0.000642148
123.279 0.000621437
118.245 0.00062828
125.729 0.000696321
123.333 0.000707133
127.885 0.000539299
127.874 0.000594682
123.947 0.000625956
124.397 0.00069738
123.55 0.000622727
121.053 0.000642914
127.928 0.000643629
116.795 0.000621262
123.936 0.000728624
118.422 0.000681518
130.685 0.000704097
127.333 0.000691934
120.663 0.00069909
118.631 0.000652156
123.679 0.000662483
125.665 0.000700554
123.986 0.000624789
125.988 0.000620004
128.103 0.000669032
124.923 0.00060232
121.432 0.000674503
121.03 0.00068705
132.506 0.000647737
125.229 0.000647756
127.259 0.000516505
126.525 0.000617944
124.844 0.000730654
124.942 0.000493089
124.562 0.000630218
123.617 0.000646864
122.28 0.000653159
121.342 0.000614792
122.931 0.000625627
124.133 0.0004945
128.925 0.000392057
123.682 6.98479e-05
128.468 0.000666494
122.104 0.000691537
122.965 0.000701279
123.158 0.000627583
126.157 0.000182476
125.212 0.000635121
124.181 0.000636733
123.086 0.000701861
123.976 0.00062537
123.258 0.000618657
125.558 0.000669736
117.887 0.000749306
123.466 0.000702761
123.476 0.000604123
125.819 0.000627098
121.02 0.000650731
119.517 0.000610367
122.863 0.000680606
126.64 0.000611587
121.308 0.000625455
125.923 0.000633298
124.323 0.000645419
124.192 0.000623976
126.005 0.000627248
127.272 0.000631805
116.417 0.00061359
-nan 0
122.502 0.000631521
129.414 0.000599916
119.493 0.000678805
133 0.000621714
121.817 0.00066509
117.278 0.000656303
123.06 0.00063657
124.526 0.000634762
123.048 0.0006609
125.518 0.000608715
120.261 0.00038752
-nan 0
120.663 0.000135419
127.092 0.000611659
126.034 0.000630627
124.595 0.0006785
125.206 0.000632623
120.024 0.000581818
116.731 0.000787042
125.736 0.000630922
124.467 0.000615266
125.174 0.000699601
125.401 0.000724167
124.773 0.000662364
119.387 0.00065978
126.797 0.000758804
125.162 0.000614289
122.738 0.000661153
122.527 0.000639755
116.134 0.000660637
122.438 0.000634574
123.713 0.000646864
124.366 4.35439e-06
125.351 0.00065966
127.048 7.47114e-06
122.858 0.000623935
122.714 0.000723492
125.417 0.000597195
125.3 0.00068706
128.816 0.000628669
124.354 0.000661219
124.264 0.000712236
123.141 0.000667385
124.787 0.000618509
122.374 0.000646909
123.742 0.000635996
128.029 0.000624981
123.835 0.000644174
123.672 0.000672257
123.189 0.000602493
120.527 0.000684782
123.838 0.000694127
125.768 0.000646668
125.614 0.000724454
125.494 0.000238584
127.079 0.000664613
116.514 0.000588255
122.984 0.000630142
125.008 0.000694043
123.931 0.000626506
126.426 0.000652037
123.782 9.61667e-05
118.317 6.62592e-05
122.069 0.000623082
126.216 0.000583442
124.736 0.000699357
128.213 0.000255707
125.433 2.61078e-06
122.981 0.000384337
122.067 0.000741466
125.515 0.000289902
123.006 0.000616105
126.888 0.000636547
127.904 0.000643367
123.583 0.000622754
121.788 0.000682404
115.611 0.000681744
120.429 0.000672051
124.801 0.000630763
123.506 0.00023955
122.797 0.000602023
123.347 0.000652944
123.778 0.000637734
132.623 0.000620995
133.949 0.000653068
127.761 0.000617566
119.928 0.000625371
125.279 0.000630163
122.795 1.23641e-05
125.196 0.000641703
124.778 0.000621257
121.447 0.000462312
127.213 0.000709078
125.472 0.000713343
125.234 0.000564226
123.669 0.000705954
124.781 0.000636567
126.158 0.000652034
125.748 0.000682862
127.222 0.000365137
123.174 0.000616001
123.191 0.000619936
123.957 0.00062866
125.345 0.000663172
120.869 0.000686586
122.441 0.000677052
127.74 0.000654546
124.405 0.000661414
124.463 8.72251e-07
123.975 0.000711205
126.14 0.000689836
130.199 0.000620309
127.677 0.000723605
128.093 0.000636756
124.384 0.000634451
121.345 0.000565601
125.436 0.000622876
122.52 0.000623949
123.396 0.000632315
126.419 0.000627838
124.51 0.000623577
123.189 0.000612839
123.925 0.000656534
125.169 0.000660043
123.301 0.000651876
118.129 0.000631159
121.976 0.000649898
123.562 0.000591457
132.143 0.000695934
123.084 0.00065276
125.419 0.000184938
124.888 0.000651259
126.318 0.000701813
125.763 0.000599476
122.622 0.000719048
122.853 0.0006615
125.164 0.000640513
126.101 0.000649984
119.26 0.000606052
123.138 0.000555016
127.051 0.000653744
121.316 0.000640362
124.133 0.000613265
124.81 0.000615018
123.071 0.000694954
124.384 0.000664979
122.111 0.000682124
124.145 0.000671694
121.283 0.000605112
123.027 0.000699315
128.486 0.000676519
124.23 0.000719661
124.608 0.000766107
131.17 0.000603974
124.556 0.00067914
122.858 0.000683856
128.479 0.000680321
118.173 0.000585163
121.026 0.000641783
124.726 0.000656596
115.513 0.000605946
122.74 0.000669444
124.773 0.000668304
123.993 0.000690038
121.057 0.000609832
126.67 0.000718536
123.209 0.000754354
123.4 0.000625696
126.241 0.000649891
118.422 0.000582474
124.152 0.000632089
125.404 0.000608212
124.564 0.000642618
120.522 0.000714342
121.836 0.000653964
121.517 0.000597357
119.333 0.000603593
123.868 0.000676705
120.037 0.000631086
126.083 6.72574e-05
124.034 0.000313824
123.306 0.000692617
122.501 1.90751e-05
129.01 0.000630736
124.712 0.000608122
126.013 0.000631993
124.243 0.000674107
117.725 0.000638998
126.722 0.000634475
125.784 0.000645891
123.863 0.000642979
119.925 0.000593761
126.063 6.84984e-05
124.991 0.000626807
123.722 0.000691835
119.858 0.000699385
125.137 0.000604962
120.336 0.0006484
125.18 0.000628918
128.35 0.000635105
122.654 0.000682433
120.785 0.000580414
124.354 0.000580808
123.343 0.000628155
120.952 0.000641112
126.062 4.55758e-05
126.175 0.000136079
123.392 0.000587565
126.667 0.000682594
124.9 0.000478953
128.426 0.000634866
117.843 0.000701128
124.239 0.000632323
117.957 0.000653176
126.608 0.000727439
124.481 0.000649307
123.755 0.000739981
125.075 0.000621534
121.948 0.000620579
123.531 0.000655173
125.722 0.000644043
117.434 0.000624463
123.468 0.000590535
122.17 0.000620561
121.197 0.000671743
128.742 0.000652063
124.251 0.000482493
123.451 0.000539475
121.618 0.000627142
120.814 0.000660121
124.917 0.0006221
124.299 0.000651461
123.057 0.000705241
123.269 0.00067574
122.579 0.000654906
124.078 0.000619431
125.222 0.000676995
117.938 0.000668992
122.529 0.000707563
129.633 0.000634148
125.406 0.00064729
126.716 0.000650057
122.954 9.44975e-07
121.461 0.000578505
124.018 0.000626796
119.425 0.000574325
124.511 0.000693534
