126.811 0.00150732
120.711 0.000424185
119.298 0.00159396
125.655 0.0015937
126.744 0.00159549
129.535 0.00152207
132.373 0.0011672
132.488 1.00913e-05
130.923 0.00134333
129.323 0.00145793
132.302 0.0015203
124.815 0.000107298
126.907 0.00163894
127.552 0.00149728
129.704 0.00172254
130.059 0.00157671
130.429 0.000672637
128.213 0.00146705
127.968 0.00145032
130.983 0.00162626
120.124 6.10632e-06
129.676 0.00147235
122.497 0.00149479
126.639 0.00161905
129.85 0.00146759
130.161 0.00147147
129.71 0.00147457
123.894 0.00160228
129.418 0.00151499
126.961 0.00165219
130.129 0.00150907
128.529 0.00154459
126.474 0.00145365
128.74 7.17125e-05
128.618 0.00161515
126.492 0.00140235
128.031 0.00154737
126.732 0.00158201
130.873 0.0014716
132.722 0.00151569
126.953 0.00142968
126.544 0.00151159
130.565 0.00144446
129.113 0.00113702
123.102 0.000435126
127.327 0.00145911
130.13 0.00141986
130.624 0.00160065
132.842 0.0014555
129.302 0.00136676
128.828 0.00161138
125.085 0.00151184
128.042 0.00042468
129.515 0.00145509
127.876 0.00149133
131.264 0.00152183
130.488 0.00158213
128.152 0.00171614
132.035 0.00169391
130.887 0.00144193
122.896 0.00145983
126.735 0.00016034
128.088 0.0015271
130.026 0.000155713
129.651 0.00167264
132.475 0.000698406
126.958 0.00150598
129.47 0.00146617
124.689 0.00148002
129.084 0.00162736
131.357 0.00146544
127.323 2.7868e-05
129.187 0.00145901
127.767 0.00147824
128.975 0.00153114
128.22 0.000566782
128.666 0.00157142
129.451 0.00161321
125.545 0.00151873
127.04 0.00144834
135.553 0.0014848
128.099 0.00151294
125.367 0.00148776
134.229 0.00126715
130.138 0.00010615
131.627 0.00161739
130.066 0.00148509
129.038 0.0015342
126.016 5.871e-06
131.481 0.00145651
128.054 0.00137104
128.46 2.83225e-05
125.997 0.00126777
136.823 0.00149806
129.963 0.00165218
132.781 0.00148183
128.724 0.00152079
128.121 0.00153043
129.509 0.00143555
131.173 0.00122571
128.813 0.00145571
129.346 0.00133733
131.209 0.00143102
127.872 0.00156048
135.397 0.00149304
130.881 0.00151182
120.572 0.00169746
128.795 0.00154739
132.69 0.00163578
129.932 0.00144369
130.744 0.00143386
130.323 0.00164263
134.679 0.00174045
131.373 0.00152883
125.831 0.00150053
128.441 0.00151832
127.817 0.00144819
131.624 0.0014682
126.914 0.00165139
127.884 0.00149875
119.827 0.00158584
130.712 0.00146671
130.891 0.00144643
128.57 0.00167104
129.169 0.00154029
118.262 0.00146924
127.883 0.000156102
130.707 0.00145569
125.575 0.00143362
128.487 0.00146408
132.084 0.00151676
128.466 0.00144717
129.605 0.00145995
131.114 0.00142941
129.106 0.000314011
131.39 0.00153122
131.455 0.00167675
126.709 0.00166562
130.986 0.00175481
131.851 0.000157774
129.064 0.000979665
130.38 0.0014542
128.22 0.0014821
125.223 0.0012113
128.135 0.00143494
130.697 0.000164526
131.888 0.00126177
131.914 0.00165086
128.826 0.000989616
130.428 0.000830925
130.798 0.00144979
129.953 0.00146481
129.887 0.00146502
129.854 0.00142988
129.009 0.00157192
131.241 0.00154873
130.607 0.00167584
129.825 3.5747e-06
130.233 0.00156444
132.798 0.00151268
127.82 0.00147872
129.817 0.00159044
124.672 0.00145397
128.492 0.00153399
131.007 0.00151854
128.436 0.00151621
130.228 0.00148
131.29 0.00166829
127.888 0.00146532
129.987 0.00159731
127.647 0.00152241
132.186 0.00166078
129.271 0.00163386
120.941 0.00165565
129.243 0.00152772
130.631 0.00149051
126.774 0.00163686
128.203 0.000873908
128.226 0.00147342
124.251 0.00159977
129.207 0.00165873
128.228 0.00147044
123.446 0.00147235
122.176 0.00147079
123.91 0.00169002
127.127 0.00145284
127.762 0.00144669
126.049 0.00146045
130.014 0.000560955
128.136 0.00164726
129.096 0.00165859
127.302 0.00166925
131.363 0.00158366
129.982 0.00148697
130.594 0.00166408
129.592 0.00145946
121.092 0.00143966
125.509 0.00125426
130.912 0.0016472
129.015 0.00126074
131.828 0.00151666
126.861 0.000695766
125.478 0.00156649
128.32 0.00169127
123.163 0.00136323
128.466 0.00133398
126.702 0.00145955
128.566 0.00162378
129.546 0.00166719
132.955 0.00147682
127.134 0.00136777
130.421 0.00156369
131.902 0.00154401
129.023 0.0014626
126.118 0.000555378
129.07 0.00143037
125.175 0.00143231
132.574 0.00153354
121.528 0.00152585
133.668 0.00126109
134.338 0.00156911
119.213 0.00150692
129.774 1.05904e-05
127.316 0.000228784
127 0.00148969
130.714 0.0015081
127.481 0.00161556
131.578 0.00145432
127.711 0.00165437
118.221 0.000711602
134.103 0.00148208
128.735 0.00152863
128.976 0.0014954
130.006 0.00144533
128.38 0.00147578
122.103 0.00131977
131.927 0.00163441
136.072 0.00156923
124.483 0.00146362
131.982 0.0014441
129.054 0.00142686
130.323 0.00146364
123.723 0.00132392
127.41 0.0016376
124.815 0.00165576
119.225 0.00154714
132.858 0.00148998
130.778 0.00143299
129.607 0.0012463
131.285 0.000431179
126.607 0.00164961
136.281 0.00165692
129.055 7.07792e-05
129.415 0.001437
131.921 0.00146932
129.015 0.00170553
128.789 0.00146807
126.902 0.0015903
129.424 0.00150146
133.546 0.00166967
130.595 0.00151652
128.05 0.00143451
120.956 0.00169301
131.584 0.0016572
130.325 0.00168883
129.754 0.00152921
128.011 0.00152846
133.234 0.00152579
131.269 0.00146903
128.462 0.00161447
123.672 0.00142712
125.996 0.00159859
129.867 0.00145444
126.462 0.00163905
128.341 0.00162227
130.286 0.00161745
129.811 0.00137676
131.89 0.000209505
126.853 0.000569539
127.599 0.00165369
131.453 0.0015411
129.912 0.00146858
127.39 0.00147975
130.753 0.00157937
133.101 0.00156496
128.543 0.00164855
133.164 0.00145444
132.082 0.00164708
127.352 0.0016162
131.839 0.00147105
129.14 0.00157371
130.673 0.00156216
127.54 0.00042754
128.95 0.00144258
129.528 0.00142415
130.625 0.00150231
128.652 0.0014903
127.137 0.00146391
130.945 0.00153687
131.359 0.00142267
129.293 0.00144448
127.998 0.00165031
123.728 0.00145976
127.027 0.00146409
131.923 0.000224792
131.541 0.000843119
118.35 0.00144045
130.389 0.00167708
130.781 0.00142432
122.976 0.00148152
129.147 0.0015435
130.831 0.00147871
128.903 0.00152272
128.336 0.00153523
127.744 0.00142278
132.1 0.00144598
128.261 0.00143743
129.742 0.00159456
129.506 0.000218032
122.112 0.00144719
126.013 0.00146138
129.93 0.00145933
130.539 0.00149627
128.789 0.000105688
126.739 0.00140067
133.439 0.0016232
124.105 0.00150968
130.185 0.00154526
124.904 0.00146007
131.165 0.00151069
129.238 0.00164116
132.473 0.00140991
133.067 0.00145073
134.06 0.00155561
132.792 0.00154951
119.947 0.00160795
130.198 0.00146843
129.402 0.00146718
131.526 0.000839401
128.905 0.00138921
128.767 0.00174583
125.679 0.00015896
126.519 0.00160878
125.724 0.00166998
134.979 0.00145037
127.352 4.81363e-05
128.958 0.000111349
130.878 0.00145232
129.89 0.00150267
129.755 0.00171008
129.214 0.00149904
125.621 0.00161063
131.147 0.00112091
127.352 0.00147668
126.412 0.00164358
130.245 0.00146696
128.767 0.00151473
127.256 0.00173476
134.589 0.00152555
132.714 0.00147392
131.052 0.00164623
127.324 0.00152609
131.001 0.00164439
138.113 0.00153773
129.875 0.00168036
129.499 0.00144866
129.46 0.00058276
130.864 0.0014698
129.534 0.00151056
127.29 0.00146306
133.683 0.00139227
130.304 0.0014913
128.305 0.00164237
128.053 0.00126415
131.024 0.00166003
129.258 0.00114336
129.332 0.00147727
130.36 0.00149581
131.848 0.00157861
132.135 0.00150503
132.078 0.00150504
125.428 0.0014247
124.841 0.0013054
131.912 0.0015856
130.291 0.00147018
127.209 0.0012533
135.182 0.00157628
129.672 0.001517
127.868 0.00125002
128.285 0.00144362
131.183 0.00151226
131.72 0.00162574
129.945 0.00150643
127.24 0.00140741
122.45 0.00144769
131.495 0.00146321
131.006 0.00166838
135.086 0.001399
131.481 0.00143489
129.172 0.0015385
127.572 0.00148146
128.426 0.00165972
130.06 0.00164816
123.849 0.0016441
131.82 0.00124364
130.176 0.00165661
127.196 0.00144603
129.954 1.6985e-05
124.788 0.00141818
130.542 0.00125696
123.748 0.001599
130.197 0.00142661
129.733 0.00150225
128.747 0.00147155
125.407 0.00168061
129.796 0.00165613
133.235 0.00150343
131.317 0.00144144
132.026 0.00148309
129.152 0.00144898
133.037 0.00174966
128.149 0.00152075
129.508 0.001532
128.598 0.00156218
129.829 0.00145309
134.512 0.00122443
132.821 0.00164427
127.171 0.0014548
121.191 0.00148337
129.02 0.00140265
120.1 0.00169639
130.92 0.00151611
129.767 0.00143868
127.205 0.00141889
121.799 0.00153641
129.417 0.00144202
129.222 0.00142074
130.77 0.00150381
124.266 0.00168097
120.981 0.00164277
130.641 0.00148577
129.327 0.00145835
129.222 4.39279e-05
127.522 0.00147581
129.262 0.0014368
129.512 0.00153635
134.573 0.00153471
131.041 0.00144173
131.449 0.00133667
128.874 0.00156726
129.439 0.00146039
124.596 0.00144594
129.685 0.00143192
125.312 0.00149168
127.172 0.00151273
130.407 0.00166837
130.828 0.00174847
124.131 0.00152046
128.956 0.00144771
126.58 0.000553014
130.409 0.00154866
119.257 0.00161973
130.65 0.00133906
126.174 1.72654e-05
130.101 0.00161934
130.416 0.00043245
129.604 0.00166025
122.886 0.00138572
131.199 0.00151976
128.735 0.00136558
132.337 0.00153501
129.716 0.00169586
128.853 0.00149757
129.981 0.00166003
131.231 0.00208694
123.609 0.00139754
137.041 0.00148167
128.537 4.53875e-05
127.147 0.00153655
127.755 0.00150393
126.368 0.00145246
127.996 1.02224e-05
127.778 0.00153778
129.235 0.000431872
124.374 0.000455498
136.473 0.00150657
131.914 0.00145038
128.379 0.000976919
128.129 0.000320528
124.897 0.00151101
127.802 0.00150712
130.644 0.00146769
125.9 0.00155563
134.018 0.00146448
129.932 0.00148384
129.126 0.00153099
132.195 0.00147595
127.369 0.00160906
125.325 0.000218912
129.148 0.00145106
131.357 0.00101033
129.635 0.00148662
120.958 0.00160071
