127.658 0.00155999
129.609 0.00145009
127.953 0.00168057
133.836 0.00146428
130.672 1.66976e-05
126.884 0.00138159
130.235 0.000105323
122.048 0.00166881
129.644 0.0015215
128.125 0.00138801
122.82 1.67509e-05
124.913 0.00161126
128.688 0.00151024
129.814 0.00166165
128.126 0.00158232
128.682 0.00162989
133.078 0.00143414
128.024 4.39396e-05
132.993 0.00139666
127.947 0.00141077
135.591 0.00158565
130.109 0.00161674
130.123 0.00156489
129.973 0.00150659
131.239 0.00147943
129.463 0.00124993
129.905 0.00151534
128.463 0.00157269
128.899 0.00154749
130.044 0.00165394
130.749 0.00139654
130.217 0.00151437
129.026 0.00145714
129.891 0.000855458
131.599 0.00152432
129.667 0.00150986
128.153 0.00167628
128.586 0.00147858
128.796 0.00146417
127.463 0.0016586
128.525 0.001607
128.479 0.00144471
127.739 0.00126515
131.968 0.00145627
130.442 0.00163344
130.584 0.00153351
130.088 0.00162338
129.199 0.00150404
127.272 0.00164623
129.237 0.00135509
127.313 0.0014404
122.914 0.00170646
130.369 0.00145867
129.85 0.00166822
130.236 2.7702e-05
128.53 0.00158082
126.673 0.001386
130.339 9.92211e-06
128.201 0.00156166
129.556 0.000561127
128.825 0.00154803
129.036 0.00155099
126.238 0.00158574
131.917 0.00153503
127.303 0.00142919
129.409 0.0014691
128.869 0.00150817
124.422 0.00155748
127.604 0.00141617
125.657 0.000957649
127.99 0.00148639
124.548 0.00148659
126.959 0.00145779
128.122 4.36126e-05
129.863 0.000229255
129.256 0.00151559
130.91 0.0014082
127.411 0.00149544
126.262 0.00161883
123.871 0.00143691
125.457 0.00140822
129.991 0.0016282
126.494 4.32872e-05
118.484 0.00158998
132.538 0.00161133
125.213 0.00141295
129.996 0.00144479
129.833 0.00149735
130.558 0.00147357
131.076 0.00145163
125.42 0.00164431
130.451 0.00153967
131.073 0.0016413
129.454 0.00147155
128.879 0.00145582
131.06 0.00126893
126.31 0.000846522
128.053 0.00149027
128.169 0.00154832
131.641 0.00145356
128.108 0.00151801
130.488 0.00145231
132.348 0.00160961
132.563 0.0015622
128.197 0.00145472
127.66 0.00148352
129.101 0.00133531
128.237 0.00146895
129.702 0.00152328
125.863 0.0015179
130.949 0.00144696
131.202 0.00143519
120.407 0.000158629
128.052 0.00168006
129.253 0.00162246
125.434 0.00153524
127.008 0.00146791
129.93 0.00125583
128.787 8.79339e-07
128.695 0.00149714
131.176 0.00117505
128.097 0.00158225
128.992 0.00165089
130.118 0.00144603
132.34 0.00146033
130.867 0.00151817
126.568 0.00136991
130.684 0.00148894
130.081 0.00148775
131.237 0.0015086
126.773 0.00150269
120.739 0.00149898
128.707 0.00147971
133.77 0.00147088
124.797 0.00143119
116.847 0.00151029
130.023 0.00146037
128.439 0.000995029
124.488 0.00151221
124.466 0.00128307
127.691 0.00148228
122.955 0.00125007
122.172 0.00145111
133.433 0.0015807
122.799 0.00153233
126.496 0.00151883
127.814 0.00145
131.993 0.00157533
118.809 0.00142443
127.28 0.00152274
136.001 0.000566224
129.52 0.0016654
131.883 0.00147285
130.087 0.00149455
130.218 0.00142982
128.595 0.00149962
127.033 0.00114465
133.178 0.00162609
122.044 0.00147662
129.224 0.000694236
127.881 0.00145885
131.437 1.00793e-05
128.614 0.00143539
128.01 0.00149387
125.196 0.00145614
132.124 0.00147405
129.401 0.00140836
125.646 0.00158044
130.256 0.001303
119.613 1.69382e-05
133.574 0.00152696
133.759 0.00159611
131.206 0.00143739
130.851 0.00167259
128.438 0.00149933
130.341 0.00144211
128.177 0.00136601
132.39 0.00118391
129.296 0.00147241
129.4 0.00151497
127.826 0.001496
129.694 0.00150573
129.623 0.00147963
130.372 0.000316561
131.672 0.00149124
131.827 0.00135959
130.698 0.00146969
130.322 0.00147783
127.567 0.00145865
122.477 0.00146038
130.555 0.00144535
130.922 0.00141514
128.27 0.000986715
130.054 6.95098e-05
131.891 0.00144625
131.772 0.00148021
130.925 0.00146867
127.543 0.00166569
134.669 0.00157888
134.658 2.71039e-05
131.144 0.00149406
128.324 1.56829e-05
118.545 0.00155122
125.045 0.00145774
125.517 0.000988933
129.701 0.00146603
129.13 0.00152161
129.436 0.00150063
126.933 0.00166297
122.831 0.00148241
122.051 0.0014645
129.509 0.00164863
127.178 0.00148992
129.571 0.00135888
127.707 0.00083502
124.988 0.00148958
125.187 0.00113603
129.989 0.00166551
138.464 0.00157453
129.828 0.00140464
128.606 0.00143887
130.956 0.0013783
128.043 0.00111109
130.08 0.00155321
133.628 0.00147757
130.552 0.00099177
128.061 0.0017716
131.84 0.000311261
124.472 0.00153819
131.493 0.00113426
132.693 0.00157382
131.138 0.00144137
123.044 0.00144265
117.173 0.00144372
128.958 0.00152879
131.138 0.00141027
132.756 0.00144996
123.149 0.00155106
133.046 0.0016325
126.706 0.0014891
127.969 0.00143252
126.887 0.00146404
129.341 0.00136352
127.577 0.00145105
128.38 0.00135458
131.213 0.00143451
118.304 1.32775e-06
127.439 0.00149675
128.464 0.000227146
128.619 0.00150947
132.479 0.00137403
129.264 0.00146741
125.413 3.7516e-06
128.546 0.00149418
130.743 0.00148907
130.554 0.00136714
130.44 0.00144039
131.104 0.00147151
130.156 0.00145828
131.171 0.00146787
129.05 0.0016672
135.431 0.00167418
130.744 0.00141857
127.209 0.00152511
128.782 0.00155109
131.968 0.00147718
130.674 0.00144798
130.398 0.000841632
130.819 0.00145047
124.989 0.00172749
123.093 0.00125614
127.491 0.000873434
132.121 0.00165525
127.75 0.00156527
132.481 0.000849079
128.351 0.00149181
119.971 0.00163253
131.559 0.00152675
127.32 0.00126581
129.646 0.00148636
131.156 0.00153614
128.753 0.00167
128.312 0.00145862
134.843 0.00151779
129.225 0.000559655
129.817 0.00150746
128.016 1.01175e-05
126.545 0.00134535
125.059 0.00138062
128.184 0.00175001
130.519 0.00140291
124.485 0.00150212
124.844 0.0014698
124.302 0.00137233
142.166 0.00145257
131.293 0.00145511
129.91 0.00122924
132.024 0.00146548
129.507 0.00147925
125.427 0.00161911
132.284 0.00171586
129.442 0.00150152
130.891 0.00116909
132.429 0.00166937
128.712 0.00151619
132.335 0.000158392
130.979 0.00150624
126.134 0.00151903
119.225 0.0014762
127.644 0.00148335
132.758 0.00157343
128.013 0.00154882
133.955 0.00156857
131.21 0.0014458
129.64 0.00137188
128.392 0.00131863
125.568 0.00150401
130.648 0.00136084
130.429 0.00161311
129.624 0.0014444
131.324 0.00161657
129.57 0.00156511
129.843 0.00144441
126.143 0.00145617
126.2 0.00152831
130.631 0.00129659
131.692 0.0016409
130.361 0.00149146
130.998 0.00144826
127.721 0.0016828
136.292 0.00143586
127.283 0.00142771
117.97 0.000425784
127.966 0.00148995
126.548 0.00140963
129.112 0.00124294
136.166 0.00152659
130.919 0.00113576
122.582 0.00126415
129.962 0.00156344
132.983 0.00148585
130.342 0.00151456
126.782 0.00150016
130.628 0.00152739
129.53 0.00174991
128.498 0.00148733
126.765 0.0014547
122.859 0.00143308
127.051 0.00144023
131.99 0.00144215
128.151 0.00149773
129.009 0.00133928
131.674 0.00148763
130.196 0.00148171
131.992 0.00148142
128.784 0.00147135
125.788 0.00145977
130.278 0.00150819
129.455 0.00149339
128.821 0.00146847
126.452 0.00143017
128.65 0.00162016
128.528 0.00151484
132.923 0.00162885
130.771 0.00174151
126.941 0.00140665
125.493 0.00145618
127.597 7.0942e-05
132.091 0.00145831
129.419 0.00164801
126.937 0.00148505
124.636 0.00140083
127.919 2.79539e-05
124.843 0.00136188
126.68 0.00149425
129.321 0.00144487
129.656 0.00135253
127.995 0.0015061
131.65 0.00152216
129.134 0.00156886
128.156 0.001475
124.879 0.000155657
131.364 0.00168663
128.753 0.000987133
130.917 0.00145523
130.591 0.00146762
128.011 0.000300599
129.443 0.00150074
127.982 0.00150579
128.72 0.00150503
126.873 0.00164587
127.823 0.00151262
128.26 0.00146074
124.798 0.00152235
129.798 0.00156004
130.892 0.00151565
128.05 0.00165139
129.753 0.00142476
129.115 0.00162672
129.131 0.00152507
131.249 0.00172647
127.776 0.000224267
125.817 0.00147489
127.808 0.00145467
131.86 0.00147543
132.926 0.00158379
129.026 0.0014668
132.413 0.00151092
126.835 0.00147017
130.838 0.00146508
128.602 0.00153846
128.211 0.00151905
130.503 0.00147357
131.516 0.00158
127.949 0.00158098
131.007 0.00162412
130.417 0.00146844
130.807 0.00153371
129.06 0.0014619
129.869 0.00164534
123.285 0.00132847
127.922 0.00156588
126.328 0.00152798
129.299 0.00148514
129.73 0.00147889
132.086 0.00147095
128.268 0.00144897
122.966 0.00132962
116.88 0.00155795
130.679 0.00145713
123.797 0.00144815
129.797 0.00145482
127.545 0.0015873
126.085 0.00144033
130.432 0.0014966
131.776 0.00148065
127.679 4.2996e-05
129.158 0.00162677
124.369 0.00156087
125.823 0.000583159
129.604 0.00144186
116.189 0.00151467
129.613 0.00149772
127.67 0.00164615
126.901 0.000427463
128.931 0.00166667
130.514 0.00165225
124.924 0.00167874
128.087 0.00151343
132.683 0.00159645
126.865 0.00143249
130.685 0.00166758
130.068 0.00139431
133.167 0.00157591
128.056 0.00142126
129.046 0.00145288
129.708 0.00159246
129.296 0.00159486
125.482 0.00144173
128.453 0.00144082
128.108 0.00162929
129.758 0.00170606
128.835 0.000984736
132.449 0.00163531
128.188 0.00158206
126.586 0.00191802
130.275 0.00150902
127.962 0.00144968
129.751 0.00140628
129.498 0.00149027
133.018 0.00144261
130.299 0.00164343
129.907 0.00146637
130.753 0.00144797
135.348 0.00171977
130.365 0.00151321
132.114 0.0014733
129.623 0.000795399
130.216 0.00150617
125.764 0.00153722
129.065 6.10851e-06
122.795 0.00157669
128.101 0.00174124
129.184 0.00144689
130.535 0.00161584
121.929 0.00204296
130.684 0.00165436
123.867 0.0015057
130.983 0.00149269
125.26 0.00151326
130.553 0.001683
132.811 0.00136816
126.729 0.00142789
119.668 0.000714163
132.982 0.00138871
131.161 0.00147636
126.441 0.00150141
127.993 0.00157857
128.853 0.00145879
129.646 0.00101386
127.993 0.00164163
127.759 0.00144305
130.168 0.00144707
127.397 0.00147414
134.061 0.00172076
129.25 0.00144168
130.757 0.0013486
130.718 0.000317752
128.996 0.00147975
128.738 0.0015489
130.115 9.83866e-07
130.24 0.00151655
126.574 0.00147699
128.313 0.00146126
130.588 0.00147922
129.298 0.00148741
127.04 0.00146277
128.379 0.00152688
129.973 0.00146139
130.296 0.00143955
126.273 0.0016387
131.869 0.0016755
130.51 0.00143426
130.139 0.00158014
121.783 0.00167096
123.033 0.00151329
128.523 0.00144309
130.542 6.31118e-06
129.494 0.00143096
127.501 0.00164651
118.203 0.00147339
125.22 0.00117663
132.063 1.02619e-05
131.449 0.001618
128.859 0.00164695
133.309 0.00147092
130.608 0.00164228
127.907 0.00149819
127.209 0.00143817
131.171 0.00162029
132.999 0.00146103
127.524 0.0013666
121.574 0.00149173
129.239 0.00149926
129.912 0.00146724
129.214 0.00148311
125.713 0.00149114
127.026 0.00162155
121.134 0.00150486
130.056 0.00144603
130.806 0.00158804
132.625 0.00149004
132.211 0.0014905
120.002 0.00150945
130.398 0.00172354
132.85 0.00147553
126.731 0.00148729
129.794 0.00145457
133.83 0.0014656
127.013 0.00160083
130.476 0.000317124
127.584 0.00146436
136.856 0.00140982
125.537 0.00142489
130.248 0.00165227
123.16 0.0014525
127.586 0.00152088
128.509 0.00156272
131.81 0.00154743
124.082 0.00167468
128.613 0.00148856
129.067 0.0015434
129.826 0.000699302
129.671 0.00146387
128.198 0.0016361
128.26 0.00165
130.986 0.00153972
131.714 0.00146517
124.119 0.00147114
132.031 0.000688241
125.576 0.00147625
128.335 0.00167165
116.947 0.00146005
130.292 0.00171314
129.39 0.00164693
129.957 0.00160359
126.623 0.00152289
128.52 0.00144731
124.225 0.00146862
128.006 0.000229194
130.168 0.00167352
129.641 0.00137134
127.503 0.00147549
128.987 0.00150653
129.113 7.10894e-05
124.993 0.00169587
129.602 0.00149787
135.761 0.00133008
126.892 0.0016851
135.787 0.00134849
128.746 0.00145864
126.087 0.00154587
130.036 0.00137086
126.315 0.0011438
128.538 0.00146318
130.289 0.00140135
130.145 0.00152323
130.048 0.00150606
127.75 0.0014661
128.922 0.00145125
134.934 3.7022e-06
127.084 0.000698991
128.838 0.00149509
128.809 0.00127124
128.354 0.00042577
131.217 0.00153807
128.544 0.00155341
131.069 0.00149272
126.225 0.00149624
131.704 0.00174171
132.733 0.00127897
130.175 0.00145944
128.568 0.0015272
124.926 0.0014438
130.785 0.00160309
130.129 0.00151752
129.449 0.00152058
128.916 0.00162551
131.418 0.00170119
130.676 0.00150067
127.997 0.00144301
116.808 0.00146724
124.982 0.00163519
131.025 0.00157585
129.028 0.00150024
130.511 0.00146354
130.047 0.00153243
129.331 0.00149908
132.183 0.00144022
130.578 0.00136263
128.543 0.00144484
124.349 0.00145936
125.434 0.0014937
129.421 0.00154251
130.902 0.00162702
129.124 0.00152293
128.514 0.00148373
131.046 0.00145008
131.888 0.001662
128.673 0.00165019
125.747 0.0016529
131.582 0.001434
128.051 0.00158535
131.385 0.00135499
131.281 0.00152312
132.627 0.00167765
129.214 0.00147308
129.473 0.0014468
129.605 0.00149491
130.507 0.00146317
128.464 2.78882e-05
129.067 0.00149154
128.464 0.00164181
131.685 0.00164669
127.002 0.00151515
128.329 0.00148976
129.387 0.00143223
128.359 0.0014526
136.04 0.00137461
128.642 0.00157991
129.368 0.00145011
130.047 0.000424654
127.455 0.00162972
124.818 0.00142785
131.623 0.00146596
131.474 0.00156936
129.187 0.00165761
130.639 0.00148857
117.5 0.00143962
130.551 0.00152006
132.463 0.00142884
129.854 0.00150274
125.655 0.00112896
127.384 0.001582
117.16 0.00133016
130.752 0.00150523
124.219 0.00146648
131.003 0.0015874
124.058 0.00163626
130.373 0.0014959
123.265 0.00157435
127.849 0.00148835
125.252 0.000102123
130.527 0.00135669
129.121 0.00143282
126.55 0.00154274
129.167 0.00152197
130.774 0.00147566
129.133 0.00163916
127.409 0.00153378
127.604 0.00161662
120.323 0.00145181
128.235 0.00182145
122.128 0.0015239
129.463 0.0015467
132.094 0.00155574
128.94 0.00152977
129.484 0.000428349
119.216 0.00144499
122.814 0.00156257
130.663 0.00153367
132.33 0.0014447
129.673 0.00137233
124.366 0.00160677
126.781 0.00162789
126.441 1.02424e-06
128.509 0.0014053
131.519 0.00161523
134.207 0.00144539
127.784 0.0014965
126.434 0.0015123
131.938 0.00153415
125.912 0.00147608
133.04 0.00150601
128.805 0.00150827
128.326 0.0014434
127.174 0.00165282
126.171 0.00139715
131.82 0.0015379
130.103 0.00150586
130.778 0.00144873
127.865 0.00145121
130.698 0.00135119
127.589 0.00135109
129.981 0.00143186
122.209 0.00142749
129.734 4.4055e-05
132.154 0.00151891
127.913 0.00149203
129.368 0.00148593
128.299 0.00113269
118.196 0.00153574
131.233 0.00150239
126.925 0.00146611
130.568 0.00147105
115.611 0.00165793
127.714 0.00149911
129.522 0.00136925
128.777 0.00157323
132.91 0.000223684
125.736 0.0015043
126.228 0.00156709
121.203 0.00147494
129.116 0.00141326
128.913 0.00146428
129.788 0.00146942
128.341 0.0015419
122.766 0.00145017
128.228 0.00162686
131.559 0.00143716
125.264 0.000555827
118.141 0.00149669
127.488 0.00142981
124.809 0.00161216
132.421 0.00141039
124.739 0.00164624
128.623 0.00147102
129.725 0.00158226
125.77 2.82774e-05
130.277 0.00156578
133.716 0.00150292
127.398 0.00151932
127.671 0.0012058
127.689 0.000985135
129.405 0.00146691
130.583 0.00146553
127.941 0.00160203
134.356 0.00152324
129.155 0.00139879
129.966 0.00148391
124.921 0.00148076
130.577 0.00142561
130.128 0.00155363
131.854 0.00166192
131.388 0.00163535
130.299 0.00142049
132.17 0.00136278
130.735 0.000986748
127.452 0.00138597
131.263 0.0016504
132.223 0.00148684
130.621 0.00150087
129.224 0.00147647
122.875 0.00156741
124.209 0.00141476
116.271 0.00134359
131.164 0.00153768
126.161 0.00146417
129.183 0.00143965
129.978 0.00144308
124.665 0.00156771
124.46 0.00153734
130.971 0.00149387
127.372 0.00165404
128.491 0.00143575
137.433 0.00143861
128.814 1.74727e-05
124.139 0.00144694
131.315 0.00132662
129.42 0.00152323
129.766 0.00148142
128.094 0.0013429
128.622 0.00152295
128.185 0.00149319
129.731 0.00142912
128.619 0.00161173
129.878 0.00166816
131.284 0.00153286
120.148 0.00144456
127.814 0.00155201
128.563 0.00136568
131.471 0.00143691
126.07 0.00149958
128.952 0.0014859
129.921 0.000229567
123.665 0.0014293
123.402 0.00155887
127.207 0.00158409
132.14 0.00167994
127.622 0.00144612
132.982 0.00151967
129.883 0.000157035
133.155 0.00150323
128.82 0.00144894
128.246 0.00151754
128.771 0.00165009
129.864 0.00167321
129.319 0.00140715
123.076 0.00126844
130.315 0.00041898
125.172 0.00172074
130.301 0.00015261
130.523 0.00151172
132.368 0.00152349
128.284 0.00167198
130.429 0.00151548
130.904 0.00158851
129.602 0.00213109
131.567 0.00056865
127.886 0.00152854
130.167 0.00164618
126.738 0.00147215
131.822 0.00148444
130.595 0.00143357
129.03 3.60161e-06
131.149 0.00155934
133.307 0.00137022
125.35 0.00153237
130.475 0.00168603
127.665 0.00163347
128.388 0.00146596
133.101 0.00147151
128.406 0.00162871
125.12 0.000986531
128.51 0.0016318
127.176 0.00142218
128.595 0.00139703
125.049 0.00155139
129.396 0.00153884
129.904 0.000692997
130.016 0.00149788
129.574 0.00144535
128.29 0.00149217
126.519 0.00145277
125.355 0.00142308
130.583 0.00154659
130.819 0.000989999
128.386 0.000993214
130.857 0.00147338
127.921 0.0015885
127.305 0.00147534
128.79 0.00150129
125.477 0.00137598
127.773 0.00166232
126.626 0.000227364
129.104 0.00163567
127.302 4.09038e-05
127.798 0.00141235
132.471 0.0016737
122.626 0.000917324
126.932 0.00142483
131.586 0.00147349
133.184 0.00146384
127.9 0.00152321
129.537 0.00164583
130.284 0.00144552
126.165 0.000706287
131.683 0.000832403
134.036 0.001667
131.219 0.00145466
135.266 0.00149245
125.889 0.0014513
124.788 0.00138729
131.551 0.00163825
121.487 0.00151432
135.59 0.00151775
131.334 0.00160602
127.329 0.0014336
130.019 1.69265e-05
131.972 0.00165967
131.661 0.00166538
128.626 1.71861e-05
127.416 0.00147908
130.003 0.00124238
128.769 0.000995633
133.238 0.00148364
127.76 0.00168051
131.444 0.00084981
122.145 0.00139073
129.157 0.00147026
130.257 0.00136963
128.042 0.00162333
127.383 0.00146945
128.063 0.00162709
130.76 0.00156671
123.936 0.0013209
133.641 0.00157124
123.859 0.00155439
121.347 0.00150482
134.871 0.00133569
130.282 0.00161242
131.583 0.00148256
132.466 0.00148128
130.108 0.00143977
125.144 0.0015321
129.271 0.00143563
130.069 0.00144153
132.153 0.00145701
127.442 0.00143048
129.737 0.00153476
129.538 0.00149779
129.751 0.000423906
130.608 0.00158509
123.324 0.00156675
132.981 0.00145375
126.732 0.00147733
125.386 0.00146661
130.468 0.00145144
123.174 0.000429974
128.387 0.00146091
121.492 0.000331949
130.603 0.000551887
131.853 0.00154826
126.372 0.00170651
130.345 0.00169967
127.799 0.00150605
129.489 0.00145396
129.107 0.00163281
130.549 0.00162325
130.481 0.0016206
128.547 0.00150408
128.213 0.00141641
128.32 0.00149123
133.573 0.00140835
129.072 0.00162703
128.833 0.000556064
128.233 0.00144952
128.239 0.00150302
128.569 0.00144464
133.307 0.00162603
128.793 0.00148524
125.535 0.00152936
127.628 0.00146808
128.387 0.00166069
131.493 0.00148678
130.802 0.0014419
128.622 0.00149983
135.337 0.0016142
126.942 0.00145352
129.699 0.000858639
134.695 0.00116497
130.021 0.00149449
131.235 0.000554391
133.757 0.00150763
130.666 0.00145826
130.238 0.00144663
130.636 0.00148608
131.161 0.00165533
129.835 0.00148454
129.503 0.00151015
124.011 0.00152963
128.832 0.00147404
122.296 0.00164643
130.529 0.00143496
125.174 0.00142757
131.916 0.00147324
131.921 0.00153915
130.372 0.00152768
131.97 0.00150612
118.658 0.00108086
126.17 0.0016234
130.202 0.0014389
128.013 0.00146029
129.278 0.00149975
133.387 0.00148135
129.097 0.00164053
125.877 0.00143698
125.457 0.00145653
127.721 0.0014608
132.971 0.000690354
129.202 0.00152297
128.068 0.00152557
127.732 0.00151977
128.745 0.00165837
132.815 0.00146077
126.623 0.0015132
134.937 0.000702215
126.859 0.00168871
130.009 0.00153165
133.632 0.00136345
126.663 0.00154686
133.222 0.00125786
128.234 0.0014091
128.546 0.00135545
130.724 0.00143695
132.556 0.0014128
128.253 0.0014361
129.19 0.00147121
123.677 0.00146421
133.325 0.00146519
129.189 0.00134996
132.534 0.00149271
130.201 0.000324824
127.69 0.00144956
127.232 0.00165157
131.662 0.0016561
131.366 0.00143737
124.026 9.8641e-05
128.215 0.001582
116.741 0.00153056
129.34 0.00140785
133.399 0.00139694
125.882 0.00146259
117.943 0.00145438
126.248 0.00146206
131.892 0.00152107
125.348 0.00149737
127.766 0.00142471
125.026 0.00147199
119.88 0.000980749
129.768 0.000562021
123.854 0.00166953
125.171 0.00144027
128.55 0.00132951
129.706 0.0014738
129.068 0.00132278
130.009 0.00147539
129.357 0.00149784
129.248 0.00158926
129.272 0.00151076
121.538 0.00170022
127.931 0.000578279
115.485 0.00149489
129.621 0.00164484
116.592 0.00134442
131.458 0.00150531
132.193 0.00144287
130.246 0.00136429
127.87 0.0013955
128.766 0.00153509
131.476 0.00164838
127.488 0.00145191
130.558 0.000103856
128.067 0.00160543
126.862 0.00167872
133.879 0.00165101
129.782 0.00160146
132.544 0.00155354
124.879 0.00157181
130.572 0.00148293
125.324 0.00144026
131.062 0.00146797
120.293 0.00143891
129.906 0.00139768
128.568 0.00161221
128.473 0.00146827
129.82 0.00148577
131.819 0.00161425
129.263 0.00147157
131.001 0.00148849
124.426 0.0015564
129.938 0.000318519
124.446 0.00145735
129.469 0.00152162
126.425 0.00144489
128.519 0.00151718
124.412 0.00159761
129.831 0.00152369
128.54 0.00164058
131.347 0.00145405
130.484 0.00158838
131.045 0.00165318
128.306 0.00149902
128.266 0.0014438
126.407 0.00135345
132.143 0.00145123
129.987 0.00148279
132.477 0.00145541
129.641 0.0014529
131.088 0.000110496
129.632 0.000999071
128.688 0.0015112
129.142 0.00146003
130.264 0.00146981
130.197 0.0015051
122.576 0.00146125
129.655 0.00155793
126.713 0.00149673
129.499 0.00151767
121.826 0.00147338
124.866 0.00129002
131.586 0.0015998
131.509 0.00175548
126.677 0.00156752
128.629 0.00149252
130.277 0.00146369
129.257 0.00149126
129.247 0.00160052
127.774 0.00143959
126.894 0.00146136
129.296 0.00149046
129.687 0.0016971
128.14 0.00140218
129.599 0.00106045
126.521 0.00145119
127.008 0.00123954
130.255 0.00144553
133.892 0.00167163
135.038 0.0014315
127.097 0.00151111
128.679 0.0020327
129.758 0.001544
125.037 0.00148227
129.195 0.00147472
129.767 0.00145672
129.94 0.00166199
127.837 0.00167973
129.066 0.00142085
131.001 0.00144229
128.683 4.23278e-05
131.941 0.00147197
133.331 0.00148656
130.342 0.00144539
130.265 0.00111681
127.096 0.00148573
130.208 0.00162138
130.655 0.00031786
131.025 0.00146719
131.519 0.00146529
127.273 0.00145447
126.488 0.00149518
121.032 0.00145777
115.888 0.00147324
126.535 0.00143966
133.763 0.00142275
130.597 0.00153065
132.348 0.00151145
128.47 0.00144089
129.227 0.00143977
130.009 0.00149105
128.189 0.00157411
126.745 0.00151729
128.392 0.00149868
128.549 0.00145702
128.447 0.00152399
129.875 0.00170851
131.752 0.00151223
115.882 0.00159992
131.605 0.0014914
124.848 0.00155422
126.492 0.00144464
129.38 0.00011031
126.318 0.0015965
131.39 0.00150717
130.329 0.00169425
116.428 0.00112484
130.452 0.00164748
128.646 0.00150116
130.537 0.000225295
130.903 0.00123192
129.67 0.00145295
132.203 0.00148763
135.459 0.00147372
130.086 0.000769477
131.278 0.00148222
133.768 0.001576
134.119 4.4167e-05
116.873 0.00146927
132.135 0.00150121
130.274 0.000561653
131.052 0.00152454
130.158 0.00154596
122.334 0.00160345
127.927 0.00149536
128.793 0.00166374
128.64 0.00152455
133.635 0.00149499
124.846 0.00142808
129.236 0.00151028
127.651 0.00153683
130.67 0.00166834
126.297 0.00144745
120.904 0.00147685
117.493 0.00153287
126.017 0.00168685
131.193 0.00145109
123.028 0.00145246
127.738 0.00150028
128.358 0.00105529
131.29 0.00164318
130.884 0.00147424
130.122 0.00148114
131.076 0.00146177
130.276 2.79207e-05
127.067 0.0015835
130.58 0.00145584
127.892 0.00157957
127.657 0.00151602
129.711 0.00147287
127.783 0.00139199
123.853 0.00155648
131.899 0.00136839
130.393 0.0015494
130.223 0.00149924
127.611 0.00156245
129.19 0.00162222
129.843 0.00162493
129.239 0.00149644
129.943 0.00145127
130.335 0.00144107
131.685 1.06845e-05
125.088 0.00162502
126.887 0.000226797
128.02 0.00133676
130.807 0.000314852
126.677 0.00169974
128.854 0.000154512
126.853 0.0014983
123.365 0.00171258
127.141 0.00165019
121.613 0.00148249
123.52 0.0016475
132.958 0.00172847
129.964 0.0014699
129.479 0.00149967
128.126 0.00148337
118.769 0.00149279
131.112 0.0014628
123.508 0.00154106
127.03 0.00153107
126.94 0.00127415
127.342 0.00158623
119.877 0.00141713
125.65 0.00148723
131.186 0.00148731
131.946 0.00145205
125.271 0.00131147
129.173 0.00156534
129.896 0.00147804
128.708 0.00146928
134.71 0.0014771
122.422 0.00154717
132.308 0.0011554
123.503 0.00149483
131.465 0.00131945
126.579 0.00137563
129.9 0.00142771
125.445 0.00162943
123.062 0.00144853
122.806 7.08732e-05
127.076 0.00148979
125.162 0.000430449
132.437 0.00144295
127.674 0.00156231
125.781 0.00153406
135.276 0.0013849
129.737 0.00142544
128.353 0.0014412
130.707 0.00151488
123.215 0.00144447
128.837 0.00147699
129.248 0.00145674
130.611 0.00141004
126.187 0.00147626
130.004 0.0015985
129.684 0.00149304
130.689 0.00147974
133.158 0.000853182
129.547 0.00158636
130.404 0.00152328
128.858 3.61393e-06
133.834 0.00151946
125.998 0.00166827
127.558 0.00146755
133.054 0.00150396
133.29 0.00164747
127.966 0.00148912
125.379 0.00144353
125.018 0.00165537
131.966 0.000856762
128.549 0.00153221
126.977 0.0011273
134.639 0.00100996
128.194 0.00147644
131.821 0.00162314
125.962 0.00149509
132.522 0.000106591
134.307 0.00145491
127.33 0.00146299
130.712 0.00145496
125.48 0.00144244
126.769 0.0014457
129.409 0.00166385
131.284 0.0016458
126.644 0.00143105
133.061 0.00145231
132.681 0.00137567
124.529 0.00152084
128.708 0.00149155
133.588 0.00068845
129.811 0.00158043
131.143 0.00150157
129.643 0.00145946
128.841 0.00142643
129.088 0.0016473
131.933 0.00152434
130.253 0.00145967
128.594 0.00167289
131.44 0.00158469
130.263 0.00153403
129.578 0.00151361
133.153 0.00150813
128.87 0.00134902
124.397 0.00123842
128.344 0.00165875
130.576 0.00144392
126.938 0.00159539
126.843 1.42309e-06
131.613 0.00146861
119.437 0.000425853
127.903 0.00123406
129.471 0.00147588
124.377 0.00164929
134.33 0.00145591
127.81 0.00152282
129.377 6.10851e-06
122.502 0.00150178
134.258 0.00137908
127.744 3.65743e-06
130.954 0.00172859
131.04 0.00155169
127.992 0.000844868
133.48 0.00148451
128.541 0.0016476
120.715 0.00150605
126.851 0.00167173
119.426 0.00142695
126.597 0.000106446
127.208 0.00135154
133.602 0.00149684
132.459 0.00146801
125.31 0.00125865
128.202 0.00150851
124.583 0.00149774
132.565 0.00135348
130.649 0.00148391
132.222 0.00132871
129.124 0.00146715
123.171 0.00157537
130.952 0.00136464
128.679 0.00152847
129.607 0.000564853
129.206 0.00118215
130.925 0.00153315
130.334 0.00161121
118.425 0.00148589
128.368 0.00146193
128.919 0.00146639
126.641 0.00154326
130.421 0.00153821
129.877 0.00163773
131.103 0.00146937
124.533 0.00141853
130.615 0.000223285
124.128 0.000557217
116.525 0.00140722
127.164 0.0013798
130.154 0.00148498
132.792 0.00144745
128.327 0.00145879
126.801 0.00151135
127.516 0.00165485
131.969 0.00149919
133.924 0.00136299
129.424 0.00166043
128.561 0.00143762
129.995 0.00144652
127.209 0.00154916
132.883 0.00146957
128.007 0.00165681
130.24 0.00149583
128.859 0.00146373
127.66 0.00145255
136.07 0.00152258
124.059 0.00154287
127.985 0.00150353
132.14 0.00167317
128.969 0.00146782
128.309 0.00154447
131.274 0.00145711
130.38 0.00150581
132.159 0.00152742
131.952 0.00152885
124.98 0.0015597
130.509 0.00166108
132.1 0.00150518
128.792 0.00144712
127.23 0.00130568
131.176 0.00166269
131.015 0.00151695
128.894 0.00146079
127.374 0.00151181
122.851 0.000441911
127.774 0.00144223
131.918 0.0014996
130.815 0.0013094
129.84 9.6976e-05
128.183 0.0015235
127.997 0.00147018
129.676 0.00146476
133.339 0.00148861
128.745 0.00151538
