129.089 0.00145165
131.182 0.00138746
129.222 0.00154649
128.905 0.00145617
123.287 0.00070596
126.805 0.00136127
126.007 0.00156364
125.292 0.00143982
127.759 2.96421e-05
120.482 0.00160489
129.305 0.00150825
133.957 0.000995533
125.746 0.00161939
128.898 0.00126532
131.889 0.00159576
125.534 0.00147295
127.822 4.40308e-05
127.565 0.00156217
130.211 0.000851076
128.036 0.00151185
121.845 0.00139893
123.354 0.00150083
124.939 0.00144154
127.103 0.00145161
127.063 0.0015541
135.361 0.00160934
130.484 0.00143315
126.695 0.0013634
125.092 0.00148675
122.414 0.00160699
133.628 0.00140826
130.416 0.0014439
129.881 0.000996903
131.266 0.00152478
129.489 0.00146678
122.521 0.00152715
126.358 0.00148676
132.429 0.0014523
131.011 0.00146713
129.196 0.00159791
129.916 0.00146959
131.918 0.00152933
131.968 0.00156531
127.994 0.00167193
127.641 0.0015191
129.836 0.00150656
129.798 0.00149651
135.323 0.00161988
129.956 0.0015072
126.511 0.00150722
131.677 0.00137661
126.855 0.00139773
128.215 0.00138995
133.973 0.00148314
131.04 0.00154528
134.415 0.00147179
129.421 0.00151816
131.208 0.00164678
125.241 0.000434974
128.786 0.00151791
130.701 0.00164463
133.173 0.00135397
118.746 0.00150848
131.208 0.000105114
128.553 0.0014279
133.421 7.12936e-05
126.451 0.00145287
132.674 0.00162664
128.167 0.00143623
129.726 0.00164782
128.812 0.00154098
135.42 0.00143117
128.304 0.00159312
128.952 0.00168074
128.029 0.00149629
126.679 0.00158903
126.981 0.00149074
124.743 0.00150136
132.978 0.00147159
129.682 0.00167286
131.455 0.0016657
128.326 0.00164677
127.157 0.00139601
127.167 0.0016468
130.734 0.00157727
130.295 0.00147677
127.421 0.00168549
133.15 6.16437e-06
128.105 0.00144005
130.144 6.81668e-05
139.483 0.00151547
122.694 7.12176e-05
127.037 0.00143421
131.024 0.00130984
127.799 0.00160016
129.559 0.00145994
130.375 0.00138325
129.443 0.00162246
129.384 0.00146001
129.347 0.00158533
132.112 0.00149725
126.615 0.00150034
128.19 0.00100983
130.787 0.00069284
130.119 0.00144099
134.844 0.00144826
129.636 0.00154099
131.083 0.00143503
130.496 0.00168283
127.79 0.00138785
126.378 0.00156474
130.389 0.00157592
130.234 0.00149854
122.396 0.00140405
129.594 0.00157659
127.913 0.00146001
132.965 0.00143783
128.546 0.00157485
126.729 0.00153865
129.111 0.00139602
129.893 0.00147625
129.817 0.00147357
125.676 0.00144438
127.829 0.0014493
129.254 0.00162295
130.643 0.00156538
136.093 0.0015062
131.826 0.00161567
129.35 0.00162766
130.523 0.00146195
127.748 0.00149233
126.462 0.00165097
127.088 0.00165744
115.324 0.00149873
129.897 0.00137257
129.483 0.00158801
125.249 1.01519e-06
129.105 0.00149791
127.665 0.00145508
120.884 0.00147795
125.98 0.00191047
120.074 0.00146103
127.684 0.00165892
130.14 0.00152861
129.862 0.00144031
128.015 0.00150969
131.019 0.00145716
131.571 0.00151517
127.577 0.00152681
122.166 0.00161221
124.522 0.00147928
128.022 0.00139367
124.272 0.00138554
129.69 0.00143393
133.048 0.00149194
130.218 0.00148191
129.244 0.00144981
130.129 0.0017007
125.857 0.00134742
130.443 0.00151395
131.203 0.00151023
130.556 0.000161235
130.471 0.00140526
128.383 0.00145378
127.79 0.00149006
130.357 0.00149453
116.568 0.00166796
124.966 0.00144925
129.512 0.00153653
129.714 0.00134175
130.382 0.00167658
130.073 0.00109931
129.367 0.00144463
125.908 0.00138602
133.147 0.000314181
130.123 0.00153054
128.15 0.00139798
127.922 0.00146226
131.69 0.00147336
130.585 0.00148568
131.587 0.00124477
129.063 0.00151061
130.352 0.00164518
130.148 0.00164947
124.812 0.00154395
132.3 0.00142946
130.011 0.00145214
119.8 0.0014569
126.338 0.00144979
125.63 0.00164109
125.015 0.0015753
125.644 0.00149214
125.443 0.0015178
134.136 0.00149713
129.66 0.00167405
130.774 0.00143771
130.459 0.00147122
128.739 0.00146681
133.673 0.00165164
131.711 0.00148554
130.771 0.00156334
135.075 0.00149118
130.031 0.0016711
129.858 0.000106691
127.66 0.00152419
129.462 0.00139276
130.901 0.00150275
128.763 0.00161971
130.712 0.00143483
128.752 0.00144466
129.317 0.00147133
127.979 0.00151153
131.057 0.00149575
133.444 0.00133782
130.905 0.00144607
129.779 0.00150445
130.87 0.00157351
131.34 0.00146853
128.513 0.00141061
118.856 0.00111604
126.858 0.00160434
125.418 0.00149502
131.399 0.00163621
125.632 0.00156531
126.567 0.00138908
125.565 0.00147976
130.659 0.00168021
129.197 0.00160223
129.212 0.00151102
129.899 0.00153519
131.419 0.00144311
130.026 0.00146676
127.648 0.00156568
131 0.00151775
133.388 0.00147221
123.934 0.000312705
125.963 0.0014403
131.713 0.00141305
121.438 0.00150317
127.634 0.00155219
124.803 0.00157685
127.372 0.00147978
130.443 0.0014382
125.285 0.00152997
130.636 0.00150148
126.704 0.00162698
130.638 0.00149742
131.692 0.00173385
121.584 0.00125931
131.01 0.00149535
127.777 0.00150071
122.047 0.00143384
126.301 0.0015092
130.155 0.00151271
132.467 0.00148344
132.566 0.00150215
122.937 0.0015663
127.668 0.0015715
120.151 0.0014932
126.749 0.00156475
130.172 0.00154995
125.047 0.00165713
131.835 0.000975797
126.977 0.00145043
125.977 0.00147565
127.381 0.00147592
131.62 0.00163515
127.897 0.001418
136.197 0.00143741
128.137 0.000323919
130.597 2.01691e-06
129.323 0.00151478
127.744 0.00144783
130.344 0.00140924
131.385 0.00164504
130.604 0.00149036
130.502 0.00132995
132.069 0.0013787
128.207 0.00128132
130.78 0.00162837
132.693 0.000155204
132.226 0.00146463
128.793 0.00157899
129.244 0.00145332
128.838 0.00144026
127.276 0.00148448
126.53 0.00153617
129.428 0.00084356
121.815 0.00150599
128.024 0.00158045
130.386 0.00144768
124.199 0.00144645
126.072 0.00162625
130.18 0.00161317
131.421 0.00152208
133.273 0.00154156
129.595 0.00145165
128.673 0.00143059
129.753 0.00144614
131.483 0.00148199
129.58 0.00126904
128.58 0.00147688
127.413 0.00159053
126.999 0.00143457
132.629 0.00144414
116.715 0.00144533
130.454 0.00156901
129.901 0.00145843
130.151 0.00150169
122.028 0.00149174
130.696 0.00150748
120.983 0.00165791
118.369 0.00146247
131.214 0.00165858
126.99 0.00147725
119.777 0.0016342
119.596 0.00140063
126.012 0.00163031
131.434 0.00150775
126.121 0.000725117
129.834 0.00146575
126.395 0.00143119
125.019 0.00149563
130.286 0.0017046
128.272 0.00166126
122.923 0.00146572
118.768 0.00137952
128.852 0.00138577
129.995 0.000563797
123.017 0.00172006
128.403 0.00139413
127.272 0.00161369
128.901 0.00166209
131.606 0.00142496
131.182 0.00138891
129.034 0.00143268
134.567 0.00149853
131.41 0.00145386
127.432 0.00152348
131.612 0.00149342
129.392 0.000522747
130.333 0.00150985
126.519 0.00146018
126.979 0.00105376
131.316 0.000216885
118.22 0.00145076
115.887 0.00169647
130.324 0.00144365
126.952 0.00142403
124.818 0.00145416
130.522 0.00152636
128.745 0.00168547
133.372 0.0014526
126.799 0.00146187
126.809 0.00136961
127.619 0.00132986
127.458 0.00145282
126.392 0.00170809
131.541 0.00151298
127.27 0.0015193
131.907 0.00153859
123.668 0.00143833
128.87 0.00143814
131.15 0.00164109
127.315 0.00164803
127.042 6.9304e-05
129.58 0.00139013
129.484 0.00148841
130.882 0.00167633
127.234 0.00140508
127.88 0.00145679
128.781 0.00145988
129.1 0.00151825
132.405 0.00149409
131.279 0.00145212
130.683 0.00158862
128.693 0.00152187
129.124 0.00137088
131.949 0.00163639
129.495 0.00150346
127.859 0.000697468
128.427 0.00116675
120.157 0.00154762
128.914 0.00135931
130.834 0.001649
123.624 0.00188356
129.563 0.00144103
129.749 0.00164979
129.56 0.00151603
129.611 0.00146195
129.419 0.00148721
129.491 0.00161513
130.481 0.00147892
126.203 0.00145454
130.437 0.00168193
128.351 0.0014563
132.084 0.00126415
129.566 0.00166635
127.646 0.0016649
124.04 0.00159362
128.711 0.00145662
118.178 0.00144577
130.954 0.00146223
131.914 0.00164065
130.856 0.0013664
129.175 0.001505
125.489 0.0015027
128.939 0.00148796
128.296 0.00164266
123.012 0.000923048
128.593 0.00134191
133.414 0.00134299
129.468 0.00147685
124.296 0.00147324
129.934 0.00150702
132.458 0.00147543
130.039 0.00162987
135.552 0.00167796
127.712 0.00149124
128.097 0.00130522
119.07 1.01212e-05
118.876 0.00148934
130.771 0.00117618
130.381 0.00149008
130.014 0.00145218
129.224 0.00157169
129.345 0.00147287
125.419 0.00088331
130.587 0.00157324
124.726 0.00149009
128.652 0.00140924
122.948 0.00160022
128.182 0.000847635
123.809 0.00144415
136.102 0.00159898
127.117 0.00148704
129.718 0.00175932
128.93 0.00163835
127.034 0.00142203
124.916 0.0014289
128.507 0.00149157
131.51 0.00146259
128.688 0.000687326
131.307 0.00133343
129.035 0.00158406
119.525 0.00149807
129.997 0.00148263
127.95 0.0016946
128.656 0.00141545
117.597 0.00145667
130.826 0.00112322
129.778 0.00138453
127.656 0.00165849
132.458 0.00161924
143.641 0.00154857
130.976 0.00164539
129.351 0.00146911
126.378 0.00149086
122.697 0.00149846
117.9 0.00144658
124.069 0.00164147
125.239 0.00129068
128.564 0.00159961
126.029 0.00151229
131.089 0.00162421
126.15 0.00171075
133.574 0.00147962
134.002 0.00108814
123.213 0.00140876
125.848 0.000424588
130.049 0.00146001
131.434 0.00133592
121.014 0.00138489
127.037 0.00137789
131.934 0.00158938
128.059 0.00206184
128.05 0.00150461
123.197 0.0014189
126.678 0.00152754
129.281 0.00150609
131.51 0.000563862
129.091 0.000777657
127.727 0.00148487
122.609 0.00144776
128.909 0.00148986
127.796 0.00146264
127.419 0.00152204
129.838 0.00145675
126.738 4.43906e-05
129.434 0.000693521
122.544 0.00150981
131.243 0.0014275
128.674 0.00149252
130.296 0.000995633
128.031 0.00153578
127.584 0.00148994
129.807 0.00146353
128.246 0.00152139
127.601 0.00149064
131.244 0.00171287
132.646 0.00149823
129.896 0.00144452
129.226 0.00155452
129.809 0.0016389
133.28 0.00152688
128.022 0.00150322
124.748 0.00153687
134.702 0.00140026
127.737 0.00125929
132.399 0.00158768
120.022 0.00114457
126.549 0.00151644
128.048 0.00161426
130.403 0.00160432
119.368 9.67472e-05
129.923 0.00150204
130.999 0.00152793
128.402 0.00164761
122.789 0.000314351
126.769 0.00138335
130.467 0.00131575
129.677 0.00142361
126.316 2.81291e-05
129.458 0.00145306
128.321 0.00145861
119.49 0.0014068
127.873 0.00163978
132.704 0.00143629
128.308 0.00145421
126.734 0.00172838
122.132 0.00156664
128.768 0.00168868
128.042 0.00153973
127.002 0.00131342
116.671 0.0014366
131.297 0.0016314
130.132 0.00166478
130.187 0.00168061
129.153 0.00147452
129.887 0.00151521
129.273 0.00146571
130.587 0.00143935
130.473 0.00144047
132.592 0.00148708
130.184 0.00144669
132.041 0.00160834
130.822 0.00144159
121.489 0.00144534
132.117 0.00041717
122.674 0.0013879
126.213 0.00156046
129.201 0.00125845
130.595 0.001555
128.582 0.00138549
128.837 0.00144095
134.217 0.000693835
129.631 0.00138641
120.543 0.00157785
136.351 0.00144174
129.664 0.00153799
124.777 0.00159215
129.242 0.00101642
130.789 0.00145224
130.212 0.00142146
130.708 0.00133713
124.283 0.00056725
126.291 0.00161511
125.705 0.00145645
125.005 0.0014403
129.683 0.0014653
129.656 0.00146301
124.805 0.00150021
126.607 0.00167391
131.084 0.000844334
134.799 0.000164388
131.184 0.00149888
132.82 0.00146806
116.732 0.00144799
127.01 0.00142404
129.864 0.0011934
130.512 0.00165813
135.201 0.00150348
130.073 0.00164708
128.33 0.00149626
130.392 0.00156762
129.911 3.70368e-06
135.506 0.00149373
130.189 0.00143009
130.33 0.00156264
130.249 0.00145813
131.846 0.00149952
129.275 0.00161474
130.647 0.00157051
124.905 0.00144303
118.044 0.00145609
121.015 0.00144954
129.793 0.00149009
128.152 0.00144273
130.765 0.000425598
126.113 0.00142049
128.893 0.00149235
130.175 0.0016508
129.837 0.00157146
129.879 0.00167225
122.504 0.00162131
125.256 0.00164353
128.552 0.00130832
129.734 0.00129898
126.653 0.00167149
135.968 0.00172977
130.617 0.00144409
127.538 0.00163607
125.935 0.00146565
129.149 0.00140575
128.33 0.00165094
126.739 0.00141044
124.982 0.00145455
131.759 0.00149143
127.9 0.00146184
116.991 0.00137475
127.09 0.00143733
124.401 0.00149571
123.887 0.00147334
123.292 0.00153446
129.91 0.0015105
125.471 0.00128138
124.519 0.00151897
130.213 0.0013536
127.179 0.00164999
129.841 0.00143478
135.126 0.00165331
131.447 1.10222e-05
126.766 0.00146408
128.063 0.00147711
133.787 0.00147243
126.713 0.000162933
127.862 0.00136241
124.745 0.0016987
129.269 0.00138321
128.136 0.00146559
124.105 0.000991184
128.386 0.00136533
124.016 0.0015905
134.547 0.00140064
127.839 0.00125232
115.97 0.00143443
132.611 0.00163695
130.86 0.00165147
133.043 0.00122849
132.303 0.000317473
133.527 0.00144338
125.764 0.000429359
129.385 0.00167115
129.25 0.00160761
130.518 0.00151437
128.716 0.00144264
128.796 0.00148995
129.441 0.00146958
130.77 0.00144494
127.552 0.00141214
132.232 0.00148196
136.076 0.00154249
128.439 0.00170629
133.872 0.00144519
124.157 0.00138643
131.077 0.000314248
131.098 0.00147543
128.974 0.00147246
125.789 0.00158618
125.731 0.00163696
125.759 0.00149215
130.791 0.00155295
121.249 0.00166432
126.844 0.00141768
128.805 0.00148813
130.197 0.00167046
129.54 0.00146619
133.089 0.00148013
131.135 0.00154561
130.354 0.00141112
127.639 0.00166265
129.824 0.00146019
129.138 0.00146553
127.192 0.00148641
128.903 0.00155231
128.484 7.06941e-05
131.099 0.00139532
133.948 0.000989075
130.347 0.00148352
132.245 0.00150302
130.421 0.00150862
128.204 0.00162203
135.239 0.00125706
127.244 0.00149722
128.462 0.00159753
125.628 0.00150478
134.506 0.00143737
126.45 0.00144128
128.594 0.000857913
129.187 0.000151569
131.829 0.00155075
126.226 0.00166602
125.607 0.00149201
125.059 0.0014614
131.854 0.000914897
125.392 0.00166044
125.591 0.00132404
129.841 0.00168018
123.718 0.00150484
130.651 0.00142375
134.19 0.00152559
126.993 0.00127188
124.162 0.00159734
125.881 0.00145202
124.194 0.00163687
128.733 0.0013855
131.678 0.00147211
132.785 0.00141972
129.962 0.00144034
126.91 0.00162268
131.057 0.00113631
127.792 0.00150633
128.924 0.00151586
126.29 0.00141561
131.4 0.00161056
130.401 0.00163341
131.842 0.00152955
129.383 0.000158231
129.68 0.0014137
122.293 0.00141398
129.567 0.00145493
133.452 0.00157007
129.466 0.00167042
131.68 0.00145699
130.046 0.00042926
128.946 0.00153302
123.98 0.00143106
122.481 0.00141159
130.252 0.00150235
123.832 0.00151429
131.651 0.00169528
129.424 0.00142534
126.339 0.00152561
138.068 0.00146575
123.074 0.00150179
130.339 0.00144491
122.408 0.00145581
131.516 0.0014617
126.007 0.00165232
129.361 0.00168415
130.109 0.00146719
129.583 0.00143284
124.82 0.00141886
129.744 0.00138966
123.778 0.00150267
127.564 0.00154482
127.857 0.00149623
128.858 0.00156956
125.577 0.00140995
124.068 0.00155013
122.981 0.0014811
133.955 0.00134321
127.616 0.00136669
129.807 0.00143485
128.828 0.00149371
121.66 0.00149207
128.225 0.00146002
128.203 0.00167412
129.271 0.00170943
127.275 0.00148173
127.477 0.00157198
129.56 0.00139718
128.152 0.00151443
129.757 0.00167647
131.362 0.00135759
128.28 0.00147689
129.724 0.00147043
129.19 0.00149027
117.078 0.00168202
126.506 0.00143762
127.491 0.001256
128.02 0.00098563
131.184 0.00141264
123.36 0.00138819
131.737 0.00144671
131.498 0.00168304
126.823 0.000691054
131.177 6.98138e-05
125.95 0.0016279
129.948 0.00143506
130.583 0.00138348
124.77 0.00158001
131.774 0.00114854
133.62 0.00145115
130.888 0.00159819
134.457 0.00150634
127.939 0.00143333
131.839 0.00146147
121.686 0.0013903
129.948 4.40925e-05
120.426 0.00152672
133.778 0.00166224
132.117 1.01628e-05
123.077 0.00153776
129.61 0.00148741
125.187 0.00152476
129.564 0.00163576
134.636 0.00156825
130.024 0.00133964
124.967 0.000844241
130.248 0.00147167
129.058 0.00136347
129.243 0.00152996
129.549 0.00097562
133.424 0.00148159
131.102 0.00147446
126.513 0.00158049
132.543 0.00149934
130.817 0.00149002
133.148 0.00158683
120.506 0.000303528
129.169 0.00152024
126.456 0.00152797
135.735 0.00147706
130.509 0.00158191
129.133 2.1281e-06
133.207 0.00149952
126.234 0.00142143
123.511 0.00144045
126.558 0.00162933
123.638 0.0014575
115.069 0.00137504
127.483 0.00155185
130.165 0.00148992
123.209 0.00138723
125.922 0.00160032
127.479 0.00148105
130.827 0.00167076
126.463 0.0014493
128.856 0.00167731
131.583 0.00147886
128.278 0.00149171
125.248 0.00143833
130.127 0.00150386
127.605 0.00154482
115.562 0.00140618
133.119 0.00145832
135.77 0.00169377
129.678 0.00165377
129.67 1.02772e-06
131.374 0.00144566
124.841 0.00135627
127.452 0.00152637
130.937 0.00155629
137.132 0.00137417
132.432 0.00146933
124.186 0.001451
130.329 0.00144221
127.092 0.00156382
128.488 0.00172353
129.663 0.00145626
127.326 0.00126296
128.105 0.000977867
129.814 0.0016575
130.975 0.00150233
128.919 0.00172618
127.115 0.0014512
132.059 0.00135143
133.063 0.00155232
123.453 0.00164586
130.69 0.00166162
133.74 0.00113302
123.448 0.00142969
127.997 0.00153509
130.906 0.00151486
131.421 0.00141002
130.658 0.00146646
128.184 0.00141713
132.874 0.0014505
128.306 0.00163932
133.293 0.00146144
129.219 0.001342
125.61 0.0016632
120.948 0.00159512
130.434 0.00142345
135.596 0.00142692
130.425 0.00145377
128.799 0.00156557
132.25 0.0016184
129.092 0.00121167
130.733 0.00157736
130.291 0.000290446
124.949 0.0017055
132.315 0.00149654
131.115 0.00142407
128.699 0.00173449
130.585 0.00113094
125.568 0.000314944
130.15 0.00143788
129.982 0.00109858
131.032 0.00138466
129.445 0.00146929
121.801 0.00127068
125.915 0.00148858
125.795 0.00158962
116.284 0.00162441
130.643 0.00167189
127.931 0.00144113
126.812 0.00166853
130.596 0.00166749
128.788 0.00158009
125.3 0.00165239
128.599 0.000148084
128.708 0.00146452
125.722 0.00143316
129.934 0.0013959
132.029 0.00137983
124.718 0.000875907
129.443 0.00171225
131.059 0.000427561
130.696 0.00157513
116.501 0.0015261
134.007 0.00144271
128.125 0.00146058
121.244 0.00144244
124.741 0.00155225
133.826 0.00143669
120.219 0.00146116
126.438 0.00144937
126.716 0.00144373
131.406 0.00144885
126.439 0.00015557
128.616 0.00150029
128.545 0.00143935
128.764 0.00144963
132.041 0.00148459
132.898 0.00159021
130.077 0.000564735
133.802 0.00145983
127.592 0.000223874
129.681 0.00164629
132.715 0.0014872
127.551 0.00145141
132.145 0.00150789
123.529 0.00139613
117.112 0.00151698
129.425 0.00147526
123.713 0.00145057
126.868 0.00167223
115.089 0.00145523
131.003 0.00166135
127.587 0.00150414
124.264 0.0015374
129.029 0.00131585
130.29 0.00157345
128.077 0.00151057
129.832 0.00145348
127.142 0.00143584
129.577 0.00166927
130.935 0.00144553
130.066 0.00146452
129.87 0.00132745
123.327 0.0014339
128.523 0.00162725
128.516 0.00145286
128.601 0.00162019
126.388 0.0014984
140.335 0.00157215
130.785 0.00149425
119.824 0.00150046
131.199 1.27289e-06
130.756 0.00143552
125.511 0.00169209
129.163 0.00166191
135.292 0.00108985
124.286 0.00150694
126.151 0.00135702
126.667 0.00145085
129.757 0.00142657
129.038 0.00142336
120.052 0.0016104
128.031 0.00145829
128.395 0.00147006
129.858 0.00138858
122.679 0.00146695
130.871 0.00144351
125.825 0.00144649
130.599 0.00169675
128.173 0.00143312
131.033 0.00151409
128.597 0.00127486
128.46 0.00147029
120.727 0.00137522
133.127 0.00143628
130.276 0.00137188
130.135 0.00144255
128.247 0.00151059
126.977 0.00150731
125.489 0.00144456
124.562 0.00148473
128.101 0.0015017
129.929 0.00157449
129.615 0.00151101
130.399 0.00163002
127.537 0.00140849
126.246 0.00153429
131.638 0.000107491
130.508 0.00157758
125.07 0.00135689
126.815 0.00149915
130.989 0.00149027
131.707 0.00140339
125.174 0.00164559
132.17 0.00155882
130.49 0.00142029
128.631 0.00144891
130.676 0.00145066
131.294 0.00167179
130.73 0.00138299
126.6 0.00145023
130.506 0.00164262
127.238 0.00143974
125.806 0.00146911
127.073 0.00158358
129.158 0.0014281
129.235 0.00157358
128.176 0.00144957
128.537 0.00099332
129.492 0.00151263
126.507 0.00149523
131.31 0.00136999
129.204 0.00165723
130.117 0.00163325
129.47 0.00164083
129.466 0.00145215
131.201 0.00138958
124.989 0.00147213
128.722 0.00145364
129.213 0.00144278
132.541 0.00146218
132.652 7.03913e-05
126.68 0.00135328
128.658 0.00149416
123.78 0.00150243
129.042 0.00145246
129.407 0.0014779
127.781 0.00162905
126.046 0.00137494
131.989 0.00159242
123.425 0.0016372
127.919 0.00152215
124.756 0.00157725
121.016 3.90728e-05
131.635 0.00152883
128.934 0.00148241
124.12 0.000679746
127.778 0.000316567
129.503 0.00150171
130.971 0.00152238
131.879 0.000703974
134.346 0.00152839
131.236 0.00144821
128.925 0.00153413
130.15 0.00149692
130.077 0.0015637
132.636 0.00151505
130.043 0.00141826
127.946 0.00166641
124.429 0.00151265
126.719 0.00145682
129.103 0.00143634
128.783 0.00147347
127.285 0.00146426
126.046 0.00102595
129.636 0.00150561
127.939 0.00148963
131.691 0.001459
126.429 0.00149169
131.07 0.00153526
131.638 0.00134661
134.334 0.00151342
129.102 0.000158022
130.793 0.000859273
129.551 0.00167432
131.054 0.00149793
123.233 0.00133547
131.489 0.00136677
129.65 0.00144609
127.25 0.00153154
129.989 0.00147158
129.545 0.00150428
128.075 0.00144079
130.032 0.00161465
130.07 0.00153138
129.707 0.00162196
133.735 0.00168832
128.679 0.00146344
130.068 0.00161834
128.97 0.00134192
132.883 0.00135888
128.472 0.00152694
123.925 0.00136146
123.478 0.00150325
128.453 0.0012438
132.964 0.00151029
126.826 0.00165037
121.913 0.0016133
126.274 0.00147574
131.32 0.00150089
129.368 0.00161606
133.981 0.00151892
130.139 0.00145873
128.416 0.00149709
130.327 0.00155947
126.661 0.00154947
131.261 0.00149592
130.051 0.00137807
127.626 0.00149065
129.613 0.00148944
129.283 0.00137044
124 0.00156917
131.751 0.000440868
117.424 0.00155798
128.18 0.00154238
125.67 0.00146895
131.032 0.00126229
130.694 0.00164427
124.639 0.00163417
125.325 0.00146908
125.887 0.000852751
130.544 0.00144863
129.542 0.00131661
129.552 0.00142838
127.184 0.00139511
126.421 0.00146321
130.936 0.000289166
122.749 0.00149214
129.115 0.00146952
128.169 0.00150633
129.916 0.00148654
129.305 0.00156219
126.003 0.000232873
130.133 0.00143834
124.081 0.00156525
130.226 0.00167293
129.21 0.00146652
126.116 0.00163906
132.289 0.00153533
127.812 0.00145032
125.811 0.00148403
119.307 0.00149463
129.353 0.00165669
131.132 0.0013676
131.354 0.00144838
128.398 0.00152657
119.193 0.00163417
129.79 0.00145341
133.325 0.00142909
132.689 0.0015103
130.718 0.00134529
129.371 0.00154674
131.574 0.00135473
126.822 0.0015295
128.312 0.00151315
128.758 0.00148311
132.515 0.00158426
129.014 0.00151575
131.27 0.00143414
130.784 0.00139909
124.277 0.00157384
132.29 0.00156054
132.432 0.00155852
136.32 0.00136333
135.257 0.00144716
129.745 0.00145432
127.898 0.00163098
124.328 0.00135725
133.497 0.00141561
136.184 0.00153188
127.834 0.00132828
130.309 0.00145353
128.872 0.00145065
129.559 0.0013826
142.764 0.0011898
134.636 0.00140842
131.039 0.00146019
129.178 0.00145577
130.377 0.00146311
129.246 0.00152553
129.055 0.000990999
132.67 0.00150577
124.447 0.001403
132.217 0.00163921
127.066 2.12961e-06
133.619 0.00149669
130.743 0.0016708
133.879 0.00157636
130.817 0.0015221
121.034 0.00143883
124.719 0.00149044
127.577 0.00149662
128.957 0.00162436
128.115 0.00149719
132.481 0.00157994
129.146 0.00150832
133.11 0.00145227
130.897 0.00142891
132.976 0.00145275
128.553 4.40701e-05
128.518 0.00137142
133.119 0.00160664
125.811 0.00144508
115.75 0.00145504
125.47 0.00143641
123.562 0.00148596
133.941 0.00145311
115.816 0.00142477
132.317 0.00140505
129.32 0.000530886
127.284 0.00149349
132.694 0.000706493
128.354 0.0014365
126.46 0.00113013
130.018 0.00144646
132.667 0.00167687
129.285 0.00152738
128.976 0.00147712
137.12 0.00165066
129.811 0.00150679
125.558 0.00163403
129.613 0.0015262
128.627 0.00143679
128.981 0.00163425
125.846 0.00148982
132.396 0.00170826
126.152 0.00144487
130.042 0.00102071
132.36 0.00148578
120.25 0.00146647
123.932 0.000967484
132.231 0.00137896
127.075 0.00140899
127.898 0.00139141
132.255 0.00166853
125.683 0.00154221
127.824 0.00145038
130.196 0.00164413
129.809 0.00150912
132.666 0.00139238
130.442 0.00151451
133.723 0.0014676
120.153 0.00139518
124.386 0.00146931
131.016 0.00161739
129.255 0.00157585
127.721 0.00151726
122.613 0.00142921
131.074 0.00162986
131.669 0.00162919
127.114 0.00147446
128.337 0.00144582
129.694 0.000222544
123.359 0.00149553
130.528 0.00139648
125.1 0.00147826
129.435 0.00153614
129.893 0.00151957
124.244 0.00159102
127.282 0.00144381
131.547 0.00144881
122.844 0.00140116
124.492 0.00152213
129.557 0.00144869
132.233 0.001538
127.312 0.00145429
127.953 0.0014677
130.6 0.00163561
125.829 0.00141875
131.01 0.00163161
130.769 0.0014773
130.398 0.00167189
129.211 0.00146568
133.731 0.00162282
130.748 0.00142942
131.843 0.00165377
128.515 0.00153557
125.7 0.00131019
126.735 0.00110874
126.931 0.00154388
130.534 0.00148695
131.482 0.00161965
132.242 0.00151855
127.96 0.00142034
121.671 0.00150105
128.199 0.00125349
129.133 0.00147459
127.693 0.00149797
129.961 0.00144701
119.21 0.00139705
130.507 0.00171391
129.591 0.00149771
131.497 0.00144927
129.913 0.00165893
132.648 0.00152132
126.749 0.00147302
125.379 0.0017476
130.608 0.00156664
130.054 0.00151447
126.697 0.00144943
124.439 0.00164503
126.299 0.00151854
130.392 0.0012538
130.849 0.00147076
133.736 0.00139765
128.213 0.0015175
133.985 0.000316822
134.237 0.00143524
131.193 0.00151002
126.99 0.00143438
120.231 0.00154881
128.425 0.00147753
134.31 0.00148887
134.602 0.00150824
128.647 0.00167967
132.442 0.00135371
134.48 0.0015159
126.641 0.00142496
129.602 0.00143567
124.739 0.00147249
129.843 0.00165787
128.201 0.00164195
130.954 0.00151606
129.627 0.00166879
128.417 0.000933377
129.126 0.00141191
129.768 0.00136012
129.094 0.00143553
124.386 0.00147564
124.942 0.00130792
129.031 0.001495
130.43 0.00151286
131.38 0.00149974
119.839 0.00151224
128.86 0.00148772
135.723 0.00152142
121.942 0.00150233
128.012 0.00144775
123.177 0.00127203
121.699 0.0014278
115.203 0.00146146
129.986 0.00145684
130.686 0.00163784
133.043 0.00163877
127.104 0.00150687
127.782 0.00153503
132.148 0.00150624
131.731 0.00138655
124.912 0.000427458
124.501 0.00152118
134.532 0.00144759
129.861 0.00141735
130.533 0.00161517
129.672 0.00144723
124.981 0.00152446
128.237 0.00135034
131.36 0.00146522
129.769 0.00124775
135.863 0.00149568
124.34 0.00148277
128.666 0.00143597
128.747 0.00143898
128.957 0.00149918
130.577 0.00124263
126.978 0.00127762
125.12 0.00139483
129.929 0.0016663
128.056 0.00159912
134.299 0.000574904
135.152 0.00141643
130.904 0.00137405
127.439 0.00160281
129.911 0.00150981
131.359 0.00143442
130.07 0.00156771
128.882 0.00150327
128.948 0.00146417
117.975 0.00146137
126.561 0.00141132
127.999 0.00156803
129.555 0.00143882
127.13 0.00100915
136.486 0.0015148
124.445 0.00167917
131.093 0.00160618
127.604 0.00158669
130.835 0.00164531
128.003 0.00156492
125.815 0.00145977
130.678 0.0013383
120.051 0.00156907
129.947 0.00163756
126.465 0.00150569
132.265 0.00153186
133.42 0.00145796
130.628 0.00140786
131.47 0.00155977
123.349 0.00145556
129.415 0.00150316
126.747 0.00146697
129.809 0.00144447
128.965 0.00143354
127.058 0.00151466
129.545 0.00151241
120.818 0.00157494
134.347 0.00155165
126.425 0.00157357
127.216 0.00146804
130.492 0.00149535
131.755 0.00148282
132.715 0.00148999
130.313 0.00154222
132.591 0.000544641
131.569 0.00151064
128.616 0.00145921
128.34 0.00143816
133.373 0.00164157
122.829 0.00154252
131.941 0.00150843
128.217 0.00145172
126.968 0.000323922
121.756 0.00151295
128.196 0.000227763
128.711 0.00147995
127.809 0.00125132
129.676 0.00139875
128.896 0.00155375
130.876 0.00151616
133.304 0.0014335
129.842 0.00152197
131.706 0.00145016
131.464 0.00144901
130.05 0.00132466
126.455 0.00152638
129.893 0.000674425
131.545 0.00144481
132.289 0.00138637
132.272 0.00143528
126.707 0.00142066
125.766 1.31998e-06
127.369 0.00165754
129.8 0.00150241
130.719 0.00164764
128.318 0.00156625
122.982 0.00161011
129.506 0.00150412
126.363 0.00151457
130.944 0.0016234
128.672 0.00163119
127.323 0.00166435
128.889 0.00145972
128.055 0.00144996
130.874 0.00164106
127.56 0.00156826
131.518 0.000844868
127.866 0.000106198
130.482 4.4499e-05
124.993 0.00145606
126.571 0.00144849
128.23 0.00145536
128.69 0.00148641
131.607 0.00147423
125.793 0.000524983
127.47 0.0014842
128.866 0.00144376
131.74 0.00138739
125.594 0.00142399
130.041 0.00162018
121.961 0.00142319
131.91 0.00151278
129.544 0.00167744
128.701 2.76367e-05
130.515 0.00160929
126.223 0.0014858
128.732 0.00156997
134.383 0.00161416
121.445 0.000575455
128.172 0.00143118
128.724 0.00122952
130.454 0.00146542
126.785 0.00153699
126.678 0.00103633
127.66 0.00142197
134.325 0.000400233
123.971 0.00167978
129.623 0.00154193
137.618 0.00137253
131.667 0.00139595
133.754 0.00148662
127.684 0.00154577
127.614 0.00149698
128.88 0.00156879
128.362 0.00145085
131.785 0.00161464
126.599 0.00151118
131.081 0.00158998
132.552 0.00158387
131.139 4.20293e-05
129.108 0.00156146
129.206 0.00101837
128.104 0.00171711
131.763 0.00157017
129.24 0.00152216
128.157 0.00160843
131.871 0.00165418
139.069 0.00156097
121.78 0.00133572
130.404 0.00152472
128.776 0.00158713
128.974 0.0016205
127.371 0.00149473
131.584 0.00144154
133.225 0.00145541
129.178 0.0015076
133.274 0.00158376
127.464 0.00168094
128.66 0.00149797
134.253 0.0015222
128.07 7.00326e-05
130.507 0.0014665
129.03 0.00149551
124.801 0.00158819
130.454 0.00133308
133.237 0.00145655
117.91 0.00142533
125.701 0.00145342
130.184 0.00143953
132.584 0.00151621
130.725 0.00166506
127.173 0.00144254
133.421 0.00150387
127.471 0.00157201
121.639 0.00160734
131.416 0.0014283
128.679 0.000429039
120.677 0.00167713
127.645 0.00147955
130.385 0.00165423
128.389 0.00143223
130.21 0.0013808
129.058 0.00166626
125.615 0.00167351
132.502 0.00154002
121.758 0.00140488
134.729 0.00148055
122.185 0.00084183
124.606 0.00144914
127.145 0.0016469
122.451 0.00150116
131.441 0.00146344
135.043 0.00149502
128.778 0.00145049
124.902 0.0015187
120.817 0.00163646
126.717 2.83512e-05
136.144 0.00162457
125.765 0.00155028
130.555 0.00149933
129.747 0.00140613
129.037 0.00163339
128.857 0.00157503
128.672 0.00145041
130.8 0.00169624
123.942 0.00149005
127.86 0.00204796
125.196 0.00148965
131.91 0.00143919
131.299 0.00144822
131.427 1.34602e-06
135.786 0.00145747
132.523 0.00101048
129.779 0.00163621
126.635 0.00152477
126.159 0.00146211
127.407 0.00161111
130.188 0.00143766
128.856 0.00153565
126.634 0.00144688
132.997 0.00148876
126.699 0.00140696
137.464 0.00152285
129.727 0.00148283
125.321 0.00147525
128.478 0.00143744
128.604 0.00133884
129.355 0.00145302
125.984 0.00165791
123.966 0.00145348
133.582 0.00127287
125.801 0.00148653
116.413 0.00152785
125.671 0.00144118
120.403 0.00152661
120.515 0.00113362
130.054 0.00165864
127.801 0.00162005
130.868 0.00143467
129.727 0.00151845
124.691 0.00143794
127.4 0.00142937
126.039 0.00135109
129.536 0.00155967
131.689 0.00150975
125.646 0.00125137
127.696 0.00156191
131.82 0.00146913
117.006 0.00153137
124.944 0.00143317
135.139 0.00139727
132.73 0.00143448
129.784 0.00157065
129.484 0.00145252
124.316 0.0016405
127.726 0.00162455
120.115 0.00154026
124.966 0.00162936
127.778 0.00141001
125.31 0.00159811
127.679 0.001481
124.264 0.00157676
115.645 0.00147604
128.782 0.00144777
130.992 0.00144239
123.899 0.00128298
127.545 0.00143968
125.779 0.00144294
131.206 0.00159948
126.53 0.0015174
127.285 0.00138354
130.137 0.00150109
128.819 0.0015166
129.072 0.00160113
127.629 0.00157698
126.085 0.00148555
127.634 0.00152235
127.313 0.00148401
130.315 0.00143448
129.808 0.00163379
127.254 0.00144869
125.681 0.00145233
127.339 1.01157e-06
134.707 0.00147939
127.174 0.00146771
128.933 0.0014522
125.787 0.00137389
134.414 0.00135648
125.83 0.00148721
130.785 0.00166437
125.95 0.00149187
129.205 0.00145503
131.848 0.000156318
130.438 0.00146931
129.025 0.00145674
130.208 0.00149638
125.321 6.78706e-05
126.489 0.00144628
129.733 0.00172113
124.449 0.00159172
129.96 0.00148385
130.113 0.0014542
124.588 0.00165029
129.511 0.00156695
129.41 0.00166011
128.671 0.00151496
130.28 0.0014613
132.226 0.0015664
130.508 0.00135015
123.424 0.00162834
130.562 0.00143328
132.547 1.02758e-05
129.779 0.00150857
118.67 0.00142361
126.29 0.00150276
128.029 0.00153106
130.65 4.3402e-05
125.102 0.00139559
131.381 0.00160959
130.839 0.00155464
127.058 0.00142353
126.688 0.00169647
127.6 0.00148812
124.812 0.00162772
131.488 0.00162001
130.474 0.00139714
129.019 0.00148155
125.676 0.000994597
130.394 0.00168794
130.773 0.0015022
125.562 0.00153413
127.98 0.00149431
127.737 0.00167719
126.849 0.00161784
122.873 0.00146513
133.606 2.89789e-05
131.84 0.00144984
119.408 0.00138853
124.146 0.00144463
129.061 0.000105448
128.234 0.000994645
135.405 0.00136089
126.271 0.00161317
130.932 0.00151218
130.146 0.00152139
131.491 0.000994916
128.627 0.00144162
126.466 0.00145349
120.406 0.00155391
128.927 0.00168375
127.351 0.00154017
130.906 0.00146287
127.815 0.00140104
130.163 0.00150114
127.097 0.00143651
129.34 0.00163475
135.18 0.000979531
127.645 0.00156792
131.165 0.00145704
128.594 0.00146631
130.242 0.000406541
132.383 1.01769e-05
128.424 0.001513
124.283 0.00156806
127.466 0.00133246
129.387 0.00166635
130.161 0.00157742
126.127 0.00159349
124.042 0.00125825
130.246 0.00164353
127.912 0.00149562
126.341 0.00161569
127.685 0.00158901
122.427 0.00158125
130.952 0.00166367
127.838 0.00104795
130.338 0.00161621
130.95 0.00156323
128.234 0.0014927
130.285 0.00157436
127.861 0.00107644
128.918 0.00145694
122.95 0.0014281
123.381 0.00138026
127.76 0.00133374
127.346 0.00142788
126.285 0.00144982
130.308 0.000101329
132.704 0.00164949
128.862 0.00163365
134.502 0.00136615
123.451 0.00151301
127.766 0.00157998
127.207 0.00150817
124.973 0.00151613
123.753 0.00149537
123.058 0.00155922
123.334 0.00125995
128.666 0.00146652
131.111 0.00146333
128.324 0.00128677
130.806 0.00138025
129.97 0.0016178
131.357 0.00115234
129.179 0.00147253
129.472 0.00146132
126.451 0.0014362
124.038 0.0014508
128.012 1.68717e-05
123.204 2.60582e-05
119.584 0.00100395
126.798 0.00137122
122.153 0.00148892
129.13 0.00151322
125.046 0.00127927
127.484 7.1048e-05
121.312 0.0013499
128.618 0.000105352
130.561 0.00156003
123.086 0.00158462
128.875 0.00152758
125.495 0.00136804
123.608 0.00137374
130.535 0.0017046
133.421 0.00153078
130.402 0.00147488
131.245 0.00164101
128.947 0.00091608
129.942 0.00159324
122.786 0.00167351
118.034 0.00150162
124.117 0.00148104
126.703 0.00144079
121.277 0.00144044
124.72 0.00146754
130.505 0.0015547
126.877 0.000937061
123.01 0.00145877
130.62 0.00144211
134.392 0.00149017
130.014 0.000687561
126.048 0.00132971
124.511 0.00145793
129.076 0.00161735
130.846 0.00167807
130.752 0.00157267
116.43 0.0003008
128.027 0.00147419
123.944 0.00146647
120.489 0.000964733
127.42 0.00145044
120.187 0.00136837
125.388 0.00138259
128.702 0.00148393
126.588 0.00153114
128.135 0.0015263
130.098 0.0014444
127.356 0.0016725
127.808 0.00142719
130.712 0.00161869
129.912 0.0014127
131.804 0.000157736
128.566 0.00164211
130.507 0.00150787
134.589 0.00153947
128.722 0.00123796
129.701 0.00143883
131.214 0.00144655
128.337 0.00141454
125.899 0.00157556
130.208 0.00146509
120.312 0.00152091
122.923 0.0015038
129.582 0.00147866
128.19 0.00101609
125.039 0.00141494
131.349 1.06701e-05
128.521 0.00150046
126.879 0.00147072
130.386 0.00148597
126.296 0.00167153
131.934 0.00152034
129.118 0.00164795
131.885 0.00166609
124.077 0.00143695
127.113 1.02417e-05
130.901 0.00141237
134.511 0.00166084
126.198 0.000433047
132.505 0.00145184
122.223 0.00142541
130.295 0.00147018
126.09 0.00159735
130.32 0.00151028
128.159 0.00168136
128.594 0.0013677
130.033 0.00161029
127.338 0.00151492
126.724 0.0016887
128.168 0.00166036
122.94 0.0015021
128.662 0.00169178
131.243 0.00145099
131.06 0.00152868
134.831 0.00158984
128.988 0.00165915
126.043 0.00153643
130.234 0.000560598
130.664 3.65595e-06
127.895 0.00164841
129.545 0.00149403
129.922 0.00155126
130.35 0.00146024
135.101 0.00143215
130.056 0.00113631
122.287 0.000299741
127.602 0.00143589
128.421 0.00141797
131.448 0.00162581
125.407 0.00162944
130.613 0.00151574
130.161 0.00148581
120.21 0.00158328
127.575 0.00152567
125.323 0.00146538
127.936 0.0014758
127.169 0.00150327
129.964 0.00146321
130.242 0.00144512
124.96 0.00147065
130.612 0.00162027
127.02 0.00157148
133.555 0.00149006
127.523 0.0015352
120.005 0.00138995
124.618 0.00147024
128.448 0.00134684
122.803 0.00165462
129.324 0.00141228
131.218 0.00141712
126.103 0.00150827
126.128 0.00156838
132.211 0.000313916
127.528 0.00145758
130.661 0.00154183
133.021 0.00159365
124.701 0.00136467
126.554 0.000427594
132.124 0.00151715
125.926 0.00143453
129.206 0.0014581
127.59 0.00125017
122.594 0.000145162
124.594 0.000109431
129.583 0.0015104
130.892 0.00149207
122.998 0.00158123
133.404 0.00147497
128.102 0.00145744
130.679 0.00151593
122.112 0.00149376
128.953 0.00144739
131.492 0.0016364
126.103 0.00146451
131.593 0.00167182
130.045 0.00145928
118.101 0.00149316
130.485 0.00149518
129.749 0.00163136
126.534 0.000437367
126.201 0.00169417
131.698 0.00163548
130.76 0.00152658
131.473 0.00166942
125.395 0.00150814
131.634 0.00134642
132.427 0.00167858
125.845 0.00151706
130.677 0.00166247
127.791 0.00155427
125.912 0.00164973
125.078 0.00161236
129.75 0.00167145
124.665 0.00145658
126.474 0.00164994
129.935 0.00164041
126.133 0.00150836
129.915 0.000104117
123.23 0.00163334
140.111 0.00139771
131.762 0.00162194
128.301 0.00149031
128.136 0.00146109
130.359 0.00150463
128.163 0.00166439
131.492 0.00149218
130.612 0.00157606
130.056 0.00148937
127.763 0.00143623
128.709 0.0015142
133.04 0.00144383
132.139 0.00145442
127.278 0.00151127
128.01 0.00145293
128.998 0.00146311
127.185 0.00146449
128.751 0.00151258
128.524 0.00154651
131.968 0.00138026
123.43 0.0015366
129.682 0.00146429
127.109 0.00154926
126.098 0.00152387
128.37 0.00144045
129.321 0.00150263
132.037 0.00152375
127.734 0.00138803
131.825 0.000839025
133.093 0.00144248
123.183 0.00151072
129.55 0.00145786
127.219 0.00149597
130.958 0.00166543
131.968 0.00145182
123.832 0.00146059
129.654 0.00164509
128.429 0.00173993
128.25 0.00146134
128.987 0.00150357
129.945 0.00143896
127.318 0.000845925
125.259 0.00148538
127.838 0.000233547
122.621 0.0015021
127.282 0.00143599
133.598 0.0015264
130.348 0.000428828
130.548 0.0014924
130.822 0.00157061
128.604 0.000293549
117.914 0.00143432
119.72 0.00146398
124.375 0.00167303
128.035 0.00142661
129.544 0.00164772
128.868 0.00147699
128.975 0.00162417
127.591 0.00147692
128.8 0.00161744
124.429 0.00146528
129.818 0.00143992
132.544 0.00138066
124.746 0.00164342
127.849 0.00140285
129.291 0.0013663
116.33 0.00164697
131.325 0.00124956
134.405 0.00171108
125.995 0.0016272
126.059 0.000688098
126.362 0.00145513
130.034 0.00141453
132.921 0.00132805
127.131 0.00137454
121.251 0.00163916
131.221 0.00157766
134.065 0.00151212
132.208 0.00146828
126.371 0.00148131
122.876 9.83999e-06
133.674 2.86084e-05
124.837 0.00164649
128.426 0.00147255
130.942 0.00149173
131.103 0.00144773
131.514 0.000977893
129.725 0.00146361
126.402 0.00163579
127.672 0.000431429
130.171 0.00142145
131.037 0.00148719
124.161 0.00162941
129.573 0.00162181
129.858 0.00161968
126.749 0.00147161
136.88 0.00165654
131.034 0.00146443
130.074 0.0013996
126.702 0.00145109
131.179 0.00159506
124.707 0.00164278
126.565 0.00147379
132.75 0.00146674
125.421 0.000973764
132.719 0.00105103
127.488 0.00136778
128.9 0.00156951
129.728 0.0014939
129.725 0.00146403
130.144 0.00153564
136.506 0.000861633
130.053 0.00152208
131.128 0.0011246
124.255 0.00143847
128.999 0.00124568
128.59 0.00146017
130.776 0.000310352
130.674 0.00145444
129.789 0.00156052
129.422 0.00163068
131.483 0.00144847
132.519 0.00153398
127.278 0.00145429
128.531 0.00145997
121.379 0.00144889
125.833 0.00145619
127.6 0.000672113
128.654 0.00149227
128.457 0.0016457
130.397 0.00154385
128.757 0.0013452
129.483 1.0221e-05
127.17 0.00168237
125.664 7.04867e-05
133.977 0.00154565
128.088 0.00165858
127.612 0.00144824
130 0.00171067
136.508 0.00168346
127.956 0.00163242
127.369 0.00142422
130.58 0.00163538
131.723 0.00132819
130.191 0.00146272
130.319 0.00150584
128.575 0.0014158
128.411 0.00151876
128.293 0.00148703
127.86 0.00145936
129.04 0.00143469
133.009 0.00150952
133.579 0.00152132
130.631 0.00145772
131.48 0.00137277
126.768 0.00144708
138.066 0.00159405
126.311 0.000429757
128.546 0.00153233
128.526 0.00148702
118.546 0.000620209
133.623 0.00139566
129.967 0.00172248
121.332 0.00153291
127.21 0.00153436
133.297 0.0014684
125.949 0.00146572
129.152 0.0017201
129.977 0.0014728
127.486 0.00167046
128.327 0.00145486
129.775 0.00143891
118.642 0.0014915
133.949 0.00149752
129.766 0.00150922
122.713 0.00160598
129.229 0.00146142
125.366 0.00154258
128.932 0.00151108
128.668 0.00152413
128.338 0.00156401
127.755 0.00146419
131.701 0.00154858
131.816 0.00144157
131.529 0.00153555
131.955 0.00149208
131.167 0.00144073
127.509 0.00154389
127.988 0.00146667
133.313 0.0014287
137.478 0.0015572
129.966 0.0014625
128.738 0.00149647
129.59 0.00156392
127.828 0.00147483
125.693 0.00143847
123.921 0.00151774
130.091 0.00144438
130.488 7.02614e-05
123.773 0.0016194
124.298 0.00152182
126.159 0.000226826
129.055 0.001651
122.161 0.000802508
130.078 0.00151853
131.241 0.00166099
132.393 0.00149133
130.39 0.00161685
123.114 0.00148941
123.391 0.00150978
123.96 0.00164725
129.093 0.00149946
128.905 0.00160223
129.22 0.00143064
131.669 0.00149013
128.102 0.00150672
130.286 0.0011417
124.437 0.00153152
127.834 0.00152034
131.818 0.00164073
130.095 0.00151603
124.268 0.00152908
124.057 0.00152859
132.092 0.00150391
130.538 0.00139942
126.339 0.00115585
127.051 0.00159069
129.518 0.00165163
131.345 0.00147096
125.66 0.00155775
127.058 0.00163255
128.827 0.00144153
127.825 0.00158133
124.198 0.00162261
116.749 0.00154653
126.267 0.00171814
128.028 0.00155671
123.131 0.00143584
127.848 0.00166839
123.074 0.00112746
134.838 0.00151334
126.462 0.00144774
128.456 0.00127109
132.26 0.00152463
128.406 0.00151803
125.971 0.00143962
132.433 0.00155105
126.402 0.00152831
129.395 0.00159062
127.36 0.00148603
123.861 0.00150519
115.636 0.000225613
129.971 0.00150649
131.212 0.00153098
130.32 0.00163527
130.473 0.00144134
125.667 0.00157469
129.666 6.08651e-06
132.287 0.00152377
126.578 0.00139216
127.216 4.43151e-05
124.136 0.00165982
117.081 0.0013356
127.786 0.00147169
124.692 0.0014609
133.003 0.00148397
133.684 0.000431826
115.124 0.00105468
120.788 0.00152341
124.317 0.00147805
127.65 0.00131504
125.839 0.0013588
130.209 0.00166283
129.617 0.00139653
130.202 0.00152291
130.901 0.000792773
130.086 0.00153218
132.592 0.00149656
126.758 0.00137145
131.776 0.00169535
131.115 0.00144084
130.246 0.001525
131.942 0.001477
129.999 0.00149113
130.167 0.00124529
130.256 0.00134107
129.644 0.00145266
132.402 0.00147966
135.55 0.00150629
130.8 0.00097742
124.996 0.00155564
131.091 0.00135033
125.214 0.00140575
125.19 0.00147472
134.251 0.00153197
130.469 0.0014076
129.885 0.00166432
131.664 0.00164188
133.959 0.00157168
130.227 0.00150375
133.552 0.00145082
131.784 0.000860019
129.291 0.00162767
124.11 0.001504
133.653 0.001361
127.237 0.00100585
131.879 0.00161851
133.589 0.00150405
135.805 0.0014429
134.374 0.00145165
127.5 0.00153416
130 0.00150209
126.185 0.00150458
119.866 0.00166152
130.451 0.00144773
130.806 0.00159101
117.369 0.0016175
131.68 0.00146001
125.52 0.00141025
128.382 0.00143446
115.748 0.00151152
131.713 0.00142845
129.069 0.00157735
126.441 0.00164486
126.357 0.00163746
125.858 0.00156601
131.192 0.00144352
125.824 0.00147139
130.689 0.00125488
120.917 0.00145841
131.206 0.00145084
128.522 0.000839375
126.519 0.00153487
129.924 0.001484
130.657 0.00148508
130.483 0.00137882
130.06 0.000837364
129.38 0.00150637
127.796 0.00143662
123.523 0.00136261
126.222 0.00162503
127.164 0.00146252
128.237 0.00147319
128.12 0.00168932
129.251 0.00156289
133.545 0.00158646
125.126 0.00144216
125.536 0.00145683
127.281 0.00150837
127.05 0.00147847
125.676 0.00150953
128.501 0.00150517
128.187 0.00149087
128.205 0.00146868
128.755 0.00144744
129.53 0.00147586
131.386 0.0011339
131.907 0.00163236
131.188 0.00124275
132.953 0.00145882
123.781 0.00137418
128.612 0.00148661
128.061 0.00146915
125.76 0.00133104
127.675 0.00147576
129.288 0.00157338
127.359 0.00166072
130.545 0.00124721
128.625 0.00162784
134.486 0.00143662
124.765 0.00156972
130.991 0.00149151
130.344 0.00149494
132.407 0.00106967
126.141 0.00162874
127.249 0.00135194
126.219 0.00152372
130.249 0.00144863
127.237 0.00148241
128.404 0.00160839
127.451 0.00166262
127.277 0.00165201
124.256 0.00163564
130.65 0.00129003
128.621 0.00148696
127.787 0.0015871
124.738 0.00170955
133.142 0.000870577
132.642 0.000839631
129.48 0.00154424
136.697 0.001502
127.576 0.00042477
131.109 0.00137327
120.553 0.00146164
129.527 0.00143727
125.656 0.00151146
132.088 0.00140471
131.415 0.0011786
128.365 0.00165504
129.454 0.00169436
127.856 0.00141709
130.497 0.00151206
131.513 0.00150412
129.932 0.00148973
130.454 0.00136548
131.878 0.00145563
133.775 0.000544354
129.237 0.00152245
116.473 0.00152385
130.973 0.0014414
131.432 0.00150018
120.615 0.00155574
125.082 0.00144817
124.573 0.00165986
128.771 0.00133321
127.285 0.000315232
132.673 0.00153
132.015 0.00145734
129.377 0.00145388
125.967 0.00164744
123.331 0.00164658
136.025 0.00138841
123.364 0.00166022
130.864 0.00135946
127.397 0.00152644
127.569 0.00159156
130.074 0.00150154
128.549 0.0016187
122.438 0.00174142
130.745 0.00136388
131.699 0.00124605
122.845 0.00133805
129.033 0.00145683
128.129 0.00143848
129.791 0.00143301
129.14 0.00150488
128.707 0.00144855
129.221 0.00162574
125.648 0.00156601
131.044 0.00139262
128.986 0.000838004
131.414 0.00141141
129.501 0.00157497
130 0.000225652
135.369 0.00150387
133.521 0.000317357
129.03 0.0014392
126.603 0.00148587
132.361 0.00134985
132.64 0.00156037
132.607 0.00168705
132.223 0.00147834
130.77 0.00151724
132.683 7.1388e-05
126.674 0.00147142
125.5 0.000223584
127.016 0.00152204
133.735 0.00154737
130.983 0.00153117
126.709 0.00140382
125.835 0.0016931
130.924 0.00143236
131.054 0.00155889
115.805 0.00151016
132.068 0.00158894
130.066 0.0016406
127.296 0.00165172
131.436 0.00148852
132.364 0.000920074
128.413 0.0014492
129.962 0.00153954
128.734 0.00148012
132.035 0.00157606
130.541 0.00161834
131.739 0.00138235
129.417 0.00151471
128.896 0.00138157
134.268 0.00145993
124.682 0.00146611
126.737 0.000235793
132.88 0.00145152
129.664 0.00142144
124.807 0.00166724
124.534 0.0015747
131.015 0.00150287
127.579 0.00145779
120.106 0.00173584
124.872 0.00127863
122.861 0.00141302
126.854 0.00143527
131.447 0.00148562
129.476 0.00134236
126.96 0.00148547
129.244 0.00168363
127.095 0.00143146
128.763 0.00152201
125.257 0.00144438
130.085 0.00145423
128.256 0.0014377
132.697 0.00111797
132.387 0.00144582
124.04 0.00141734
130.764 0.00135898
130.646 7.007e-05
127.687 0.000642929
128.352 0.00145262
129.5 0.00143426
128.357 0.00150619
130.34 0.00161922
133.571 0.00143768
118.713 0.00156741
125.972 0.00117
128.819 0.00158501
126.501 0.00145991
134.005 0.00153755
118.305 0.00158287
124.617 0.00125523
127.829 0.00139369
130.896 0.00165841
126.947 0.000654201
134.938 0.00140114
134.195 0.00165997
128.812 0.00165358
127.275 0.00144683
135.608 0.00150592
121.521 0.00147639
126.342 0.00146438
122.853 0.0013801
127.241 0.00147003
123.54 0.00168824
128.989 0.00156208
133.064 0.00155784
129.026 0.00172849
129.149 0.00159581
128.278 0.00147137
124.094 0.00138747
132.484 0.00147632
130.549 0.0017166
130.878 0.00145634
123.457 0.00151713
127.93 0.00164457
127.255 0.00148594
127.389 0.00145383
120.069 0.00139434
127.503 0.00139545
117.594 0.00154552
129.073 0.00219553
131.683 0.00152838
120.786 0.00140515
127.114 0.00153509
128.503 0.00154193
130.258 0.00145901
129.421 0.00143649
131.405 0.00144525
129.54 0.00146177
126.085 0.00156336
129.267 0.00163301
132.502 0.00140583
131.005 0.00143986
126.322 0.000106362
130.939 0.0007155
123.013 0.00143498
129.33 0.00123022
123.448 0.00157429
128.876 0.00150683
126.407 0.00148327
125.368 0.000293112
131.874 0.00162477
125.967 0.00165576
119.236 0.00141204
128.999 0.00151922
126.875 0.00146799
128.081 0.00152522
130.397 0.000317063
133.12 0.00055215
127.954 0.00166395
129.924 0.00156448
127.414 0.00159884
128.265 0.00143051
127.741 0.00154779
131.816 0.00150267
132.123 0.00143528
129.83 0.00165665
118.429 0.0015627
127.535 0.00152104
128.367 0.0016609
125.765 0.00147928
128.101 0.0015415
132.232 0.00143059
129.998 0.00145628
133.668 0.00120087
127.051 0.0014257
123.881 0.00155424
130.791 0.00145546
122.039 0.00141107
134.995 0.00150663
118.917 0.00162259
128.452 0.00112116
130.385 0.00129747
122.496 0.00138022
129.641 0.00151042
129.792 0.00155266
132.679 0.00163119
132.942 0.00151485
130.81 0.00145861
128.605 0.00169101
129.501 0.000227754
134.729 0.00155477
123.771 0.00147103
131.647 0.00144739
121.372 0.00164026
134.314 0.0015157
130.545 0.00147221
125.777 0.00165696
125.825 0.00145737
129.926 0.00162047
131.146 0.00161766
131.657 0.00148096
131.241 0.00164094
132.25 0.00151643
130.697 0.000100921
129.561 0.00149334
127.862 0.00142794
126.386 0.00132339
129.103 0.00154817
131.716 0.00142593
129.928 0.000841442
132.067 0.00133912
130.497 0.00127503
130.48 0.00161813
126.414 0.00101597
132.055 0.00136667
132.421 0.00153109
129.001 0.00146242
132.465 0.00162278
126.013 0.00151977
129.006 0.00143333
127.65 0.00150964
128.362 0.00145459
127.541 0.00144416
127.686 0.00143281
126.651 0.00156393
129.352 0.00142552
128.029 0.00101872
129.682 0.00150898
132.029 0.00150878
129.177 0.00137053
129.501 0.0014902
131 0.00167794
129.069 0.000225668
134.117 0.0015083
123.264 0.00153183
128.451 0.000705321
123.358 0.00141017
128.706 0.000976875
124.768 0.00147565
128.273 0.00159848
121.59 0.000837515
115.999 0.00152478
128.58 0.00155116
135.269 0.00157888
128.714 0.00151494
129.422 0.00153464
135.174 0.00147821
131.185 0.000313418
129.831 0.00146345
128.972 0.00130304
128.34 0.00111909
133.383 0.00148587
130.137 0.000986816
132.165 0.00146426
129.65 0.0012443
119.559 0.00143192
130.007 0.00149174
126.226 0.00154359
129.754 0.00164913
124.883 0.00161264
128.222 0.00159106
130.892 0.00147134
130.01 0.00169524
129.846 0.00137665
131.363 0.000568254
122.747 0.00147791
128.298 0.00150021
127.935 0.00146575
128.987 0.00107514
126.741 0.000523313
130.307 0.00164335
127.002 0.00137909
129.427 0.00140269
131.342 0.00123083
131.898 0.00150323
128.812 0.00137824
131.265 0.00149845
130.618 0.00165143
131.336 0.00138589
124.338 0.00151034
123.961 0.00148846
117.705 0.00150725
131.885 0.00137201
124.321 0.00146823
129.009 0.00164935
127.169 0.00150244
131.097 0.00153173
118.941 0.00139946
130.405 0.00119781
123.813 0.00144856
130.135 0.0014943
130.53 0.00163037
132.67 0.00145457
129.181 0.00145693
136.082 0.00148772
129.911 0.00161628
133.662 7.02614e-05
128.95 0.00151916
128.104 0.00127648
129.604 0.00137077
123.208 0.00150315
129.1 0.00145066
133.189 0.00164322
119.445 1.52205e-05
129.262 0.00143676
134.507 0.00148038
125.921 0.00155769
127.641 0.0014983
130.173 0.00190045
130.833 0.00146437
132.567 0.00157711
121.492 0.00141851
131.691 0.0012831
130.697 0.00169054
131.337 0.00145458
126.436 0.00158791
131.157 0.00150679
118.642 0.0015147
130.666 0.0015215
130.174 0.00167624
139.049 0.00155821
128.94 0.00167505
123.814 0.00145226
133.257 0.00143607
129.628 0.00145246
130.904 0.00144858
130.499 0.00154089
123.351 0.00149355
132.171 0.00143104
129.436 0.00150647
126.389 0.00137125
130.084 0.00125461
129.183 0.00153952
132.765 0.00145515
130.901 0.0014452
129.483 0.00147112
129.424 0.00161804
130.08 0.00166795
127.792 0.00148132
130.278 0.00138256
123.381 0.00151838
126.397 0.00149333
126.663 0.00154019
128.272 0.00136273
132.878 0.00152737
132.569 0.00126421
122.499 0.0014692
124.253 0.00165695
126.175 0.00146026
131.156 0.0001069
118.287 0.00140604
126.122 0.00157751
135.152 0.00166406
127.584 0.00146696
124.763 0.00144591
128.33 0.00161296
131.466 0.00146927
126.808 0.00155832
127.47 0.00144414
127.324 0.0012719
129.663 0.001356
132.271 0.0014687
118.433 0.00147924
126.386 0.0014384
135.691 0.00123525
125.437 0.00136009
126.375 0.00160673
127.36 0.00139679
131.16 0.00148708
122.422 0.00149657
133.792 0.00168862
123.472 0.00145335
133.462 0.00141469
127.795 0.00157958
126.005 0.00144326
125.542 0.00136882
127.153 0.00140311
132.588 0.00149569
129.813 0.00163152
124.23 0.00139863
129.224 0.00164705
137.414 0.00150977
123.205 0.00146589
130.956 0.00145668
121.706 0.0013927
128.456 0.00158832
130.782 0.00144286
128.436 0.00147391
129.085 0.00150447
126.91 0.00151203
132.896 0.00144332
122.379 0.00144978
130.768 0.00145137
128.21 0.00133308
125.831 0.00145016
126.989 0.00146962
134.803 0.000311754
129.31 0.0012319
122.811 0.0014624
130.515 0.00138417
127.05 0.00162601
130.554 0.00147252
125.437 0.00163207
123.994 0.0015062
131.485 0.000234335
123.448 0.00160417
129.806 0.000874627
133.952 0.00144512
116.546 0.00136595
128.932 0.00151547
127.958 0.00160441
129.054 0.00154997
121.494 0.00153893
126.016 0.00155882
122.34 0.00165291
132.173 4.32526e-05
133.491 0.00166414
130.12 0.00156523
125.978 0.00151031
127.515 0.00145786
123.174 0.00135784
132.879 0.00150663
128.842 0.00135462
130.187 0.00149513
128.874 0.00055623
131.156 0.00146936
131.423 0.001447
126.78 0.00147481
126.827 0.0013352
127.033 0.0016201
127.117 0.00137121
129.88 0.00149185
123.373 0.00160462
128.273 0.0016807
124.05 0.00144737
130.615 0.00147066
127.129 0.00154397
132.09 0.00113244
119.909 0.00166891
129.178 0.00166367
131.368 0.00143605
126.182 0.00171308
128.361 0.00145978
130.161 0.00143995
133.105 0.00134836
131.119 0.00143476
123.199 0.0014099
130.017 0.00153641
129.096 0.00149099
124.138 0.0015291
133.406 0.000292455
127.997 0.00157433
129.322 0.00145266
130.911 0.00145805
136.35 0.00157182
124.686 0.00153676
133.404 0.00146566
143.929 9.71558e-05
127.502 0.00144149
128.36 0.0015447
128.011 0.00160447
133.168 0.00143704
133.2 0.0014251
124.33 0.00166106
128.75 0.00136697
130.351 0.0016491
125.947 0.00156923
129.57 0.00140111
122.247 0.000313371
128.53 0.0015226
130.811 0.00144275
125.298 0.00136207
131.568 0.00150527
129.897 0.00148394
128.224 0.000105847
124.015 0.00142918
128.734 0.00155049
129.608 0.00151557
129.624 0.00141448
132.235 0.00161287
126.157 0.00151176
132.302 0.00148047
131.249 0.00134689
119.121 0.00055445
125.139 0.0015059
134.418 0.00155655
131.43 0.00144964
127.442 0.00148172
127.228 0.00136282
126.121 0.00134264
129.528 0.00144
129.186 0.00137968
126.02 0.00140361
125.28 0.00133776
133.625 4.57037e-05
129.432 0.00142087
123.294 0.00145172
129.695 0.00152277
123.115 0.00136855
130.341 0.00166084
128.743 0.00149479
127.21 0.00147095
125.115 0.00118072
130.966 0.00147928
129.964 0.00163482
127.198 0.00166042
130.376 0.00143757
130.63 0.00161628
131.433 0.00146848
129.04 0.00165977
127.434 0.00146437
133.531 0.000222418
120.21 0.0016437
129.282 0.00150717
128.717 0.0014462
135.079 0.00137047
134.842 0.00109505
131.47 9.97865e-06
130.253 0.0017727
125.618 0.00159548
132.948 0.00140076
129.403 0.00142444
128.747 0.00140438
129.836 0.00160517
130.799 0.0015232
128.547 0.000802861
131.112 0.00144938
129.749 0.000998623
131.729 0.000212073
128.439 7.09706e-05
130.402 0.0014565
128.342 0.00104798
132.093 0.00154965
131.499 0.00113413
128.287 0.00172879
126.033 0.00147298
129.538 0.00158794
130.341 0.00150662
129.452 0.00145795
124.215 7.61041e-06
128.871 0.00154116
129.022 0.00166501
127.711 0.00151387
132.769 0.0011098
129.974 0.0015068
123.796 0.00165694
129.687 0.0014818
127.708 0.0015326
131.019 0.0015434
129.744 0.00137722
119.393 7.17286e-05
130.187 0.00161129
127.121 0.0015274
129.072 0.0015825
136.482 0.000943999
125.538 0.00157985
128.412 0.00149171
121.646 0.001431
130.276 0.00127258
129.496 0.00166128
129.691 0.00148174
122.893 0.00139632
134.406 0.00123351
126.151 0.00150724
131.208 0.000427596
131.152 0.00155771
122.008 0.00161479
128.506 0.00143085
130.062 0.00136942
128.235 0.00139698
127.635 0.00163513
124.249 0.00144966
127.767 0.000707182
127.298 0.00161422
124.833 0.00152068
131.948 0.00165898
130.993 0.00138466
138.385 0.000552439
130.335 0.00150788
124.791 0.00167754
131.566 0.00152461
124.352 0.00171711
128.932 0.00147034
126.85 7.12238e-05
129.704 0.00156115
123.914 0.00151016
128.723 0.00156899
130.581 0.00144181
128.194 0.00146047
131.22 0.0014996
129.538 0.00145763
130.088 0.00167944
129.84 0.00169682
130.471 0.00169256
128.078 0.00151513
131.426 0.00148716
122.081 0.000232369
130.081 0.00151901
129.208 0.0016409
129.699 0.00156201
128.521 0.001543
130.744 0.00164757
129.261 0.00162459
129.428 0.00164001
128.104 0.00165677
124.914 0.000700939
126.583 0.00153266
129.481 0.00151182
129.424 0.00164267
130.289 0.00148422
129.794 0.00135591
130.226 0.00149378
132.309 0.00116379
133.451 0.00142438
130.734 0.00165373
116.164 0.0016377
131.106 0.00142145
128.47 0.00167609
121.799 0.00148913
132.466 0.00152184
120.371 0.00165766
122.994 0.00157821
125.677 0.0015436
126.531 0.00144872
128.408 0.00150904
125.619 0.00133218
128.367 0.000156167
131.824 0.00146733
124.764 0.00144179
131.73 0.0014999
132.361 0.00143836
125.758 0.00150822
133.29 0.0014931
123.867 0.00141923
130.488 0.00156067
130.249 7.05989e-05
130.548 0.00167279
131.593 0.00146206
130.508 0.00144585
130.582 0.00155763
129.809 0.00140698
127.166 0.00144081
132.862 0.00148378
125.107 0.00144687
129.088 0.00145149
128.731 0.00112465
133.318 0.00168828
129.722 0.001543
126.413 0.00141273
125.455 0.00143815
123.403 0.0014146
127.119 0.00151707
127.771 0.00149599
128.239 0.00165318
129.14 0.00132615
129.155 0.00144899
124.824 0.00141175
128.749 0.00141175
129.732 0.00136961
133.509 0.0015655
131.341 0.00151545
127.435 0.00167793
126.966 0.00146719
128.202 0.0016712
133.904 0.000314756
127.954 0.00146997
128.672 0.00147628
127.843 0.00145051
125.476 0.0015022
130.829 0.000912749
126.993 0.00145336
129.321 0.00152258
122.556 0.0014432
133.752 0.00153469
129.28 4.58325e-05
130.912 0.00147373
131.801 0.00126339
131.872 0.00167716
132.092 0.00141295
132.345 6.01356e-06
128.999 0.00171501
133.635 0.0014788
127.167 0.00152683
128.36 0.00145771
130.181 0.00145819
126.252 0.00142423
129.314 0.00144157
126.285 0.00142476
127.216 0.00155204
128.276 0.00156219
130.815 0.00156971
124.967 0.000156003
126.777 0.0015349
125.919 0.00153837
128.163 0.0016112
130.438 0.00144826
134.949 0.00150143
124.945 0.000216215
131.591 0.00143631
132.177 0.00159198
129.411 0.00158096
129.239 0.000712649
133.402 0.00138052
130.05 0.00138035
129.739 0.00169097
128 0.00150928
136.8 0.00063945
128.006 0.00148015
131.575 0.00167104
122.496 0.00157322
125.644 0.00163075
127.409 0.000106183
130.419 0.0014369
132.754 0.0016279
129.668 0.00152693
131.071 0.00145414
127.566 0.00151949
128.224 0.00149194
131.794 0.00126728
127.794 0.00149329
125.875 0.00136662
129.989 0.00150741
125.407 0.00146983
127.363 0.00123604
125.543 0.00153875
129.803 0.0016538
128.498 0.00147801
128.326 0.00144471
122.731 0.00147908
129.298 0.00145712
125.914 0.00168217
130.416 0.00143938
131.44 0.00147915
128.511 0.000552771
131.968 0.00147948
131.677 0.00144017
127.736 0.00152152
133.742 0.0014808
130.377 0.00147452
126.714 0.00144302
124.337 0.00152155
130.925 0.000162241
129.618 0.00151283
116.441 0.0014106
128.002 9.61705e-07
131.637 0.00105571
126.484 0.00145416
128.429 0.00151741
123.638 0.00164629
133.168 0.0016687
125.207 0.00158039
128.97 0.0015244
126.237 0.00167633
124.448 0.00141298
127.329 0.0014623
127.931 0.00161524
131.744 0.00152818
129.778 0.00147598
135.026 0.001351
125.311 0.00156508
129.426 0.0017241
133.181 0.00165565
129.479 0.00149277
129.173 0.00147435
130.259 0.0014439
126.447 0.00141519
125.81 0.000157888
133.857 0.00150507
131.332 0.0015072
120.576 0.00149738
126.79 0.00155633
128.748 0.00168083
127.552 0.00151319
125.957 0.00174835
128.653 0.0014315
117.851 0.00145661
129.649 0.00144145
128.774 0.00173628
130.321 0.00150507
127.256 0.00155319
126.072 0.00146992
130.122 0.00148605
125.764 0.00146813
126.3 0.00143709
129.478 0.00147882
132.65 0.00154296
127.428 0.00146099
131.817 0.00128302
127.375 0.00171858
130.399 0.00165181
129.808 0.00158746
130.674 0.00147711
131.68 0.00157698
128.332 0.00139341
133.425 0.00148241
128.92 0.00164315
127.358 0.00120153
130.489 0.00152124
123.131 0.00149076
128.608 0.00146933
122.624 0.0014801
130.892 0.000695117
130.674 0.000225598
128.47 0.00149627
131.659 0.00146705
120.752 0.00175283
125.893 0.0014579
127.407 0.00164322
131.295 0.00143675
128.111 0.00164805
130.298 0.00149374
130.829 0.00149555
125.415 0.00150243
127.448 0.00150962
129.864 0.00150396
131.427 0.00167366
127.867 0.00144071
130.181 0.00166658
120.987 0.00149292
130.888 0.00149486
122.508 0.00144622
127.435 0.00144152
118.616 0.00141409
131.51 0.00142562
126.475 0.000982735
128.076 0.00145438
127.328 0.00139262
131.681 0.00139457
135.222 0.0014656
127.98 0.000977359
122.878 0.00147621
121.17 0.00157594
124.727 0.00171641
125.646 0.00167019
128.504 0.0016179
129.882 0.00145171
132.18 0.0014999
130.831 0.00158871
130.724 0.00147824
129.904 0.00158776
128.816 0.000694932
126.154 0.00146555
133.247 0.00143688
125.95 0.00151499
133.193 0.00151883
131.747 0.00133637
128.3 0.00147241
130.095 0.00149028
131.643 0.00159192
132.265 0.000431878
131.445 0.00147527
132.794 0.00133775
128.264 0.00147184
127.208 0.00145825
124.904 0.00137932
121.366 0.00145914
128.095 0.00157834
133.944 0.000533149
126.352 0.0015665
129.872 0.000875363
127.147 0.00151107
133.432 0.00138655
124.67 0.00101834
131.805 0.00163358
128.667 0.00155495
131.187 0.00148356
129.909 4.35145e-05
125.205 0.00149498
122.867 0.00141597
130.132 0.00165236
129.415 0.00149093
130.788 0.001465
128.867 0.00108528
124.192 0.00160298
135.025 0.0015462
129.998 0.00156316
130.317 0.000105768
127.234 0.00166712
131.435 0.00141338
128.679 0.0014452
128.785 0.0016222
131.164 0.00165908
133.479 0.00148652
127.86 0.00154491
132.87 0.00148361
131.183 0.0014524
132.922 0.00147951
126.154 0.00171313
123.792 0.00135642
131.235 0.00142534
132.124 0.00118688
116.13 0.00143385
127.031 0.00147002
136.545 0.00134391
129.602 0.00150993
128.606 0.00152462
130.564 0.00168204
129.509 0.00134864
130.427 0.00167684
131.786 0.00138446
125.36 0.00151118
129.641 0.00150389
123.607 0.00148807
123.573 0.00159361
127.798 0.00148865
127.964 0.00156001
129.948 0.0014503
127.23 0.00147033
128.891 0.00149901
127.066 4.20301e-05
126.784 0.00156251
119.311 0.00135577
132.035 0.000157337
131.764 0.0016345
129.555 0.00143745
129.09 0.00141749
126.436 0.00143549
128.644 0.00150791
125.191 0.000316152
133.831 0.0014574
131.906 0.00138424
127.04 0.00113691
128.529 0.00139272
132.659 0.00155157
132.103 0.00139224
125.923 0.00144262
126.744 0.00148004
133.899 0.00138401
131.774 0.00146161
123.042 0.00148692
128.258 0.00115733
132.676 4.41645e-05
126.431 0.00099643
127.729 0.00146705
131.573 0.00145942
127.847 0.00150416
125.096 0.00169204
130.613 0.0014306
135.441 0.00163586
128.653 0.00162307
127.599 0.00161604
124.115 0.00155731
126.53 0.00151373
128.229 0.00146407
128.181 0.00113841
128.438 0.00138833
126.365 0.00149364
127.215 0.00163993
131.569 0.00143917
129.604 0.000860096
135.843 0.00152888
128.865 0.00150594
134.01 0.00166041
118.663 0.00152053
128.547 0.0014375
129.254 0.00164974
127.214 0.00159446
128.964 0.00150064
128.553 0.00156832
129.979 0.00147501
125.652 0.00157451
129.609 0.00150203
133.297 0.00145005
129.582 0.00146026
115.714 0.00148249
126.548 0.00141249
125.474 0.00164872
129.197 0.0014859
128.57 0.00147576
128.053 0.00162346
131.289 0.0017136
133.208 0.00143031
127.607 0.000311045
123.818 0.00143211
126.743 0.00140602
126.584 0.00149027
128.65 0.00163639
127.884 0.00145066
129.628 0.00101985
134.595 0.0014852
130.454 0.00144554
129.534 0.00149478
132.504 0.00145982
130.38 0.000441769
128.76 0.000984737
130.586 0.00134157
121.802 0.000829549
129.587 0.00129547
131.062 0.00147675
133.042 0.00135914
127.548 0.000154595
125.773 0.00148501
131.862 0.00136929
127.01 0.00112635
127.432 0.0014607
131.605 0.00133792
136.835 0.0015558
123.382 0.00143542
125.844 0.00166537
128.694 0.00166727
127.719 0.00159064
130.62 0.00145412
131.176 0.00150919
130.775 0.00140248
133.031 0.00156459
125.023 0.00146814
130.845 0.00147595
129.07 0.00154452
127.416 0.00150661
127.683 0.00164647
135.893 0.0014189
129.175 0.00166766
123.009 0.0015009
130.152 0.00146836
129.672 0.00143034
122.997 0.00139629
132.614 0.00141781
127.394 0.00119129
125.387 0.00143618
128.194 0.000324047
129.692 0.00157025
124.088 0.00146429
130.018 0.001426
127.826 0.00147592
130.817 0.00144569
128.473 0.0014873
131.064 0.000977713
136.277 0.00158351
127.7 0.00166461
119.557 0.00152108
130.417 0.0014383
121.887 0.00158329
133.434 0.00145182
127.447 0.0016593
128.452 0.00164504
132.75 0.00145831
132.575 0.0016752
127.053 0.000430692
128.043 0.00146347
131.681 0.00160921
118.035 0.0016298
118.917 0.00144623
131.283 0.00167336
128.639 0.00161977
126.13 0.00154911
127.232 0.00154378
132.413 0.00133514
131.255 0.00153318
132.68 0.0015361
126.572 0.00164266
129.491 0.00168338
127.819 0.00142202
130.614 0.000157536
128.639 0.00112481
128.537 0.00145562
129.877 0.000411112
127.269 0.00135303
127.684 0.00146657
129.923 0.000849409
131.931 0.00157957
127.194 0.00147143
129.818 0.00165243
130.402 0.00151458
129.097 0.00156937
128.933 0.00127586
130.952 0.00145378
130.377 0.00154259
128.256 0.00150243
128.254 0.00155194
128.544 0.00145947
126.591 0.000149235
130.647 0.00153511
132.192 0.0013585
132.297 0.00150999
127.863 0.00135173
122.401 0.00154398
130.367 0.00146902
127.48 0.00162728
119.635 0.001481
128.023 0.00143676
128.92 0.00150326
125.512 0.00142068
127.846 0.00162849
127.506 0.00144562
127.448 0.00153279
125.39 0.00137989
128.69 0.00166384
123.92 0.00144826
119.902 0.00147229
129.837 0.00155951
121.678 0.00147445
130.737 0.00161245
129.922 0.00145319
123.92 0.00148414
131.602 0.00142596
132.001 2.7169e-05
125.332 0.00139771
122.086 1.66163e-05
133.203 0.00137384
124.601 0.00149285
130.171 0.00145134
129.209 0.0014553
128.207 0.00135484
124.741 0.00157929
129.239 0.00150544
126.614 0.00143289
125.794 0.00168648
132.029 0.00164667
128.884 0.00151016
126.64 0.00143824
130.183 0.00164182
130.973 0.00154113
128.03 3.64482e-06
128.326 0.00150789
123.622 0.00145408
127.848 0.00146757
126.674 0.00144485
132.524 0.00140755
127.242 0.00139017
131.888 0.00154235
129.698 0.00133761
125.013 0.0015335
125.104 0.000418383
131.868 0.00160983
130.28 0.00144776
125.194 0.0016611
127.366 0.00136859
131.501 0.00152345
127.906 0.00144509
126.022 0.00151173
130.097 0.00149182
126.905 1.29294e-06
130.747 0.00146368
131.425 0.00152099
133.751 0.00155597
124.431 0.00136251
127.743 0.00155649
132.449 0.00164973
130.794 0.00151891
130.329 0.00101471
130.576 0.00142689
127.27 0.00146161
127.697 0.00137528
133.001 0.00151928
131.622 0.00143264
125.349 0.00145275
128.568 0.00159352
134.013 0.00114931
127.697 0.00146019
125.979 0.00132883
130.259 0.00125712
128.793 0.00155981
129.027 0.0014358
130.75 0.00148396
125.647 0.00151754
128.235 0.000224996
127.649 0.00158793
125.331 0.00156151
128.09 0.00143168
126.915 0.00149513
127.536 0.00164241
115.682 0.00141396
128.715 0.00135846
129.016 0.00142634
125.776 0.00155641
132.207 0.000227567
132.685 0.00167465
129.86 0.00139026
121.767 0.00159633
131.539 0.00142057
124.247 0.00137929
130.603 0.00144565
133.313 0.00150989
130.148 0.00114334
129.2 0.00147103
126.713 0.0016492
133.367 0.000558598
127.548 0.00164117
130.489 0.00145774
130.329 0.00190366
136.944 0.00158892
128.03 0.00119882
132.661 0.00144606
126.112 0.00167794
129.374 0.00156182
131.995 0.00149987
124.137 0.000843838
133.739 0.00167036
121.468 0.00180875
128.123 0.00145873
133.694 0.00138091
127.044 0.00143424
127.709 0.00146992
132.641 0.0014571
134.976 0.00154354
126.842 0.00164401
129.707 0.0010742
128.694 0.0015876
130.966 0.00144297
128.908 0.00149558
125.62 0.0013944
132.995 0.00151869
123.501 0.00143558
131.866 0.00146426
129.306 0.00160895
127.549 0.0016666
129.833 0.00152642
133.066 7.05487e-05
129.524 0.00163677
133.776 3.76375e-06
126.703 0.00149755
127.135 0.00146747
132.12 0.00141673
126.715 0.00145651
130.555 0.0015609
127.798 0.00141311
121.159 0.00146556
131.511 0.00145577
128.682 0.00140196
128.58 0.00170308
127.869 0.00146316
128.519 0.00136293
129.866 0.00144881
128.727 0.00147326
128.945 0.00150466
129.611 0.00145101
120.397 0.00147341
131.106 0.00145165
127.485 0.00154127
132.138 4.39451e-05
133.472 0.00137386
123.907 0.0014959
133.466 0.00146242
130.87 0.0014615
128.16 0.00147099
126.679 0.00146483
128.016 0.00162634
135.603 0.00162745
122.891 0.00159745
130.144 0.00152726
127.078 0.00149734
124.965 0.00149962
125.965 0.00148098
127.189 0.00168328
132.747 0.00142955
125.563 0.00156022
130.517 0.00166816
125.83 0.00151908
133.745 0.00150237
130.25 0.000108215
131.002 0.00150874
128.166 0.0014641
126.887 0.00147006
125.674 0.00146199
127.526 0.00142455
129.993 0.00139102
125.904 0.00133109
127.031 0.00143581
124.589 0.00141541
128.09 0.00031463
125.695 0.00149916
129.113 0.00165301
128.295 0.00134987
123.453 0.00145781
126.963 0.00133739
130.505 0.000985711
122.399 0.00148011
120.851 0.00146187
137.552 0.000162646
129.435 0.00150058
116.508 0.00142993
131.789 0.00137644
128.539 0.00142561
123.992 0.00161482
130.423 0.00122023
125.25 0.00148156
131.693 0.00144967
125.6 0.00147008
131.669 0.0016539
127.872 0.00145211
128.327 0.00144798
127.968 0.00165999
120.182 0.00147909
132.31 0.00145261
128.064 0.000970181
128.304 0.00147562
130.063 0.00119264
125.058 0.00146744
124.96 0.000682931
125.411 0.000107659
133.772 0.00142982
124.768 0.000107288
131.04 0.0014375
129.46 0.00167914
129.528 0.00151255
131.511 0.00155223
126.614 0.0016331
126.045 0.001345
132.476 0.00152666
128.431 0.00112183
126.622 0.00163049
122.682 0.0014513
124.723 0.00151231
130.846 0.00174652
122.769 0.00146341
129.13 0.00150898
126.942 0.00143359
128.766 0.00151174
129.027 0.00145099
127.325 0.00148538
128.315 0.00154487
127.301 0.00158269
134.14 0.00134943
123.779 0.00165382
128.259 0.00166988
126.534 0.00147016
127.096 0.000153988
127.719 0.0016632
129.599 0.00163424
132.828 0.00155631
123.906 0.00135548
130.325 0.000565492
127.441 0.00141144
128.13 0.00154245
129.374 0.00135293
