125.374 0.000128668
122.991 0.000131365
124.49 0.000126834
148.203 0.000144566
122.586 0.000139612
122.198 0.00014824
125.494 0.000135831
127.058 0.000131347
124.625 0.000131117
124.351 0.000136509
123.895 8.90653e-05
118.479 0.000132384
124.553 0.000148562
124.481 0.000120388
126.303 0.000135659
117.484 0.000134007
123.374 0.000134485
119.39 0.000131657
126.72 0.000134939
123.757 0.000135549
122.956 3.03711e-05
128.4 0.000144846
122.924 0.000136316
121.267 0.000138653
123.426 0.000131672
119.11 0.000150249
126.726 0.000147096
138.61 0.000143324
121.983 0.000150529
124.575 0.000124237
169.879 0.000138595
130.465 0.000138606
122.968 0.000135874
125.836 0.000139811
125.61 0.000128785
121.533 0.000142254
123.839 0.000140824
117.665 0.000132943
122.179 0.0001344
123.495 0.000128412
120.179 0.000133375
126.377 0.000132548
121.002 0.000134366
125.286 0.000131475
142.18 9.81291e-06
125.117 0.00013487
125.113 0.00013299
125.506 3.92247e-06
125.537 0.000101817
125.725 0.000131999
121.94 0.000139558
122.312 2.52266e-06
168.509 0.000130252
123.787 0.000132934
124.1 0.0001413
122.317 0.000137523
127.528 -0.000131746
116.606 0.000151158
124.223 8.82691e-05
125.064 0.00013772
124.209 0.000158804
126.204 0.000139221
121.307 0.000101921
124.707 0.000151886
124.954 0.000125697
143.548 0.000143493
124.223 0.00013134
127.647 0.000130382
124.872 0.000129445
119.683 0.000134451
130.889 0.000129894
124.513 0.000138219
120.878 0.000133071
160.516 0.000134262
123.468 0.000131572
121.342 0.000140144
123.448 0.000139934
120.363 5.18343e-05
125.396 0.000149008
123.377 0.000137273
124.767 0.000147379
122.294 0.00011968
123.765 0.000131895
125.801 0.000149989
125.448 -0.000140841
125.127 0.000103091
122.288 1.39081e-05
121.513 0.000130306
123.105 0.000144563
124.725 0.000128878
118.664 0.000135628
120.934 0.000153607
133.379 0.000132234
125.728 0.00014503
151.063 0.000150336
126.761 1.53441e-06
139.444 0.000133484
119.361 0.000125377
124.499 0.000136415
118.545 0.000127929
127.285 0.000140134
126.265 0.000131527
115.869 0.000125958
123.328 0.000113345
122.505 6.44015e-05
122.594 0.000141871
120.062 0.00014571
123.155 0.000132503
125.83 0.000128738
124.682 6.27244e-05
126.19 0.000133272
126.45 0.000133945
124.935 0.000146412
124.487 0.000136682
127.361 0.000133686
120.885 0.000154175
123.939 0.000131465
119.744 0.000136683
127.729 0.000131203
121.038 9.62198e-05
125.167 0.000132042
127.776 0.000151371
140.758 0.000149526
121.297 0.000133775
123.846 0.000124464
116.04 0.000151239
123.934 0.000157373
127.462 7.57074e-05
125.344 0.000142328
120.408 0.000146096
124.887 0.000132002
125.137 0.000131168
119.732 0.000129749
125.3 0.000152276
121.956 0.000155569
126.663 0.000131937
132.778 0.000133861
122.021 0.000132273
125.472 0.000150787
125.321 0.000147871
125.697 -0.000114031
122.888 0.000135524
125.603 0.000135801
123.561 0.000151327
146.731 0.000137888
126.253 0.000132518
129.773 1.53316e-06
123.854 0.000130536
118.072 0.000154242
122.955 0.000135898
124.966 7.69482e-05
118.025 0.000132301
125.22 0.00012696
120.036 0.00015124
124.341 0.000134501
123.098 0.00012971
124.719 8.97151e-05
115.288 0.00013244
149.752 0.000133366
117.267 9.59593e-05
126.222 0.00013724
125.828 0.00014058
125.091 0.00013317
125.17 0.000131881
124.407 0.00015091
124.823 0.000134777
124.804 0.000147091
123.883 0.000150661
145.839 3.89161e-05
124.316 0.000127773
124.624 0.000135915
124.311 0.000132568
122.29 0.000144504
127.799 0.000124673
124.665 0.000141476
127.053 0.000147093
119.106 0.000144398
125.332 0.000147518
126.238 0.000129862
118.779 0.000133412
123.803 0.000138499
125.409 0.000128886
146.13 0.000129605
140.313 7.72042e-05
122.906 0.000150812
127.809 0.000124794
127.356 7.87948e-05
124.895 0.000134852
121.734 3.31335e-07
125.22 0.000130022
126.784 0.000135299
124.769 0.000130601
124.797 0.000133765
123.237 0.000150226
128.115 0.000146514
129.626 0.000134717
115.013 0.000137402
125.027 0.000131579
125.889 0.000130749
119.857 0.000131756
129.503 0.000132169
124.494 0.000132803
124.751 0.000147421
132.805 5.09952e-05
126.858 0.000140292
125.673 0.000149442
126.215 0.000147246
124.284 0.000131369
143.105 0.000124055
122.125 0.000131053
126.795 0.000132874
124.05 0.00013885
123.503 0.000147114
116.779 0.000147285
120.853 0.000133848
154.65 0.000131405
147.129 0.000133599
126.493 0.000139221
136.94 0.000131776
121.217 0.000138623
125.011 0.000154714
124.242 5.0433e-05
121.243 0.000137496
139.738 0.000135912
125.017 0.00013197
126.151 0.000130494
125.771 0.00013251
119.481 0.000143245
129.195 0.000139721
122.968 0.000130579
125.543 0.000137941
124.199 0.000136857
152.069 0.000131095
126.64 0.00013585
117.908 7.66507e-05
126.857 0.00013688
122.586 0.000132113
125.871 0.00013766
124.582 0.000137169
122.073 0.000147528
123.501 0.000151204
122.576 6.65064e-06
123.316 0.000123606
122.329 0.00011825
125.227 0.000130935
139.158 0.000138538
124.868 0.000131349
124.172 0.000121126
127.154 0.000135671
124.118 0.000154446
126.437 0.000140379
120.429 0.000148273
124.077 0.000135441
124.845 0.000130943
124.715 0.000136153
120.58 0.000133233
121.744 9.27704e-07
123.08 0.000130491
124.251 0.000151577
126.093 0.000142572
125.953 0.000156885
122.837 0.000123508
124.717 0.000125686
125.619 -2.83332e-05
120.608 0.000153794
122.392 0.000132659
126.156 0.000131987
122.013 0.00014904
151.45 0.000147182
125.823 0.000135773
123.625 0.000129328
124.814 2.52072e-06
119.719 0.000132263
125.509 0.000151537
120.71 0.000137751
123.947 0.00014622
120.91 0.000137694
124.639 0.000102525
126.413 0.000135007
122.987 0.000129401
122.917 0.00012955
124.874 0.000137334
126.184 0.000105435
144.722 0.000137082
120.783 0.000138094
122.833 0.00015038
122.634 0.00014857
123.348 7.67286e-05
126.171 0.000145479
120.102 0.000136452
124.415 0.000132779
124.516 0.00012916
121.496 7.65199e-05
123.229 0.000135638
124.105 0.000131027
137.521 3.27885e-07
121.83 0.000149329
124.843 6.37024e-05
124.267 0.000139834
125.122 0.000129584
127.756 0.000135785
121.672 0.000129624
125.723 0.000128271
126.816 0.00013726
124.785 0.000130666
124.307 0.000150533
117.699 0.000130805
125.977 0.000138363
123.421 7.68573e-05
126.078 0.000137635
124.16 0.000142869
127.511 0.000142062
127.559 0.000130437
120.046 6.01592e-05
134.823 0.000131585
124.597 0.000133548
123.396 9.03929e-05
138.5 0.000131242
122.817 0.000136357
124.227 0.000138359
125.632 0.000138392
127.59 0.000146778
124.139 0.000144544
121.796 0.000134468
122.869 0.000130133
123.806 0.00013286
121.439 0.000137033
123.959 0.000131649
119.245 0.000130987
121.152 0.000122433
123.817 0.000139418
122.441 0.00012994
120.071 0.00013205
121.809 0.000131426
122.439 0.000120626
127.219 0.000127391
124.507 0.00013319
124.096 0.00013228
125.519 6.39011e-06
125.438 0.00015185
126.978 0.00013306
124.412 0.000135746
124.105 0.000147277
122.029 3.88045e-06
124.462 0.000132586
129.926 0.000136587
125.837 0.00013831
122.455 0.000133862
126.588 0.000150165
123.458 0.000129893
124.809 0.000140171
134.298 0.000135514
124.957 0.000150106
121.206 0.000131481
117.13 0.000137706
125.792 0.000129807
125.661 0.000133696
122.93 0.000143664
118.717 0.000132617
138.219 0.000149821
122.892 0.000137041
125.453 0.000137315
128.26 0.000130628
116.493 0.000131803
118.476 0.000138305
122.957 0.000131187
124.474 0.000138186
124.514 1.52033e-06
134.648 0.000148543
123.717 0.000144568
125.173 0.000142888
122.184 0.000145978
119.813 0.000142578
123.568 0.000135509
126.7 4.93055e-05
121.61 0.000153258
126.867 0.00013121
126.122 0.00013068
130.23 0.000129755
124.688 0.000135121
124.097 0.000150747
127.081 0.000143764
124.659 0.000131612
122.152 0.00013857
118.41 0.00012529
125.704 0.000131362
125.474 0.000131879
124.59 2.63027e-05
122.471 0.000132934
124.975 0.000130705
143.975 0.000147711
124.174 0.000102535
119.48 0.000125212
125.732 0.000136726
168.546 0.000137598
123.357 0.000137409
124.491 0.000150802
125.488 0.000131521
116.148 9.75382e-06
123.575 0.000137709
127.409 0.000137551
124.936 0.000145688
124.659 0.000133764
121.537 0.000149861
128.49 0.000133458
124.874 0.000133684
124.673 0.000144092
128.206 0.000133906
119.865 2.52345e-06
123.553 8.51261e-05
121.699 0.00013825
125.389 0.000137457
122.042 4.00118e-06
119.8 0.00013304
123.815 0.000132471
126.139 0.000130094
123.697 0.000137437
126.123 0.000151657
128.479 0.000143265
125.542 0.000130627
147.551 0.000138792
124.617 0.000151173
125.313 0.000133959
125.044 0.000133424
125.065 0.000129539
125.745 0.000123391
126.071 0.000132027
126.54 0.000133017
164.366 0.000136874
128.82 0.000138572
162.496 9.63938e-06
126.421 0.000130432
124.304 0.000134205
126.097 0.000133825
123.787 0.000131468
122.397 0.000132212
142.463 0.000132955
125.533 0.000131283
158.557 6.32783e-06
139.622 0.000137337
123.042 0.000145416
154.443 0.000134548
124.051 0.000131216
120.625 0.000132058
131.518 0.000147715
125.162 0.000134188
127.376 0.000137589
131.498 0.000124999
124.163 3.87402e-05
152.144 0.000135917
123.979 0.000130575
123.994 0.000128698
120.483 0.00013672
125.36 0.00014768
125.769 0.000142371
125.576 5.10337e-05
124.54 0.000130084
127.935 0.000130779
124.797 0.000130803
126.827 0.000135506
121.255 0.000148849
116.305 0.000148159
116.376 0.000137451
125.77 0.000137782
126.895 0.000134903
124.708 0.000146514
148.044 0.000143552
116.279 0.000149215
124.791 0.000128988
123.817 0.000145377
124.315 0.000136828
122.287 0.000137459
119.782 0.000152413
154.628 0.000125975
124.884 0.000130337
125.069 0.000141277
126.877 0.000132053
124.063 2.84922e-05
120.773 0.000149044
124.661 4.18826e-05
127.015 0.000135645
145.206 0.000154655
123.748 0.000130461
125.544 0.000124974
125.159 0.000132771
122.571 0.000134757
125.906 0.000137379
123.689 0.000130083
145.058 6.42499e-06
121.428 0.000136208
128.116 0.000136235
121.878 0.000131599
124.856 0.000144589
123.281 0.000150433
119.506 0.000139537
123.579 0.000130405
123.037 0.00011435
124.296 0.000131698
156.912 0.000138634
124.925 0.000132405
123.496 0.000126155
123.877 0.000131116
122.732 0.000142736
125.809 0.000137147
124.762 0.000133781
122.605 0.000129251
123.991 0.000131519
126.733 0.000138672
126.339 2.03986e-05
123.988 0.000134837
125.169 0.000138059
122.78 0.000137498
128.738 0.000131289
123.069 0.000137474
126.707 6.447e-06
127.563 0.000131449
123.232 0.000136156
124.28 0.000152445
139.696 9.06915e-08
125.125 0.000135771
122.42 0.000141712
123.739 0.000129996
126.252 0.000151239
124.385 0.000139739
123.05 0.000130062
124.357 0.000131543
126.704 0.000129361
124.715 0.000131776
123.262 0.000130577
115.281 0.000136786
