124.516 0.000101719
124.548 4.74257e-06
130.42 9.67442e-05
125.297 0.000111391
125.92 9.70485e-05
125.703 9.71457e-05
126.87 0.00010906
119.533 9.89137e-05
124.644 9.97125e-05
123.735 9.66468e-05
124.646 0.000106588
124.762 9.69157e-05
125.207 0.000104315
137.584 0.000104664
124.79 0.000104414
125.15 9.90867e-05
125.97 9.92954e-05
125.976 9.96727e-05
127.027 9.92358e-05
125.174 0.000100621
125.912 0.000105222
122.999 9.6807e-05
124.035 9.69421e-05
123.045 0.000107229
125.745 0.000100468
124.765 0.000108391
123.952 0.00011298
123.755 0.000105783
123.72 0.000101533
126.347 9.93765e-05
124.889 9.48015e-05
122.068 0.000103498
117.029 0.000106
124.384 0.000104617
126.033 9.6917e-05
129.768 0.000111348
126.388 9.69035e-05
120.193 1.39549e-05
123.406 9.71457e-05
119.728 0.00010271
125.605 0.000101277
127.546 0.000102495
127.207 9.8539e-05
122.425 0.000111497
123.375 0.000102146
124.889 0.000105445
126.455 0.000111889
126.011 9.73415e-05
118.736 0.00010156
124.928 0.000110024
125.426 0.000100498
125.347 9.99906e-05
126.834 0.000100951
123.564 1.14432e-06
117.204 0.000108388
116.586 0.000113219
123.929 9.61985e-05
123.83 9.99547e-05
124.484 0.00011552
124.674 9.83315e-05
122.607 0.000111367
128.747 9.12601e-05
127.548 9.95197e-05
119.187 9.89137e-05
125.663 0.00010114
124.367 0.000111856
127.252 0.000110143
130.95 0.000102934
122.374 0.000106094
118.921 9.59931e-05
124.734 0.000110773
121.799 0.000101905
125.437 6.57423e-05
125.081 7.62006e-05
122.927 9.67851e-05
125.98 1.5852e-05
121.497 9.58169e-05
121.399 9.78216e-05
124.594 9.67338e-05
124.206 0.000155318
123.488 0.000146491
117.964 0.000143279
124.886 0.000154293
124.6 2.84673e-06
126.538 0.000148612
119.972 0.000149899
125.877 0.00017346
143.924 3.24677e-05
125.945 0.000156755
124.207 0.00015708
122.722 0.000151824
126.051 1.65891e-05
124.28 0.000147975
121.076 0.000145078
127.355 0.000152383
125.873 0.000179995
125.352 0.000149327
121.176 0.000152954
124.008 0.000170894
123.79 0.000144721
122.312 0.000154138
126.267 0.000160361
165.48 0.000154583
128.151 0.000167169
126.469 0.000157123
132.85 0.000149322
124.009 0.000152815
125.605 0.000130676
126.888 0.000166563
121.888 0.00015654
125.03 0.000154304
124.763 0.000150227
119.371 0.000158998
124.86 0.000150578
124.281 0.000155175
124.416 0.00014807
125.221 0.000148922
123.001 0.000147823
125.183 8.97256e-05
124.245 0.000144313
124.048 0.000157752
127.369 0.000145867
124.49 0.000151764
124.468 0.000157966
122.053 0.00014895
123.496 0.000149118
123.8 8.54594e-05
123.907 0.000145904
122.094 0.000155523
118.346 0.000164434
122.998 0.000153565
124.217 0.000140702
123.799 0.000154749
128.636 0.000150535
125.833 0.000162732
124.591 0.000161415
122.559 0.000151863
125.096 0.000152469
124.59 0.00014923
125.667 8.67936e-05
126.52 0.000141817
123.821 0.000150777
127.19 0.000168389
128.191 5.55111e-05
124.468 0.00015606
122.746 0.000166397
127.891 0.000153639
124.101 0.00016289
128.503 -0.000131223
124.101 0.000168613
121.036 0.000149388
124.337 0.000146062
124.253 0.000152503
128.482 0.000153021
125.063 0.000174663
122.501 0.000150967
123.859 0.00016053
125.736 0.000147506
122.028 0.000161464
124.474 0.000125837
123.215 0.000148899
