131.536 0.000254494
130.259 7.4823e-05
120.921 0.000225508
132.419 0.000239769
125.076 0.000258032
127.49 0.000271658
130.594 0.000165659
130.573 0.0002627
130.828 6.88074e-06
129.416 0.000253321
129.238 0.000257508
126.773 0.000247106
131.942 0.000275279
132.688 0.000277212
127.859 1.75216e-05
126.407 5.17116e-05
129.9 3.80577e-05
130.535 0.000242168
127.968 0.000274456
138.624 6.70697e-05
128.876 0.000240187
128.157 0.000250051
132.317 0.000232652
130.838 7.15214e-05
127.815 8.82033e-05
128.643 0.000258995
128.583 0.000152452
127.454 0.000281779
130.365 0.000186756
131.177 0.000259595
131.05 0.000254926
119.208 0.000259405
128.902 1.70176e-06
131.178 0.000245487
129.998 0.000241095
130.574 0.000275957
128.931 0.000239739
130.615 0.000243581
130.316 0.000223558
128.221 0.000246959
129.782 0.000242854
131.536 0.00024592
130.773 0.000254737
127.806 0.000283198
126.934 0.000248772
127.928 0.00026202
132.239 0.000239456
122.855 0.000230529
130.411 0.000274946
128.515 0.000253476
131.568 0.000253262
131.296 1.15386e-05
129.832 0.000219404
133.18 9.26518e-05
127.63 0.000250389
129.444 0.000252419
129.144 0.000263166
116.779 0.000246753
123.608 0.000247539
130.343 0.000244471
129.611 3.78213e-05
129.883 0.000141518
131.848 0.000254093
129.245 0.000240622
130.786 0.000208281
130.979 0.000239604
130.142 0.000237135
131.499 0.000250908
129.957 0.000239031
129.632 0.000241816
131.075 0.000229824
128.829 0.000238816
131.493 0.00023963
129.873 0.000191411
119.445 0.00024479
127.98 0.000242952
128.708 0.000279817
128.62 0.000244199
128.554 0.000249616
132.371 0.000236025
133.283 0.000266267
130.421 0.000250354
129.674 0.000261024
131.604 0.000274652
127.593 0.000271704
129.181 0.000244117
131.515 0.00020115
129.893 0.000277038
128.729 0.000238262
128.144 7.18267e-06
132.711 0.00024809
129.528 0.000253372
131.802 2.63005e-05
130.249 0.00024883
128.866 0.000143356
129.847 0.000249619
130.134 0.000242929
129.202 0.000261261
129.299 0.000233694
127.593 0.000276301
128.717 0.000226727
129.533 0.000272324
127.983 6.75775e-05
131.635 0.00024439
129.926 0.000160877
135.118 0.000276467
128.847 0.000250915
130.862 0.000273266
132.308 0.000241011
131.34 0.000265525
130.761 0.000275909
129.996 1.17717e-05
128.572 0.000233333
128.885 0.000243827
128.602 0.000242869
129.654 0.000241525
129.873 0.000238776
130.54 3.46625e-05
128.336 0.000248937
128.927 0.000243396
128.795 0.000245228
132.703 0.000246362
127.77 0.000240021
119.205 0.000246042
131.999 0.000238802
130.391 0.000156693
128.229 0.00028183
129.163 0.000207006
129.088 0.000254148
130.294 0.000248775
129.496 0.000249375
128.47 0.000213111
123.195 0.000255755
128.959 0.000254124
129.641 0.000266689
127.358 0.000119413
120.149 0.000223008
130.577 0.000254245
129.902 0.00024767
125.796 0.000241516
120.155 0.000221255
131.403 0.000250206
128.304 0.000241029
130.633 0.000274678
128.378 0.000241279
131.185 0.000246696
128.762 3.72175e-05
126.739 0.000276246
127.959 0.000239295
115.845 0.000239359
127.995 0.000212753
130.358 3.8138e-05
129.521 0.000271636
130.273 0.000278533
126.188 0.000279116
130.027 0.000260224
131.14 0.000238592
130.265 0.000241216
129.261 0.000248771
128.168 0.000286821
124.821 0.00023933
130.685 0.000227506
129.024 0.000274119
131.632 0.000188984
133.133 0.000276862
127.154 7.27307e-05
129.053 0.000243903
129.775 0.000226608
130.203 0.000246302
130.297 0.000277998
127.482 0.000251087
128.404 0.000176194
132.654 0.000254697
126.146 0.000240504
129.697 0.00024945
129.799 0.000262583
126.967 0.000272254
128.265 3.8145e-05
122.89 0.00027288
130.375 0.000250318
129.547 0.000240648
129.973 0.000224851
129.581 0.000226715
128.34 0.000241549
130.041 0.000229779
123.98 0.000275577
128.272 0.000241919
127.342 0.000264301
130.444 0.000275371
128.585 0.000263188
131.233 0.000244116
131.447 0.000228277
124.987 0.000242636
129.875 0.000226552
128.51 0.000227059
128.311 0.000247296
130.607 0.000243833
131.937 0.000250106
130.614 1.75245e-05
131.872 0.000244125
129.095 0.00026096
129.438 0.000253163
128.181 0.000278732
128.973 4.70633e-06
121.73 0.00024848
121.135 0.00025984
128.542 4.65023e-06
131.303 0.000271445
130.283 0.000253095
129.391 0.000274662
128.375 0.00025505
130.021 0.000276633
129.156 3.71193e-05
127.168 0.000238417
125.436 0.000250193
130.929 0.000253678
125.237 2.57895e-05
130.645 0.000247805
128.305 0.000238897
129.46 0.000226132
128.454 0.000237542
126.519 0.000233612
130.57 0.00024578
129.641 0.000240211
130.605 0.000224183
129.968 0.000245676
132.092 0.000241213
129.031 0.000240018
130.018 0.000232389
128.495 0.00024519
125.734 0.0002672
130.781 0.000241582
129.897 0.000161854
129.456 0.000248842
128.409 0.000251362
126.627 0.000254845
130.798 0.000238539
132.078 3.31348e-07
132.609 0.000250297
129.467 0.000270598
131.443 0.000243086
129.603 5.07271e-05
130.525 0.000260054
129.82 0.000271647
130.009 0.000116131
130.215 0.000241042
133.562 0.000253892
129.216 0.000243735
130.451 3.40023e-07
127.914 0.000245393
132.359 0.000252076
127.793 0.000224328
125.844 0.000259243
130.911 0.00025262
129.678 0.000222979
117.689 1.66001e-07
126.808 0.000224168
125.769 5.09393e-05
122.534 2.58535e-05
129.715 0.000242746
129.388 0.000242258
129.628 0.000239079
128.19 0.000226043
131.728 0.000250187
125.846 0.000279154
126.565 0.000233095
129.628 0.000249801
129.545 0.000242805
129.064 0.000229437
131.015 0.000239821
129.68 0.000233928
126.63 0.000237483
133.404 1.17891e-05
128.483 0.000254677
128.223 0.000210687
127.841 0.000249428
130.108 0.000242446
131.888 0.000252555
125.927 0.000238683
129.715 0.000130297
123.979 0.000245183
129.042 0.000274661
126.062 0.000258961
130.432 0.000242852
129.123 0.00024669
132.17 0.000247321
129.038 0.000262102
128.837 0.000267197
128.99 0.000243708
129.428 5.17555e-05
129.301 0.000238379
121.575 0.000237867
129.681 0.000230878
131.268 0.00024422
129.518 0.00021598
123.661 0.00024233
125.796 0.000231627
130.792 0.000238646
129.003 0.000268159
129.202 0.000161994
124.841 0.000254716
127.952 1.75278e-05
127.914 0.000276903
129.517 0.000243748
128.837 0.000252333
127.247 0.000110445
130.563 0.000254825
130.218 0.000285307
132.731 0.000273943
128.59 0.000246086
127.668 0.000242321
126.961 0.000271234
118.846 0.000230101
120.988 0.000241422
130.07 0.000277748
128.828 0.000115465
129.854 0.000225083
130.613 0.000243465
128.201 0.000276365
129.104 0.000227836
130.687 0.000234054
128.359 0.00026751
128.251 0.000243705
129.753 0.0002535
132.795 0.000244457
130.067 0.000249221
118.025 0.000280147
129.264 0.000241234
124.069 0.000251917
129.529 0.0002515
132.496 0.000265516
131.345 0.000277375
129.53 0.000206945
131.241 0.000236379
128.748 0.0002771
125.96 0.000239063
130.945 0.000275349
129.136 9.98119e-07
132.233 0.000228059
128.628 0.000274923
129.66 0.000247468
128.672 0.00024289
128.792 0.000250217
131.443 0.000238028
129.435 0.000249796
129.594 0.000242195
129.971 0.000251443
130.938 0.000267118
124.093 0.000238356
126.958 0.000248489
126.703 0.000241428
128.606 0.000246242
126.925 0.000226
128.365 0.000226886
129.683 0.000272068
127.399 0.000245212
126.84 0.000229466
127.702 0.000244342
130.871 0.000264079
132.437 1.03572e-06
128.5 0.000237057
131.203 0.000254418
127.263 0.000248759
128.414 -0.00016271
128.563 0.000245445
127.516 0.000268964
129.183 0.000257165
131.189 0.00024122
128.761 0.000211904
121.974 0.00027527
129.409 0.000250713
132.746 0.00023956
135.603 1.70452e-06
129.476 0.000249198
129.963 2.81356e-06
129.933 0.000225928
130.558 9.36146e-05
128.267 0.000245417
130.677 0.000255224
128.858 0.000138737
119.68 0.000233638
129.43 0.000255559
129.218 0.000271484
128.876 0.000227874
130.015 0.000248381
133.233 0.000268712
126.093 0.000239218
128.1 0.000238893
127.015 0.000248596
126.207 0.00027035
123.627 0.000250319
132.177 0.000250983
127.826 7.02193e-05
127.694 0.00023981
124.063 0.000114532
117.68 0.000241109
130.005 0.000226742
132.718 0.000267415
129.977 0.000242873
126.756 0.000239572
129.674 0.000242493
127.729 0.000249189
130.661 0.000244624
128.715 0.000239365
133.532 0.000223178
130.277 0.000241248
129.84 0.000238137
133.046 0.000219257
127.693 1.16708e-05
130.081 0.000276685
130.591 0.000238344
129.436 0.000222679
127.441 0.000210033
126.878 0.000239736
126.365 0.000264263
128.824 0.000277916
130.429 0.000241025
129.197 0.000237738
129.492 0.000241101
129.735 3.74466e-05
131.928 0.000240694
129.983 0.000265053
127.447 0.000241182
131.464 0.000245678
127.58 0.000253313
127.956 0.000223788
129.2 0.000276665
115.222 0.000273565
126.33 0.000287096
124.48 0.000243644
126.694 0.000264194
131.587 0.00026938
128.75 3.80616e-05
130.331 0.000246789
128.766 0.000251779
130.862 0.00027321
130.358 0.000246
131.189 0.000279234
129.855 0.000246235
131.613 0.000263322
128.611 0.000294064
128.826 0.000259263
129.222 2.81059e-06
129.548 4.64577e-06
130.634 0.000281646
129.156 0.000278593
131.081 0.000250706
128.189 0.000225195
126.72 0.000242823
135.426 0.000247078
131.008 0.000249914
130.021 0.000240287
128.671 2.85179e-06
127.975 0.000275496
130.85 0.000138649
118.94 0.00023602
129.619 6.74851e-07
129.875 0.00024512
128.406 0.000238232
130.717 3.71165e-05
128.611 0.000271554
129.936 0.000215483
130.779 0.000238021
133.923 0.000263421
130.862 0.000250584
131.095 3.73695e-05
129.121 0.000232873
129.877 0.000238958
128.321 0.00026098
129.26 0.000239313
127.56 0.000241993
126.382 0.000247594
127.73 0.000235179
128.889 0.000240135
127.823 0.000243344
130.814 0.000266751
131.861 7.06381e-05
126.612 0.000246896
130.032 0.000265344
130.16 0.000233272
128.623 0.000115532
129.456 0.000240756
128.625 2.62388e-05
130.236 0.000247571
128.149 0.000237192
131.152 0.000250097
132.193 1.17674e-05
126.911 0.000245492
130.506 0.000135905
128.717 0.000273942
139.15 0.000248771
128.621 0.000238017
131.699 3.89964e-05
119.667 0.000248941
129.7 0.000245719
124.957 0.000258162
130.856 0.000272815
129.491 0.00023526
128.492 0.00024253
130.901 0.00022422
128.89 1.78821e-05
128.882 0.000241515
129.824 0.000249736
131.138 0.000242022
128.006 0.000247367
131.625 0.000209156
128.893 0.00024081
129.659 0.000241381
128.07 0.000288254
128.293 1.72687e-05
129.597 0.000245422
129.483 0.000241517
128.849 0.0002329
130.47 0.000267219
129.505 0.00027401
129.665 0.00027658
131.131 0.00025762
124.536 0.000268074
127.985 0.00024745
130.129 0.000239297
134.546 0.000138198
129.78 0.000256642
126.323 0.000222016
129.128 0.000252519
127.313 4.6876e-06
128.246 0.000241684
131.088 0.000208671
131.631 0.000260453
127.547 0.000278841
130.854 0.000246464
130.416 0.000243182
121.542 0.000238066
130.929 0.000249271
128.709 0.000240556
130.896 0.000241162
115.251 0.000266399
132.607 0.00027532
128.122 0.000243369
133.898 0.000259668
129.507 0.000252191
132.289 0.000271304
131.903 0.000211373
130.458 0.000226523
127.868 0.000257396
128.772 0.000239835
118.219 0.000252613
129.219 3.71562e-05
127.599 0.00024921
128.458 0.000244474
134.39 0.000166754
128.861 0.000236834
124.638 0.000246114
131.98 0.000241206
128.272 0.000214803
131.05 0.000252559
131.163 0.000240319
130.774 0.000242996
129.241 0.000243106
125.434 0.000242816
129.595 5.94922e-07
130.22 0.000246521
132.264 0.000269358
132.172 0.000237508
126.86 0.000226582
130.389 0.000243939
131.975 0.000265427
130.148 0.000242501
129.538 0.000243376
126.215 0.000238896
129.721 0.000207047
130.086 0.00024487
130.226 3.61121e-05
128.586 0.000210884
129.017 0.000211049
127.916 7.12856e-05
130.462 7.0804e-05
125.009 0.000279762
131.582 0.000163148
129.644 0.000238032
129.233 0.000244371
134.284 0.000249462
128.982 0.000161116
130.177 0.000163128
131.241 0.000249802
128.641 1.18351e-05
130.205 9.36635e-05
130.481 0.000114829
130.036 0.000279342
127.146 0.000241163
128.759 0.0002779
126.618 0.000288089
130.074 0.000242196
130.342 0.00024914
128.45 0.00027383
127.101 0.000181754
129.364 0.000240783
130.639 0.000276399
129.934 0.000249463
130.291 0.0002406
128.126 0.000263582
129.401 0.00025894
127.495 0.000229452
128.869 0.000245559
127.567 0.000273555
126.565 0.000238015
128.439 0.000249272
129.738 0.000248288
131.502 0.000246414
115.466 0.000225554
133.398 7.54574e-06
129.906 7.1114e-05
129.573 0.000247332
124.027 5.34323e-05
129.282 0.000227424
127.972 0.00023967
127.215 0.000253473
133.566 0.000250381
129.909 8.95364e-05
128.552 0.00026261
128.428 0.000260775
131.052 0.00027483
128.752 0.000237655
130.876 0.000242709
128.935 0.000247505
128.81 0.00026934
131.638 0.000238549
130.792 0.000254632
131.434 0.000225141
129.837 0.000251269
129.504 0.000237213
128.369 0.000241012
127.681 0.000226932
127.376 2.70218e-06
131.571 0.000271264
128.923 0.000236587
130.569 0.000289549
131.735 0.00025087
132.423 0.000261601
125.232 0.000245407
121.518 0.000153682
129.667 0.000277774
130.231 0.000243539
130.512 0.00022321
131.584 0.00024552
129.707 0.000258713
130.331 0.000243854
132.971 0.000242306
130.201 0.000246881
123.855 0.000243765
128.912 0.000242114
128.955 0.000270582
134.957 0.000250391
127.738 0.000282619
134.485 0.000231962
129.396 0.000271274
130.112 0.000243235
128.653 0.000274393
124.558 0.000238889
124.121 0.000240771
128.421 0.000242264
129.937 0.000276855
129.856 9.22444e-05
121.848 0.000292855
129.474 0.000261388
124.349 0.000265176
129.107 0.000258913
129.154 1.02109e-06
130.14 0.000229911
132.469 0.000241716
132.03 0.000249268
132.515 0.000264896
128.486 0.000231576
130.195 0.000288638
130.306 0.000258227
122.473 0.000240885
127.402 0.000233443
130.359 9.23589e-05
129.392 0.000247786
129.437 0.000258068
128.719 0.000138739
133.908 0.000202748
129.136 0.000279808
130.944 0.000246209
132.961 0.000219598
128.462 0.000220928
129.664 0.000258639
132.657 0.000262151
131.524 0.000222888
129.19 0.000245393
131.823 0.000243953
127.479 0.000248382
126.781 0.000114159
129.624 0.000176273
125.218 3.19264e-07
129.642 0.00023724
128.782 0.000239729
119.555 0.000251795
129.753 0.000254562
129.544 1.19312e-05
127.436 0.000244146
128.258 0.00021625
127.04 0.000228302
126.965 0.000233643
132.619 0.000217231
128.873 0.000241881
131.697 0.00024233
124.968 0.000239877
131.098 0.000249069
126.164 0.000271564
130.392 0.000238306
128.998 0.000241859
131.821 0.000236018
128.286 0.000272211
129.187 0.000234693
129.602 0.000217226
123.231 0.000133605
120.316 0.000261897
129.701 1.18462e-05
131.674 0.000230276
136.539 0.000165106
131.055 0.000249142
128.09 0.000244847
128.282 9.2213e-05
131.313 0.000229108
129.648 4.65537e-06
127.153 0.000208932
129.188 0.000233202
128.348 0.000243124
128.982 0.0002367
125.992 0.000277993
118.31 0.000256603
127.935 0.00024932
129.977 0.000240971
131.385 0.000226438
130.874 0.000274505
128.552 0.000251088
128.921 0.000206081
128.157 0.000242127
130.912 0.000271254
131.052 0.000250082
124.325 0.000242624
129.541 3.52209e-05
126.082 0.000246212
129.954 4.55743e-06
134.604 0.000241602
129.619 0.000113102
123.824 0.000229592
130.999 0.000250375
128.509 5.13718e-05
127.493 0.000269175
128.45 0.000276225
127.51 0.000253128
132.08 0.000274531
131.374 0.000256176
129.236 0.000263382
131.101 0.000247269
131.216 0.000236944
132.597 0.000244327
118.163 0.000240644
119.475 0.000248728
132.523 0.00024083
120.378 0.000260536
128.931 0.000270682
127.815 0.000232778
131.944 0.000253949
129.514 0.000273772
128.794 0.000254549
131.048 0.000247582
131.763 2.8055e-06
122.219 0.000257363
125.964 0.000246182
130.01 0.000243758
131.206 0.000267954
127.738 0.00024425
127.155 0.000160459
127.486 0.000234448
129.999 0.000248237
127.417 0.000186889
132.057 0.000246494
125.936 0.000221817
128.078 0.000259116
129.527 0.000239889
127.25 0.000241547
127.339 0.000273497
131.652 0.000273841
130.463 0.000249989
131.558 0.000238414
120.88 0.000241674
129.616 0.000273656
129.524 0.000239869
127.704 0.000246924
118.652 0.000244641
130.922 0.000238722
130.808 0.000234974
129.88 0.000267463
130.528 0.000236925
125.855 0.00024077
130.329 0.000240687
128.088 0.00023997
130.034 0.000256789
129.309 0.000243582
127.731 0.000243936
129.169 0.000224097
119.334 0.000253847
132.895 0.000231502
131.012 0.000223251
128.415 0.000244035
129.677 0.000238633
128.418 0.000242482
128.505 0.000259091
127.841 0.000270084
129.424 0.000253002
130.296 0.000248353
126.264 0.000247752
130.599 0.000223291
130.353 0.00022964
127.478 0.000227044
129.451 0.00023418
130.951 0.000235502
130.44 0.000162516
132.169 0.00023487
117.546 0.000257447
130.522 0.000244366
124.919 0.000239666
129.058 0.00016428
130.836 0.000272102
126.032 0.000238974
132.994 0.000271467
126.749 0.000243939
131.829 0.000250868
133.697 0.000241853
129.833 0.000190803
128.614 0.000243369
127.414 0.000217519
129.671 0.0002728
116.922 0.000244503
129.021 0.000252824
128.326 0.000260795
129.183 0.000253835
128.429 0.000276684
130.532 0.000239607
127.734 0.000186011
132.984 0.000219343
132.254 1.67842e-06
127.601 0.000277427
130.369 0.000138403
131.261 0.000249664
133.624 0.00011625
130.928 0.000247214
129.095 0.000167867
115.191 0.000224922
125.414 0.000207012
128.926 0.000243321
131.199 0.000245229
129.313 7.1346e-05
131.945 0.000236415
130.618 0.000245833
127.381 3.62245e-05
128.959 0.000264565
130.089 7.12024e-05
128.052 0.000255698
120.605 0.00024276
130.868 0.000238996
126.896 0.000222173
128.602 0.000227271
129.453 0.000239902
127.552 7.38902e-05
131.658 0.000238664
128.274 0.000248267
126.811 0.000242229
129.373 0.000242813
128.264 0.000247257
132.048 0.000241992
127.88 0.000253413
131.255 0.000244844
130.386 0.000242575
127.594 0.00027841
129.644 0.000240515
131.073 0.000258436
125.516 0.000280049
129.727 0.000208324
132.379 0.000230741
130.272 0.000177727
132.452 4.66272e-06
119.349 0.000241612
129.044 0.0001153
130.196 0.000241647
128.793 0.000252977
139.429 0.000238276
130.295 0.000279762
130.992 0.000244585
116.71 0.000249344
131.439 0.000231557
130.049 0.00027323
130.639 0.000239203
130.858 0.000176194
129.029 0.000252817
129.883 0.000244486
133.203 0.000242935
129.221 0.000255401
123.749 0.000238911
138.349 0.000244217
131 0.000250314
131.581 0.000273565
130.78 0.000241001
132.545 7.07388e-05
124.688 0.000165491
120.443 0.000274183
130.677 0.000245299
128.259 0.000270612
132.033 0.000228969
128.824 0.00024298
130.579 3.75638e-05
127.384 0.000241422
129.222 0.000274786
129.803 0.000248376
128.885 0.000260302
130.747 0.000250379
131.954 0.000163828
128.405 0.000252711
130.62 0.000244692
125.774 0.000223738
130.727 0.000255411
129.327 0.000280306
128.738 0.000273876
127.116 2.66679e-05
128.088 0.000239696
128.825 0.000270309
129.712 0.000246583
122.732 0.000220518
131.227 0.000247873
129.604 0.00027174
129.468 0.000242811
130.678 0.000270553
127.906 0.000291029
131.959 0.000240885
126.888 0.000279032
131.03 0.000177186
129.967 0.00027325
131.731 0.000256078
130.127 2.68244e-05
132.71 0.000242937
127.863 0.000258235
128.341 0.000246974
130.075 0.00024117
125.869 0.000239042
130.541 0.00023702
131.175 0.00025884
130.642 0.000247974
129.906 0.000264349
127.106 0.00024288
130.071 0.000206419
131.809 0.000249993
130.416 0.00026353
128.587 0.000239878
128.885 0.000264067
131.802 0.000231887
128.956 0.000264282
130.05 0.000270571
128.729 0.000269333
128.096 0.00024063
118.143 0.000246989
129.438 0.00023808
130.296 0.000246545
118.558 0.000238615
130.065 0.000270389
128.872 0.000198362
115.985 0.000243293
128.875 0.00024195
126.298 0.000265157
129.131 0.000229738
127.155 1.14041e-05
121.529 0.000238505
126.461 0.000247131
129.674 4.35253e-06
130.594 0.000241696
131.542 0.000247643
128.297 0.000244914
129.839 0.000244359
128.958 0.000253856
127.881 0.000257054
130.256 9.25764e-05
129.816 0.000116086
130.552 0.000240192
130.651 0.000238004
126.88 0.000250118
129.82 -0.000279783
130.563 0.000275272
132.953 0.000255322
129.876 0.000247659
134.022 0.000243268
131.182 0.000236595
129.646 0.000274141
128.074 0.000245317
129.225 0.000268104
129.141 0.000246733
129.683 0.000246817
130.48 0.000251842
129.696 0.000258424
132.446 0.000168359
129.469 0.000255023
128.551 0.000242878
126.98 0.000252042
122.424 0.000244069
129.491 0.000239698
131.486 0.000259126
129.397 0.000250184
130.718 0.000243463
129.936 0.000238144
116.651 0.000262603
129.585 0.000257599
127.757 0.000254493
129.238 0.000246484
124.255 1.77478e-05
122.1 0.000233316
130.555 0.000247069
133.127 0.000214665
132.679 0.000119615
127.982 0.000248113
129.687 0.000209506
131.17 0.00024268
128.489 3.71646e-05
128.088 0.000245717
128.715 0.000239618
129.921 0.000262522
131.765 0.00025394
129.82 0.000235164
130.646 0.000241714
129.118 0.000252012
130.307 0.000277007
129.778 0.000250769
130.872 0.000249464
127.153 2.74098e-06
131.118 0.000239274
130.436 0.000245714
129.15 0.000253267
130.961 0.000228439
129.661 0.000254399
127.786 0.000267566
129.219 1.75572e-05
127.977 9.01722e-05
126.478 3.79225e-05
129.622 0.000279981
129.592 0.00026072
124.04 0.000262025
132.312 0.000246836
131.31 0.00024338
124.751 0.000238494
129.287 0.000257465
129.292 0.000265074
124.573 0.000247282
132.904 0.000249074
126.871 0.000237898
129.567 0.000230961
128.919 0.000242378
127.394 0.000245568
128.527 0.000234866
131.74 0.000237747
127.117 0.000249353
129.264 2.64707e-05
123.317 0.000217959
130.805 3.75722e-05
127.683 0.000252746
128.624 1.87653e-05
131.566 0.000250089
131.033 2.46881e-05
122.834 0.000245473
130.791 0.000249259
128.495 0.000206129
131.19 0.000252562
128.027 0.000243956
130.35 0.000250467
128.806 0.000247833
128.037 0.000269828
124.728 0.000242231
129.945 0.000170409
124.715 0.000251208
128.891 0.000275847
128.9 0.000274161
127.029 0.000265104
125.756 0.000257717
129.455 0.000189527
129.757 0.000264594
129.596 0.000251943
129.553 0.000240828
129.945 0.000109298
130.653 0.000283123
130.796 0.000237068
130.066 0.000256004
129.559 0.000247395
128.363 0.000239076
129.979 0.000272649
126.573 0.000287326
129.311 0.000186572
129.768 0.000247017
130.383 0.000234025
128.01 0.00018837
126.004 0.000246937
131.018 0.000242736
130.775 0.000161587
126.547 2.62987e-05
130.672 0.000239866
130.37 0.000278936
129.978 0.000245763
130.269 0.000241589
130.216 0.000251211
130.099 0.000245848
130.807 0.000242067
129.381 0.000255282
132.165 0.000197851
129.62 1.77492e-05
128.302 0.000276471
128.973 0.000226145
128.749 0.000202461
132.559 0.000227168
128.96 0.000226496
126.257 0.000234597
129.671 0.000241397
129.389 0.00027162
132.043 0.000235783
129.906 0.000242871
128.798 0.000276673
131.152 0.00023704
131.274 0.000255412
130.008 0.00022979
130.893 0.000213792
129.339 0.000169578
127.818 0.000221637
129.247 0.000245075
130.831 0.000243125
129.884 0.000189519
126.616 0.000266881
130.794 0.000276703
130.069 0.000264507
127 0.000278879
132.897 0.000222587
130.052 0.000253202
128.67 0.000199735
130.287 0.000226548
132.198 0.000246367
127.811 0.000239461
126.135 9.17974e-05
129.878 9.44588e-05
130.142 0.000275653
128.458 0.000276005
132.611 0.000242388
130.13 0.000247483
129.966 0.000262183
131.212 9.32081e-05
130.719 0.00024929
145.362 0.000244355
128.742 3.73741e-05
131.687 0.000230431
128.405 0.000235064
127.576 0.000269293
129.961 0.000244284
130.431 0.000277416
129.961 0.000277456
125.717 9.34636e-05
123.163 9.36772e-05
131.358 0.000164858
131.286 0.000256328
131.248 0.000234128
127.863 0.00027204
131.97 1.83275e-05
129.075 0.000270008
126.896 0.000164766
132.201 0.000235784
129.142 0.000241069
130.553 0.000250942
132.758 0.000278066
131.585 0.000274108
125.588 0.000252285
128.222 0.00024655
129.706 0.000244379
125.932 0.000206255
128.878 0.000252488
129.185 0.000275671
122.209 0.000238553
135.086 0.000226635
117.605 0.000243007
129.064 3.91417e-05
129.863 0.000277837
128.666 0.000230831
129.794 0.000243509
129.668 0.000261524
129.414 0.000243697
128.663 0.00025397
134.738 0.000238033
128.842 0.000239836
129.285 0.000264741
129.057 0.000245277
128.117 0.000247378
126.427 0.000287745
127.969 0.000266503
129.671 0.000251037
129.252 0.000239817
129.059 0.000268042
128.117 0.000243608
134.71 0.000237162
127.115 0.00024182
131.009 0.000254936
122.406 0.000251149
131.613 0.000267149
129.678 0.000238843
130.186 0.000245122
117.332 0.000249602
128.931 0.000237155
129.73 0.000220866
125.771 0.000238529
133.048 0.000279211
128.674 0.000162725
120.254 0.000231167
131.317 0.000249794
130.393 0.000220951
131.035 0.000240205
130.132 0.000261266
130.49 0.000244106
128.719 0.000244316
126.957 0.000221607
129.013 0.000249923
130.936 0.000254489
129.983 0.000215193
131.333 0.000238007
128.712 0.000248828
128.881 0.000260365
122.064 0.000254282
128.903 0.000242602
130.019 0.000276688
132.571 0.000239034
130.161 2.74079e-05
133.313 0.000223937
128.585 0.000245461
130.583 0.000258584
128.211 0.000243315
128.355 0.00026981
128.763 0.000229621
131.604 0.000268083
126.876 0.00024437
128.911 0.000169631
127.871 4.58877e-06
129.224 0.000244029
130.896 0.000242034
126.689 0.000263796
130.469 0.00026186
131.792 0.00026001
133.064 0.00025045
130.033 0.000226528
128.815 0.000243457
130.055 0.000237688
123.372 0.00023075
127.733 0.000190149
128.319 0.000236838
129.897 0.000272256
130.313 0.000246997
129.258 7.17197e-05
129.172 0.000237964
129.268 0.000255681
127.666 0.000241979
130.837 0.000248413
130.259 0.000246823
132.065 0.000242652
128.795 0.000273136
131.651 0.000228213
129.933 0.000241532
129.401 0.000241671
132.173 0.000241725
127.592 0.000236364
127.531 0.000259437
132.243 0.000273927
130.599 0.000206102
127.776 0.00022568
129.696 0.000242035
130.287 0.000237104
128.994 0.000269324
129.261 0.000253803
129.568 0.000246256
127.477 0.000245992
129.186 0.000242528
123.042 0.000223943
131.966 0.000246454
130.638 0.000252563
131.638 7.06553e-06
120.103 0.000257115
122.475 0.000254147
129.522 0.00027159
125.154 1.11773e-05
128.754 0.00027912
127.649 0.000244716
127.718 0.000241314
124.209 0.000240405
124.413 0.000246052
129.309 0.000250555
126.986 0.000252287
128.303 0.000246026
128.014 0.000235223
127.748 0.00024631
129.985 0.000288318
129.461 0.000244155
130.642 0.000252625
132.153 0.000224621
142.879 0.000265679
129.186 0.000238135
131.254 0.000178731
131.595 0.000279468
119.759 0.000253824
130.138 0.000258313
130.225 0.000274274
129.302 0.000209166
131.425 0.000276361
129.737 0.000240728
128.812 0.000253426
134.798 0.000228738
131.897 0.000266586
127.659 0.00025087
130.443 0.000240235
133.049 0.000238034
133.558 0.000256669
127.175 0.000189029
115.321 0.000243474
132.221 4.64452e-06
128.851 0.000244113
130.5 0.000243986
127.854 0.000240506
129.741 0.000235026
130.856 0.000242759
129.124 0.000256838
130.934 9.30153e-05
133.693 0.000245822
116.943 0.000239222
129.962 0.000252014
130.692 0.000260407
130.546 0.00024267
131.717 0.000240608
130.072 0.000268718
129.901 0.000236455
128.924 0.000241299
134.68 0.000248411
128.871 0.000253654
129.434 0.000205009
115.642 0.000281869
129.319 0.000235829
133.583 0.000234878
129.103 0.000252334
128.621 0.000233419
130.388 0.000239737
132.975 0.000246478
131.697 0.000245211
130.468 7.16851e-06
125.635 0.000274512
129.035 0.000244496
132.106 0.00024824
129.537 0.000279867
132.271 9.22878e-05
128.119 0.000254236
129.453 0.000217976
132.183 0.000246282
131.373 0.000242752
131.124 0.000277494
133.784 0.000246985
128.649 0.00025796
133.591 0.000239307
132.233 0.000251584
129.379 0.000247998
128.089 3.76974e-05
130.313 0.000278589
128.922 1.16874e-05
129.216 0.000253458
124.217 0.000250648
124.784 0.000245766
129.438 0.000242163
120.878 0.000298581
133.002 0.000236874
127.017 0.000244344
130.354 0.000266428
130.589 0.000255881
128.283 0.00023106
128.033 0.000239483
130.232 0.000252156
131.746 0.000116305
134.557 0.000242629
130.173 0.000247703
131.237 0.000274565
125.734 0.000264596
131.783 6.1292e-07
129.475 9.39865e-05
131.572 0.000256475
126.653 0.000234778
125.636 0.000160553
130.185 0.000246707
129.028 0.00021091
126.195 0.00025344
130.672 0.000254885
121.699 0.000273885
130.1 0.000114439
130.85 0.000240133
128.102 0.000251922
128.012 0.000251503
124.374 0.000256187
126.709 0.000232216
130.464 0.000260434
131.538 0.000264369
128.972 0.00022825
130.656 0.000276372
130.192 0.000249225
129.035 0.000226009
131.551 0.000247329
127.904 0.000253544
129.548 0.000242516
130.438 0.000246854
128.696 0.000223838
130.515 0.000252137
131.038 0.000140531
129.482 3.7573e-05
131.059 0.000236643
129.143 0.00022651
127.708 0.000236685
121.517 0.000253145
128.023 0.000251668
126.305 0.000275671
131.001 0.000247058
129.518 0.000243777
129.229 0.000255134
123.907 0.000160079
130.351 0.0002518
127.274 7.27256e-06
132.801 9.32746e-05
130.317 0.000250452
124.046 0.000272812
124.938 0.000278002
130.26 0.000274369
132.14 0.000245175
127.995 0.000166753
125.404 0.00025367
129.582 0.000250365
130.791 0.000271342
130.953 0.000243585
125.358 0.000249689
130.126 0.000239122
134.388 0.000247391
125.439 0.00026042
128.251 0.000240363
130.619 0.000221222
129.842 0.000237197
127.946 0.000243659
115.215 0.000165291
131.732 0.000249329
127.361 0.000232471
130.909 0.00024033
130.551 0.000238865
130.109 0.000243272
130.943 0.000238457
129.894 0.000233911
128.447 0.000283602
128.925 0.000287815
129.391 0.000276932
127.605 0.000242391
126.88 0.000209141
129.333 0.000233548
128.852 0.000244242
129.482 2.69186e-05
126.261 0.000273262
129.103 5.20492e-05
132.055 0.000248989
128.86 0.000240828
125.797 0.000269761
131.476 0.000240009
130.46 0.000252996
133.548 0.000229551
123.928 0.000224611
129.533 0.000242882
125.986 0.000207305
128.545 0.000257346
131.573 0.000235804
127.492 0.000259898
126.583 0.000209684
128.437 0.000260643
130.789 0.000238546
122.448 0.000241392
132.391 0.000253594
128.264 5.91622e-07
128.856 0.000242189
129.048 0.000231677
131.417 0.000238711
129.83 0.000273886
127.378 0.000228694
130.882 0.000246036
129.329 0.000257972
129.835 0.000251124
121.857 0.000242704
129.912 0.000231143
131.031 0.000246022
129.764 0.000248639
124.608 0.000243127
125.957 0.000234039
129.584 0.000271082
129.182 0.000278793
128.411 0.000219132
130.896 0.000242195
119.983 0.000279268
129.764 0.000266001
130.596 0.000114576
126.79 0.000210813
131.271 0.000254063
129.248 0.000244424
129.84 3.66715e-05
130.795 0.000251019
131.042 0.000266361
130.484 0.000241283
131.863 0.000214106
127.104 0.00024219
131.024 0.000243819
125.626 0.000259154
129.271 0.00025875
131.566 0.000235682
130.808 0.000267665
129.068 0.000243058
130.389 0.000272333
130.133 0.000258832
130.771 0.000245464
129.29 0.000254591
128.352 0.000236439
127.975 0.000110833
131.27 0.000213776
129.282 0.000253824
131.079 7.39845e-06
128.711 0.00024552
130.097 0.000228978
128.69 0.000244607
116.816 0.00023366
128.87 0.000253319
132.188 0.000228937
129.614 0.000250879
130.036 7.19434e-05
132.043 0.000241182
129.968 0.000265406
128.777 0.000243424
128.218 0.000262234
130.699 0.000234003
127.709 5.30302e-05
132.131 0.000270669
132.385 0.000241343
128.166 0.000275889
126.979 0.00028053
129.036 0.00027444
130.414 0.00020647
126.174 0.000260346
130.344 0.00016225
129.672 0.000236648
128.916 0.00024857
131.512 0.000234583
131.08 0.000254963
127.821 0.000239439
132.82 0.000224384
130.123 0.00024938
128.574 0.000241543
127.831 0.000230339
130.627 0.000114249
126.871 0.00023031
126.656 0.000241036
131.57 0.000251327
131.41 0.000259131
128.394 0.00022519
127.944 0.000164592
127.895 0.000225122
119.504 0.000218725
130.255 0.000237989
133.482 0.000253764
127.149 0.000245565
126.9 0.00022857
130.228 0.000248844
120.226 0.000269912
125.698 0.000249641
130.832 0.000268905
125.79 0.000238544
128.267 0.000279891
125.237 0.000246196
129.462 0.000285057
125.02 0.000251572
126.581 0.000228394
129.973 1.68529e-06
129.899 0.000238993
128.482 0.000252294
127.294 0.000244526
132.261 0.000235629
127.273 0.000247058
133.503 0.000243114
131.789 0.000242677
131.941 0.000227963
130.438 0.000244235
129.336 0.000239078
131.803 0.000237876
124.458 0.000270667
128.388 9.02941e-05
119.71 0.000274607
128.15 0.00027463
129.877 0.000260552
128.328 0.000238887
130.475 0.00027816
129.752 0.000242401
129.275 0.000225896
128.376 0.000238191
127.905 0.000244936
127.338 0.000155542
129.72 0.000266877
126.544 0.000256065
129.559 9.29811e-05
131.313 0.000270394
129.098 0.000239219
124.702 0.000228383
119.668 0.000280496
121.458 0.000254387
126.284 0.000244527
130.15 0.000242826
126.309 0.000188605
132.887 0.000247413
131.957 0.000240618
126.685 0.000244406
128.542 0.000262403
127.229 0.00024345
129.426 0.000240493
130.853 0.000213419
131.09 0.000264671
128.57 0.000238647
130.328 0.000260001
127.201 0.000273757
130.321 0.000240774
127.197 0.000248274
127.311 0.00024452
133.491 5.27754e-05
122.505 0.000259198
125.712 0.000268251
127.481 0.000261964
123.434 0.000244982
129.407 0.00023806
129.899 0.000221514
129.677 0.00026678
129.419 0.000249781
128.608 0.000276755
131.022 7.09316e-05
131.903 0.000246283
129.066 0.000242109
130.433 1.79815e-05
130.494 9.20136e-05
129.589 0.000241509
126.877 0.000249796
129.709 0.000240404
126.416 0.000208306
127.805 0.000211679
126.382 0.000242826
129.581 0.000240085
130.601 0.000226593
131.037 0.000239273
127.356 0.000273094
129.484 0.000244744
130.866 0.000246793
124.748 0.00024379
131.198 0.000272921
129.523 0.000249188
125.392 0.000223727
130.855 0.000228541
124.409 0.000247311
128.865 0.000274274
125.406 0.00025577
131.038 0.000240516
122.288 0.000251175
129.467 0.000235859
129.795 0.00024362
129.756 0.00022631
130.779 0.000240559
126.763 0.000245489
128.574 0.000240845
129.388 0.000265854
127.118 0.00024278
128.996 1.7728e-05
129.955 0.000241842
123.787 0.000250758
130.73 0.000252612
128.832 0.000231926
129.748 0.00025234
127.218 0.000236327
130.421 0.000271838
129.278 0.000279338
129.431 0.000267071
129.797 0.000234319
129.413 0.000254301
127.327 0.000236195
132.975 0.000241441
130.625 0.000259129
128.712 0.000241203
133.268 0.000241111
129.072 0.000238194
128.559 0.000209313
132.624 0.000242749
125.111 1.65813e-06
127.198 0.000246166
129.377 0.000268258
130.488 0.000164729
129.138 0.000163473
126.48 9.43312e-05
131.883 0.000245276
131.396 0.000224965
129.464 0.000236824
131.616 0.000245736
130.363 0.000245508
130.432 0.000238691
130.755 0.000271644
132.247 0.000270888
130.846 0.000247968
125.556 0.000278591
122.144 0.000248251
131.334 0.00025468
130.023 0.000251126
132.559 0.000237139
130.458 0.000240473
130.68 0.000240442
131.9 0.000166473
130.963 0.000256288
129.993 0.000260696
129.53 0.000240138
129.723 0.000250481
125.692 7.4367e-06
129.986 7.34868e-06
130.431 0.000190331
131.507 0.000245825
125.92 0.000242562
131.92 0.000236707
130.535 0.000246056
126.884 0.000233774
130.979 0.000232708
127.004 0.000246041
130.574 0.000241023
130.003 0.000250977
129.651 0.000245884
130.59 1.68828e-06
131.019 0.000116751
127.218 0.000275305
128.243 0.00025509
126.88 0.000249284
126.886 0.000239831
125.795 0.00027588
129.78 0.000237686
124.714 0.000236765
128.227 0.00020743
128.673 0.000251264
128.787 0.000250883
131.348 0.000237975
120.13 0.000248916
127.165 0.000240393
131.588 0.000253069
131.639 0.00025449
127.402 0.000112706
131.745 0.000113391
130.103 0.000210381
130.024 0.00027586
131.11 0.00027303
130.046 0.000280442
120.795 0.000252081
131.346 0.00024046
118.359 0.000244055
128.183 0.000260974
132.033 0.000244193
127.079 0.000249731
130.095 0.000259805
131.275 0.000274021
130.505 0.00023818
129.204 0.00025485
129.438 0.000254018
129.263 0.000246817
131.199 0.000273479
129.777 0.000241695
128.383 0.000225774
128.705 0.000259039
129.595 0.000238229
131.275 0.00022994
132.241 0.000270677
124.608 0.000249257
130.749 0.000269178
129.109 0.000248908
129.82 0.00024071
125.823 0.00024128
125.487 0.000246009
133.815 0.000241488
129.862 0.000250973
122.686 0.000236477
132.843 0.000230808
128.722 0.000238826
131.153 0.000245776
131.35 0.000254809
130.273 0.00027149
132.93 0.000239157
131.078 1.68249e-06
131.697 0.000275906
127.677 0.000235548
131.625 0.000251023
128.811 0.000247956
129.794 0.000243043
129.846 0.000218461
129.798 0.00025547
129.89 0.000245722
130.737 0.000254993
127.497 0.000250577
130.926 0.000275335
130.323 0.000272517
130.905 0.000248122
128.969 0.000247503
133.472 0.000241252
127.134 0.000247492
129.345 0.000245398
131.976 0.000243316
130.074 0.000207654
129.572 0.000243489
128.357 3.73499e-05
131.001 0.000251306
129.812 1.67847e-07
134.141 0.000254362
130.471 0.000234758
129.881 0.000218663
131.111 0.000242454
127.28 0.00027176
126.849 0.000276761
129.668 0.000206615
130.24 0.000238418
129.283 0.000171137
129.637 0.000206472
128.745 0.000238105
125.653 0.000245112
129.826 2.59077e-05
132.514 0.000246714
119.844 0.000244044
128.936 0.000244049
129.703 0.00023993
131.48 0.000257016
129.21 0.000188234
129.709 0.000184672
128.113 0.000224289
129.637 0.000235704
132.404 0.000245603
128.722 0.000249182
129.368 0.000231697
129.818 0.000242471
127.623 3.34767e-07
131.635 0.0002129
129.62 0.000247166
121.027 0.000241956
130.73 0.00022954
132.32 0.000240308
130.182 0.000279208
129.555 0.000251872
129.304 0.000256092
130.227 0.000238921
128.894 0.000246026
129.409 0.000237106
129.624 0.000201497
129.418 0.000222257
131.601 0.000275923
123.601 0.000252757
127.326 0.000269905
119.864 0.000283528
130.686 0.000241002
131.618 0.000278594
126.541 0.000244329
130.974 0.000236079
128.834 0.000248362
126.338 0.000241085
130.526 0.000274674
130.588 0.000227178
130.486 0.000239841
129.231 0.000163987
131.869 0.000284809
126.899 0.000257211
129.319 0.000275062
127.741 0.000237
129.52 0.000256418
130.8 0.000235463
131.569 2.70831e-06
130.195 0.000185988
129.734 0.000226234
129.299 0.000240752
129.45 0.000247564
130.974 0.000232903
119.034 0.000270028
127.793 0.000252755
129.855 0.000239588
127.084 0.000226926
130.87 0.000274961
127.713 0.000235185
127.405 0.000248647
130.109 0.000238193
132.974 0.000241065
128.326 0.00024627
128.818 0.000240494
131.859 0.000243476
130.731 0.00024624
129.069 0.000249237
131.097 0.000247226
127.603 0.000256462
128.439 0.000238834
128.811 0.00023323
121.731 0.000208775
127.714 2.63067e-05
128.416 0.000138763
128.858 0.000240098
129.166 0.000265116
131.63 0.000240516
129.795 0.000237272
126.15 0.000251968
129.116 5.88469e-07
132.079 0.000232863
126.626 0.000117438
123.414 0.000247751
130.842 0.000232675
128.673 0.00024066
130.645 0.000242391
129.896 3.47253e-05
130.466 0.00013824
130.347 0.000179426
129.003 0.000260427
122.405 0.000133388
120.15 0.000271517
127.301 0.000271324
128.786 0.000246359
129.118 0.000255455
127.226 0.000234452
127.285 0.000242203
128.643 0.000243917
127.498 0.000281341
129.316 0.000239674
128.857 0.000242616
129.927 0.000245613
129.59 0.000230161
127.08 0.000243376
133.357 0.000240837
130.074 0.000234439
128.427 0.000280105
121.563 0.000246083
129.798 0.000249153
132.167 0.000259239
125.719 0.000243184
129.216 0.000248551
129.342 0.000282637
129.541 0.000239018
129.256 0.000222906
136.451 0.000228429
132.117 0.000239
127.704 0.000258869
127.582 5.2146e-05
129.313 0.000243217
126.722 0.000239377
128.672 0.000271825
120.206 0.000234118
132.13 0.000251078
131.13 0.000271169
128.984 0.000239613
128.625 0.000250361
134.318 0.000267252
131.242 0.000243557
130.48 0.000254781
134.152 0.000278318
129.859 0.000257221
119.899 0.000236304
128.267 0.000237719
130.911 0.000194256
131.569 0.000252182
128.905 0.000185806
132.248 0.000268444
129.108 0.000241375
130.588 0.000267885
129.247 0.000269921
131.869 0.00025682
118.205 0.000251758
127.483 0.000268525
130.746 0.000255612
119.723 0.000245913
130.79 0.000239771
128.162 0.000213722
132.263 0.000240835
128.046 0.000259462
127.495 0.000209374
131.627 0.000267277
131.499 0.000267847
130.562 0.000241193
132.14 0.000286471
132.027 0.000244182
130.181 0.000252001
124.66 0.000263979
129.994 0.000269137
124.252 0.000262242
128.456 0.000260183
127.596 0.000245816
128.49 0.000257148
129.879 0.000241587
128.964 0.000252923
120.802 0.000240709
125.425 0.000236265
122.165 0.000250769
120.746 0.000224468
125.698 0.000268164
128.875 0.000249734
124.764 0.000248816
129.946 3.72079e-05
132.067 0.000234787
125.543 0.000255623
129.681 0.000114298
123.936 0.000221946
128.524 0.000260257
128.091 0.000237202
130.876 0.000264273
131.379 0.000238208
127.173 0.000252922
129.622 0.000249755
131.519 0.000224477
129.939 0.000159468
130.439 0.000268239
129.357 0.000249376
125.796 0.000217547
129.598 0.000235532
123.756 0.000246234
130.185 0.000237853
127.676 0.000252235
131.591 0.000224132
131.154 0.000251482
129.011 0.000228667
129.571 0.000240364
123.867 0.000265851
128.2 0.000252477
129.63 0.000251228
128.713 0.000269156
130.199 0.000255466
127.492 0.000243673
128.508 0.000278568
131.931 0.000245854
128.575 0.000251592
133.274 0.00021356
125.686 0.000161949
130.59 9.33045e-05
131.216 0.00024417
130.409 0.00024433
130.995 0.000278822
130.472 0.000246785
131.904 0.00024089
132.289 0.000165203
127.304 0.00023842
132.192 0.000249336
124.023 0.000241146
130.405 0.000277165
126.996 0.000159583
128.506 0.000245276
131.751 0.000237298
129.631 0.000230835
131.928 0.000232565
132.189 0.000242491
130.441 0.000278661
130.461 0.000270332
128.961 0.000242265
126.747 0.000263859
131.186 0.000241386
130.628 0.000237837
128.429 0.000243175
133.459 0.000226825
130.124 0.000243943
131.319 7.07496e-05
130.916 0.000248566
129.731 0.000256108
129.459 0.00023989
127.979 0.000255813
127.069 0.00016594
129.413 0.000242956
129.381 0.000249558
125.408 0.000240324
129.742 0.000246841
120.434 0.000245176
128.664 0.000249904
127.985 5.31744e-05
132.105 0.000234735
128.906 0.000272988
128.206 0.00024644
128.267 0.000265455
130.65 0.00026315
116.969 0.000162715
125.867 0.000225299
131.478 0.000227722
131.905 7.0056e-05
128.921 0.000241234
126.471 0.000225956
129.156 0.000246978
129.049 0.000223219
130.02 0.000234401
129.537 0.000212025
128.748 0.0002334
129.05 0.000245353
129.748 0.000228003
129.659 0.000243253
128.78 0.000228903
127.451 0.000251263
131.091 0.000250361
129.399 0.000244784
133.156 0.000221338
124.95 1.16648e-05
131.272 0.000241926
129.463 0.000245317
126.793 0.000252207
127.115 0.000249587
128.611 0.00026765
127.997 0.000236187
126.944 0.000237393
130.134 0.000236378
127.287 0.000245446
129.702 0.00025059
131.273 0.000236502
128.593 0.000273283
124.313 0.000263391
128.95 0.000244476
130.397 0.000241515
125.125 0.000258934
127.612 0.000239551
120.63 0.000251452
118.776 0.000250891
127.647 0.000257189
130.925 0.000241836
130.872 0.000279887
127.792 0.000242342
134.223 0.000275915
129.919 0.000233392
124.762 0.00020911
128.37 0.000238205
131.785 9.33254e-05
130.473 0.000139678
129.295 0.000187431
129.09 0.000263084
129.391 0.000248653
132.384 7.1382e-05
127.835 0.000265849
131.018 0.000240526
128.82 0.000252603
125.753 0.000279654
130.206 0.000260317
131.083 0.00027519
132.822 0.000277791
130.937 0.000140556
128.368 0.000239479
130.547 0.000245489
131.37 0.000228799
123.706 0.000237083
133.68 0.00024444
130.636 1.78622e-05
126.289 0.000242503
131.11 0.000274028
130.973 0.00025371
130.337 0.000251884
128.906 0.000162109
131.311 0.000238949
