129.581 0.00145672
131.559 0.00146899
127.607 7.02061e-05
130.669 0.00145462
129.191 0.00149271
128.694 0.00159645
125.775 0.00148725
131.326 0.00151439
129.367 0.00151015
125.924 0.00114846
128.623 0.00155658
129.85 0.00145452
129.734 0.00149728
130.304 0.00162292
126.43 0.00150203
131.625 0.00159229
130.267 0.00150811
132.417 0.00148817
132.115 0.00168297
125.26 0.00151122
131.225 0.00144051
130.221 0.00150135
130.183 0.00144438
128.733 0.00163641
128.663 0.00172066
129.323 0.00146834
130.76 0.00146377
129.607 0.00152113
127.896 0.00144042
133.836 0.00167336
130.265 0.00142218
128.785 0.00157786
130.146 0.00148715
130.326 0.0013422
129.266 0.00134759
126.237 0.00166514
127.984 0.00134897
129.979 0.00135343
126.096 0.00145694
130.904 0.00166795
127.396 0.0014486
119.35 0.00144624
130.513 0.00127324
128.107 0.00144563
130.585 0.00147525
129.911 0.00164198
128.105 0.00163601
129.52 0.00156689
129.09 0.00144087
115.917 0.00146401
121.444 0.00157571
130.384 2.8138e-05
131.461 0.000689354
124.764 0.00163796
128.118 0.00145948
127.978 0.00133605
132.508 0.00139106
126.69 0.00144033
131.421 0.00148086
131.237 0.00152721
131.023 0.00168449
127.604 0.00165806
128.892 0.00111924
127.509 0.00146558
129.311 0.00146303
126.762 0.00146022
128.602 0.00162748
127.877 0.00147245
129.361 0.00146586
130.161 0.00152839
124.565 0.00146451
131.007 0.00151664
115.07 0.00146017
130.452 0.00161567
129.397 0.00163437
125.974 0.00145171
118.668 0.00166135
127.68 0.00158788
127.372 0.00143978
130.542 0.00148332
122.236 0.00139449
129.24 0.00155118
133.099 0.00138612
128.616 0.000694282
130.789 0.00156566
127.857 0.0014977
128.459 0.000553429
128.706 0.00126557
128.766 0.00166155
128.479 0.00163824
130.175 0.000434433
130.338 0.00161336
130.416 0.00162324
128.024 0.00150856
125.286 0.00169003
130.078 0.00153602
129.104 0.00151098
127.195 0.00147077
130.711 0.001458
131.193 0.001503
130.993 0.00164149
130.199 0.00126156
131.977 0.000157067
126.793 0.00157191
130.334 0.00084438
132.78 0.0014347
121.948 0.00160344
126.745 0.00151378
125.08 0.00165772
128.354 2.78035e-05
126.607 0.00146978
130.166 0.00152246
122.996 0.00153103
129.353 0.00113262
129.862 0.0014737
126.344 0.00165694
129.321 0.00146835
130.281 0.00167818
128.926 0.00161958
128.028 0.00153484
127.803 0.00148668
130.428 0.00153559
131.49 0.00146125
132.406 0.00151082
132.186 0.0014599
129.1 0.000700022
133.289 0.00151769
130.181 0.00153447
131.337 0.0014444
121.808 0.000564121
129.528 0.00164438
129.998 0.00121931
116.16 1.01353e-05
131.92 0.00151313
122.509 0.00151944
132.449 0.00145405
132.886 0.00155723
130.744 0.00145866
131.431 0.00167498
128.423 0.00164206
124.801 0.00145658
129.61 0.00165279
127.051 0.0014766
125.94 0.00134448
129.977 0.0015026
125.747 0.00148346
133.848 0.00148242
132.039 0.00162903
126.853 0.00146111
130.372 0.00145
123.633 0.00150707
129.303 0.00163562
134.059 0.00143773
129.623 0.00112742
121.168 0.00167847
126.838 0.00150889
118.609 0.00150807
128.656 0.00161327
132.739 5.85263e-06
127.082 0.00152917
129.505 0.000687199
128.979 0.00146099
129.622 0.00156563
128.892 0.00145056
128.365 0.00145433
133.541 0.00164872
128.338 0.00153161
129.74 0.00149176
128.863 0.00167586
129.56 0.00167536
130.445 0.00149191
119.656 0.00158132
130.768 0.000431421
129.746 0.00166216
130.28 0.00154232
128.2 0.00144207
129.74 0.00163317
130.002 0.00165263
131.691 0.00149607
130.794 0.00164432
130.344 0.00114637
127.768 0.00169103
128.339 0.00167436
127.461 0.00145157
118.685 0.00149477
129.042 0.00142843
130.609 0.00144828
121.732 0.00145638
128.03 0.00167687
130.43 0.00146629
129.812 0.00146466
129.788 0.00148392
129.07 0.000849123
130.766 0.00144929
130.823 0.00165013
124.62 0.00162888
129.919 0.0014099
125.319 0.00144539
128.667 0.0010372
130.054 7.01173e-05
130.04 0.00167533
129.372 0.00167684
126.941 0.00152341
130.898 0.00149555
126.54 0.00150975
122.766 0.00147078
