119.535 0.000262311
119.93 0.000266921
120.295 9.76348e-05
121.108 0.000253286
119.954 0.000254581
119.541 3.95809e-05
120.172 0.000273439
119.986 0.00025416
119.423 -0.000263136
120.911 0.000286092
120.793 0.000297136
120.649 0.000248778
117.296 0.000259354
120.381 0.000120402
116.972 0.000265474
122.081 0.00027229
120.05 0.000264222
120.285 1.66841e-07
120.266 2.78546e-05
118.64 3.11612e-06
118.939 0.000264196
119.738 0.000265318
121.254 0.000284162
141.473 0.000261625
121.539 0.000249351
118.23 0.000274875
117.724 0.000262995
119.307 0.000265034
118.694 -0.000257318
118.112 0.000298119
118.249 7.54106e-05
120.907 0.00026149
117.571 0.000260256
118.232 0.000280059
123.974 0.000269248
117.582 0.000261082
122.25 0.000247103
118.33 0.000262105
123.674 3.93673e-05
119.706 0.000294275
121.584 0.000268165
121.082 9.96515e-05
119.884 0.000258339
118.655 0.000291899
118.804 0.000259023
120.829 0.000294331
118.472 3.90727e-05
117.311 0.000294678
120.336 0.000262872
117.473 0.000269874
127.6 -0.000259577
120.609 0.000254249
120.151 0.000252167
119.99 0.000268964
119.205 0.000268709
119.788 0.000263483
122.404 0.000314502
117.751 0.000259384
120.53 0.000259467
122.469 0.000254603
132.046 0.000271335
119.581 2.90259e-05
157.278 0.000267867
118.604 0.000291802
120.456 0.000162368
120.742 0.000257944
120.168 0.000256343
119.922 0.000289727
120.759 0.00024553
121.974 0.000268446
115.013 0.000265406
127.425 0.00029085
116.948 0.000264602
151.521 -0.000275211
118.654 0.000182826
120.34 0.000255621
120.51 0.000256693
123.294 0.000250511
122.828 0.000235979
119.605 0.000240632
119.796 0.000254449
118.709 0.000265502
120.02 -0.000254543
120.365 0.000263537
119.984 0.000268066
119.833 0.000262337
119.888 0.000260757
119.294 0.000262047
117.382 0.000292012
120.59 0.000253021
122.53 0.000302604
123.21 0.000250858
120.213 0.000150213
119.432 0.000270872
117.262 0.000262183
115.64 0.000199175
119.325 0.000279014
120.365 0.000257336
122.089 0.000248331
124.098 0.000242077
120.595 -0.000251486
122.322 5.22385e-06
119.118 0.00019813
121.203 7.47679e-05
120.065 0.000247405
119.606 0.000255223
118.285 0.000267772
118.206 0.000255974
116.594 0.000149334
121.039 0.000254477
121.616 0.000291493
119.497 0.000174024
127.174 0.000256325
118.19 4.87276e-06
121.353 0.000267016
119.822 0.000255998
121.377 0.000268245
121.89 0.0002946
120.739 0.000268957
119.753 0.000271281
119.921 0.000254655
119.062 0.000264087
119.078 0.000266622
119.085 0.000256408
119.758 0.000256699
146.105 0.000275735
119.14 0.00015019
119.569 0.000145219
120.984 0.000256952
118.381 0.000269552
119.427 0.000261912
128.75 0.000278921
119.833 0.000275417
118.195 0.000259366
119.888 0.000300108
122.49 0.00017239
120.38 0.000300406
118.929 0.000255289
121.173 0.000245184
120.946 0.000260122
118.99 0.000271634
120.038 0.000175558
119.143 0.000255126
121.264 0.000290186
119.211 0.000263828
121.896 0.000258248
121.193 0.000265285
119.887 0.000265225
118.075 0.00026719
123.471 0.00017121
117.266 0.000253291
120.747 0.000259095
120.905 0.000289224
117.982 0.0002842
120.015 0.000255828
117.033 0.000354491
120.053 0.000383876
119.032 0.000389219
120.128 0.000375724
137.392 0.000374741
120.556 0.000381228
115.16 0.000379671
115.075 0.00041656
121.268 0.000399525
119.807 0.000376137
167.152 0.000433213
118.048 0.000389858
120.105 0.00044231
120.217 0.000152528
117.686 0.000346975
121.932 0.000436667
115.14 0.000297732
117.13 0.000373935
121.42 0.000373269
120.266 0.000406333
122.224 0.000387327
119.227 0.000381847
118.698 0.000394952
122.97 0.000359751
120.348 0.00037524
117.869 0.000407615
119.332 0.000422211
120.117 0.000410396
121.199 0.000403071
117.956 0.000381185
119.274 0.000361799
120.187 0.000402206
127.427 0.000331472
119.965 0.000438438
119.278 0.000386721
122.891 -0.000431089
115.565 0.000390908
120.536 0.000392904
120.822 0.000382999
117.856 0.000369222
120.846 0.000385113
118.902 0.00039006
120.698 0.000382671
120.008 0.000373039
118.644 0.000428081
120.451 0.000380677
119.801 0.000437655
121.457 0.000382968
118.764 0.000368414
120.097 0.000382329
117.853 0.000394855
117.246 0.00037822
116.616 0.000400221
118.839 0.000381182
120.742 0.000431226
122.396 0.00037308
117.463 0.000147253
117.921 0.000220691
118.88 0.000421255
121.331 0.000383703
120.207 0.000182495
122.62 0.000417545
118.523 0.000354517
120.691 0.000390039
118.857 0.000391907
120.872 0.000382986
118.591 0.000402008
120.906 0.000433555
119.32 0.000390669
121.71 0.000399202
143.636 0.000421904
123.095 2.66811e-05
118.905 -0.000438901
118.547 0.000406314
121.489 0.000373057
119.795 0.000399539
116.52 0.00043
117.172 0.000433069
119.364 0.000389486
121.841 0.000364392
120.871 0.000429328
119.91 -0.000397389
129.995 0.000371033
136.119 0.00037666
118.803 0.000388614
118.759 0.000349749
116.253 0.000395346
118.562 0.000399037
120.535 0.000357835
115.727 0.000416906
121.294 0.00039679
120.18 0.000376536
122.682 0.000382307
119.486 0.000408825
121.013 0.000380133
121.453 5.94077e-05
119.973 0.000382733
119.609 0.000400895
118.748 0.000435863
119.489 0.000385767
119.523 0.000377814
117.574 0.00037909
119.735 0.00037975
119.991 0.000372457
120.427 0.00033473
133.269 0.000353899
120.324 0.00038364
120.505 0.000378555
115.655 0.000404228
120.247 0.000393483
119.148 0.000365208
120.357 0.000383196
135.366 0.000400067
118.526 0.000384534
115.523 -0.000394364
120.71 0.000336766
121.582 0.000381079
120.389 0.000432019
120.436 0.000415455
116.2 0.00032362
120.377 0.000416427
119.927 0.000381193
118.284 0.000386469
119.946 0.000381159
118.674 0.000423038
120.384 0.000383712
119.693 0.0004041
119.766 0.000252839
115.529 0.000383146
120.925 0.000412437
121.332 0.000378009
118.986 0.000380311
122.537 0.000417933
119.174 0.000377955
120.511 0.000443428
117.581 0.000256997
120.83 0.000382539
117.975 0.000267646
119.255 0.00041951
119.458 0.000379112
117.357 0.000396927
119.219 0.000377017
120.644 0.000359429
