120.386 0.00056327
117.364 0.000466797
120.03 0.00105254
116.834 0.000969335
119.252 0.000980022
118.251 0.00110264
118.669 0.000992189
115.648 0.00106205
120.414 0.00103233
122.057 0.000857825
122.735 0.000569849
119.341 0.000991314
120.478 0.000981149
119.192 0.00105324
120.878 0.00110249
120.185 2.88011e-05
121.03 0.0002957
120.77 0.00111967
116.893 0.000295293
119.971 0.000992599
119.104 0.00110679
120.176 0.000989398
119.003 0.00101522
120.795 0.00111173
121.317 0.0010222
120.069 0.000964842
118.625 0.0010252
120.16 0.00106719
119.805 0.000952149
118.062 0.000155306
120.5 0.00110032
121.626 0.00108457
119.281 0.000102972
120.167 0.0010198
119.431 0.000993896
119.628 0.000288168
120.818 0.000972847
119.549 0.000687987
121.018 0.000908516
118.798 0.000988586
118.148 0.00109852
117.487 0.00105972
119.616 0.00101629
119.06 0.00107069
115.233 0.000872488
119.738 0.000971376
120.111 0.000976813
119.003 0.000967012
115.795 0.00101378
120.399 0.000914735
117.702 0.00103144
121.244 0.00103515
120.9 0.000105701
120.167 0.00101115
120.937 0.00103113
116.967 0.00098038
119.879 0.0010404
118.986 0.000899413
118.723 0.000981673
120.274 0.00111648
117.556 0.00101829
119.285 0.00106584
120.355 0.000996087
120.811 0.00100246
120.469 0.00101962
119.585 0.000963898
117.412 0.000981457
118.543 0.000950702
118.891 0.00096216
120.023 0.00117135
118.504 0.00106764
120.018 0.00101694
115.295 0.00103558
118.757 3.0089e-05
119.301 0.000923524
121.659 0.000983054
119.325 0.000762789
120.974 0.00100347
120.818 1.15315e-05
119.337 0.000995281
118.162 0.000985191
120.366 0.000984106
121.183 0.00102462
116.458 0.00104111
119.816 0.00105359
124.63 0.00102322
122.962 0.000910238
119.208 0.00107296
119.994 0.00103215
119.389 0.00106788
120.507 0.00104002
118.851 0.00103951
119.022 0.000824013
116.839 0.00117213
120.764 0.00111846
119.581 0.000994644
125.522 0.000918498
119.74 0.00109632
116.165 0.00100477
126.864 0.000869921
119.419 0.00107917
121.056 0.00101262
119.957 0.000286798
119.425 0.00102988
120.336 0.00101241
120.784 0.000973324
118.4 0.000936789
118.185 0.00108008
115.798 0.00100459
118.778 0.000993631
118.143 0.000973119
119.324 0.00106648
119.187 0.000215447
120.408 0.0010361
121.893 0.00105175
120.946 0.00102124
119.992 0.00105719
121.653 0.00100869
116.331 0.000995102
120.405 0.000928498
121.429 0.0011241
119.638 0.000930863
118.749 0.000944403
115.395 0.00066289
120.29 0.00111612
119.091 0.000995635
120.27 0.00105386
122.358 0.000986355
118.469 0.00107371
117.997 0.00103703
118.786 0.00114264
118.79 0.00100169
121.399 0.00104815
119.714 0.00114221
118.765 0.000983447
119.23 0.000980379
118.659 0.00100432
120.036 0.000379243
120.965 0.000988787
120.083 0.00113951
117.358 0.00102865
120.429 0.00101132
120.199 0.0010439
116.215 0.000976415
120.489 0.00100838
119.514 0.000997221
119.704 0.000956192
120.397 0.0010385
120.321 0.0011752
119.148 0.00103728
121.198 0.000666588
117.996 0.00105754
115.196 2.64367e-05
119.128 4.77869e-05
119.815 0.000919297
118.618 0.000980449
119.46 7.12726e-05
118.948 6.5088e-06
121.217 0.00083725
121.745 0.000995565
120.552 0.00111096
115.056 0.0010698
118.945 0.000971537
122.507 0.000988605
115.233 0.000814777
121.024 0.000551559
120.555 0.000935594
119.203 0.0011091
118.8 0.00112321
120.34 0.00100678
117.306 0.00104884
115.706 0.000956679
119.892 0.00108076
118.997 0.00109064
118.053 0.00113537
118.811 0.000972899
119.01 0.000995866
118.365 0.00099885
119.161 0.000151835
118.276 0.000971225
119.599 0.000990625
118.142 0.000985263
121.573 0.000856158
121.088 0.000151236
124.117 0.000983527
118.719 0.000154857
119.832 0.000899111
119.299 0.00097076
121.357 0.000992193
119.224 0.000664447
119.525 0.000953525
120.059 0.00102749
120.242 0.00111831
120.674 0.0010176
126.289 0.00101142
121.049 0.000994942
121.893 0.000973406
118.832 0.00102406
119.649 0.00100619
118.671 0.000288723
120.242 0.00104244
118.948 0.00111283
121.164 0.001046
118.98 0.001101
121.538 0.000969265
116.345 0.00101922
120.464 0.00101217
120.414 0.00100324
122.614 0.00100178
121.009 0.000152931
119.641 0.00101214
119.913 0.000989988
118.648 0.000919211
120.158 0.00092626
116.746 0.000213259
121.595 0.00114412
119.338 0.000867839
118.444 0.000989267
117.322 0.00102553
121.125 0.000985566
122.115 0.000867207
116.22 0.00107282
121.282 0.00103354
120.692 0.000998732
120.75 0.00112908
118.715 0.00101328
121.738 0.00099355
120.429 0.00107709
118.314 0.000967
120.424 0.000864753
118.192 0.000154983
118.612 0.00114474
116.151 0.000977907
119.578 1.19178e-05
118.3 0.000977552
117.144 7.23682e-05
119.36 0.00101126
121.576 0.000956531
129.938 0.000915838
120.562 1.90131e-05
117.661 0.000977656
119.443 0.00109738
116.67 0.000972787
119.914 0.00107261
122.34 0.000988032
119.622 0.00110241
119.619 0.0010071
120.297 0.000994368
119.739 0.000969716
119.16 0.000970557
119.864 0.000976836
115.129 0.000571985
119.555 0.00113894
121.72 0.00100203
117.694 0.00104546
120.285 0.00103416
118.62 0.000914068
118.781 0.000955766
119.654 0.000885136
119.494 0.000993842
119.826 0.00100384
122.274 0.00105035
120.458 0.000974831
122.042 0.000980818
118.579 0.0011055
119.474 7.28477e-05
119.34 0.00103172
118.53 0.00107923
118.801 0.000880257
120.988 0.000677762
121.446 0.000989525
120.906 0.000989247
118.661 0.000382867
115.925 0.000983982
120.734 0.000859648
118.875 0.00107204
120.76 0.000362005
120.928 2.93344e-05
117.108 0.0011358
119.121 0.000657115
122.028 0.00099622
124.004 0.00100028
120.894 0.00101616
120.676 0.000979223
122.448 0.000962834
121.642 0.000945844
119.716 0.000960022
121.616 0.000989301
121.968 0.00100078
119.421 0.00107059
115.337 0.000896769
120.294 0.00102056
119.365 0.00112014
119.714 0.000965476
120.522 0.0010149
120.151 0.000971286
118.754 0.000984026
120.695 0.00112894
119.449 0.00111222
118.074 0.000964517
119.103 0.000854788
119.311 0.00108876
120.27 0.000582669
119.036 0.00109605
117.577 0.000978689
118.663 0.00102861
117.896 0.000823703
119.665 0.00101409
117.779 0.00103466
121.965 0.000919391
120.545 0.00112446
121.035 0.000974319
120.111 0.00104019
117.101 0.00100968
125.504 0.000885154
118.905 0.00100062
120.062 0.00100102
118.883 0.00101166
118.523 0.00103556
122.125 0.0005889
119.893 0.00111507
117.38 0.000416497
119.631 0.00100295
119.111 0.0009977
119.945 0.00112652
119.06 0.000374334
118.285 0.000670374
117.664 0.000980662
119.408 0.000957987
120.831 0.00102489
119.435 0.000892341
119.001 0.00101052
119.956 7.22785e-05
120.451 0.00113049
120.414 0.000990924
120.612 0.00103593
117.204 0.00104234
119.943 0.00104337
116.941 0.00106048
117.215 0.000996211
120.871 0.0011226
119.859 0.00099788
118.04 0.00110837
118.29 0.00106351
120.805 0.00107941
121.349 0.0011103
118.871 0.000984743
118.603 0.000970313
119.945 0.00100669
120.573 0.00096807
118.552 0.00097931
119.716 0.00107764
118.603 0.00114144
122.761 0.000979675
119.297 0.00105044
119.772 0.00100825
119.241 0.000993165
121.161 0.000985979
119.147 0.00100287
120.66 0.00105986
118.202 0.000999527
120.422 0.000970842
119.78 0.00105657
120.362 0.000911692
122.69 0.00113386
120.088 0.000986917
122.306 0.000972683
117.839 0.000960151
119.794 0.000464487
117.264 0.00113479
122.31 0.00104643
121.114 4.75652e-05
121.614 7.26384e-05
119.002 0.00111732
119.849 0.000923396
115.769 0.00111495
118.533 0.00100425
120.296 0.000988107
121.883 0.000908754
119.662 0.00108517
121.903 0.00100011
120.422 0.000847553
118.753 0.0010432
119.186 0.000995216
118.386 0.000972286
118.07 0.000993954
117.946 0.00112798
118.413 0.000989328
120.111 0.000970762
120.92 0.00102649
122.465 0.000941847
119.477 0.000148235
121.513 0.000843495
118.814 0.00103917
118.06 0.00111806
119.562 7.5087e-05
119.393 0.000987782
121.61 0.000475315
120.264 0.00111269
120.906 0.00110603
117.986 0.00103874
120.366 0.00103747
118.823 0.0009104
119.396 0.00104278
116.607 0.000956503
119.471 0.00109767
118.617 0.000963011
120.086 0.00100261
118.11 0.00113001
118.591 0.000994406
119.528 0.00110885
116.82 0.000963437
116.958 0.00100599
116.65 0.000943777
120.105 0.000991355
124.834 0.000987603
120.723 0.000993854
119.161 0.00110022
122.193 0.000280149
119.802 0.000751071
120.14 0.0010168
120.976 0.00102037
116.19 0.00101904
120.426 0.0010572
118.388 0.00103932
117.485 0.000971753
122.098 0.000994455
121.175 0.000849401
120.427 0.00102064
120.228 0.00103006
121.411 0.00098176
117.66 0.00105774
121.845 0.000382392
117.284 0.000980582
119.507 0.00100319
119.239 0.000986244
120.332 0.00112759
118.942 0.000150138
119.839 0.00100508
118.977 0.00102961
120.146 0.000454772
121.069 0.000699407
121.93 0.00100787
117.979 0.00102639
121.221 0.000989399
117.912 0.00102945
117.709 0.00100677
120.739 0.00109996
119.084 0.0010324
121.776 0.000987809
120.331 0.000970687
121.362 0.00101279
117.867 0.00102207
124.04 0.00104498
121.84 0.0010416
119.712 0.00103089
119.428 0.000977201
118.2 0.001001
119.773 0.00021786
119.67 0.00110144
120.253 0.00100036
118.148 0.00100457
118.637 0.00110495
118.272 0.00104922
120.579 0.00100747
120.213 0.00106261
120.039 0.00109424
119.785 0.00114816
119.202 0.00111863
118.749 0.00112276
120.684 0.000842817
120.963 6.83604e-06
117.598 0.000987562
119.08 0.000991959
117.191 0.00100324
119.655 0.000956983
117.381 0.00100208
121.214 0.000979109
118.829 0.000974705
118.282 0.00098741
121.604 0.00112266
121.263 0.000986093
121.002 0.000996237
118.208 0.000964321
120.681 0.000962485
119.958 0.000999475
121.81 0.000981985
118.739 0.00101956
120.778 0.000986496
119.309 0.000971322
121.959 0.0011421
118.874 0.00114851
118.237 0.00106935
115.077 0.00106562
121.942 0.000152657
117.815 0.000832117
118.896 0.00111281
119.055 0.000987562
119.706 0.000465864
118.402 0.000973669
122.425 0.00113415
118.522 0.00113853
120.359 0.000963157
115.605 0.000889731
119.913 0.000448022
118.539 0.0010915
117.6 0.000993647
119.317 0.000982718
121.391 0.000992308
121.166 0.00091715
118.882 0.00096061
119.777 0.000759104
120.416 0.000977617
120.923 0.00106351
118.585 0.00109419
121.403 0.00097942
120.134 0.000582389
119.156 4.74304e-05
119.953 0.00100212
120.866 0.000879372
119.721 0.00108756
116.804 0.000996923
121.178 7.28155e-05
119.28 0.00102049
115.27 0.000936261
116.67 0.00105199
121.659 0.00106288
120.469 1.34213e-06
117.527 0.00106072
117.588 0.00111938
119.49 0.000974846
119.69 0.000986882
120.859 0.00101396
119.385 0.000998075
118.033 0.00114282
120.381 0.000782232
123.534 0.00101946
116.08 0.00100619
121.586 0.000979876
121.557 0.00100974
119.192 0.00106584
118.694 0.00103276
120.502 0.000949922
117.164 0.00101831
118.921 0.00101052
119.901 0.00105024
119.729 0.000983271
118.629 0.000962909
117.588 0.000884284
117.022 0.00110595
117.458 0.000982426
121.22 0.000982281
119.233 0.0011179
120.994 0.000970701
119.014 0.00103975
117.715 0.000970626
119.827 0.00100842
120.998 0.00101226
121.802 4.79616e-05
121.278 0.000681071
118.023 0.00103292
118.669 4.79611e-05
121.358 0.000664933
118.228 0.000969848
120.387 0.000983508
116.716 0.00113296
120.301 0.0010649
119.979 0.000980291
119.374 0.000997401
123.96 0.00109695
120.029 0.000991336
120.069 0.000992046
119.705 0.00105152
121.67 0.000977158
119.534 0.000656845
119.146 0.000973117
120.923 0.00101387
116.964 0.00113275
121.862 0.00103565
118.645 0.000843417
119.147 0.000976165
122.387 0.0011258
116.243 0.00101291
120.309 0.00111811
120.415 0.00105194
115.985 0.0010094
119.843 0.00103008
118.704 0.000982714
117.825 0.000976933
120.67 0.00117239
120.475 0.000977885
119.515 0.000979782
120.692 0.00101747
120.129 0.00101363
120.688 0.00100361
123.7 0.000921356
120.003 0.00099572
119.459 0.00111891
121.105 0.00109652
119.664 0.000991414
116.649 0.00100716
121.713 0.000849559
119.446 0.0010329
121.507 0.000993489
121.548 0.000803612
116.454 0.0010671
119.925 0.00111846
118.732 0.00103696
119.345 0.000567899
120.805 0.000932954
119.714 0.000929857
118.067 0.00101824
120.261 0.00110014
121.457 0.000975047
121.243 0.00110739
119.141 0.00092494
117.857 0.000212254
119.432 0.00104021
121.909 0.00103258
120.671 0.000978807
119.336 0.00100997
119.874 0.000988016
120.345 0.0010341
119.944 0.000999179
118.923 0.000974584
116.603 0.000983494
119.802 0.000968219
119.437 0.00100009
119.279 2.97898e-05
117.483 0.00104665
118.654 0.00111684
121.662 0.00112308
117.145 0.00104209
121.474 0.000937721
120.478 0.000996955
121.295 0.00101305
117.011 0.0010199
116.616 0.00100321
120.041 0.000985473
119.322 0.000988128
118.98 0.000151584
121.632 0.000993389
117.827 0.00102729
120.672 0.000978977
122.699 0.00102971
118.607 0.00102782
118.344 0.000971992
121.41 0.00101067
118.858 0.0005667
118.755 0.000987299
118.701 0.000983928
122.946 0.000345316
120.345 0.000979106
121.605 0.00112888
120.701 0.00112139
118.182 0.00106223
117.589 0.000964112
118.656 0.00101623
119.492 0.00079816
118.265 0.00110104
120.962 0.00101731
121.455 0.00110767
120.569 0.000964617
118.759 0.00101329
120.178 4.52999e-05
118.991 0.000978642
120.499 0.0010371
120.616 0.00115332
118.964 0.00108191
117.888 0.0010106
117.787 0.00110992
119.025 0.000978027
120.632 0.000979931
120.654 0.000731382
120.06 0.000917031
119.586 0.000671778
120.46 0.00092582
117.427 0.00105914
118.576 0.0010333
122.424 0.00102524
117.987 0.000294416
121.115 0.000947471
122.835 0.00108719
118.806 0.000673795
118.301 0.000755005
119.236 7.56494e-05
119.658 0.00102902
120.716 0.00034602
118.984 1.90387e-05
120.958 0.000989284
119.612 0.00112084
118.788 0.00100178
117.944 0.000983967
121.533 0.000987339
117.73 0.00109011
119.88 0.00111813
118.977 0.00111876
119.226 0.000978191
120.308 0.000990155
119.741 0.00100852
120.034 0.00100952
118.559 0.00111086
120.22 0.000994379
120.574 0.00106992
120.286 0.00105868
120.796 0.00098875
120.575 0.00101386
120.19 0.00102782
118.291 0.00099184
118.404 0.00109081
119.762 0.00102078
121.822 0.000212243
117.249 2.99175e-05
120.744 0.000990685
119.211 0.000868176
121.282 0.00101308
120.112 0.00100482
118.306 0.00114937
115.4 0.00113569
119.969 0.00101204
120.985 0.00101701
116.726 0.00113523
119.779 0.000974438
117.806 2.84329e-05
119.885 0.0010291
116.642 0.000839444
115.155 0.00114383
118.185 0.000984774
120.507 0.000835078
116.043 0.00113179
121.026 0.00105821
115.376 0.000966516
119.328 0.000926524
117.076 0.00105545
120.525 0.000999026
117.297 1.46016e-06
120.782 0.00113532
120.05 7.26314e-05
117.63 0.000979873
120.425 0.000978534
119.553 0.000105438
120.928 0.00105373
120.228 0.000980797
120.645 0.00103755
118.007 0.000950122
121.38 0.00101032
118.721 0.000379967
119.834 0.00113432
122.102 0.000996885
116.253 0.00105999
119.63 0.000983628
118.506 0.000966197
117.725 2.46334e-06
116.401 7.13967e-05
123.69 0.000898526
120.489 0.00103264
117.916 0.00102365
119.078 0.00107352
119.251 0.00097572
121.816 0.00102142
116.198 0.00102238
119.798 0.00102889
118.331 0.00101351
117.766 0.00112776
119.194 0.00102487
119.389 0.00101018
122.087 0.00100338
117.6 0.00101634
119.665 0.00099149
118.808 0.00115621
120.799 0.000978959
118.634 0.000935026
119.443 0.00105784
118.265 0.00111556
119.238 0.000965607
120.804 7.20806e-05
118.33 0.00111188
119.152 0.000758199
120.024 0.000996424
119.619 0.00102305
119.999 0.0010598
119.796 0.000987717
119.847 0.00101376
118.776 0.000152013
117.963 0.00101562
119.351 0.000978152
119.133 0.00108995
120.51 4.63786e-05
121.185 0.00105483
121.038 0.000774127
120.901 0.00110194
120.251 0.00102988
119.584 0.000663603
119.781 0.00106656
118.412 0.00110367
121.279 0.000979193
119.144 1.88968e-05
119.226 0.00104045
121.884 0.00105134
119.845 0.000963872
117.57 0.0010037
119.684 0.00106715
122.15 0.00112779
121.205 0.000872736
120.666 0.000923948
118.232 0.000996108
117.23 0.000998746
119.701 0.000564673
118.6 0.00108948
120.788 6.99476e-07
122.439 0.00105745
120.291 0.00100338
119.8 0.00111707
122.166 0.000105475
119.548 0.000987636
118.436 0.00099725
118.012 0.00104355
122.272 0.00106243
122.661 0.000830817
121.884 0.00100114
121.04 0.000760642
120.159 0.000999461
115.665 0.0010847
120.032 0.00107367
119.252 0.00106883
119.677 0.0010062
119.794 0.00101058
119.637 0.000988502
119.882 0.000973266
118.586 0.000587107
118.385 0.000990356
118.163 0.000884167
119.719 0.00112028
120.012 0.000559737
120.013 0.00107037
120.554 0.00100011
119.262 0.00104676
121.375 0.000154511
118.651 0.000914575
119.306 0.00109026
119.363 0.00103508
120.951 0.000846668
119.32 0.00101961
122.035 0.00015638
117.496 0.00107029
119.44 0.00100953
121.046 0.000993844
121.757 0.00102235
123.667 0.00106722
155.66 0.000977872
120.812 0.00114554
118.615 0.00121738
119.494 0.00101137
121.044 0.00100022
118.458 0.00113642
118.23 0.00106855
119.455 0.000958084
123.714 0.000893486
117.396 0.0010399
120.332 0.00102549
119.009 0.00101871
120.402 0.00103266
118.366 0.000987124
118.731 0.00101987
121.657 0.000767549
118.457 0.000990346
117.718 0.00112617
120.333 0.00104733
120.775 0.00104886
117.29 0.00099856
118.971 0.000799008
119.748 0.000993295
118.2 0.000854872
120.805 7.201e-05
120.079 0.000950095
122.612 0.00100443
117.188 0.00100235
119.288 0.000999968
121.088 0.000982492
118.971 0.00112604
121.32 0.000214064
117.99 6.95297e-06
119.452 0.000996407
122.018 0.00101208
120.694 0.000976237
119.537 0.000389039
119.536 0.000994403
118.879 0.000869159
116.435 0.000333516
118.488 0.00104982
115.149 0.00109206
120.3 0.00101408
119.401 0.00099089
122.832 0.00099488
119.469 0.000979108
119.446 0.00100528
120.578 0.00111766
120.947 0.0011089
119.725 0.00100996
119.467 0.000980716
116.115 0.000776716
118.216 0.000972329
119.961 0.000565106
120.107 0.00112442
116.489 0.000964104
119.05 0.000921269
118.587 7.19862e-05
119.096 0.000998288
120.783 0.00101121
122.252 0.00106757
120.497 0.00104008
123.328 0.00102286
120.344 0.000992595
121.133 0.000993237
121.86 0.000984342
122.339 0.00102393
120.578 0.00102422
118.916 0.00029195
121.192 0.000985456
116.031 0.000999339
117.908 0.00105101
125.075 0.00103882
118.828 0.000993673
117.422 0.000998555
122.925 0.00114786
121.046 0.00105558
118.718 0.00100139
120.711 0.000939364
119.525 0.00100616
119.843 0.0010183
116.773 0.00101278
119.182 0.00110512
119.177 0.00100452
119.838 0.00111177
117.305 0.00093172
118.415 0.000988988
121.811 0.00102759
121.116 0.00105719
120.177 0.00114833
119.221 0.00106029
120.982 0.000964874
118.411 0.000980538
118.706 0.00103736
120.112 0.00097361
118.123 0.000989091
116.075 0.00104272
120.826 0.00101846
120.516 0.00112321
120.538 0.00103776
122.128 0.00108297
116.743 0.00107637
121.619 0.00103208
117.658 1.47011e-06
118.586 0.00107594
121.942 0.00105393
120.265 0.00101326
118.394 0.00113
119.836 0.000283365
120.391 0.000988473
120.956 0.000993688
119.983 0.000965525
118.441 0.000974506
120.313 0.000529808
116.88 0.00112296
120.252 0.00101266
120.532 0.00104394
118.168 0.000986513
119.579 0.000991785
119.081 0.00100596
119.409 7.22735e-05
120.351 0.00112577
119.019 0.000909067
116.936 0.000992235
121.613 0.000958919
118.48 0.00107917
131.206 0.00104137
117.365 0.00113769
120.148 0.00100335
115.036 0.000989896
120.27 0.00100745
120.988 0.000928402
122.701 0.00113712
118.386 0.00108342
121.277 0.000100478
119.015 0.000994887
120.062 0.00102969
118.776 0.000992208
122.556 0.000986549
118.258 0.000980839
121.779 0.000969977
118.838 0.000981814
119.047 0.00112006
118.045 0.000971016
118.539 0.000973543
118.542 0.00101289
116.295 0.00076521
119.457 0.000105063
120.878 0.00109383
117.663 0.000984441
119.837 4.79302e-05
123.708 0.00094938
120.234 0.000901649
120.025 0.00101244
122.429 0.00112254
118.416 0.0010189
120.277 0.00100496
117.673 0.000777056
118.282 0.000991917
119.277 0.000981089
119.746 2.99462e-05
121.657 0.000990134
120.019 0.00100858
119.934 0.000659269
120.42 0.000971016
116.426 0.00101717
119.004 0.000979345
118.623 0.00104466
120.423 0.00104231
118.284 0.00102615
120.811 0.00100044
121.162 0.000759579
121.278 0.00106245
120.844 0.000983977
120.088 0.000985149
123.932 0.0011523
118.082 0.000995142
120.21 0.000108548
119.855 1.90417e-05
123.385 0.0010079
119.957 0.000975895
117.228 0.00102467
119.614 0.00066576
120.712 0.00103314
118.718 0.000931269
122.261 0.000911088
118.508 0.00100225
118.555 0.000991202
119.019 0.000995279
119.855 0.000383431
115.708 0.00103234
120.933 0.000991308
121.637 0.000771815
122.725 0.000969153
120.364 0.000985507
119.766 0.00113427
119.541 0.00105188
115.007 0.000993568
117.895 0.000993987
120.972 0.00100728
117.763 0.000992376
119.96 0.000989939
120.56 0.000983091
120.116 0.00105082
118.93 0.000975708
115.789 0.000995846
120.322 0.00105595
120.842 0.000945191
120.368 0.000109528
121.665 3.00635e-05
119.828 0.000990069
120.171 0.00100487
120.927 0.000991545
120.919 0.0011499
122.378 0.000284522
127.677 0.00102107
117.113 0.00104825
118.591 0.000912247
116.353 0.00101551
121.077 0.00102037
123.174 0.00099622
121.417 0.00111912
119.204 0.00112062
118.006 0.0010132
118.641 0.00100878
118.785 0.000981641
119.376 0.000979888
120.518 0.00100005
115.178 0.00110908
120.091 0.000980925
120.42 0.000989111
117.298 0.00100646
121.166 0.00102565
119.794 0.00102425
121.835 0.000981494
119.873 0.000981164
119.107 0.000146903
115.283 0.000156489
122.698 0.000992961
119.476 0.000987366
122.521 0.00105167
119.801 0.00103021
115.608 0.00108493
115.994 0.000992494
121.082 0.00101235
121.209 0.00103639
121.189 0.000994216
120.522 0.00103522
119.166 0.000665168
121.001 0.000479067
118.575 0.00113426
119.083 0.000932993
120.208 0.00104599
117.069 0.00103082
116.541 0.00101807
120.397 0.000989912
118.668 0.000985878
121.304 0.00112172
120.047 0.00102662
121.545 0.00046839
115.523 0.00109927
121.863 0.000106867
121.588 0.000976798
119.963 0.00097208
121.057 0.000938383
118.746 0.00100795
119.33 0.00102029
121.138 0.000152525
119.088 0.000997691
118.662 0.000539736
120.147 0.000966662
119.119 0.000772205
118.359 0.000981444
119.282 0.000969486
119.466 0.000947572
118.779 0.00103563
121.059 0.00104528
119.46 0.000212489
118.991 0.000988786
119.521 0.00109099
115.414 0.000301063
119.688 0.00110959
121.255 0.000663257
121.221 0.00111649
119.243 0.000762402
117.737 0.00109548
120.645 0.00102479
120.919 0.00110798
121.096 0.00106389
120.985 0.000979395
119.568 0.00101152
121.006 0.00113736
121.093 0.00101114
119.963 0.000996505
119.574 0.000386176
119.917 0.00113321
118.741 0.000988941
121.855 0.000972424
119.843 0.00108922
120.538 0.000917919
120.649 0.00103469
118.733 0.000852338
119.687 0.00111867
120.515 0.000994546
116.42 0.000918492
119.984 0.00111489
119.38 0.000991055
120.561 0.00101457
120.825 0.000974518
118.795 0.00100022
118.192 0.00100419
124.635 0.00110784
120.672 0.000834954
117.975 0.00106558
119.22 0.00111163
118.804 0.00102783
119.332 0.000575291
121.378 0.00101005
120.5 0.00112268
120.182 0.000985514
120.549 0.00100787
121.591 0.0010156
120.135 0.000988357
119.035 0.00111813
122.122 0.000898711
121.299 0.00101044
119.251 0.00106834
119.315 7.29218e-05
121.597 0.00103694
121.24 0.000995707
124.193 0.000990868
120.305 0.00111403
119.747 0.00111882
118.053 0.00100755
118.157 0.000990151
120.903 0.00105261
120.63 0.000988612
121.23 0.0010275
119.085 0.0010076
119.688 0.000979675
120.073 0.00101473
120.445 0.000989913
117.64 7.0993e-05
118.978 0.000963427
119.543 0.00105321
122.942 1.87751e-05
119.656 0.00113576
121.133 0.000968069
120.425 0.00100268
119.74 0.00107704
120.994 0.000986624
120.096 0.000995109
119.431 0.00102175
118.573 0.00100791
118.163 0.000381835
119.642 0.000987451
115.241 0.00103863
118.197 0.00098568
119.002 0.000102282
119.423 7.27029e-05
117.834 0.00109403
119.484 0.00111298
119.081 0.000922782
118.054 0.00112793
120.703 0.000992544
118.391 0.00108197
117.991 0.00102297
119.344 0.000968484
116.397 0.00106948
120.775 0.000665637
120.411 0.000666497
121.106 0.000942197
116.173 0.000982443
119.552 4.18877e-06
121.997 0.00102072
117.355 0.00110587
121.955 0.00101911
119.817 0.00100082
119.424 0.00104598
118.409 0.00105532
119.212 0.00113996
119.356 0.00100443
118.702 0.000846775
120.489 0.000994904
117.533 0.000956679
120.278 0.00111732
120.05 0.000984088
122.247 0.00107427
116.053 0.000941041
119.748 0.00098748
120.024 0.000833006
116.358 0.001004
118.329 0.00105041
119.874 0.00101697
117.251 0.00106279
118.432 0.000942506
119.889 0.00097428
119.721 0.000935068
119.221 0.00102988
119.381 0.000998038
121.055 0.00107139
117.572 0.00101991
121.145 0.000974985
121.564 0.000998396
120.041 0.0011211
122.034 0.00093485
115.219 0.000998984
118.076 0.000467705
120.678 0.00057385
121.113 0.0010437
119.3 0.000800772
118.983 0.00101687
121.664 0.000874766
118.112 0.00112611
125.527 0.000944832
122.484 0.000981381
115.578 0.00103105
119.367 0.00102169
119.656 0.000843438
119.805 0.00100325
116.934 0.00099428
119.455 0.000991449
118.501 0.00092719
119.227 0.00103498
120.423 0.00102852
120.063 0.00109862
119.746 0.000105365
118.495 0.000989896
119.83 0.000987086
120.057 0.000983359
118.249 0.0010256
120.776 0.000947299
120.944 0.000948566
117.847 0.00110874
118.78 0.00108215
121.653 0.000973487
119.141 0.000994468
121.008 0.00107609
119.165 0.00101086
117.835 0.000916418
120.641 0.000979966
119.826 0.000823505
117.16 0.00107174
117.905 0.000987796
122.069 0.000665978
120.032 0.00098979
117.497 0.0010377
119.522 0.00100698
119.925 0.00098601
118.739 0.000910026
119.394 0.00105114
120.147 0.000839315
118.71 0.000979951
121.652 0.00109573
121.385 0.00100142
118.944 0.000990871
121.126 0.00103836
121.9 0.00113728
121.792 0.000967905
120.426 0.00103822
121.539 0.00097711
118.429 0.000568759
118.428 0.00100665
118.324 0.0011352
119.239 0.000988629
119.616 0.00104378
119.146 0.00103677
120.978 0.000992128
119.926 0.00112578
118.875 0.000969212
118.55 0.000991801
117.848 0.000662997
121.685 0.000902506
119.839 0.00105141
118.325 0.000921742
121.598 0.00110992
120.104 0.000986103
118.546 0.00104434
118.021 0.0011287
121.055 0.00108463
121.214 0.000988978
119.155 0.000999456
121.008 0.00109481
121.455 0.00101871
117.917 0.000840986
120.534 0.00098724
118.983 0.000937447
119.885 0.000972002
121.437 0.00113879
120.186 0.00114109
116.061 0.00105013
118.194 0.00111472
116.863 0.00102484
129.561 0.00113531
120.76 0.00100218
119.721 0.00108868
120.51 0.00100253
118.744 0.000989826
118.11 0.00100421
117.217 0.00100775
118.189 0.00112216
117.232 0.000974924
118.544 0.000990769
117.022 7.47185e-05
121.497 0.000858668
119.448 0.00103368
121.52 0.00101969
119.433 0.00101469
120.614 0.000966604
120.657 0.00100752
119.01 0.00103079
120.17 0.00037326
120.28 0.000758668
118.918 0.000975721
120.044 0.000987512
118.893 0.00109725
118.164 0.00113529
119.871 0.00105025
119.899 0.0010316
119.325 0.000380054
117.636 0.000662724
117.659 0.00101034
120.367 0.000980748
118.233 0.00109875
118.254 0.00110226
120.471 0.00101242
119.044 0.00100888
119.331 0.000907232
120.974 0.00111103
119.468 0.00106341
120.095 0.00097663
120.926 0.000817103
118.051 0.00114148
121.512 0.00100691
117.057 0.00028846
120.038 0.000989147
120.663 0.00116137
120.104 0.00102224
117.067 0.000213732
118.734 0.00100788
119.454 0.00103163
121.907 0.000973567
122.988 0.00104166
119.759 0.00110054
117.868 0.000762129
119.224 0.00100593
121.281 0.000858719
118.743 0.00100147
121.676 0.000841954
118.34 0.00103883
120.67 0.00107526
120.383 0.000993701
118.624 0.00109765
123.49 0.00102518
121.852 0.000969137
117.894 0.00111779
116.48 0.00102594
116.299 0.00114441
118.853 0.00026863
120.502 0.00112988
118.288 0.000982953
119.051 0.00112118
119.867 0.000992902
121.524 0.000563196
119.5 0.000852758
119.061 0.000987848
118.452 0.0010682
119.756 0.00113028
120.663 0.00103356
119.869 0.000978746
117.02 0.000844018
116.156 0.00111648
119.102 0.00098466
119.95 0.00101887
119.852 0.000937356
121.187 0.00110901
117.93 0.00111153
120.341 0.00113335
118.321 0.000970321
117.337 0.0010274
118.237 0.000823988
120.458 0.000145906
123.268 0.00113728
119.029 0.00100489
120.236 0.000991136
119.293 0.00101036
118.106 0.000987364
120.415 0.000920595
120.431 0.000483693
121.312 0.000990768
118.099 0.00102326
122.899 0.00098162
115.934 0.00102708
120.512 0.000988771
120.944 0.000570749
118.938 0.00110945
118.658 0.000935767
119.854 0.000977144
118.083 0.0010565
119.933 0.000890815
120.777 0.00100758
129.914 0.00102541
120.237 0.000967139
120.272 0.0011123
119.474 0.00102413
120.321 1.91707e-05
120.627 0.000988448
118.59 0.00102555
121.36 0.000995179
121.947 0.00103931
117.772 0.00100963
120.549 0.00109113
120.869 0.000995612
119.622 0.00100066
120.424 0.00114262
119.804 0.0010227
117.986 0.000985857
117.595 0.000971187
120.771 0.00106088
122.88 0.00106513
120.029 0.00104458
118.076 0.00109496
118.621 4.72488e-05
120.18 0.000973015
121.091 0.000993321
121.156 0.000974507
118.979 0.000889538
118.991 0.000947709
120.908 0.000974605
117.841 0.00111081
119.999 0.000567697
117.408 0.00100222
121.225 0.000563988
119.484 0.000107747
121.834 0.000980657
121.345 0.000994959
120.955 0.00100475
120.504 0.00113705
121.167 0.00104032
118.285 0.00102322
121.495 0.00100969
118.243 0.000911894
120.939 0.00114126
117.469 0.00103359
119.314 0.000919663
118.397 0.000981447
121.205 0.000904757
