121.831 0.000643108
122.735 0.000628515
125.577 0.00065679
119.224 0.000645863
123.334 0.000738547
124.24 0.00065933
123.526 0.000677894
123.781 0.000687362
124.191 0.000191168
124.783 0.00063922
125.221 0.000649094
125.963 0.000658944
125.113 0.000587221
122.026 0.000689073
125.265 0.000648467
128.445 0.000689073
126.395 0.000733358
122.031 0.000701629
125.516 0.000660905
127.79 0.00065864
124.774 0.000663022
124.627 0.000737049
127.605 0.000632896
124.101 0.000707429
126.151 0.000634398
124.184 0.000643609
126.215 0.000687087
125.642 0.000648841
127.74 0.000734299
123.651 0.000655846
118.537 0.000647618
124.378 0.000725021
123.8 0.000663654
125.564 0.000731548
125.251 0.000634941
123.337 9.98875e-05
123.645 0.000496675
124.831 0.000699154
126.131 0.000504556
124.412 0.000743154
120.383 0.000644691
124.181 0.000703691
122.986 0.000647064
125.562 0.000674649
122.524 0.000644853
127.958 0.000667634
125.108 0.000630237
120.941 0.000712168
124.369 0.000631729
124.059 0.000640499
124.864 0.000731223
124.865 0.000660322
125.189 0.000642337
126.622 0.000666018
122.46 0.000670772
125.706 0.000698753
125.07 0.000643061
123.571 0.00066046
125.437 0.000246108
127.237 0.000645911
124.108 0.0006413
123.757 0.000759355
123.562 0.000643299
124.882 0.000701879
125.599 0.000726772
127.526 0.000733595
127.035 0.000643892
124.625 0.000607246
126.439 0.000649863
122.823 0.000722977
125.011 0.000629076
124.892 0.00063787
