126.254 0.00019631
122.187 0.000218627
119.845 0.000231123
119.826 0.000234081
121.476 0.000254007
119.029 0.000219296
154.769 0.000209591
135.551 0.000237843
120.933 0.000224874
120.316 0.000236002
121.29 0.000225198
123.93 0.000236654
119.898 0.000220697
119.729 0.000236537
118.698 0.000133133
117.953 0.000248907
120.578 0.000226594
119.703 0.000230028
120.729 0.000246572
120.09 0.000221695
118.257 0.000250137
115.131 0.000238688
120.681 0.00024538
119.217 0.000201427
117.784 0.000183052
120.131 0.000234925
127.99 0.000152716
122.3 0.000227775
132.462 0.000225961
118.836 0.000253848
119.215 0.000214069
121.477 0.000246507
120.482 0.000223997
118.008 0.000222178
132.961 0.000224039
119.89 0.000232952
132.97 0.000151822
119.903 0.000229426
120.02 0.000244951
132.106 0.000232983
123.791 0.000255912
118.69 0.000231626
118.915 0.00022101
118.861 0.000198639
120.334 0.000250498
116.699 -0.000260591
120.09 0.000220848
119.146 0.000231017
120.382 0.000227077
119.6 0.00022841
118.978 0.00022508
129.391 0.000227164
120.012 0.000226119
119.02 -0.000256743
120.992 0.000205346
119.881 0.000219653
122.915 0.000232909
119.11 0.000229812
118.553 0.000231927
119.306 1.62786e-05
119.241 0.000224835
118.555 0.000225255
122.482 0.000226112
119.339 0.000222483
120.579 0.000248648
121.032 0.000238371
115.917 0.000230544
119.262 0.000231257
116.792 0.000220455
116.356 0.000225635
119.781 0.000254055
118.692 0.000248441
132.717 0.000215734
120.471 0.000224242
118.798 0.000230896
119.197 0.000226187
122.367 0.000221115
118.195 0.000238266
151.273 0.000106826
133.017 0.000224046
120.38 0.000221951
118.353 0.000237938
120.565 0.000250879
119.916 0.000253074
120.255 0.000231093
120.364 0.000220341
136.161 0.000257849
122.42 0.000251015
119.613 0.000220929
116.831 0.000230665
116.808 0.000251843
119.612 1.64087e-05
118.88 0.000225325
119.394 4.19496e-06
117.539 0.000251523
118.92 0.000226515
120.413 0.000251576
121.411 0.000216057
122.275 0.000232682
124.034 0.000254345
120.105 0.000253148
117.371 0.000246436
118.96 0.000218922
119.063 0.0002304
116.943 -0.000234042
120.179 0.000231629
118.667 0.000221987
116.904 0.000221189
117.956 0.000251564
119.541 0.000190927
162.786 0.00023245
120.049 0.00012814
119.498 0.000254912
121.798 8.09295e-05
120.063 0.000224747
119.645 0.000129571
119.994 0.000224391
119.614 0.000244294
119.576 0.000253475
121.44 0.000232599
120.763 0.000224626
120.611 0.000223188
119.783 0.000243313
120.22 0.000210082
118.94 0.00020749
120.338 0.000248127
120.157 0.000238937
121.096 0.000214902
118.325 0.000256531
119.457 0.000241116
119.178 0.000226718
122.341 0.000234745
121.574 0.000223435
119.909 0.000203455
118.849 0.000237731
117.527 0.000188545
119.366 9.44303e-07
121.484 0.000230197
120.079 0.000230589
120.521 0.00022936
119.561 0.000231219
121.165 0.000205819
120.043 1.09706e-05
115.353 0.000202343
116.21 0.000226678
122.517 0.000222156
121.039 0.000225619
119.647 0.000219706
121.32 3.46511e-05
118.018 0.000235644
120.26 0.000242644
118.531 0.000208854
119.679 0.00023614
121.895 0.000220556
120.014 0.000241682
120.231 0.000189164
118.973 0.00011102
120.002 0.000238836
118.15 0.000222744
120.282 0.000241019
118.768 0.000222484
119.571 0.000228829
119.889 0.000259017
124.184 0.000189297
121.589 0.000209172
115.839 0.000231977
144.203 0.000214163
121.926 0.000223241
117.897 0.000225571
117.387 0.000222772
123.046 0.000250677
119.716 0.000244143
120.387 0.000129568
115.187 0.000222185
119.622 0.000228884
121.439 4.83445e-05
119.226 0.000262028
145.846 0.000223638
120.24 0.000250012
120.394 0.000224943
148.708 0.000260961
118.23 0.000205537
119.615 0.000188349
118.931 0.000247643
117.851 0.000251059
119.687 0.000223338
122.81 0.000230298
119.762 0.000219853
119.418 0.000236144
120.503 0.00019736
117.396 0.000255939
119.074 0.000235284
117.485 0.000205802
118.727 0.000222752
121.461 0.000250412
116.706 0.000233884
119.161 0.000225447
119.426 0.000226854
123.146 0.000241009
117.734 0.000224965
116.582 0.000242014
118.565 0.000220513
122.105 4.85883e-05
118.345 0.000246463
119.453 0.000250011
116.943 0.000231478
120.119 0.000151053
119.175 0.00022948
135.454 0.000237895
140.633 0.000253781
118.751 0.000222847
115.339 0.000225366
159.637 0.000151358
119.863 0.000222404
119.607 0.000228851
164.149 3.50911e-05
118.846 0.000231331
117.696 0.000225654
119.263 0.000255021
118.717 0.000234882
120.681 0.000219121
120.415 0.000233484
119.707 0.000232518
119.474 0.000225565
119.048 0.000235194
122.056 0.000224499
115.866 0.00021317
129.895 2.41476e-05
117.347 0.00023662
121.194 0.00022207
118.95 0.000220542
118.949 0.000107759
127.958 0.000222793
133.402 0.000130383
121.609 0.000238941
118.701 0.000224073
119.296 0.000250642
122.404 0.000219814
120.049 0.000239889
119.483 0.000223479
119.912 0.000226109
118.968 0.000225849
120.658 4.64892e-05
119.221 0.000103897
120.506 0.000217115
117.633 0.000229189
146.222 0.000245492
120.881 0.000152223
119.816 0.00024159
123.751 0.000209546
120.143 0.000230843
117.707 0.000228793
154.922 0.00024806
118.449 0.000209866
115.877 0.000232067
118.058 0.000149973
116.824 0.000226221
120.714 0.000227288
120.069 0.000250424
121.944 0.000250686
118.034 0.000249846
148.88 0.000228105
115.093 0.000263679
120.088 0.000205266
119.471 0.000229202
121.281 0.000233843
119.99 -0.000246506
120.611 1.6344e-05
159.219 0.000219847
121.944 0.000251986
121.351 0.00022579
117.574 0.000230813
118.578 0.000231361
120.193 0.000252381
121.047 0.000256275
118.937 0.00010823
119.621 4.80999e-05
119.401 0.000219862
119.259 0.000231316
121.616 0.000214657
120.362 0.000202476
116.385 0.000196151
119.232 0.000245214
120.372 0.000227399
120.65 0.000130145
117.488 0.000221702
119.308 0.000105997
118.728 0.000253459
168.966 0.000107684
123.887 0.000214569
133.947 0.000212254
121.468 0.000232134
120.282 1.63213e-05
117.999 0.000128764
120.566 0.000233157
121.748 0.000214578
138.49 0.000224
121.191 0.000245533
121.687 0.000256506
123.627 0.000229518
120.015 0.000223642
120.434 0.00022115
120.242 0.000236005
117.343 0.000227559
117.287 0.000233731
118.945 0.000220532
119.146 0.000250752
162.288 6.69181e-06
119.832 0.000235872
119.994 0.0002432
118.358 6.71e-05
122.29 0.000236446
120.691 0.000246561
116.435 0.000188214
169.738 0.000237189
118.773 0.000258799
146.785 0.000233723
118.996 0.000225283
120.557 0.000219056
119.141 0.000249316
116.859 0.000228528
118.865 0.000225607
119.555 0.000226223
119.855 0.000224024
120.154 0.000223786
121.045 0.000222654
166.869 0.000219066
118.818 0.000254675
118.792 0.000241331
118.378 0.000231697
123.126 0.000226319
118.28 0.000231733
119.394 0.000197163
118.502 0.000221466
123.683 0.000158083
