151.278 0.00017028
125.803 0.000164364
121.611 0.000184153
131.648 0.00011297
138.991 0.000184588
168.839 0.000167508
123.476 0.00017164
127.979 0.000186572
126.041 0.000175521
124.387 7.80942e-05
124.677 0.000180727
160.34 0.000167313
128.098 0.000159824
123.085 0.000178174
128.271 0.000167549
124.397 0.000113933
115.183 0.000141837
169.179 0.000163335
127.836 4.93716e-06
154.253 0.000148628
166.585 0.000175128
127.948 0.00016219
123.053 0.000165167
121.378 -0.000172846
140.451 0.000173892
128.118 0.000165729
123.437 0.000154515
120.693 0.000165162
124.034 0.000142412
152.218 0.000170216
122.366 0.000151715
128.244 0.000185818
126.559 0.000166856
122.667 0.000154272
130.42 5.25623e-06
150.701 0.000169911
124.746 0.000178099
126.117 0.000138783
125.517 2.54742e-05
123.366 9.37292e-05
126.193 0.000159089
161.289 0.000186779
125.253 0.000153932
146.427 0.000169403
124.974 0.000161017
146.96 0.000163849
130.192 0.000176873
155.863 0.000172343
124.113 0.000163384
124.215 0.000165691
123.72 0.000169739
123.638 0.000173441
126.34 0.0001666
124.84 1.91597e-06
128.223 0.000155425
140.266 0.000165206
146.923 0.000183266
124.861 0.000175506
123.822 0.000152747
125.424 0.000155651
154.674 0.000187486
125.103 0.000188831
127.083 6.38541e-05
125.794 0.000189729
120.218 0.000181708
122.89 0.000100817
127.891 0.000166903
118.403 0.000168011
125.626 0.000198873
125.139 0.000162221
125.973 -0.000170131
126.797 -0.000148523
125.683 0.000130209
123.488 0.000187118
118.564 0.000174682
125.982 0.000162408
121.731 0.000171326
125.422 0.00017422
121.566 0.000188753
126.886 0.000162155
160.378 0.000169277
129.672 0.000167527
167.015 0.000155015
122.528 0.000150983
126.066 0.000127042
163.722 0.000189496
168.568 0.000172188
119.254 0.000183991
126.689 0.000163063
118.327 0.000164008
120.582 0.000172181
124.758 0.000140758
162.704 1.79592e-05
118.181 0.00017064
128.447 0.000168886
124.118 7.90527e-06
121.092 0.000170278
136.662 0.000154313
141.968 0.000163618
122.598 0.000168289
165.357 0.000158218
124.124 0.000170555
124.536 0.000164842
124.718 0.000164931
126.393 0.000187401
124.486 0.000110508
123.955 1.08318e-05
150.186 0.000163531
122.525 0.000160206
124.703 0.000169299
126.038 0.000170384
127.742 1.23841e-05
124.954 0.000176961
156.75 0.000174745
127.307 8.06928e-06
142.353 0.000152402
169.575 0.000173759
126.548 0.000144097
124.26 0.000160848
115.61 0.000156776
122.276 0.000164365
151.588 0.000165177
127.346 0.000166133
125.319 4.86527e-05
122.215 0.000181111
122.158 0.000186165
124.51 0.000172662
125.192 0.000153525
166.177 0.000164056
145.651 0.000150289
124.059 0.000160217
123.936 0.000170734
122.864 0.000191906
120.743 0.000166366
123.571 0.000141111
125.79 0.000164896
126.099 0.000190723
122.126 0.000159698
124.418 0.000164269
126.717 0.000162158
126.17 1.19472e-05
124.462 0.000186369
155.442 0.000164897
125.748 0.0001679
126.187 0.000166448
126.651 0.000190245
148.196 0.000190759
146.948 0.000163682
126.402 0.000191024
118.084 0.00016566
126.422 0.000171876
138.694 0.000180274
125.707 0.000163882
152.981 0.000164357
126.495 0.000187983
162.037 0.000159818
123.752 0.000161919
127.51 0.00016299
121.287 0.000161315
125.937 0.000174459
130.387 -0.000162664
125.163 0.000172828
124.88 0.000176035
125.887 0.000169376
123.454 0.000181381
124.599 0.000166397
116.888 0.000162895
123.936 0.000172963
126.34 0.000161983
123.411 9.68954e-05
148.423 0.000168485
126.551 4.87482e-06
123.419 0.000169091
121.749 9.31915e-05
124.575 0.000164698
125.281 0.000177759
122.705 0.000169273
124.396 0.000166306
123.597 0.000154071
125.266 0.000171929
125.708 0.000164134
125.337 0.000170853
125.836 0.000163823
117.303 0.000167561
124.184 0.000174876
129.753 3.28069e-06
122.888 0.00016905
152.392 0.000180674
120.332 0.000172068
125.466 9.63949e-05
124.415 0.00018328
125.7 0.000167002
125.067 0.000167671
126.156 0.000161414
124.841 0.000174485
135.019 0.000167619
161.967 0.000172763
124.894 0.000189876
125.788 0.000185206
169.119 0.000190387
124.967 0.000171335
123.464 0.000167299
157.148 6.39629e-05
125.56 0.000187816
118.305 1.79309e-05
123.444 0.000176284
140.756 0.000153103
160.283 0.00016341
124.95 0.000170247
125.635 0.000170568
124.788 0.000169508
125.604 0.00015745
130.71 0.000185749
133.553 0.000157382
124.053 0.000184886
121.63 0.000171542
150.104 0.000179076
122.304 0.000169711
125.265 0.000172179
155.199 0.00017431
119.854 0.000186343
124.17 0.000129999
125.226 0.000163729
122.518 0.000172171
126.52 0.000166111
160.094 0.000184084
119.94 0.000172268
126.738 0.000188886
122.261 0.00015235
115.366 0.000160115
124.923 0.000171761
155.333 0.000170865
165.396 0.000167269
148.487 0.000173719
169.576 0.000173623
125.798 0.000165055
123.855 0.000162555
125.127 0.000164143
124.887 0.000165727
124.98 0.000171884
125.422 0.000187675
125.918 0.00016717
152.268 0.000165432
154.652 7.92595e-05
123.637 0.00014327
133.865 0.00017226
123.725 0.000152111
124.639 0.000167477
127.225 0.000164202
115.363 0.000171276
124.476 0.000176199
122.589 0.000158476
124.585 0.000160465
139.394 0.000186649
128.355 0.000177804
128.255 0.000164874
125.392 0.0001635
123.829 0.00017557
123.378 0.000174827
162.578 0.000173297
125.855 0.000166402
120.76 0.00019038
126.166 0.000179767
121.577 0.000147174
150.44 0.000186252
126.194 0.000164919
121.328 0.000177439
126.82 6.04213e-05
142.551 0.000187988
125.925 0.000178626
125.937 0.000162563
167.008 0.000183233
123.839 0.000157261
123.021 0.000177681
121.2 0.000156196
150.033 0.000168218
123.539 0.000143818
164.205 0.000166072
122.331 0.000161509
125.913 0.000164605
119.448 0.000169872
125.172 0.00017399
123.594 0.000168106
144.618 0.00016902
145.179 0.000188704
122.043 0.000194065
123.374 0.000180682
146.757 0.000166254
123.184 0.000175068
124.679 0.000167272
122.157 0.00017393
126.275 0.000184787
123.186 0.000164651
145.559 0.000171797
128.314 0.000163879
145.591 0.000126547
123.528 0.000163488
122.898 0.000165216
117.312 0.000188055
125.784 0.000178227
126.372 0.000187237
123.248 -4.80755e-05
125.054 0.000172341
151.929 0.000166183
124.356 0.000170049
129.444 0.00017253
123.222 0.000164028
137.176 0.000154659
124.359 0.000165967
121.542 0.000177844
123.136 0.000173273
126.112 0.000167072
123.836 -0.000182675
124.098 0.000174826
123.384 0.000170183
122.58 0.000167316
122.125 0.000190711
140.143 0.000192837
160.873 0.000162108
125.347 0.000180931
127.785 0.00017286
151.922 0.000187992
125.204 0.000168904
118.857 6.87258e-07
124.547 0.000168028
134.729 0.000154715
122.432 0.000182897
134.845 0.000159845
155.646 0.0001622
132.158 0.000186328
126.149 0.000190355
127.569 0.000163913
124.052 0.000173336
137.333 8.07063e-06
128.01 0.000108138
126.029 0.000177888
123.497 0.000189072
124.547 0.000165062
125.233 0.00016155
127.878 0.000166562
127.12 0.00017439
124.346 0.000171354
118.524 0.000190332
132.925 0.000174224
122.86 0.000163219
129.108 0.00013844
121.115 0.000170627
124.302 1.15782e-06
122.595 0.000162203
123.648 2.59394e-05
122.871 0.000191134
121.69 0.000172241
126.496 0.000184749
123.732 0.000164621
123.663 0.000171512
125.74 0.000180592
124.184 0.000174332
159.155 0.000151147
126.639 0.000128013
126.118 0.000177952
165.373 0.000165673
125.045 0.000164169
123.622 0.000184536
118.924 0.000166633
165.316 0.000177192
133.608 0.000176203
122.89 0.000189317
128.804 0.000164892
124.414 0.000160517
158.254 0.000160782
128.11 0.000163692
121.991 0.000179671
149.362 0.000187043
144.074 0.000173092
126.455 0.000176926
124.821 0.000163233
156.734 0.000118352
125.481 -0.00016566
138.59 0.000165085
127.695 0.000176674
124.605 0.000158872
124.443 0.000166503
123.818 -0.000189619
130.319 0.000162079
125.177 0.000187871
122.478 7.45809e-05
123.089 -0.000178293
123.958 -7.92006e-05
134.535 0.000170546
124.606 0.000162504
125.519 7.30389e-05
122.77 -0.000123902
124.271 0.00016552
124.135 6.26277e-05
122.753 0.000149476
124.414 0.000165392
124.156 0.000164446
122.67 0.000164735
135.376 0.000165583
123.339 0.000160155
121.812 0.00015128
123.161 0.000143046
118.367 0.000157898
125.653 0.000170249
130.8 0.000156722
150.412 0.000152594
121.946 8.23191e-05
124.746 0.000143904
156.977 0.000170314
121.768 0.000186629
123.678 0.000168572
141.537 0.000162658
125.162 0.000180328
122.953 0.000187808
118.081 5.65544e-05
123.835 0.000161046
121.407 0.000176489
120.211 0.000171558
123.547 0.000173022
147.305 0.000165561
118.632 3.54389e-05
167.516 2.55479e-05
146.431 8.11843e-06
124.087 0.000168149
142.238 7.88831e-05
120.128 0.000157931
119.736 0.000162138
126.511 0.000165179
125.63 0.000173166
127.369 0.000167632
124.325 0.00016628
122.324 0.000173697
136.956 0.000161439
125.845 0.000171632
124.153 0.000165493
161.171 0.000166514
130.174 0.000192587
122.898 0.000158506
125.867 0.000165541
124.304 0.000184302
126.072 0.000166773
123.017 0.000164847
122.378 0.000170256
123.026 0.000177978
157.209 0.000166142
128.725 0.000168069
122.684 8.02609e-05
154.878 0.000171065
127.034 0.00016712
127.786 0.00011934
124.701 0.000168801
130.565 0.000177585
123.639 0.000184817
122.243 0.000155827
125.179 0.00018496
146.808 0.000156911
126.283 0.000168694
121.845 0.000169839
158.563 0.000189709
127.394 0.000163992
127.11 0.000179729
124.903 9.49888e-05
125.365 0.000164995
121.966 0.000163131
122.675 0.000188889
150.991 0.000177998
126.405 0.000146532
125.916 0.000161879
127.842 0.000160768
127.068 0.000175976
125.794 0.000173409
126.197 4.85649e-06
155.522 0.000162467
122.669 0.000196545
125.912 0.000180845
137.192 0.000166948
125.193 0.000191499
123.839 0.000165908
125.019 0.000163631
117.043 0.000166588
126.904 0.000185368
165.629 0.000163448
127.448 0.000156214
141.728 0.000166601
125.945 0.000186049
118.897 2.6505e-05
123.776 0.000157389
124.625 0.00016175
125.734 0.000177595
119.903 0.000182838
127.135 0.000177815
124.441 0.000185319
127.672 0.000157076
144.601 0.000167762
123.581 0.000157122
151.767 4.89749e-06
126.194 0.000170975
155.484 0.000189268
124.404 0.00016425
123.708 0.000158335
118.08 0.000167528
124.289 0.000165857
118.724 0.00016719
123.131 0.000192151
119.864 0.000182458
120.052 0.000159307
138.54 0.000172389
125.332 0.000167547
149.31 0.000162129
124.843 0.000175361
117.032 0.000172242
134.31 0.000111408
122.635 0.000187599
121.426 0.000175343
131.537 3.58616e-05
122.823 0.000171835
139.675 0.000153447
143.114 0.000191814
168.754 0.000167845
123.616 0.000183539
124.511 0.000164771
159.673 0.000150474
129.792 0.0001173
120.74 0.000149789
125.935 0.000165981
147.591 4.15104e-07
161.274 0.000190034
125.353 0.000169164
125.238 0.00016741
124.863 4.48242e-05
123.62 0.000187505
124.941 0.000170613
123.492 0.000169968
146.462 0.00016226
156.32 0.000186614
141.328 0.000174275
130.278 7.78499e-06
126.2 0.000169215
124.586 0.000168947
117.637 0.000150579
123.39 0.000171157
150.968 0.000183618
122.13 0.000172131
146.456 0.000162645
125.312 0.000173242
124.202 0.00015523
120.997 0.000163651
123.321 0.000163907
122.981 4.44697e-05
134.618 0.000163448
122.787 0.000176476
132.974 0.000182332
125.818 0.000159055
126.145 0.000165461
122.318 0.000173444
125.095 2.58142e-05
145.15 0.000159753
130.596 0.000167682
122.015 0.000172925
124.988 0.000171007
142.319 0.000151574
125.997 0.000161394
126.799 0.000166391
127.003 0.000169875
121.416 0.000175786
125.967 0.000164695
125.732 0.000167543
124.542 0.000176013
136.397 0.000152563
126.606 0.000169671
124.355 0.000167992
125.463 0.000175782
125.011 0.000151122
159.974 0.000182078
123.449 0.000188076
122.329 0.000175954
131.451 0.000166175
120.45 0.000183644
122.436 0.000186149
117.034 0.000163827
126.537 0.000189214
128.489 0.000171336
160.003 3.16873e-06
143.966 0.000163736
135.615 0.000165331
156.59 0.000162461
124.263 0.000165055
125.121 0.000168159
118.595 0.000173858
122.42 0.000148086
130.244 0.000154496
124.387 0.000165495
126.061 0.000159644
127.27 0.000186917
122.235 0.000170892
138.101 4.85332e-05
120.403 0.000189336
125.335 0.000162832
123 0.000165376
146.698 0.000130416
115.062 0.000153019
134.417 0.000182642
125.017 0.000162527
125.112 0.00017169
123.911 0.00016574
125.441 0.000145283
124.519 0.000164603
124.788 0.000188365
133.68 0.000167788
137.433 0.000174613
126.415 0.000190897
123.003 0.000164413
122.889 0.00016669
125.617 0.00016141
127.593 0.000167563
123.213 0.000167559
124.234 0.00014344
133.546 0.000160635
127.032 0.000191465
124.372 0.000163401
124.624 0.000171083
152.255 0.000190029
127.271 0.000162179
126.743 0.000165431
150.081 0.000165426
122.267 0.000188334
149.518 0.000162197
122.576 0.000155574
125.036 1.51071e-07
123.625 0.000182734
127.808 0.000166581
117.328 0.000169002
127.756 0.000167886
124.391 0.000179704
125.571 0.000169901
139.756 0.000164992
139.377 0.000161875
126.204 0.000176722
121.96 0.000162701
147.835 0.000160907
125.277 0.000170191
121.389 1.73431e-05
125.955 0.000161929
124.267 0.000172794
119.263 -0.000174806
124.691 0.00016352
121.413 0.000158561
123.294 0.000153433
119.548 0.000167191
137.102 0.000165179
123.113 0.000111922
125.348 0.000172971
146.72 0.000154034
154.185 0.000164708
124.174 0.00016723
123.633 0.000167633
130.927 0.000170388
124.206 0.000149472
124.202 0.000169144
124.054 7.79213e-06
126.009 0.000152854
163.13 0.000162226
124.097 0.000169592
123.891 0.000189127
127.331 0.000161181
167.554 0.000188155
127.524 0.0001638
116.225 3.13504e-06
124.806 0.000173064
123.577 0.000171361
153.556 0.000188652
133.27 0.000181199
123.399 0.000155493
122.736 0.00017305
144.729 0.000182763
143.427 0.000168039
136.669 0.000163867
165.491 0.000188098
133.178 0.000184611
124.024 0.000170996
123.623 0.000162598
124.988 0.000185904
123.466 0.000172107
119.914 0.000137283
141.293 0.000112284
128.48 0.000171644
124.593 0.000174051
126.12 0.000161752
125.532 0.00016888
125.946 0.000112382
122.222 0.000179024
149.475 0.000179441
124.349 0.000162139
125.037 0.000163665
116.777 0.000165507
121.122 0.000170681
127.913 0.000190326
127.254 0.00016689
141.562 0.000177401
125.627 0.000188383
126.187 0.000182539
121.912 0.000159083
123.848 0.000173985
163.617 0.000172534
124.853 0.000174794
126.254 0.000161481
164.9 6.34404e-05
124.667 0.000183322
120.548 0.000171535
124.856 0.000163697
126.108 3.60959e-05
149.629 0.000183442
162.563 2.58174e-05
122.045 0.000181113
125.738 0.000170459
119.203 0.000164306
115.448 0.000179668
124.559 0.000163512
125.594 0.000163052
124.836 0.000188874
116.696 0.000170146
122.758 0.000161699
121.715 0.00017657
140.973 0.000183148
124.568 0.000187157
123.976 1.19011e-05
116.753 0.000167671
122.346 0.000189327
115.191 0.000142645
121.454 0.000166976
125.785 0.000171024
163.802 -0.00018386
168.989 0.000191528
158.477 0.000175266
131.911 0.000167878
154.822 0.000157069
124.327 0.000163561
125.625 0.000145728
122.67 0.000187131
168.214 0.000183725
124.859 0.00018799
141.399 0.000179999
124.433 0.000186687
126.223 0.000162269
123.35 0.00018676
141.402 0.00016852
126.133 0.0001555
155.454 0.000172278
125.277 0.000175144
115.386 7.99311e-06
145.452 0.000154551
124.911 0.000165501
123.717 0.000169183
165.54 0.000145956
122.747 0.000169737
145.052 0.000169542
125.974 0.000165916
137.329 0.000151317
123.308 0.000163549
154.858 3.67211e-05
124.772 0.000188167
117.394 7.90123e-05
134.41 0.000163523
123.22 0.000162764
124.956 6.41465e-05
154.818 0.000164761
124.155 3.56452e-05
123.306 0.000163544
122.818 0.000187096
127.883 6.42315e-05
125.054 0.000168072
163.301 0.000189293
119.427 0.000172859
125.975 0.000166938
124.518 0.000168946
153.526 3.54887e-05
122.215 0.000165353
122.872 0.000187
122.545 0.000183731
124.133 0.000164296
125.276 0.000170524
124.699 1.23085e-05
122.198 0.000165882
125.955 0.00016121
126.063 -0.000167431
126.393 0.000184312
123.966 0.000163361
125.421 0.000174371
136.296 0.00016711
123.015 6.61016e-05
127.518 0.000134649
123.623 0.00016573
124.13 7.93487e-06
124.867 0.00019451
127.302 0.000164429
126.162 0.000187035
125.153 0.000162004
126.179 0.000178335
125.383 0.000162913
127.009 0.000165748
124.731 0.000167578
123.746 0.000185906
129.222 0.000174391
124.168 0.000183601
118.429 0.000128012
124.526 0.000178063
118.341 0.000168371
118.018 0.000165407
126.601 0.000164995
165.145 0.000164396
126.065 0.000164311
126.484 0.000165179
124.053 0.000162738
123.252 0.000167969
124.181 0.000166059
123.685 0.000142857
165.206 0.000169183
124.767 0.000163992
125.338 0.000135683
123.502 0.000167561
127.227 0.000166116
130.024 0.000167487
123.917 0.000156133
116.579 0.000163331
124.139 0.000165667
155.56 0.000177721
124.341 0.000165969
125.721 0.00016665
123.838 0.000162981
124.171 -0.000112429
124.327 0.00016475
127.893 0.000171079
125.444 0.000162544
138.97 0.000187534
154.084 0.000167569
131.031 0.00018781
128.521 0.000155445
138.347 0.000183695
145.623 0.000153175
128.722 0.000164457
167.932 0.000161966
123.725 0.000188169
122.898 0.000168135
122.34 6.3429e-05
124.645 0.000173814
125.154 0.000160179
115.765 0.000167636
127.413 0.000166782
131.418 0.0001669
126.174 0.000167144
124.481 2.44907e-07
128.27 0.000163284
120.448 0.000167357
123.508 0.000178384
136.953 0.000128275
123.191 0.000127558
125.24 0.000163755
125.874 1.16186e-06
130.366 0.000176256
123.23 0.000174603
123.022 0.000165699
147.649 0.000166094
124.57 -3.57488e-05
123.76 0.000173284
122.448 0.000189031
126.277 0.000161737
167.915 0.00015519
132.783 0.000159241
124.924 0.000168965
143.437 0.000174527
148.665 0.000163909
118.32 0.000171398
156.167 0.000164237
127.42 -0.000161486
125.023 0.000170664
144.603 0.000166144
123.945 0.000166173
127.746 0.000174113
163.044 0.000167867
126.532 0.000166441
123.517 0.000152021
120.072 0.000160611
120.684 9.48615e-05
132.719 0.000168759
123.593 0.000161797
159.332 0.000170172
124.731 0.000174788
124.496 0.000177914
122.335 0.000168239
145.815 1.7824e-05
124.741 0.000155334
125.365 0.000171166
121.522 0.000144549
126.233 0.000170778
141.03 0.000183595
126.258 0.00016088
150.829 0.000164297
120.216 7.55443e-06
138.415 0.000168738
126.77 0.00015169
142.3 0.000163923
168.601 0.000155916
131.968 1.19859e-05
125.628 0.000194587
117.959 0.000113553
124.187 0.000165973
144.395 0.000171046
128.043 0.000149636
120.508 0.000170094
126.491 0.000129261
154.635 0.000155498
122.866 0.000176463
152.399 0.00017448
124.164 0.000167966
123.133 0.000164605
122.747 0.000153556
117.257 0.000188484
122.589 0.000172614
123.859 0.000179358
115.68 0.00016254
133.928 0.000185814
126.386 0.000154482
149.432 0.00017722
118.924 0.000177503
124.278 0.000175503
123.264 0.000153194
122.665 0.0001675
123.196 0.000153393
120.229 0.000188866
122.051 0.000162912
124.407 0.00015835
141.984 0.000164899
122.569 0.000174579
135.026 0.000168851
124.162 0.000177944
124.218 0.000169771
123.379 -0.000168704
145.379 0.000168946
139.376 0.000164918
168.395 0.000173946
121.588 0.000157114
125.536 0.000166425
125.144 0.000167142
123.738 0.000171474
123.496 0.000170253
125.801 0.000171119
158.332 0.000184349
124.378 0.00016594
134.692 0.000167951
126.048 0.000164247
124.453 0.000172901
160.736 0.000187376
128.379 0.000167987
122.063 0.000164302
134.132 0.00013778
169.803 0.000163137
123.621 0.000162305
126.278 0.000167235
123.028 0.000164465
166.083 0.000171689
136.512 0.000169763
126.723 7.83326e-05
152.995 0.000180357
127.417 0.000172059
122.874 0.000188591
127.005 0.000187398
154.075 0.000167214
129.43 0.000171031
124.765 0.000192472
122.94 0.00016697
127.01 0.000165254
125.444 0.000165356
122.258 0.00016643
158.555 0.00017251
165.213 0.000157483
146.274 0.000163318
125.353 0.000183733
151.81 0.000185728
127.228 1.23234e-05
124.652 0.000172389
128.555 0.000185344
125.145 0.000184832
144.726 0.000163204
126.812 0.000169074
123.561 0.000156727
122.674 0.00016545
141.086 0.000163022
124.132 0.000162004
133.2 0.000153821
129.334 3.50128e-05
119.799 1.80169e-05
120.62 6.61675e-05
125.342 0.00016588
125.653 0.000167287
123.391 0.000177452
123.814 0.000171661
119.359 0.000166716
123.9 0.000186624
144.26 0.000172587
123.761 0.000169981
124.588 0.000164024
122.534 0.00016811
119.707 0.000180764
125.287 -0.000168074
167.341 0.000174058
125.297 0.000112977
127.466 0.000184025
118.631 0.000179305
124.843 0.000164609
122.817 0.000174224
124.927 0.000159683
119.49 0.000167806
125.666 0.000169058
125.23 0.000181933
166.078 0.000162511
125.348 2.43772e-05
119.113 0.000169691
121.938 0.00016149
122.281 0.000192427
122.965 0.000184177
123.66 0.000173416
127.276 0.000180057
133.27 0.000169974
162.397 0.000155392
150.768 0.000165306
124.462 0.000187483
125.374 0.000186397
125.352 0.000178423
134.522 0.000187766
125.442 0.000162889
151.586 0.000166194
124.68 0.000167655
126.781 0.000170956
126.049 0.000143493
143.009 0.000137815
158.931 0.000187967
120.367 0.000166724
124.25 0.00016351
118.268 1.25932e-05
162.079 0.000164755
118.877 0.000157145
128.668 0.000164939
122.302 0.000157941
124.871 0.000162195
141.139 0.000136276
126.911 0.00016751
121.945 0.000165048
158.59 0.000181883
125.679 3.74337e-05
125.987 0.000157017
122.978 0.000111305
123.957 0.00018583
123.3 4.56524e-05
125.191 0.000164074
127.268 0.000163409
124.313 0.000172623
122.908 0.000181479
123.061 1.17899e-05
123.258 0.000165801
151.642 0.000164643
126.241 0.000179351
122.959 0.00017547
122.919 0.000168219
123.345 0.000186535
125.261 0.000164978
121.599 0.000161427
126.047 0.000186102
163.66 0.000180489
124.743 0.000185153
160.443 0.000163255
124.686 0.000188812
124.596 0.000160985
122.676 0.000150771
126.32 0.000170921
121.73 0.000168617
119.803 0.000108694
126.335 0.00017668
115.157 0.000161947
126.204 0.00018503
142.875 0.000177337
127.861 0.000185604
160.439 0.000163367
124.846 -0.000169122
147.811 0.000180709
123.837 0.000163083
126.261 0.00017003
120.832 0.000171209
125.806 0.000173778
125.785 0.000187594
122.427 0.000172756
123.744 0.000184836
127.25 2.45058e-05
126.367 0.000164273
124.483 0.000186756
123.371 0.000170268
125.927 0.000161662
131.061 0.000164355
124.86 0.000176294
124.842 0.00016873
140.398 0.000169402
125.111 0.00016863
125.354 0.000165971
123.695 0.000165912
155.053 0.000189712
127.011 0.000163971
115.228 0.000159028
127.685 0.000170939
127.12 0.000193564
126.777 0.000162457
123.503 -0.000158211
117.734 0.000168567
129.278 0.000165427
124.1 0.000188662
158.564 0.000166622
121.808 0.000155031
124.228 0.00018454
120.297 -0.000189977
116.853 0.000165689
152.771 -2.49969e-05
125.155 0.000183966
125.725 0.000165887
155.317 0.000161047
139.1 0.000162185
126.385 0.000154712
119.559 0.000165261
126.131 0.000168472
123.249 0.00016163
125.852 0.000164771
125.427 7.92756e-05
121.083 0.000151948
123.033 0.000163752
125.601 0.000170376
142.99 0.000164933
125.776 0.00018824
123.656 0.000156619
155.044 0.000127297
115.36 0.000163839
123.036 0.0001725
123.071 0.000166772
121.414 0.000142751
165.359 0.000141412
118.725 0.000167642
119.451 0.000182602
125.752 0.000174467
122.295 0.000166488
131.163 0.000175057
169.681 0.000176379
145.949 0.000163063
124.437 0.000173516
157.769 0.000185258
126.111 0.000156518
126.316 0.000163698
124.45 0.00017328
121.785 0.000173492
122.593 -0.000171649
125.651 0.000155096
151.506 0.000165724
150.989 0.000173994
123.824 0.000170557
124.752 0.000165907
122.839 0.000168545
123.517 0.000166222
126.176 0.000169615
144.305 0.00015164
144.381 0.000167482
126.43 0.000165379
124.631 0.000189373
124.715 0.000172635
124.16 0.000129641
123.052 0.000164704
125.169 0.000169241
125.076 0.000155612
126.236 0.000167996
117.448 0.000185037
123.241 0.000167076
163.767 0.000183016
127.514 0.000182285
124.692 0.000161169
126.363 7.62139e-05
123.209 0.000167859
141.66 0.000167853
126.479 1.90459e-06
151.926 0.000172905
132.563 -0.0001822
124.399 0.000165332
118.972 0.000166639
121.625 0.000167857
130.165 0.000178114
117.088 0.000196396
122.814 0.00011223
126.839 0.000159866
125.354 0.000166261
146.458 0.000162599
150.756 3.28846e-06
127.401 0.000155001
123.777 0.000130226
159.132 6.30211e-05
124.349 0.00016423
121.333 0.000188076
124.33 0.000162776
123.642 0.000175426
123.521 0.000165793
124.963 0.000161089
124.551 0.000123679
125.945 0.00016946
124.513 7.72781e-05
126.069 6.23981e-05
128.1 0.000165457
125.161 0.000170352
123.117 0.000163437
127.553 0.000152229
156.931 0.000176419
122.117 0.0001744
125.006 0.000190412
160.539 0.000128158
169.335 0.000184302
122.063 0.000186993
124.302 0.000184145
125.013 0.000167583
124.096 0.000144671
123.59 -0.000163517
124.457 0.000160562
120.476 0.000162524
124.537 0.000167256
121.826 0.00019456
169.048 0.000162215
125.746 0.000188166
143.114 0.000176939
120.711 0.000187802
126.447 4.76726e-05
124.205 0.000145198
128.618 0.000154877
124.247 0.000166111
123.835 0.000167694
149.723 0.000168869
125.757 0.000165204
123.243 0.000164968
126.585 0.000185102
160.403 0.000183676
156.491 0.000176824
124.126 0.000168619
151.662 0.000162237
123.353 0.000187659
142.22 0.000188112
126.107 0.000162966
164.405 0.000165256
121.708 0.000166522
120.499 0.000163143
122.849 0.00016988
161.018 0.00016797
132.268 0.000175494
122.65 0.000184964
117.952 0.000181057
131.217 1.22562e-05
126.703 0.000165041
157.469 0.00016355
119.047 0.00018107
131.99 0.000149882
124.869 0.000184086
123.744 0.000163679
165.202 0.000167506
122.769 0.000146434
158.234 0.000186184
120.405 0.000164953
132.151 0.000148194
123.911 0.000164503
124.868 0.000158324
125.661 0.000171259
150.29 0.000169489
124.917 0.000153578
124.867 0.000167638
123.923 0.000165695
124.972 1.93624e-06
145.076 0.000167685
124.516 0.000164375
