124.597 1.06663e-05
121.439 9.75509e-05
125.064 9.93452e-05
124.094 0.000102538
124.675 0.000101392
123.66 6.67193e-05
125.696 9.41438e-05
125.411 0.000103547
126.16 0.000100257
123.535 9.93659e-05
123.721 0.000101575
122.593 0.000100261
123.564 0.000100277
124.536 9.78755e-05
124.716 0.000104342
125.323 0.000104679
124.365 0.000109689
125.848 6.8428e-05
125.606 0.000113452
123.418 0.00010033
123.649 0.000110325
126.235 0.00010378
123.576 7.90523e-05
123.54 0.00010046
125.08 9.91928e-05
124.9 0.000115699
125.222 1.07471e-05
124.899 0.000111488
124.232 0.00010526
126.635 9.95546e-05
125.909 9.17214e-05
123.132 0.000100348
125.273 9.55887e-05
126.25 0.000112658
124.716 9.83923e-05
127.491 0.000103832
127.432 0.000112041
121.549 0.000102512
124.943 0.000101826
123.489 0.000101744
126.161 0.000104179
125.822 9.82855e-05
121.796 0.000101991
125.936 0.000104283
121.739 0.00011362
125.196 0.000100787
124.137 9.99027e-05
126.775 0.000111819
122.397 6.84983e-05
126.115 0.000102226
124.11 0.000114272
126.616 0.000107947
124.465 0.000113134
124.945 0.000101785
123.858 0.000101952
118.685 0.000108176
125.186 0.000101674
124.187 9.74872e-05
126.742 0.000101159
123.944 0.000115243
125.731 0.000115027
124.851 9.91277e-05
124.794 0.000100188
126.401 4.79946e-05
124.003 0.000103009
122.901 6.63812e-05
121.864 0.000101893
124.635 0.000102084
123.708 0.000111241
124.494 0.000100515
125.743 9.67478e-05
125.043 3.05407e-05
124.492 -0.000100422
120.37 4.85574e-06
123.433 0.000113793
124.626 9.95822e-05
122.649 8.63479e-05
123.246 9.96935e-05
124.058 0.000110822
123.047 9.97285e-05
136.487 9.95048e-05
122.779 0.000100201
124.853 6.80252e-05
123.785 9.96458e-05
123.711 9.76712e-05
121.633 0.000102787
123.365 8.23303e-05
123.431 9.20933e-05
129.97 8.18844e-05
117.676 0.000108508
123.047 9.39157e-05
123.324 9.90831e-05
151.965 5.77894e-05
118.678 0.00011378
126.582 0.00010704
125.067 0.00010188
124.988 0.000108699
125.527 2.1395e-05
121.988 2.17439e-05
120.219 9.64896e-05
127.983 9.6825e-05
126.407 0.000100372
128.062 9.89012e-05
126.164 6.66129e-05
123.96 2.53624e-07
121.982 0.000112269
127.546 0.000102448
122.791 9.70504e-05
124.758 0.000104978
121.599 0.000103106
125.975 9.92683e-05
125.334 0.000180186
123.338 0.00015792
125.341 -0.000164634
124.71 0.000155141
124.701 0.000179311
126.467 0.000152648
123.467 0.000173684
123.795 0.000153859
124.986 0.000158012
127 8.984e-05
124.792 0.000182111
121.715 0.000152844
124.498 0.000159148
126.916 2.41734e-05
124.454 0.000174338
126.1 0.000161388
124.664 0.000156323
124.957 0.000145211
124.919 0.00017315
124.395 0.000160701
125.653 0.00015576
126.62 0.000154689
126.323 0.000155174
125.846 0.000158788
121.893 0.000154279
125.173 0.000154074
125.909 0.000153202
125.666 0.00013494
125.094 3.34979e-05
127.974 0.000144766
128.063 0.000152914
125.364 3.71216e-07
123.219 0.000155498
123.728 0.000154026
125.561 0.000162161
127.34 0.000161216
125.713 3.00851e-06
125.512 4.50345e-05
127.335 0.000159711
124.673 0.000152982
122.803 0.000166717
116.509 0.00017501
125.068 0.000172794
123.276 7.41143e-06
124.495 0.0001777
121.997 0.000161526
124.079 0.000139779
125.882 0.000168872
125.922 0.000136373
118.049 0.000152496
124.576 0.000162338
116.783 0.000153613
120.506 0.000160826
125.868 0.000158705
122.599 0.000152899
124.253 0.000156124
125.49 0.000132107
120.634 0.000156458
124.075 0.000152434
123.091 0.000167669
124.244 3.90655e-07
125.645 0.000157331
124.689 5.83345e-05
123.983 8.78216e-05
125.813 0.000155657
124.944 0.000155677
124.705 0.000164025
125.619 0.000146444
126.637 0.000108058
124.592 0.000120194
126.105 0.00015188
118.752 0.000153439
116.664 0.00015208
