119.642 0.00106082
117.097 0.00106247
120.783 0.000998082
119.023 0.00100685
118.782 0.00098034
119.575 0.000927899
118.339 0.000966591
120.495 0.000991953
118.411 0.00094284
120.104 0.00103683
119.731 0.000912984
120.627 0.00105389
118.39 1.89924e-05
117.409 0.00103608
120.298 0.000966092
120.034 0.00103492
120.441 0.000982734
117.521 0.000213603
120.269 0.000916373
119.836 0.000872905
119.572 0.000987492
120.696 0.000975658
116.452 0.000990646
121.574 0.00112374
120.735 0.00105252
119.211 0.00100949
119.284 0.000879062
120.254 0.000974985
118.815 0.000974178
121.311 0.000976415
117.762 0.000954858
118.859 0.00108901
120.293 0.00077084
120.764 0.00108113
121.663 0.000985724
116.415 0.000938521
119.786 0.00103633
117.905 0.000995689
121.579 0.000997497
117.357 0.00102949
119.5 0.000966477
116.052 0.000989824
121.323 0.0010278
119.892 0.000929717
119.348 0.000477406
118.852 0.00111461
120.571 0.000858888
121.277 0.000979148
128.3 0.000944742
121.877 0.00101416
118.653 0.000155229
120.277 0.000984197
122.198 0.000970668
119.25 0.000988151
120.88 0.00104572
122.552 0.000959557
118.546 0.00102568
120.781 0.00111133
120.7 0.00100192
120.726 0.000921299
121.507 0.00100217
119.843 0.000154159
121.149 0.000964602
120.394 0.00102689
119.243 0.00094577
117.165 0.000973822
119.712 0.00102588
115.145 0.000367087
119.078 0.000983909
116.407 0.00103564
119.024 0.000974059
118.566 0.00105754
118.939 0.000978411
121.395 0.00114199
119.683 0.000991322
119.961 0.00111096
116.418 0.000950775
118.244 0.0010858
120.09 0.00104549
125.937 4.72702e-05
120.931 0.000977844
120.379 0.00110711
120.093 0.00116465
117.929 0.000990574
116.705 0.000971653
121.069 8.56661e-07
122.021 0.0011526
122.628 0.000973069
117.181 0.000996643
119.123 0.00104592
125.533 0.00112254
118.3 0.00107294
120.8 0.00108876
120.109 0.000912435
117.571 0.00110106
118.661 0.000842553
120.088 0.000977782
119.612 0.00097234
119.474 0.00101035
121.526 0.000988131
120.39 0.000958336
119.227 0.00104851
120.059 0.000995572
119.495 0.00100042
119.175 0.000660823
117.083 0.00102987
118.17 0.000975018
120.158 0.00110247
119.856 0.00113586
122.576 0.00102543
118.675 4.09645e-06
117.296 0.000863296
117.885 0.00104938
121.923 0.000999476
119.895 7.29879e-05
119.55 0.00102511
118.927 0.000985892
121.923 0.00111872
119.199 0.000473301
121.217 0.000959303
121.156 0.000960384
122.333 0.000759359
119.11 0.000981817
117.055 0.0010255
121.266 0.000990863
119.548 0.00106626
123.176 0.000968539
120.265 0.000915479
119.212 0.00111054
121.73 0.000469181
120.714 0.00112408
117.836 0.00112503
120.982 0.00102366
129.553 0.00105788
120.65 0.000993557
118.184 0.00111101
119.102 0.000974207
123.869 0.000889035
119.087 0.00106619
121.41 0.000696765
124.343 0.000978387
119.233 0.000971317
124.211 0.000995059
120.407 0.000903847
120.886 0.00101956
120.076 0.00114566
123.042 0.00114559
118.314 0.000889232
116.665 0.000965934
115.206 0.00114626
118.695 0.00112373
120.047 0.000967754
121.81 0.00101941
115.899 0.00116889
120.068 0.00111929
120.677 0.00102068
119.094 0.00109155
121.473 0.00114313
118.473 0.00102741
117.479 0.0010235
119.772 0.000948661
118.363 0.000908827
115.646 0.00103085
118.664 0.00112232
121.127 0.000980109
118.648 0.00103539
118.635 0.00103193
119.897 0.000990341
119.226 0.000932514
118.313 0.00105881
119.809 0.00110887
117.497 0.00102949
120.577 0.000908827
119.219 0.00114738
119.148 0.00057614
121.632 0.00107408
121.64 4.10512e-06
121.145 0.00102383
119.417 0.00089394
120.784 0.00096515
123.101 0.00113868
116.436 0.00100243
117.337 0.00103075
119.616 0.000976988
126.232 0.000658123
120.56 0.00104412
119.773 0.00109867
118.275 0.00104254
122.531 0.00010742
121.303 0.000988652
119.815 0.00109839
118.808 0.000209403
119.132 0.00098815
117.848 0.000998706
120.617 0.00105916
120.012 0.00101935
121.957 0.00106584
117.96 0.00102532
118.662 0.00112348
120.196 1.88954e-05
118.988 0.0010132
119.363 0.00107641
120.856 0.00113199
123.909 0.00105183
118.402 0.000870075
119.711 6.78523e-05
118.741 0.00102535
117.048 0.00100871
117.448 0.000985632
119.202 0.00107622
119.218 0.00104114
121.087 0.00114793
120.079 0.00111657
121.357 0.0010145
118.284 0.000379902
119.582 0.000871075
120.623 0.00100835
120.331 0.000854656
119.192 0.000297893
115.069 0.00103759
118.132 0.00112444
117.421 0.00102902
119.97 0.000864332
120.955 0.000839766
119.385 0.00102911
122.363 0.000951909
120.399 0.00100104
118.147 0.00100621
120.574 0.00111937
124.874 0.000944997
121.168 7.17075e-05
117.618 1.9984e-05
119.166 0.000974535
119.841 0.000479058
120.437 0.000991663
119.841 0.00108327
120.624 0.000921451
120.969 0.00107541
118.983 0.000986299
119.454 0.000904468
118.651 0.00093237
119.262 0.00100362
121.261 0.00113774
119.592 1.95699e-05
123.421 0.0010398
120.046 0.00106181
119.764 0.000107112
116.089 0.000975512
119.018 0.00108321
119.06 0.000963298
118.205 0.000931919
120.259 0.00101972
120.621 0.000968311
118.956 0.000972145
119.173 0.000963703
120.901 0.00108887
119.493 0.000212475
117.187 0.000841762
120.781 0.00103874
115.438 0.000934919
119.368 0.000588104
118.685 0.000715088
121.635 0.000902225
120.889 0.000969821
120.388 0.00109066
118.567 0.000991294
119.257 0.00103902
120.659 0.000982823
118.208 0.00100093
122.127 0.000971133
118.041 0.00109622
122.479 0.0011342
117.592 0.00105909
118.877 1.93533e-05
120.649 0.000988926
120.347 0.000971268
119.19 0.00101569
119.373 0.00099221
117.712 0.00100417
119.92 0.00116641
119.817 0.0010119
118.842 0.00110733
116.824 0.000916185
119.916 0.00101779
117.361 0.00103042
120.115 0.000991461
119.129 0.00097215
119.485 0.000984335
121.294 0.00102909
119.492 0.000913583
117.421 0.00112474
121.931 0.00047821
119.446 0.000928904
121.214 0.000973516
119.965 0.000215553
117.841 0.00107229
119.661 0.00105548
120.169 0.00102622
122.093 0.00114444
117.211 0.000974234
118.904 0.000989053
120.908 0.00108304
118.646 0.00101576
120.523 1.83378e-05
116.986 0.00100941
118.973 0.000996332
120.722 0.000940658
121.174 0.00104163
118.518 0.000939197
116.574 0.000990227
119.591 0.00104071
120.62 0.00113016
120.292 0.00108102
121.377 0.000904566
123.732 0.00111133
116.933 0.0010026
118.245 0.00103433
119.374 0.00089951
120.243 0.000951805
120.501 0.000906682
119.494 0.00110305
123.756 0.000850379
116.783 0.00112455
119.742 0.000909809
119.41 0.000294338
118.443 0.000934927
120.032 0.00100124
118.737 0.000988526
120.61 0.000472852
120.319 0.00111844
121.984 0.00101444
120.957 0.00108651
118.804 0.000985122
119.77 0.000936986
119.626 0.000966018
118.172 0.000998535
118.773 0.000980888
117.256 0.000982342
119.425 0.000941893
119.431 0.000976612
115.311 7.06515e-06
116.886 0.00102982
123.601 0.00102153
119.424 0.00104217
116.66 0.00100609
119.614 0.0010263
121.09 0.00111085
119.384 0.000917388
118.509 0.000981382
123.602 0.000988555
118.212 0.000152736
118.438 0.00106238
121.628 0.00100023
116.503 0.000992579
122.084 0.00117874
120.243 0.000913997
119.081 0.0011691
121.257 0.00099925
120.208 0.00101502
116.741 0.00098974
121.084 0.000958637
119.807 0.000988331
121.103 0.00101641
118.861 0.00102779
115.05 0.00106257
120.535 0.00100869
120.373 0.00101277
119.625 0.000994674
120.507 0.000152787
118.07 0.00104308
119.924 0.00102243
118.504 0.000974251
119.118 0.000996724
118.893 0.00101808
127.038 0.000916362
116.605 0.00101992
122.329 0.00109389
116.991 0.00106562
119.068 0.000379931
119.367 0.00113268
120.303 0.0010384
119.539 0.00102532
116.526 0.000927227
119.35 0.000759678
120.705 0.00104088
123.338 0.0011616
121.591 0.000986018
120.276 0.00105056
118.229 0.000988546
120.045 0.000970764
117.806 0.000855906
118.063 0.00097903
115.43 0.00102429
116.693 0.00111661
120.166 0.0010215
119.776 0.00101041
122.639 0.000976405
116.899 0.00101359
120.575 0.00109857
122.315 0.00105519
121.251 0.00114235
119.591 0.000142912
119.888 0.00101756
120.111 0.000563988
118.871 0.00102345
118.988 0.000486682
119.771 0.00106565
120.025 0.00046743
121.539 0.00104987
120.465 0.00098033
120.749 0.00107491
120.104 0.00103621
121.249 0.00112156
116.319 0.000942285
118.303 0.00103587
125.622 0.00104697
120.327 0.00114737
121.277 0.000948731
120.753 0.00107724
119.284 0.00112458
116.881 0.000978763
119.926 0.000852284
122.731 0.000937653
118.814 0.000215065
115.463 0.00102707
120.931 0.000975
118.156 1.43916e-06
120.831 0.000783757
122.022 0.000864536
116.792 0.00103642
121.703 0.00100539
116.687 0.00113095
120.318 0.000999585
120.643 0.00102396
120.553 0.00104291
124.117 0.00105267
119.78 0.000977523
118.695 0.000927332
119.604 0.0010243
122.388 0.000960567
119.066 0.000638314
115.808 0.00106436
116.667 0.000992734
120.531 0.000998821
118.11 0.00104237
119.586 0.000675805
119.366 7.06428e-06
120.486 0.00104313
117.299 0.00100068
117.164 0.000473034
117.289 0.000966571
119.881 0.000978953
118.523 0.000977998
120.087 0.00100208
117.462 0.000984172
119.658 0.000979754
121.647 0.00100721
121.467 0.00100254
121.207 0.000982542
117.419 0.00101199
119.549 0.00115119
119.728 0.0009965
119.714 0.0010185
119.07 0.000992342
120.695 0.00100786
119.004 0.000975162
120.507 0.000747516
120.553 0.00102762
118.947 0.00102865
120.069 0.00112523
120.83 0.000975553
119.853 0.00100323
116.47 0.00103911
119.812 0.00110113
119.97 0.0010785
119.12 0.000943891
119.672 0.00100168
121.051 0.00112273
120.1 0.00102139
117.051 0.000992896
121.036 0.000293157
125.65 0.000964358
120.754 0.00104002
119.985 0.00100805
121.027 0.000970147
118.913 0.00103896
121.533 0.00105766
120.847 0.000923287
117.912 0.000976378
120.401 0.000985272
122.422 0.00101157
127.004 0.00108853
117.871 0.000963569
118.39 0.00093395
121.545 0.00107005
123.952 0.000959452
119.484 0.00112428
116.692 0.000975422
120.031 0.000384677
118.737 0.000918526
117.714 0.000854263
118.729 7.29585e-05
124.341 1.14479e-05
115.758 0.00113055
121.168 0.00100087
119.775 0.000771922
118.435 0.000974071
122.013 0.000992151
121.524 0.00112406
119.312 0.00100274
119.367 0.00107715
119.957 0.00102081
120.234 0.00103086
118.529 0.00103536
119.232 0.00112763
120.14 0.000908078
119.095 0.00113014
121.239 0.00108554
121.866 0.000873358
120.628 0.000999238
120.927 0.000974101
120.437 0.00101365
119.036 0.000775531
115.673 0.000996291
121.008 0.0011344
120.474 0.000978959
118.357 0.00101034
121.182 0.00112942
120.623 0.000984469
122.02 0.00109589
118.841 0.000896404
119.138 0.000978969
121.917 0.00100938
120.311 0.000973548
118.995 0.0010711
119.719 0.00104522
116.299 0.000481335
117.483 0.000155581
119.671 0.000969596
120.585 0.000362072
121.039 0.00100991
121.099 0.000985776
118.011 0.00100998
116.531 0.00104265
119.259 0.000883875
120.072 0.00110226
119.984 0.000975104
119.475 0.00111771
118.508 0.00107057
120.769 0.00100156
123.004 0.000907006
121.548 0.000983687
119.057 0.000907374
121.56 0.00101721
119.929 0.000981638
118.608 0.00110169
120.063 0.00100457
122.881 0.000973822
119.734 0.000971011
120.334 0.000841528
117.258 0.000951537
121.314 0.00107902
117.309 0.00104313
119.884 0.000990935
122.568 0.00097471
119.332 0.000986044
117.843 0.00103541
121.566 0.000992058
119.841 0.00102704
119.796 0.00102777
116.578 0.000982629
121.651 0.00100268
120.884 0.00109195
119.121 0.00102354
120.795 0.00105569
121.01 0.00111222
121.831 0.00105651
117.78 0.000917412
117.598 0.00110037
116.737 0.000959712
119.366 0.000990718
120.488 0.000969521
116.673 0.00100596
122.036 0.00111403
116.665 0.00106826
120.672 0.000498441
116.982 0.0011193
121.174 0.000657917
118.243 0.0010688
121.389 0.00100619
119.552 0.00114077
119.614 0.00102747
120.789 0.000972369
119.026 0.00103732
119.778 0.00104071
117.93 0.000972219
120.838 0.000901973
117.426 0.000995011
120.907 0.00105833
121.588 0.000965788
120.108 0.00102204
118.368 0.000952534
122.088 0.00112335
120.309 0.00109072
120.632 0.00100288
116.531 0.00105708
115.835 0.00111435
119.331 0.000880459
120.902 0.00108832
120.909 0.000983609
119.78 0.000981421
119.555 4.8364e-05
118.679 0.0010621
121.047 0.000985153
120.969 0.00102817
117.238 0.00105286
119.81 0.00101257
121.325 0.00110924
120.155 0.00108841
119.913 0.00100449
119.291 0.00101836
119.958 0.00112481
117.048 0.00114722
119.772 0.00111766
120.569 0.00104157
119.768 0.00103669
117.99 0.000613523
120.258 0.000983884
116.269 0.00112853
118.996 0.000997176
120.398 0.000464818
120.844 0.000153877
120.283 0.000984657
120.121 0.000993251
117.455 0.000990657
122.653 0.00103711
123.206 0.00114731
120.307 0.00111707
117.67 0.00109356
116.452 0.00102098
120.238 0.00097859
117 0.000692948
118.224 0.00111218
119.285 0.000988312
118.452 0.00102299
117.039 0.000986047
120.339 0.000994387
117.945 0.000968817
116.444 0.000979121
119.094 0.00100539
124.707 0.000970764
121.27 0.000987652
120.213 0.00104282
123.016 0.00098558
118.549 0.000958859
119.441 0.0010087
118.749 0.00103964
117.356 0.00103592
120.936 0.000991837
118.315 0.00090305
119.281 0.000990676
121.031 0.000977753
117.722 0.000101878
118.651 0.000965525
119.683 0.00101551
117.667 0.00112822
118.138 0.000987856
119.099 0.0011574
116.445 0.000803142
117.978 0.00102667
117.974 0.000950528
118.658 0.00102097
120.65 0.00103761
118.671 0.000990677
119.325 0.000928065
118.546 0.00102895
120.063 0.00104991
116.9 0.00109196
120.828 0.000380326
120.174 0.0010176
118.107 0.000955664
119.389 0.000698228
116.794 0.000211081
117.907 0.00100121
118.294 0.000941028
116.528 0.0011003
118.254 0.00107203
119.76 0.00098893
119.983 0.000983616
118.951 0.00114639
121.918 0.00100198
119.553 0.00111073
120.231 0.000287164
120.352 0.00111007
119.103 0.00104067
117.616 0.00111613
120.295 0.000984177
120.502 0.000996989
117.807 0.000906277
121.586 0.000995116
117.849 0.000961361
120.269 0.00100811
118.674 0.000939984
117.974 0.00112126
121.102 0.00045476
120.232 0.00100528
119.313 0.00111193
118.482 0.000972454
120.449 4.85777e-05
121.207 0.00102291
117.565 0.00107325
117.539 0.000984958
120.158 0.000950469
122.229 0.000106716
121.241 0.00101912
119.06 0.00101151
118.814 0.00101934
119.921 0.000972689
120.094 0.000982333
117.396 0.00101593
119.658 0.000957157
121.427 0.00098753
120.451 0.00111396
118.577 0.000985668
121.949 0.000954814
119.694 0.00113521
121.134 0.00102597
118.949 0.0010406
118.508 0.00102321
120.213 0.0010094
123.293 0.00105971
120.02 0.000970109
115.426 0.00113648
120.964 0.00101934
118.369 0.00094583
120.707 0.000998611
118.912 0.00112479
120.709 0.00108883
120.384 0.000970318
116.648 0.00105355
119.82 0.0011327
118.935 0.00111825
122.779 0.00100446
120.251 0.000929496
121.077 0.00111473
119.043 0.000984426
119.814 0.000979633
120.085 0.000981305
118.246 0.00110927
116.681 0.000151595
118.07 0.00101824
119.388 0.000980368
119.273 0.00106382
119.098 0.000952463
121.265 0.00102148
119.657 0.00100242
117.578 0.000989228
118.423 0.00108798
119.399 0.000907928
119.086 0.00114178
119.273 0.00107312
119.736 0.000377154
119.145 0.00100232
119.814 0.00100913
120.176 0.00109593
119.629 0.000991793
120.345 0.000839483
116.244 0.0010756
119.139 0.00092744
119.328 0.000902503
118.952 0.000761555
117.523 0.00101718
118.273 0.00106155
120.545 0.00109001
119.421 0.00114229
118.933 0.00101412
120.279 9.38857e-07
117.133 0.00085929
120.612 0.000995841
115.129 0.000200897
120.172 0.000978459
116.547 0.0010428
120.112 0.00108791
117.952 0.00098278
119.971 0.000997825
115.544 0.000831359
119.252 0.00106856
121.199 0.00103677
121.01 0.000963329
119.23 0.00100909
119.675 0.00115131
121.577 0.000957973
119.343 0.00103131
117.44 0.000963312
126.241 0.00106426
122.063 0.00102667
118.698 0.000996401
118.632 0.000969763
119.684 0.000467663
120.796 0.000667272
120.657 0.000998391
121.069 0.00100357
119.779 0.000964565
118.831 0.00104776
119.857 0.000670783
118.076 0.000989311
132.602 0.00105229
123.878 0.000950683
115.025 0.00111975
122.959 0.00103355
116.291 0.00100022
117.669 0.00111218
119.279 0.00101559
121.439 0.00103222
123.055 0.00059315
119.585 0.001068
116.873 0.00103022
121.749 0.000964562
123.942 0.00093402
118.859 0.00107515
118.191 0.00111229
122.398 0.000105371
119.854 0.000969743
122.041 0.000952041
115.38 0.00100099
120.495 0.00107036
120.617 0.00105041
121.366 0.00102626
118.855 0.000854499
119.236 0.00115858
120.495 0.00100452
119.581 0.00103458
115.199 0.000911415
118.084 0.00108206
121.956 0.000983465
120.807 0.00107674
118.432 0.00101104
122.284 0.000950657
118.374 0.000991534
122.347 0.000565568
121.38 0.00111032
122.062 0.000974386
121.467 0.000998031
120.351 0.00100085
120.638 0.000980136
119.85 0.000950275
120.185 0.000975751
118.002 0.00112203
121.948 0.00100756
118.042 0.00102263
123.664 0.000916621
118.833 0.000998518
121.065 0.0011505
120.397 0.0010221
120.93 0.00111436
119.124 0.00120914
118.534 0.000983105
119 0.00112103
123.317 0.000983471
121.224 0.00103448
118.799 0.00098162
118.815 0.000954935
120.01 0.00105485
121.712 0.00112979
116.58 0.00105419
120.188 0.000978931
116.501 0.00108978
117.448 0.00120106
119.25 0.00111977
120.616 0.000672186
115.528 0.000977812
119.932 0.000967912
122.249 3.00972e-05
117.519 0.000953124
122.776 0.00100815
120.671 0.00109869
121.032 0.000924546
119.123 0.00114358
118.455 0.000974251
118.618 0.000927696
119.62 0.00091552
119.652 0.000679546
117.499 0.0010038
119.687 0.000980717
115.511 0.000981477
119.535 0.000950882
118.727 0.00099125
123.453 0.000967713
119.343 0.00102995
119.971 0.00104559
120.168 0.00110709
119.537 0.00104596
116.891 0.000986479
118.056 0.000980604
115.264 0.000211469
121.671 0.00104411
121.646 0.00112752
120.25 0.00102552
123.506 0.00104362
119.1 0.000986505
121.341 0.000921027
120.424 0.00104868
117.474 0.000996439
119.607 0.00111343
122.345 0.000993686
118.49 0.000460978
124.572 0.00104946
118.64 0.000982882
117.062 0.00101593
116.184 3.01137e-05
121.501 0.000986609
123.114 0.00102458
119.955 0.000996466
122.629 0.00110225
119.182 0.00098657
120.234 0.00115023
117.93 0.000951886
119.22 0.0011477
121.715 0.0010424
119.995 0.000974486
120.029 0.00101113
120.861 0.00102966
120.304 0.00105639
119.43 0.00106429
119.208 0.00106361
120.858 0.00111365
118.889 0.000981069
120.364 0.000931724
116.492 0.000995438
119.654 0.00101058
122.112 0.000470853
119.196 0.000769965
119.624 0.000987595
121.881 0.00101077
120.97 0.00105418
120.359 0.000990969
119.411 0.00100962
119.315 0.000990517
117.384 0.000916016
118.684 0.00114513
118.939 0.000923237
118.15 0.000988434
120.444 0.000967717
118.951 0.0011336
117.704 0.000988047
121.607 0.00103378
120.629 0.000973194
119.545 0.00102542
116.014 0.00099616
119.578 0.000951515
121.241 0.000556707
120.057 0.00099721
119.298 0.000851424
119.75 0.00101182
123.465 0.00107312
118.366 0.00112768
119.156 0.00109058
115.704 0.000984609
120.6 0.000991093
119.248 0.000981482
121.479 0.000996939
119.288 0.000576683
120.698 0.00111033
115.257 0.00114811
115.723 0.000907673
118.095 0.00105729
120.991 0.00100573
120.045 0.000982446
121.946 0.000963271
121.48 0.00106137
118.166 0.00117961
121.106 0.000844021
122.668 2.45669e-06
120.938 0.000983882
119.337 0.00113367
118.915 0.000997359
116.278 0.0011097
122.126 0.000946744
121.241 0.00111717
116.33 0.000997364
119.446 0.00102583
121.589 0.00108923
121.226 0.00106331
118.527 0.000842053
118.97 0.000939315
119.577 0.00102503
121.329 0.00112495
119.924 0.00103032
117.526 0.00108205
118.208 0.00103245
117.404 0.000899301
118.341 0.00102104
122.246 4.12148e-06
120.106 0.000918095
118.534 0.00110837
121.11 0.000990213
118.05 0.000990017
117.636 0.00100542
124.185 0.000571614
121.116 0.00101307
118.242 0.00100456
120.185 0.000955445
120.578 0.00100098
120.324 0.000845937
119.953 0.00100361
120.253 0.000478411
118.303 0.00102467
120.152 0.000216661
119.584 0.00100091
120.701 0.000977086
119.307 0.000934029
123.528 0.000572907
119.004 0.00114489
120.626 0.00107369
120.887 0.00101031
124.509 0.000980499
122.031 0.00102802
120.151 0.00110717
122.257 0.00102947
120.323 0.000910581
121.293 0.000852338
118.004 0.00100339
121.29 0.00103046
124.168 0.00113304
120.701 0.0004826
121.113 0.00114834
120.554 0.000945285
119.142 0.00070363
116.414 0.000988867
120.761 0.00102196
119.194 0.000877568
120.923 0.000979747
123.668 0.00117126
120.214 0.00110448
115.663 0.000912029
117.256 0.000972796
115.87 0.000921742
116.8 0.00100121
119.807 0.000971489
120.893 0.00111564
122.45 0.00088436
119.588 0.00097073
119.967 0.0010996
115.179 0.000977375
123.35 0.000964518
120.764 0.000952055
121.126 0.000978931
122.427 0.000842332
121.944 0.00114151
119.365 0.000379693
118.477 0.000995902
118.688 0.00103622
124.53 0.000287403
119.723 0.000999347
120.95 0.000909787
119.501 0.00117633
121.319 0.00097144
119.682 0.000207928
119.534 0.000983733
119.136 0.00118003
121.808 0.00100836
120.369 0.000985616
120.377 0.00109436
118.045 0.00101177
123.559 0.00103522
120.275 0.000993851
118.978 0.00107483
120.561 0.00103595
121.376 7.09518e-05
119.182 0.000926685
118.636 0.000945079
120.007 0.000993499
117.182 0.00115823
120.294 0.00107789
122.334 0.000664764
115.694 0.00102548
120.563 0.00111378
119.278 0.00101923
119.148 0.000909513
119.835 0.000476929
117.071 0.000937795
119.271 0.000993215
121.615 0.000993918
119.394 0.00103407
119.067 0.00102172
120.057 0.000988186
117.717 0.000919111
115.755 0.000681421
122.243 0.00111782
120.235 0.000947177
120.194 0.00110774
121.169 0.00107801
120.39 0.0010466
119.776 0.000974948
115.348 7.222e-05
119.967 0.000991625
121.508 0.00104491
117.969 0.00102704
118.798 0.00102196
130.308 0.000286392
120.176 0.00103626
122.976 0.000568092
118.276 0.000976845
118.118 0.000962801
121.767 0.00110328
116.773 0.00095881
118.759 0.00105226
122.022 0.000910339
117.17 0.00104565
117.186 0.000960204
120.605 0.00102157
119.958 0.000970651
119.287 0.000984656
120.644 0.00096794
121.167 0.000990718
118.94 0.000969863
124.096 0.000894219
121.18 0.0010301
121.991 0.00116143
121.485 0.00108358
122.391 0.000994236
123.704 0.000963191
121.902 0.00102893
118.545 0.00109381
117.025 0.00102657
121.605 0.000976185
119.871 0.000478059
115.631 0.000590724
120.24 0.00102414
116.651 1.00365e-05
116.13 0.001063
118.109 0.000982724
118.627 0.000997111
118.961 0.00104737
120.496 0.000592835
119.964 2.95209e-05
120.59 0.000969702
119.001 0.00101199
126.072 0.00100771
118.565 0.00111577
117.021 0.00109273
117.34 0.0009675
119.671 0.0010126
118.721 0.000983336
120.024 0.000983562
119.653 0.000967024
120.785 0.00104668
118.136 0.000862803
120.813 0.00101622
118.665 0.000564826
120.029 0.00108146
117.82 0.00101234
118.474 0.00115122
116.869 0.00103805
117.726 0.000990042
119.47 0.000960728
120.637 1.14417e-05
120.129 0.000981202
121.445 0.00111025
116.154 0.00111331
120.214 0.0010452
119.288 0.00109726
117.239 0.000962146
122.101 0.00103264
117.417 0.00111569
119.377 0.00102232
115.145 0.000965821
118.406 0.000958472
119.535 0.000994617
118.365 0.000971722
121.48 0.000782336
118.539 0.000830252
118.35 0.00106484
120.607 0.00103879
122.079 1.8971e-05
118.107 0.00102737
117.672 0.000991387
119.955 0.000970024
121.508 0.000395867
118.049 0.000967044
117.961 0.00101354
119.607 0.0010919
119.904 0.0010023
123.061 0.00114968
118.912 0.00102454
115.842 0.000767194
116.369 0.00107702
118.883 0.00105613
118.625 0.00109441
118.862 0.00105289
117.87 0.000452564
116.972 0.00092744
119.711 0.00113902
120.931 0.000913563
119.214 0.000155395
122.142 0.00100291
119.249 0.000868183
117.001 0.000987769
120.28 0.00102563
120.352 0.00106067
119.438 0.00102051
118.245 0.00105831
122.11 0.00105575
118.241 0.000942585
119.011 0.000993704
118.215 0.00110496
119.564 0.000548834
118.801 0.00108439
119.817 0.000984077
119.186 0.000984338
121.785 0.00102444
121.274 0.000982422
120.155 0.00106669
120.445 0.00103845
119.58 0.000972739
118.765 0.00102086
119.847 0.000994715
120.316 0.000935632
119.826 0.00098537
118.554 0.00111632
116.061 0.000971117
119.131 0.000991907
119.527 0.00109538
123.996 0.0009563
119.891 0.00113447
121.303 0.00101887
119.757 0.00106736
119.851 0.000991702
120.148 0.00103135
120.085 0.00106257
117.611 0.00100841
119.138 0.0010044
118.419 0.00113129
120.661 6.84006e-06
121.503 0.000979034
120.327 0.00112332
124.44 0.000990949
119.053 0.00098608
120.828 0.00102608
120.161 0.00103138
119.45 7.20431e-05
122.187 0.00101985
116.276 0.000710415
118.183 0.00111024
119.89 0.000854656
118.956 0.000466911
121.061 0.00101851
121.964 0.0011282
117.159 0.000985777
120.668 0.00110418
120.001 0.000920227
120.644 0.00106138
119.372 0.000980752
118.714 0.00111584
119.894 0.00101972
118.954 0.00101123
115.484 4.84059e-05
117.728 0.00102093
116.829 0.00111146
116.901 0.00110036
118.335 0.000989742
115.631 0.000761715
119.981 0.00100717
118.833 0.00105458
122.849 0.00100224
121.15 0.000474687
119.022 0.000987317
119.255 0.00103598
119.061 0.000988902
120.469 0.000945454
118.171 0.0008991
120.815 0.00106266
121.285 0.00108973
121.457 0.000984887
123.255 0.00108878
120.278 0.00103032
120.185 0.000929249
119.053 0.00098774
121.14 0.00111306
120.75 0.00106907
118.8 0.00103073
120.399 0.000569036
118.668 0.000959288
120.44 0.000955231
120.016 0.00103787
119.264 0.000972736
119.661 0.000990078
119.901 0.00114175
119.853 0.000959539
121.798 7.24116e-05
120.25 0.000984489
121.546 0.000789735
118.349 0.000763736
118.171 0.000286475
119.631 0.00107122
118.496 0.000984072
121.107 0.00100273
116.038 0.000963339
118.053 4.28757e-06
120.928 0.00105192
120.465 0.00104842
118.222 0.00099693
120.531 0.00101572
115.719 0.00111988
120.747 0.00091999
118.864 0.00111076
119.942 0.0010143
121.693 0.00100038
119.814 0.000987444
119.763 0.00112634
117.953 0.000730948
120.413 0.000893389
117.197 0.00100968
121.975 0.000976496
121.531 0.000928713
121.653 0.00100888
116.774 0.000960664
119.734 0.00112691
119.8 0.00112085
119.832 0.000995881
117.669 0.000986553
119.846 0.00109752
119.346 0.000995552
119.551 0.000957666
120.844 0.00103105
120.9 0.00098141
115.238 0.00113059
120.795 0.000980046
120.028 0.00115297
121.891 0.00100252
120.61 0.00117138
119.39 0.00106566
119.923 0.00098205
120.569 0.00102882
120.955 0.000774323
120.466 0.000673182
121.282 0.000871768
117.39 0.000771852
118.824 0.00100233
117.003 0.00121984
116.267 0.00107525
117.779 0.000797541
118.607 0.000913667
119.959 0.00103311
118.972 0.000826629
120.556 0.000993329
119.389 0.00106173
116.495 0.00097971
119.358 0.00105063
119.802 0.00100134
120.648 0.00101783
116.146 0.00117226
119.476 0.00100495
120.827 0.00109821
119.46 0.00094573
119.874 0.00101918
120.089 0.00109086
119.994 0.000978998
118.04 0.000993281
118.894 0.00109388
122.158 0.00111923
119.139 0.00102273
120.254 0.000959152
115.475 0.00104284
117.347 0.000365216
119.924 0.000984587
121.222 0.000575503
120.436 0.00105614
121.053 0.00103655
120.952 0.00104876
121.699 0.000919624
116.681 0.00100958
118.855 0.00103766
120.585 0.000959299
120.971 0.000970708
117.392 0.000994103
121.107 0.00103022
119.695 4.70657e-05
119.513 4.15954e-06
119.699 0.000379539
120.732 0.000670122
119.915 0.000975263
121.512 0.000986334
121.511 0.000977031
120.577 0.00111085
120.175 0.00102729
119.975 0.00097531
115.967 0.000983951
119.619 0.00100444
120.393 0.000955293
120.413 0.00108874
118.788 0.00112435
124.948 0.00101958
121.152 0.000975009
119.003 0.00112331
119.131 0.000972082
120.382 0.00097919
118.413 0.000988655
120.6 0.00111822
123.204 0.000979163
120.564 0.000963664
121.739 0.00104141
123.178 0.000879382
119.648 0.00096981
115.282 0.000957055
120.262 0.000152694
118.944 0.000972348
118.888 0.000983063
119.511 0.000991901
118.179 0.00100613
119.908 0.000758943
121.286 0.00102009
120.915 0.00105463
119.579 0.000982297
116.927 0.000948815
120.382 0.00099202
117.636 0.000987061
120.653 0.0010353
121.22 0.000908415
121.594 0.00100792
118 0.0011476
120.453 0.000991416
119.68 0.000734437
124.048 0.00105453
120.03 0.00102299
116.484 0.000996005
119.679 0.000206712
116.691 0.000961816
118.394 0.00102704
119.442 0.00100247
118.684 0.00103225
118.81 0.000466274
120.1 0.000973026
117.936 0.00117683
119.425 0.000983362
120.64 0.000973407
118.856 0.00100915
117.972 0.000974474
120.036 0.00100111
120.099 0.000974758
116.652 0.000867273
119.801 0.00104713
121.425 0.00101956
120.428 0.00098003
119.941 0.0010093
117.147 0.00102783
117.361 0.00112942
120.561 0.000867128
119.658 0.000952456
119.225 0.000918799
122.983 0.000952068
118.741 0.000949102
121.003 0.0010274
121.127 0.00106334
122.12 0.000985826
116.614 0.000653056
120.357 0.00108159
118.877 0.00106634
117.272 0.0010107
119.273 0.00108979
121.38 0.0010691
117.275 0.00111025
120.221 0.0010183
117.339 0.000155102
118.692 0.00102574
118.924 0.000923479
118.535 0.000997225
120.541 0.0011428
121.581 0.000990969
120.665 0.000995029
118.469 0.00103874
121.072 0.00112838
120.359 0.00100587
120.625 0.00100362
118.012 0.00117436
118.139 0.00109351
118.734 0.000984887
119.445 0.000979592
117.687 0.000922922
118.902 0.00104489
121.756 0.000977382
122.7 0.000933693
119.417 0.000989705
117.059 0.00094328
118.714 0.000895256
116.952 0.00115374
118.56 0.000975765
119.704 0.000968042
120.486 0.00103366
118.225 0.000971849
119.008 0.000936563
118.125 0.00113548
119.098 0.000383184
117.715 0.000932466
118.93 0.000973823
119.876 0.00106672
122.163 0.000893064
116.332 0.00102313
119.02 0.00100891
120.669 0.000996683
122.171 7.19456e-05
119.027 0.000376529
118.892 0.00111194
120.542 0.000756446
122.082 0.00107477
116.165 0.000999407
115.895 0.000997943
121.322 0.000532705
120.837 0.000575145
121.805 0.0010326
120.842 0.00111689
117.795 0.0010117
117.994 0.000989237
120.927 0.000917529
118.998 0.00106408
115.807 0.00111702
121.194 0.000221195
120.919 0.000871813
119.832 0.00111124
119.172 0.000915795
119.701 0.00111517
120.343 0.000993554
120.003 0.0010189
117.435 0.0010347
119.014 0.0010282
119.908 0.00108905
120.362 4.19976e-06
117.894 0.00105754
119.992 0.000990023
116.522 0.00107325
116.352 0.000999485
116.973 0.000903607
121.243 0.000980314
119.562 0.000665832
120.733 0.0010691
118.222 0.000956825
121.332 0.00103166
120.157 0.000865522
117.827 0.00103317
120.317 0.00111983
121.047 0.0010075
119.186 0.0010305
121.194 0.00102867
117.954 0.000963314
122.156 0.00102961
122.154 0.00100643
115.696 1.96798e-05
121.211 0.00118407
122.134 0.00100917
121.491 0.000935865
121.233 0.000985017
119.013 0.000974438
119.522 0.000985775
120.747 0.000987428
116.996 0.000923712
117.829 0.00106885
121.018 0.00099438
120.564 0.00109475
119.113 0.000953747
117.947 0.00103427
120.45 0.00114068
120.493 0.00111669
115.685 1.86611e-05
119.576 0.00113791
122.191 0.000925405
117.73 0.00101135
121.143 0.00113327
117.428 0.000391363
121.019 0.0009729
116.327 0.00102355
119.239 0.000950657
119.594 0.00102383
124.076 0.00104989
120.377 0.000914926
120.855 0.000156979
117.006 0.00101708
119.941 0.000662451
119.552 0.00103009
120.157 0.00103235
124.157 0.000981919
119.552 0.00099991
122 0.000980018
116.762 0.00097759
121.228 0.000222317
120.977 0.00110524
118.21 0.000986359
120.781 0.000869948
116.144 0.000978118
119.636 0.00107341
120.936 0.00101581
120.174 0.000971619
119.265 0.00104587
120.145 0.000974659
118.912 0.000589267
120.859 0.00110842
120.398 0.000992403
121.73 0.000968899
120.071 0.000901964
120.767 0.000843216
122.06 0.000389499
120.42 0.000159706
120.826 0.000288458
120.998 0.000997195
118.64 0.000955159
122.646 0.000483019
120.172 0.000998831
123.962 0.00089649
120.618 0.000994206
119.388 0.00102405
121.766 0.00102828
118.42 0.00109602
119.738 0.000152721
119.41 0.00114698
121.317 0.00104417
120.262 0.00105024
119.828 0.000992387
119.38 0.000974832
119.575 0.00112397
117.992 0.0010231
117.264 0.000977428
115.891 0.000774428
118.728 0.000450284
120.383 0.00105539
120.915 0.00102539
120.894 0.00116226
120.421 0.000973664
123.109 0.00102563
119.621 0.00097757
118.308 0.00101327
118.092 0.00110001
116.409 0.000889121
120.342 0.00116948
119.545 0.000976068
121.435 0.00103184
119.235 0.000990625
119.335 1.17512e-05
120.504 0.000995393
116.637 0.00107847
121.772 0.000922939
117.414 0.000995723
120.479 0.00103816
122.986 0.00102965
115.871 0.000928789
122.661 0.000983037
121.448 0.000974953
122.724 0.00101102
119.631 0.0010091
119.402 0.000997625
120.175 0.000990481
116.252 0.00107941
120.52 0.000966766
121.139 0.00101791
120.025 0.00106238
121.136 0.00102389
115.357 0.000966215
116.115 0.00114535
127.267 0.000913124
123.045 0.000875969
119.455 0.00115227
116.953 4.6489e-05
118.469 0.00107246
121.598 0.00106386
118.603 0.000984518
119.783 0.000620557
121.744 0.00117645
119.022 0.00106324
118.874 0.00117661
120.888 0.00104927
119.25 0.00102967
116.49 0.000960547
120.517 0.00105672
117.873 0.00104291
116.182 0.00115172
119.697 0.00111831
121.091 0.00100895
119.891 0.000951854
116.224 0.000892988
118.205 0.00101399
121.901 0.000973975
120.377 0.000895376
121.747 7.20695e-05
119.042 0.000974221
118.091 0.00102873
119.918 0.00109554
121.405 0.000964466
121.108 0.00102578
119.94 0.000992119
119.627 0.000980658
117.631 0.000288663
120.516 0.000898128
117.722 0.00104574
119.845 0.00107061
119.23 0.000973293
120.726 0.00103629
120.563 0.00042996
120.317 0.00101102
120.295 0.000978096
120.433 0.000204534
120.253 0.000989776
121.867 0.00112427
118.509 0.000668369
118.154 0.0010198
118.544 0.000980607
118.705 0.00103527
116.845 0.000952034
117.332 0.00101584
119.503 0.000973627
120.341 0.00114752
118.577 0.00106451
118.769 0.0010258
119.777 0.000152401
121.077 0.000986911
119.611 0.000962029
120.431 0.00103026
118.958 0.000984489
119.678 0.000999633
118.812 0.00106429
122.38 0.000991385
119.134 0.000813785
124.386 0.00101416
120.123 0.000911466
119.592 0.000992795
119.874 0.00101858
115.296 0.000193518
118.636 0.000669858
121.641 0.000934354
120.063 0.00101822
118.604 0.000981316
120.735 0.000820343
121.248 0.000276506
115.849 0.000959146
119.527 0.000197321
119.213 0.000970318
115.001 0.00110123
122.852 0.00112282
117.535 0.000948061
119.018 0.000983823
118.601 0.00105024
120.802 0.000972911
121.108 0.000108014
122.759 0.000999153
116.201 0.000921217
121.593 0.000976351
119.284 0.00102833
121.088 0.00094905
117.174 0.000985721
118.77 0.000895751
121.26 0.000981307
119.592 0.000936556
119.6 0.00078094
118.711 0.00115777
115.87 0.0009808
120.321 0.000999358
118.389 0.000991416
120.46 0.00103143
116.957 0.00104639
121.288 0.00111639
117.772 6.98588e-05
122.305 0.00025743
121.009 0.00102796
123.467 0.00107122
121.372 0.00113107
118.679 0.00100825
118.562 0.00100815
120.471 0.000986468
118.839 0.00111146
118.572 0.0010259
119.498 0.000999674
120.123 0.000641119
121.732 8.90613e-07
119.768 0.0010424
118.322 0.000988298
117.208 0.000919075
117.88 0.000813666
124.75 0.00108823
121.979 0.00107368
120.696 0.000998696
122.946 0.000963352
119.726 0.000971029
120.008 0.00100593
116.556 0.000857098
120.135 0.00104696
120.806 0.00101078
120.789 0.00104381
117.769 0.000992054
118.532 0.000993877
120.589 0.000987834
119.765 0.00100701
124.594 0.00101763
116.574 6.39593e-07
120.257 0.00108579
119.779 0.00102154
120.261 0.000996083
117.953 0.000981428
121.013 0.00111551
120.303 0.00109577
120.867 0.000144957
117.286 0.000997188
122.109 0.000946199
121.58 0.00111284
121.911 0.00039453
116.775 0.000920502
117.48 0.000965992
121.367 0.00096361
115.613 0.000995728
117.998 0.00099732
118.527 0.000996612
123.175 0.000954007
121.143 0.00109946
121.158 0.00110107
118.485 0.000337997
119.611 0.000849446
116.923 0.00095298
120.707 0.000974871
120.716 0.00102243
119.592 0.0006609
116.38 0.00106656
118.818 0.00102503
120.487 0.000983334
118.268 0.000573508
117.313 0.00097433
118.662 0.000932542
120.526 0.00102837
120.873 0.00100027
119.89 0.000922664
120.263 0.00101856
117.598 0.00100493
120.507 0.000988139
116.21 0.000979804
120.001 0.000967468
121.776 0.00101156
120.324 0.001009
120.09 0.000974963
118.563 0.000985469
119.445 0.000983892
115.583 0.00101123
122.987 0.00110114
120.098 0.000105711
118.114 0.000784795
121.662 0.000980081
120.249 0.00062725
119.297 0.000997236
119.896 0.000966211
118.32 0.00110642
120.79 0.0010238
115.15 0.000973119
121.155 0.000652111
120.513 0.00110789
118.699 0.00104562
118.595 0.00104286
120.705 0.000981512
120.01 0.000986044
122.777 0.000884551
118.06 0.000948311
119.747 0.00101736
120.027 0.000992748
119.422 0.00099421
119.792 0.00100198
120.432 0.00110081
122.038 0.000984842
118.64 0.00103474
120.909 0.00104376
119.554 0.000871681
119.204 0.00114897
118.391 0.000997416
119.709 0.00102419
119.968 0.000991984
118.811 0.00098932
119.018 0.000951018
116.194 0.00105533
118.516 0.00109837
120.123 0.000981238
116.845 0.000921861
120.067 0.0010584
119.773 0.000858864
119.773 0.00100538
123.254 0.00097503
119.448 0.000984488
118.15 0.00100539
120.065 0.000984783
116.572 0.000963904
119.68 0.00102157
115.725 0.000861995
115.148 0.000930747
118.174 0.00105297
117.268 0.000763453
118.923 0.00101211
120.215 0.000969453
119.518 0.00102694
118.304 0.000981572
116.557 0.00100661
119.388 0.00110089
120.742 0.0010444
121.562 0.000987506
118.444 0.000993484
122.246 0.00103835
118.871 0.000910457
119.567 0.00117016
121.536 0.00116141
120.358 0.000822783
121.236 0.00107569
118.753 0.00111966
120.461 0.00107429
120.458 0.000637524
115.522 0.0010092
121.909 0.000393418
119.38 0.00111122
118.82 0.000947303
119.292 0.000956151
119.808 0.00112052
119.656 0.00102231
119.62 0.00103015
119.886 0.00105875
116.272 0.00103351
120.126 0.0010083
119.323 0.00102843
120.997 0.000945516
120.673 0.000974712
118.319 0.00089629
119.49 0.00104711
120.504 0.000900975
119.728 0.00109324
119.821 0.00102198
116.697 0.00104645
121.443 0.00100954
119.665 0.000987622
115.323 0.000936641
120.183 0.00102205
118.308 0.00105377
119.213 0.00101159
120.942 0.000963656
117.329 0.000764261
120.625 0.0010913
122.776 0.00102131
119.316 0.00115051
119.103 0.000963934
116.434 0.000257435
120.052 0.00110356
119.165 0.000852516
121.307 0.00100777
122.71 0.000884224
119.504 0.000918657
120.622 0.000934816
120.781 0.000986685
119.198 0.000990036
121.522 0.000997134
120.619 0.00101992
119.62 0.00108534
119.98 0.000954426
120.111 0.00050916
117.958 0.000216858
121.65 0.00113318
117.278 0.000933828
119.639 0.000973143
118.274 0.00100341
119.613 0.000967703
119.14 0.00101087
119.589 0.000959773
119.528 0.00103016
116.413 0.000976838
120.281 0.00102645
121.077 0.00110803
117.181 0.00103921
120.523 0.00101594
121.563 0.000952079
116.995 7.18377e-05
120.806 0.000800562
121.187 0.000986355
116.812 0.000973911
118.621 0.00094187
115.289 0.000152194
120.174 0.00109754
121.9 0.00103207
121.463 9.95056e-05
118.819 0.000841847
121.116 0.00112948
121.484 0.000974517
119.146 0.000983295
118.646 0.00112053
120.762 6.31959e-07
119.489 0.00100303
120.45 0.000995062
124.121 0.000975479
120.659 0.0010175
120.163 0.00101219
121.276 0.00104722
119.038 0.000908085
116.388 4.45324e-05
120.226 0.000990442
124.544 0.000977254
119.081 0.00102586
121.396 0.000999876
120.944 0.00101217
120.85 0.000970765
121.759 0.000977286
119.448 0.00100817
119.479 0.00101251
118.7 0.00100685
118.981 0.000990036
117.61 0.000981897
119.319 0.000921559
117.041 0.00100221
119.695 0.00102303
119.459 0.00101177
118.015 0.000946707
116.139 0.000974812
119.324 0.00107453
118.959 0.00100399
118.474 0.000989742
116.449 0.000714387
119.626 0.000883754
123.932 0.00110653
121.446 0.000840101
120.27 0.00101833
121.333 0.00108668
119.093 0.00100084
120.253 0.00103883
119.72 0.00102062
117.305 0.000456893
116.788 0.00105482
118.9 0.00104057
118.809 0.000109022
123.627 0.00107483
118.761 0.000983662
118.238 0.0010913
118.003 0.00114563
117.532 0.000952493
120.962 0.00104567
118.396 0.00104282
118.015 0.0010662
120.414 0.00112809
123.256 0.00103992
118.125 0.00092427
116.279 1.90219e-05
121.133 0.00104394
117.478 0.000944933
119.865 0.000941747
122.598 0.00100896
117.865 0.00100433
119.346 0.00102786
116.844 0.000982834
121.22 0.00112696
127.351 0.00115115
119.328 0.00098942
122.134 0.000975337
120.575 0.000982335
117.091 0.000537502
121.2 0.00101941
120.514 0.0011156
120.466 0.00115052
118.708 0.00103206
120.801 0.000989361
118.972 0.000971069
121.623 0.000911655
119.626 0.00108598
120.423 0.00100946
118.155 0.000674137
121.192 0.000975008
120.493 0.000977684
119.236 0.00098987
121.562 0.00109684
118.764 0.00109017
118.847 0.00109812
119.575 0.00101578
118.324 0.000938592
119.838 0.000970485
120.942 0.00104808
119.669 0.00103815
119.264 0.000987806
120.251 0.00102562
120.64 0.000979519
119.215 0.000936765
121.685 0.000992717
119.853 3.86033e-06
120.751 0.000958441
120.827 0.000946404
120.272 0.000914301
120.153 0.000997849
115.824 0.000942264
124.649 0.000301388
120.961 0.00100929
122.394 0.000677769
119.117 0.00104491
116.464 0.00102232
120.657 0.00110491
118.43 0.00117198
121.358 0.000997712
119.976 0.0010131
121.6 0.000980997
118.715 0.00101206
118.084 0.00092581
118.821 0.00065179
118.469 0.000942245
120.61 0.00114357
121.635 0.000978742
117.206 0.000935088
121.582 0.000793168
115.833 0.00100275
120.272 0.00110618
119.039 0.00098732
118.718 0.00108724
120.306 0.00100336
119.198 0.0010101
119.545 0.000964366
119.065 0.000931176
119.331 0.00111395
117.061 0.00113585
122.253 0.00100024
116.018 0.000989372
119.723 4.45483e-05
121.022 0.000984287
118.757 0.000676913
119.161 0.00100791
115.047 0.000919694
115.773 0.00102531
120.478 0.000969589
120.151 0.00110194
119.241 0.00112721
118.452 0.00102841
121.399 0.00101752
119.925 0.000999904
120.74 0.00101835
120.432 0.000972073
115.124 0.00101987
119.315 0.000992612
119.878 0.000974748
120.436 0.00107073
119.696 0.00109538
121.023 0.000998563
120.074 0.00101934
120.337 0.000964519
118.849 0.00107312
122.07 0.000989027
120.385 0.000934969
122.316 0.000993562
122.154 0.00115347
119.437 0.00101826
119.261 0.000975674
120.386 0.00103559
118.152 0.000989937
119.917 6.90143e-06
120.624 0.000979073
117.766 0.000949371
121.284 0.00105414
120.009 0.00104286
117.097 0.000930633
120.209 0.00110325
121.296 0.000902605
121.259 0.00108551
117.742 0.000928177
121.307 0.000107674
120.149 0.000575951
121.958 0.00101632
118.62 0.0011193
119.975 0.000987354
119.539 0.00110732
117.883 0.000463491
119.572 0.000998363
116.064 0.00110882
120.665 0.000919304
120.264 0.00105053
122.16 0.00104338
121.445 0.00107525
120.34 0.00101408
118.581 0.000976244
119.622 0.000981542
120.115 0.00099383
115.296 0.00100408
120.396 0.00100874
119.328 0.00101576
119.358 0.000568581
121.899 0.000740039
120.61 0.000979459
121.526 0.00110545
120.524 0.00113438
123.302 0.000157428
121.413 0.000990162
122.665 0.00113927
119.576 0.000672203
115.72 0.000955015
120.189 0.000992362
119.722 0.00112041
118.732 0.00109575
120.044 0.0011203
120.392 0.000912985
119.461 0.00095581
121.29 0.00105181
120.261 0.00111177
122.113 0.000211725
120.75 0.00108206
120.947 0.000932693
119.324 0.000909071
117.791 0.00091868
119.702 0.00102779
122.795 0.000983272
120.36 0.000356722
122.649 0.00106349
119.316 0.00109261
118.678 0.00107261
117.609 0.00103404
118.677 0.000977597
118.653 0.000971511
119.142 0.00109381
121.23 0.00113593
119.255 0.000903615
121.001 0.000972362
120.253 0.00104232
120.278 0.00117735
120.07 0.00115717
121.103 0.00100964
129.684 0.000932388
120.025 0.000994229
122.302 0.000981108
117.121 0.00100715
115.999 0.000971476
118.574 0.000953861
117.46 0.0011552
118.58 0.000991597
121.236 0.00104036
118.355 0.000990319
115.21 0.00117493
119.044 0.00102315
119.466 0.000988469
120.857 0.00103108
116.361 0.00103133
121.491 0.0009849
120.818 0.00103882
117.066 0.000732491
116.94 1.08028e-05
119.602 0.00102949
117.923 0.000761351
118.877 0.000976456
123.448 0.00108038
120.526 0.00104453
118.827 0.000918913
120.131 0.000106522
121.644 0.00111463
120.447 6.50726e-06
119.508 0.0010235
118.671 0.000990151
120.031 0.000383467
121.329 0.0011206
118.469 0.000915798
120.426 0.00101353
120.247 0.00100959
117.776 0.00101885
118.053 0.00104259
119.682 0.000659659
118.396 0.00097825
116.321 0.000997079
120.133 0.000949445
119.964 0.00101552
119.233 0.0008642
117.994 0.000890834
116.495 0.00110893
119.061 0.00101162
119.77 0.0008211
120.485 0.00102017
118.443 0.00113056
120.269 0.00066536
118.568 0.00112555
117.346 0.000979693
120.361 0.000980834
121.441 0.000957953
115.461 0.000982336
119.514 0.0010719
122.395 0.00108221
120.445 0.00104579
118.596 0.00109851
120.472 0.00100421
120.582 0.000991971
117.723 0.00101289
120.353 0.00102233
117.391 0.000467119
120.284 0.00113025
117.636 0.00111473
120.947 0.000941149
119.693 0.00106155
121.678 0.0010351
120.843 0.00109697
119.762 0.00103381
123.433 0.00102265
122.33 0.000896067
121.112 0.00107116
118.528 0.000979327
119.139 0.0009524
116.552 0.000974235
120.839 0.00112132
119.695 0.00100174
118.874 0.000899851
118.111 0.00113911
121.28 0.000994889
120.197 0.00112455
122.261 0.00103859
116.967 0.000987477
117.5 0.0008672
120.721 0.00101074
117.418 0.00116858
120.383 0.000677933
116.158 0.00102316
118.455 0.000959878
120.132 0.000971342
119.399 0.000940976
121.229 0.00101124
121.344 0.00114609
118.837 0.00101224
119.064 0.000970994
117.607 0.00108829
119.434 0.000949632
122.374 0.000992806
119.373 0.00103647
120.677 0.000967425
118.501 0.00102275
119.726 0.00098611
120.019 0.00071005
117.471 0.00109481
120.386 0.00101832
123.464 0.000999041
120.625 0.000971045
121.131 0.000945173
119.009 0.00111794
118.437 0.000985652
120.682 0.000970272
121.097 0.000991191
119.466 0.000976686
115.413 0.00096932
116.517 0.00101927
118.683 0.0010137
120.947 0.000932205
119.159 0.00110305
123.518 0.00107333
118.784 0.00105296
120.695 0.000967025
118.32 0.00101112
119.86 0.00111726
116.227 0.00117016
121.548 0.000985037
121.018 0.00102608
121.403 0.00106339
118.5 0.000980248
116.921 0.000974081
118.992 0.0010854
118.843 0.000972395
121.836 0.00103764
117.433 0.000945934
119.485 0.00100871
120.359 4.69304e-05
123.787 0.000992812
119.89 0.000151634
118.59 0.000788831
119.329 0.00104709
120.768 0.000976893
119.723 0.00105498
120.384 0.0010562
122.933 0.000995148
121.246 0.00109536
122.555 0.00111386
117.757 0.000984719
120.489 0.00106626
120.298 0.000999751
119.441 0.00101552
119.086 0.000964869
117.745 7.08636e-06
124.546 4.84878e-05
120.042 0.00104712
119.446 0.000377616
118.36 0.000987211
119.107 0.00104351
118.359 1.34208e-06
119.451 0.00101363
119.133 0.00108324
119.467 0.000999348
118.035 0.00028773
117.072 0.00107804
119.976 6.84511e-07
116.636 0.000958758
120.9 0.00101525
121.252 0.000987339
118.226 0.000766732
120.076 0.00100552
118.878 0.00102261
118.07 0.000986186
124.12 0.00100212
120.621 0.00106262
115.618 0.000992823
121.163 0.0010455
120.688 0.00108245
115.023 0.00106238
117.219 0.00100423
116.784 0.00118284
118.707 0.00105232
119.646 0.00106216
121.09 0.00100981
118.599 0.00038678
120.427 0.000999489
117.448 0.000287621
119.177 0.000975288
117.782 0.000972398
117.211 0.00102178
118.106 0.00104624
121.021 0.00111707
121.91 0.00103516
118.637 0.000288659
118.751 0.0010585
122.118 0.00100639
120.166 0.00107984
122.165 0.000283954
116.886 0.00104022
122.9 1.14958e-05
117.174 0.00114273
121.155 0.00101239
121.842 0.000958624
117.672 0.00110146
120.49 0.0010196
121.034 0.000956864
119.168 0.00105923
120.534 0.00112449
119.816 0.000860608
117.643 0.0010325
122.033 0.000975967
119.635 0.000212858
119.078 0.000985395
118.474 0.000909805
115.516 0.00108958
120.288 0.000982602
121.268 1.15143e-05
118.727 0.00102126
120.169 0.0010185
115.091 0.000989569
116.24 0.00103467
118.882 0.000984489
121.71 0.00109344
118.1 0.00105018
119.708 0.00108847
118.208 0.00114339
119.444 0.000988689
117.849 0.000986116
119.672 0.00114739
115.692 0.000895464
117.51 0.0009788
118.229 0.000986724
124.863 0.000944079
123.707 0.000951909
121.351 0.00106935
121.292 0.00105957
119.33 0.00101843
120.279 0.000987679
118.436 0.000466936
120.238 0.0010198
118.984 0.000470912
119.054 0.00101962
116.014 0.00107114
119.441 0.00102545
119.822 0.000978588
118.969 0.000960081
119.43 0.000767808
120.553 0.00106009
121.614 0.001042
124.74 0.000987619
118.022 0.00103097
119.078 0.000876827
115.78 0.000761873
117.985 7.04132e-06
118.447 0.000966545
119.1 0.00102096
119.366 0.00111307
120.952 0.00103691
120.108 0.00109257
117.138 0.000998814
120.348 0.00112541
120.216 0.000993104
119.926 0.000982974
119.497 0.00102725
118.213 0.000994726
117.442 0.00100836
117.05 0.000685666
119.101 0.000569901
117.98 0.00100062
120.635 0.00110056
119.379 0.000955682
120.936 0.0010377
120.412 0.00114895
119.609 0.00107205
117.115 0.00102202
117.909 0.000925635
121.57 0.0010747
117.791 0.00102705
118.353 0.000990403
119.461 0.000983413
120.719 0.00100793
119.064 0.00109515
119.064 0.00010736
120.374 0.000978844
119.275 6.24191e-07
120.37 0.00088385
122.014 0.000104921
120.929 0.000980996
121.6 0.000658457
119.478 0.00104574
116.851 0.000384361
119.99 0.000294108
121.117 0.000979724
119.13 0.00102542
118.214 0.000567569
117.318 0.000474171
118.784 0.00116437
119.711 0.000989661
121.198 0.0010226
121.862 0.0010106
117.436 0.0011193
121.441 0.00102673
118.524 0.000210291
119.889 1.90248e-05
120.583 0.00102658
120.778 0.000999378
120.03 0.00107421
122.083 0.000950577
119.471 0.00092641
118.804 0.000974333
117.885 0.000403013
119.596 0.000781592
122.19 0.00104563
120.925 0.000922025
117.933 0.00112242
115.805 0.00117001
119.12 0.00100528
122.185 0.00102483
121.2 0.00115954
118.773 0.00103197
116.044 0.00101081
118.966 0.00113134
119.595 0.00104373
117.967 0.00104539
118.887 0.000212109
121.771 0.000767222
120.525 0.000865348
123.968 0.00107879
121.26 0.00114711
120.458 0.00105795
122.844 0.000928578
120.189 0.00109295
119.606 0.00100628
122.135 0.00108595
119.358 0.00105487
120.124 0.00104409
120.494 0.000963498
119.619 0.000969507
119.068 0.000889175
116.224 0.000980935
118.413 0.000979349
117.213 0.00111091
120.46 0.00101111
122.772 0.000955753
119.869 0.00101576
117.621 0.000987317
118.238 0.000987352
119.731 0.000988005
118.944 0.00107665
119.501 0.00104899
116.357 0.00104732
119.025 0.00102784
118.624 0.000938711
120.736 0.000986341
118.148 0.000999165
116.882 0.00100707
119.54 0.0010962
118.335 0.00110188
119.186 0.00103138
121.469 0.000987118
119.911 0.00106771
117.95 0.00109498
120.474 0.00101599
118.561 0.00114583
120.785 0.00111959
120.157 0.001066
116.726 0.000102356
120.477 0.00110745
119.292 0.00106159
118.025 0.00097614
121.844 0.00108263
121.391 0.00107526
118.52 0.00112245
120.769 0.000980302
120.202 0.000105801
120.344 0.00103565
116.907 0.00102477
120.917 0.000562026
118.86 0.00116553
117.59 0.00104912
120.626 0.000891872
119.775 0.00100121
120.154 0.00103464
121.644 0.000909413
121.316 0.000993803
119.357 0.000982033
118.83 0.000989154
120.462 0.00111004
117.769 0.00113877
117.386 1.10373e-05
120.868 0.00110508
122.016 0.00105406
118.683 0.00115338
120.607 0.00100396
119.275 0.00111967
123.815 0.000953565
120.071 0.000959443
121.067 0.00105284
119.557 0.00111978
119.574 0.000978576
121.17 0.0010787
119.11 0.00100363
117.001 0.00111631
120.961 0.00102364
119.611 0.000994939
117.047 0.00111889
119.227 0.00108277
119.181 0.00102574
121 0.00104558
119.008 0.00111904
119.866 0.00103049
119.381 0.00102622
116.412 0.000985528
116.872 0.00103212
116.056 0.000566458
119.558 0.00101478
118.45 0.000671555
121.36 0.00111543
118.067 0.000960998
121.367 7.33277e-06
118.211 0.00108752
117.928 0.0010663
122.765 0.000993739
120.459 0.000935417
119.072 0.00112298
119.656 0.00104991
121.14 0.000775892
119.771 0.000960134
119.858 0.00109356
116.951 0.000946903
118.13 0.00109622
117.293 0.000394687
117.363 0.00112998
120.984 0.000965084
116.656 0.0011084
120.516 0.00102408
119.76 0.00110544
120.296 0.00112221
123.196 0.00104356
118.079 0.00102542
117.566 0.00112384
117.37 0.000940795
120.68 0.00104641
121.153 0.00105244
120.158 0.000922349
120.037 0.000983528
119.985 0.00111968
118.87 0.00109203
121.667 0.000977973
115.938 0.000965679
117.734 0.000998221
118.718 0.00102033
122.028 0.00107229
119.595 0.000976987
117.948 0.00108719
119.226 0.00106813
121.883 0.000959883
119.988 0.00104151
120.033 0.00100325
119.75 0.00098822
116.049 0.00101071
118.245 0.00102794
119.858 0.00113817
119.468 0.00109039
121.164 0.0010585
118.286 0.000932172
118.05 0.000964487
120.848 0.000983769
118.717 0.000967679
119.576 0.00099444
120.243 0.00113301
119.937 0.00104836
120.054 0.00110976
120.164 0.00102441
123.775 0.000967556
119.935 0.00077187
120.147 1.88094e-05
120.436 0.00084498
119.239 0.00102841
120.389 0.00102141
121.657 0.00112718
117.307 0.000976703
121.584 0.00113306
116.031 0.00113003
121.036 0.000964696
117.71 0.00112505
116.955 0.0010752
120.157 2.8879e-05
118.452 0.00103621
122.639 0.000879323
121.808 0.00103389
116.872 0.0011337
121.939 6.89811e-06
121.24 0.00100992
119.692 0.000993544
120.782 0.00099276
117.714 0.000673441
121.054 0.00102353
119.086 0.00104104
115.966 0.00110469
118.604 0.000949321
120.383 0.00111862
120.854 4.77513e-05
118.905 0.000970524
120.527 0.000293053
120.789 0.00112844
119.076 0.00066683
119.992 0.00107394
120.369 0.00110649
121.35 0.00109001
121.585 1.06906e-05
121.091 0.00112106
121.418 0.000988513
116.752 0.000961148
121.073 0.00100969
118.096 0.00115604
118.958 0.00103816
117.555 0.000296708
118.309 0.000982574
120.09 0.00111588
121.151 0.000942321
120.378 0.000976642
115.467 0.0010061
119.434 0.000916915
119.171 0.000969797
116.826 0.000993851
122.138 0.000937963
119.71 0.00114892
121.02 0.00111527
122.018 0.000969383
122.79 0.00109119
118.836 0.0010357
119.554 0.00101451
117.535 0.000885996
122.66 0.00106788
120.529 0.00112313
118.067 0.00104155
117.612 0.00100548
121.212 0.000989262
119.614 0.00111368
117.279 0.000997784
115.156 0.00101252
118.039 0.0010376
119.969 0.000666462
117.608 0.000950819
119.189 0.00103095
122.214 0.000962558
119.211 0.00100027
119.362 0.00101661
119.255 0.000672284
122.164 0.00102943
118.774 0.000996927
122.186 0.0010954
115.065 0.00109364
118.809 0.000983829
119.445 0.00108364
122.25 0.000975912
115.099 0.00111753
119.976 0.000571012
117.986 0.000921125
120.116 0.000106039
119.718 0.000996821
120.455 0.0009642
119.818 0.00113737
118.064 0.00102362
119.208 0.00110976
120.492 0.00102606
119.155 0.00117052
119.477 0.000989262
118.54 0.000302521
119.563 0.00112129
120.584 0.000980302
120.286 0.000994342
120.946 0.000961224
120.268 0.000975629
120.054 0.00113399
119.654 0.00106775
120.638 0.000963847
118.51 0.00103519
118.303 0.00100326
121.549 0.000932997
122.274 0.000918904
121.067 0.00116828
120.693 7.17907e-05
116.479 4.19594e-06
119.251 0.00101317
120.189 0.000843607
119.411 0.000958292
119.076 0.00100072
117.82 0.0011122
122.04 0.000679782
118.81 0.00107027
120.078 0.000440452
119.751 0.000907083
119.299 0.000685808
121.783 0.00104074
116.301 0.00100288
118.087 0.000572416
119.73 0.00111702
118.2 0.00101198
119.34 0.00110156
118.085 0.00076285
118.799 0.00111905
122.316 0.00100929
121.772 0.00091554
118.763 0.000974777
118.532 0.000994538
119.958 0.000972341
120.093 0.000995841
120.472 0.0010079
120.343 0.0010329
118.658 0.000850796
121.896 0.000975816
119.633 0.000976423
119.933 0.00102621
120.212 0.000932651
121.647 0.00102832
117.728 0.00100125
119.292 0.00107879
121.451 0.00103551
118.835 0.000993627
118.898 0.000989249
120.044 0.0011292
119.376 0.000988846
121.782 0.00101346
121.279 0.00098217
119.325 0.000985615
119.136 0.00100303
120.607 0.000974438
120.011 0.000534939
117.128 0.0011409
116.941 0.000925112
123.169 0.00097066
121.324 0.0011104
119.762 0.00108105
119.643 0.00100414
121.652 0.000933959
118.757 0.000972171
120.058 0.00104372
115.886 0.00107556
118.457 0.00092315
118.999 0.00102374
119.881 0.000979258
118.173 0.000286854
120.455 0.00108594
119.917 0.000836845
119.61 0.000995436
119.496 0.00112968
117.873 0.00112702
116.1 0.00106011
119.045 0.00105864
119.246 0.000988833
117.884 0.000952034
118.555 0.00102137
115.584 0.000960541
118.702 0.000998136
120.685 0.000290792
120.708 0.00110359
118.981 0.000953565
120.313 0.00116828
117.547 0.00104545
121.202 0.000988526
120.062 0.00100451
120.261 0.0011217
116.878 0.00106653
118.787 0.00102101
119.893 0.00110232
121.677 0.000978693
117.751 0.000996683
118.98 0.00111197
123.68 0.00105044
119.687 0.00087502
119.24 0.00096867
115.894 0.000191586
119.034 0.00102607
118 0.000906653
121.908 0.00118057
120.05 0.000976593
115.709 0.000938821
120.112 0.00101993
118.61 0.000993114
120.356 0.00102966
116.886 0.000474216
119.131 0.00108033
117.231 0.000531517
120.457 0.00113482
119.104 0.00101175
122.445 2.95544e-05
120.656 0.000989724
117.04 0.00107987
120.821 0.000982574
119.02 0.000934201
116.636 0.000880599
121.627 0.00099693
119.514 0.00110872
120.266 0.000553786
118.016 7.10888e-05
120.149 0.000969175
118.209 0.000936665
118.532 0.00108933
119.048 0.000214113
119.404 0.00101171
116.424 0.00105866
120.102 0.00096542
119.005 0.00100913
118.225 0.00109604
122.603 4.19716e-06
119.665 0.000998354
121.665 0.000916279
119.817 0.000997042
119.12 0.000862048
118.901 0.00111025
120.74 0.000379086
118.869 0.000977917
119.44 0.000106702
116.714 0.000951876
123.41 0.00102247
119.791 0.000973841
120.196 0.00111291
120.346 0.000974993
120.201 0.000952059
120.236 0.00113466
119.784 0.00106177
119.368 0.00112477
118.278 0.00107596
119.309 0.00108116
122.566 0.0010484
119.584 0.00103572
122.929 4.13332e-06
120.385 0.00101577
121.588 0.000981209
119.115 0.00100242
118.673 0.00114187
119.972 0.00101724
120.606 0.000985357
115.015 0.00101274
119.89 0.00104337
118.76 0.00105226
119.86 0.00114379
118.055 0.00110915
122.453 0.000870955
120.452 0.00110343
119.566 0.00101289
117.56 0.00105494
117.718 0.000871235
119.133 0.00106787
117.306 0.0011087
119.775 0.000977647
115.467 0.000936847
119.246 0.000990598
119.583 0.00103549
119.512 0.00100128
117.671 0.000912663
118.931 0.00112492
120.432 0.0010285
119.866 0.00107183
120.131 0.000997272
120.853 0.000353049
117.574 0.000962174
120.468 0.000946696
118.009 0.00102858
120.407 0.000976378
120.036 3.95182e-06
119.261 0.00105572
120.988 0.00112701
122 2.94348e-05
120.969 0.00100099
120.154 0.0011286
118.024 0.000962497
118.135 0.00108185
119.963 0.000990376
119.054 0.000930541
118.464 0.00106953
121.585 0.00102464
117.134 0.00111704
119.182 0.000961977
120.196 3.06758e-05
120.824 0.00100601
123.158 0.000986736
121.359 0.000981019
117.779 0.00102453
119.485 0.00101552
123.797 0.00101354
121.442 0.000899436
119.268 0.00103573
120.854 0.000923038
119.02 0.000970358
120.541 0.00104967
117.569 0.000476192
120.844 0.00106641
117.428 0.000962761
117.8 0.00100022
121.457 0.00112833
119.495 0.00102984
117.258 1.88303e-05
124.31 0.00106288
120.965 0.00090135
117.536 0.000962789
120.939 0.000957403
119.996 0.000968696
122.149 0.00110996
122.107 0.00101307
122.643 0.00101282
120.683 0.00104054
117.093 0.000773936
120.625 0.000216356
118.052 0.000995314
122.2 0.00108332
115.264 0.00101238
118.066 0.0011234
118.913 0.000971064
119.015 0.00102233
120.732 0.000813097
124.407 0.00103239
122.181 1.82402e-05
120.816 0.000498812
116.482 0.000882354
121.444 0.000983677
118.794 0.00100941
118.855 0.0009329
120.592 0.0011172
118.481 0.00105691
118.676 0.00101346
119.316 0.00104634
119.875 0.00030316
119.762 0.00101305
120.966 0.000996693
118.024 0.00110036
120.423 0.00112794
120.151 0.00100582
117.102 0.000995369
117.961 0.00116091
115.528 0.000992655
119.012 0.000841563
119.632 0.00105036
118.435 0.00105997
120.849 0.000976686
118.763 0.000980711
119.35 0.000989687
120.104 0.00103886
116.072 0.00100847
116.658 0.000904663
119.36 0.00110887
117.948 0.00110898
122.054 0.00111959
118.913 0.000995694
119.442 0.000956812
119.605 0.00100101
119.433 0.00109593
120.784 0.00101564
119.591 0.000471051
119.779 0.000972282
119.968 0.000977441
119.122 0.00103608
120.724 0.00113173
120.954 0.000983194
117.73 0.000919155
117.992 0.00100992
119.099 0.00111969
119.62 0.00109767
118.079 0.000720251
118.658 0.000981039
120.648 0.0010935
121.104 0.0010202
119.526 0.000583791
118.696 0.000983369
117.474 0.00113613
116.102 0.00100629
118.923 0.00108983
119.189 0.00100612
120.112 0.000991312
120.118 0.000845643
119.607 0.00101151
116.799 4.95527e-05
120.714 0.0010036
119.227 0.000944458
121.341 0.000993097
119.06 0.000955664
116.728 0.000991277
120.022 0.00099793
117.153 0.00080099
118.233 0.000997032
123.617 0.000950379
119.722 0.00101738
120.648 0.000918089
120.451 0.000380425
115.861 4.90085e-05
119.34 7.06438e-05
121.521 0.000968595
121.718 0.000957737
118.372 0.00102606
121.002 0.000982653
121.351 0.00097103
120.154 0.00098724
117.793 0.000301434
120.482 0.0011572
119.983 0.001122
123.548 0.000979293
117.683 0.000769003
120.531 0.000976075
118.754 6.74261e-06
120.137 0.00114043
120.592 0.000674899
124.143 0.000998365
118.577 0.00111298
119.998 0.000976913
119.207 0.00109673
121.168 0.00106739
120.565 0.00111186
120.943 0.00114893
117.791 0.00100533
119.184 0.000936295
119.636 0.00108849
119.855 0.00102966
121.019 0.00112656
121.082 0.00114846
117.057 0.00108824
118.924 0.00092534
117.159 0.000493205
121.161 0.00117439
121.939 0.000881647
115.891 0.000934351
120.367 0.00115699
124.555 0.000887209
120.007 0.00106581
119.216 0.00092222
117.795 0.000978832
120.078 0.00102244
120.468 0.000985471
119.521 0.00109831
115.875 0.00103322
120.506 0.000963218
119.181 0.000877931
117.751 0.00097998
118.831 0.00103408
118.541 0.00101751
120.414 0.000975209
119.658 0.00113903
118.213 0.000995027
117.835 0.00102399
117.757 0.000870047
119.709 0.000998884
120.137 0.00103185
120.507 0.00103649
115.092 0.0011355
120.676 0.00107912
121.584 0.00102155
119.554 0.000913377
117.055 0.00100053
121.731 0.000988152
118.583 0.000991847
119.273 0.000746092
120.011 0.0010575
119.841 0.00102909
117.915 0.000990438
117.029 0.00104684
120.607 0.000931916
122.472 0.00102335
118.798 0.000951805
119.359 0.00101693
118.451 0.000934164
117.777 0.000979393
119.605 0.00102599
120.658 0.000962565
118.296 0.000567127
121.932 0.00117379
118.096 0.00105734
116.494 0.00107897
117.95 0.0010196
118.195 0.000962162
119.213 7.16269e-05
121.212 0.000981939
121.274 0.000994004
120.225 0.001002
120.321 0.000963802
119.164 0.00102413
119.202 0.00101035
119.744 0.000961151
120.206 0.000969745
121.25 0.000982908
120.406 0.00110993
118.773 0.000106561
122.182 0.00101291
120.101 0.000759548
119.797 0.000981737
119.53 0.00112089
118.939 0.000973266
121.366 0.000905042
120.304 0.000447081
117.552 0.00101818
118.649 0.00101592
120.575 0.00097686
120.137 0.000377501
121.021 0.00107383
121.828 0.00028847
120.293 0.00111153
121.744 0.000975471
118.903 0.00104821
119.214 0.00056629
116.713 0.00101222
124.285 0.00110768
120.937 0.000982657
118.684 0.000980625
122.405 0.00113758
118.236 0.000775892
118.835 0.0011324
121.936 0.00102214
115.557 0.00116916
118.644 0.000926968
121.01 0.00109325
116.531 0.0010133
119.497 0.00110266
121.029 0.00101779
117.656 0.00109058
118.59 0.00100501
118.049 0.00112344
118.91 0.00103476
118.849 0.000960557
115.744 0.00102692
119.797 0.00100293
121.109 0.00096791
123.84 0.000979804
119.693 0.00113745
120.147 0.000987426
119.51 0.000994084
118.942 0.00100842
124.994 0.00015314
123.109 0.000842089
119.663 0.00112163
119.577 0.000911028
119.025 0.000966403
119.617 0.00105242
121.754 0.00114257
119.919 0.00110062
119.719 0.00100505
117.24 0.00101694
120.561 0.00113423
119.634 0.00106785
120.083 0.0010214
119.367 0.00100334
120.133 0.00114092
121 0.00104675
119.181 0.00101099
115.383 0.000975868
118.957 0.00105801
119.599 0.00100668
120.68 0.00105234
120.869 0.0010865
121.453 0.00101494
119.081 0.000979421
120.089 0.00105748
118.694 0.000751794
119.764 0.00117751
118.914 0.00103444
120.049 0.00112729
119.622 0.000213794
121.655 0.00100252
118.162 0.000927971
116.823 0.00103281
118.085 0.000959538
119.606 0.00106498
119.827 0.000977197
120.167 0.00103527
119.862 0.00110909
119.254 0.0011344
121.871 0.000994681
120.602 0.00107753
117.005 0.00108847
119.684 0.000964033
117.787 0.00102996
121.093 7.16825e-05
115.648 0.00102894
120.707 0.00101969
119.333 0.000675513
121.013 0.000970554
119.383 0.00100073
118.555 0.00102925
121.323 0.000996261
122.568 0.0010707
123.181 0.00105914
120.459 0.000954508
118.891 0.00015331
118.583 0.00104025
119.764 0.000925779
119.974 0.0010912
118.676 0.000850504
121.79 0.00094343
118.726 0.00110957
116.544 0.00104421
120.185 0.000919273
117.607 0.000938922
121.069 0.00103821
119.968 0.00109769
120.023 0.000997067
120.379 0.00101191
119.309 0.000984791
117.542 0.00102941
121.146 0.000918384
118.843 0.000987836
119.719 0.00107128
119.872 0.00100334
115.036 7.40735e-07
118.298 0.00102319
119.251 0.000949632
118.274 0.000927521
115.342 0.000994615
117.077 0.000973431
119.229 0.00119686
119.641 0.000378954
117.319 0.00109928
122.214 0.00100764
122.626 0.000896515
121.18 0.00108796
121.604 0.00099382
116.143 0.000624847
121.237 0.000983696
119.743 0.0011013
119.086 0.001012
118.504 0.000988549
120.704 0.000842839
121.602 0.000940157
120.405 0.00102289
120.537 0.000903104
119.702 0.00110013
120.917 0.000979821
120.56 0.00117683
119.569 0.000977791
120.661 0.000926623
118.925 0.000987601
121.98 0.000966092
121.523 0.00108369
119.267 0.00111383
119.184 0.00108194
123.064 0.00103777
121.236 0.000980173
119.577 0.00110242
120.275 0.000995912
119.755 0.00103089
119.64 6.8564e-05
123.262 0.00103876
120.499 0.00116389
121.663 0.00107339
120.006 0.00100584
119.157 0.000972207
121.218 0.00112835
120.026 0.000992162
121.858 0.00095407
121.743 0.000997094
118.763 0.000998746
117.65 0.000999466
120.743 0.000971816
116.489 0.000891006
119.129 0.0010394
120.031 0.000914413
119.687 0.000978129
117.671 0.00092037
120.214 0.000971211
117.004 0.00104549
119.96 0.00101048
118.523 0.00113637
117.834 0.00101204
119.217 0.00108818
118.364 0.00105727
122.292 0.000579674
121.436 0.00095264
122.961 0.00104048
118.597 0.000709154
119.051 0.000923126
117.516 0.000977044
116.972 0.00111653
118.058 0.00100658
120.929 0.00098062
118.224 0.000995469
120.263 0.000979643
123.955 0.00104278
118.16 0.000145552
123.412 0.000980961
121.081 0.00107543
120.059 0.00108006
118.402 0.00111836
118.145 0.00109641
120.342 0.000971204
121.947 0.00100725
119.085 0.000932395
118.261 0.000977395
122.461 7.18795e-05
119.526 0.00101022
120.212 0.00102068
118.63 0.000985632
119.904 0.00108649
121.09 0.000963759
118.795 6.78625e-06
119.469 0.00111256
120.253 0.00111087
123.758 0.000957441
120.738 0.00105186
119.96 0.00111206
118.909 0.000897474
121.456 0.000973005
120.118 0.00101177
117.236 2.47176e-06
120.451 0.00107371
120.85 0.00101089
121.014 0.00101295
115.001 0.000990172
124.09 0.00114595
120.741 0.000642669
119.523 0.000992057
122.188 0.00102178
119.639 0.000970076
116.761 0.000913843
119.273 0.000987052
122.004 0.000973612
119.549 0.00106665
119.358 0.00112381
119.261 0.000971832
119.358 0.00109618
120.497 0.00101502
119.928 0.000990949
119.205 0.00102266
120.087 0.00106261
120.501 0.00100401
119.539 0.00108309
120.465 0.00112057
120.518 0.00113169
119.425 0.000977135
120.339 0.00111011
123.057 0.00102563
118.016 0.00101728
120.189 0.00100204
121.088 0.000351973
120.998 0.0010198
119.214 0.00102167
117.666 0.00101219
120.701 0.000889822
120.646 0.00100224
118.048 0.0010139
122.372 0.000972575
121.058 0.00102634
120.053 0.000970764
120.403 0.000105729
116.527 0.000926167
118.613 0.00112407
118.749 0.00101623
120.626 0.00099099
121.01 0.000941112
120.601 0.000957128
122.501 0.00104687
119.34 0.00100051
119.605 0.00100025
117.211 0.00107439
118.394 0.000967259
119.759 0.000853269
119.032 0.00109932
119.233 0.000922768
117.786 0.00111257
118.318 0.000982951
118.799 0.000925632
119.483 0.00103916
121.387 0.00108286
119.153 0.0010724
122.474 0.00091712
120.667 0.000970907
115.824 0.00112657
122.705 0.00103033
120.867 0.00102103
120.077 0.00105504
119.329 0.000993094
120.386 0.000981849
122.934 0.00107195
119.628 0.000991218
119.119 0.00105889
119.011 0.00107412
121.451 0.00105276
119.681 0.000976835
118.406 0.000979086
120.053 0.000863942
119.703 0.00100221
119.42 0.00111189
119.573 0.00108988
120.086 0.000970566
119.682 0.00107195
120.34 0.00109251
117.537 4.12473e-06
117.504 0.000984985
118.581 0.00105064
118.381 0.001137
115.485 0.00101524
121.027 0.00111906
116.88 0.00113527
119.573 0.00100306
119.929 0.000966867
118.274 0.00112444
120.2 0.000992117
120.555 0.000985638
119.613 0.000984855
121.542 0.00101505
121.912 0.00103217
118.625 0.000909511
120.809 0.00100744
120.474 0.00101795
119.538 0.000973896
117.793 0.000998467
116.351 0.000962656
117.163 0.00102207
118.925 0.000951861
121.671 0.000775432
120.297 0.000387451
120.524 0.00100746
121.6 0.000989736
121.74 0.000898639
120.857 0.0010326
119.744 0.00111188
116.625 0.0010127
120.76 0.00111454
119.92 0.00110993
121.475 0.000978267
119.534 0.00101082
119.908 0.000978231
119.314 0.000993928
120.291 0.00104149
118.36 0.000976394
118.22 0.000620253
119.774 0.00103392
121.3 0.000475965
120.356 0.000999165
117.223 0.000950562
117.623 0.00102476
119.222 0.00105189
115.976 0.000991641
118.133 0.00107471
118.679 0.000392053
121.678 0.000936521
120.262 0.000917365
117.031 0.0010986
118.539 0.00100716
117.573 0.00111085
121.007 0.00104192
119.927 2.93464e-05
118.066 0.000984287
125.296 0.000940432
121.762 0.00102045
120.354 0.000982874
122.329 0.00097857
119.631 0.000967897
118.546 0.00101881
115.635 0.00092146
119.974 0.000962693
119.35 0.000890335
119.666 4.23563e-06
121.404 0.00100611
120.877 0.0010931
118.252 0.00089612
118.172 0.000938081
123.035 0.000771121
118.008 0.00106175
117.778 0.0011727
120.629 0.00107229
119.392 0.00101267
122.099 0.000988511
119.854 0.0009807
120.47 0.000157135
115.352 0.00096154
120.533 1.9324e-05
119.17 0.00105213
122.151 0.000986973
120.032 0.000978314
118.379 0.000854846
120.958 0.000993734
118.354 0.00104499
120.257 0.00110081
118.261 0.00100394
119.606 0.00115806
119.043 0.0010878
116.411 0.000958239
119.881 0.000974734
122.773 0.00015657
118.317 0.00101393
118.049 0.00102366
119.617 0.00098463
122.287 0.00114752
118.321 0.00101243
117.763 0.00101672
119.75 0.000992864
123.146 0.000983099
118.205 0.00100073
118.492 0.00101057
118.262 0.000975813
120.88 0.0010287
119.305 0.00106055
120.287 0.000968228
120.19 0.000914401
119.283 0.00102536
115.297 0.00102698
121.118 0.00100907
121.358 0.00101674
119.776 0.00102993
119.679 0.000983677
118.337 0.00101985
120.133 0.00100289
120.73 0.000995924
123.538 0.00102997
119.373 0.00110525
119.408 0.00100087
120.499 0.00098046
120.442 0.000953669
117.652 0.000981737
118.885 0.0010232
115.312 0.000863903
118.807 0.000981197
118.112 0.000907893
120.434 0.000912603
120.467 0.00100187
116.064 0.00099201
122.982 0.00100576
121.76 0.000656908
122.69 0.00104358
120.323 0.000999817
120.992 0.000994622
120.743 0.00117561
119.938 0.0011194
121.522 0.000922897
119.764 0.000215553
120.446 0.00109019
119.817 0.0010232
121.633 0.00106416
119.386 0.00110218
120.556 0.000966209
119.935 0.00105426
115.322 0.000991348
122.941 0.00102682
118.821 0.000384565
119.475 0.000934499
119.004 0.000981919
120.282 0.000859473
118.809 0.000971086
120.228 0.00103452
118.597 0.000379195
121.501 0.00101959
117.932 0.000982487
121.465 0.000773673
121.719 0.000992078
118.709 0.00112031
120.212 0.00105656
120.227 0.000984735
121.269 0.000970864
115.919 0.00109612
116.464 0.00105387
120.227 0.00101447
119.675 0.00103794
124.794 0.000945414
117.104 0.000903367
116.779 0.000939744
118.557 0.000907007
118.292 0.00101055
119.986 0.00102996
121.959 0.00107514
118.973 0.00111512
120.113 0.00103049
120.615 0.00102384
121.079 0.0010017
118.329 0.00104236
125.372 0.00105344
120.889 0.00114731
118.311 0.000996328
120.433 0.000991987
119.062 0.000993602
119.524 0.00100293
119.429 0.00101107
120.6 0.000105724
120.688 0.000214162
118.983 0.000912387
120.158 0.000988628
116.257 0.0010023
118.345 0.00115397
121.163 0.00112491
117.218 0.00104494
118.796 0.00100939
118.129 0.00101944
119.866 0.000965856
122.552 0.00102985
118.11 0.00101209
121.652 0.000946294
119.692 0.000992566
117.984 0.00113516
120.699 0.00103619
118.666 0.00110522
125.417 0.000939862
120.305 0.00103989
119.45 0.000995407
118.75 0.00106388
119.708 0.0011157
121.959 0.0010135
121.151 0.000474966
118.915 0.000852611
120.871 0.000980634
120.041 0.000988114
120.379 0.00101513
120.258 0.00108987
120.455 0.000951135
118.266 0.000948502
117.92 0.000996105
121.087 0.000963517
121.163 0.00102839
120.37 0.00103096
119.965 0.000999845
116.177 7.13311e-05
119.168 0.000979869
119.168 0.00100623
118.999 0.00110981
120.061 0.000215831
118.43 0.0010135
122.723 0.00102641
117.937 0.00107321
120.582 0.00119533
119.325 0.000981322
119.696 0.000957473
120.566 0.00100148
121.712 0.000964216
120.582 0.000996894
123.861 0.00106794
120.122 0.000768637
121.014 0.00113976
121.617 0.00111683
118 0.00106075
121.723 0.000986114
121.725 0.000107322
119.12 0.000944307
119.598 0.00114137
120.453 0.00076527
118.004 0.000765909
119.668 0.000976737
123.452 0.00105483
115.766 0.00100826
118.582 0.00102456
119.31 0.00100805
120.42 0.00102113
120.672 0.000995919
120.362 0.000999348
120.587 0.000638737
119.609 0.000963408
117.952 0.00108767
118.379 7.22567e-05
118.949 0.00102658
122.821 0.000938345
119.031 0.00109361
122.23 0.000865374
117.472 0.000294017
122.062 0.000902302
120.559 0.0010913
121.334 0.00102901
120.563 0.00101318
121.706 0.00101104
119.215 0.0010756
118.507 0.0009785
121.395 0.00100394
121.105 0.000381444
120.203 0.000465553
118.898 0.000923075
120.37 0.000979
115.714 0.000947166
116.235 0.00112569
119.061 0.00111168
115.59 0.00097108
120.948 0.00106093
121.709 0.00109859
120.532 0.000988909
117.508 0.00108731
116.884 0.00111233
119.255 0.00099907
119.917 0.00100021
120.703 0.00104465
117.439 0.00095819
120.039 0.00102818
119.769 0.0011019
118.595 0.00100028
119.516 0.000902417
118.472 0.00113303
120.942 0.00105622
119.542 0.000955475
119.875 0.00110787
120.051 0.00103461
122.964 0.00107493
121.176 0.00101032
119.042 0.000838078
121.348 0.000988219
121.882 0.00100992
120.589 0.00099233
122.578 0.00099616
116.583 0.000563802
119.695 0.00111739
118.148 0.000955871
119.685 0.000973981
119.76 0.00104382
120.272 0.00112092
119.847 0.000923729
120.84 0.000840259
116.626 0.00106201
119.842 0.0010113
115.469 0.000851222
120.639 0.0010173
118.563 0.000994558
120.29 0.00103567
120.152 0.000986632
118.504 0.000975047
119.89 0.00111015
118.942 0.000956964
121.083 0.000977325
116.881 0.00100041
121.178 0.00100567
119.423 0.000970563
118.188 0.00101401
121.327 0.00100527
119.781 0.0011062
119.258 0.00112138
117.941 0.000848651
121.214 0.00115012
119.83 0.000980863
122.04 0.000912819
118.72 0.00103438
118.495 0.00100913
121.011 0.0010362
122.498 0.00097244
118.764 0.00103354
121.36 0.00099233
121.008 0.00109081
125.374 0.000894745
120.025 0.000970465
120.73 0.00099672
121.851 0.000993152
121.488 0.00100094
118.909 0.00111756
120.344 0.00102693
120.261 0.00102572
120.01 0.000980999
119.583 0.00103537
119.545 0.00105495
120.225 0.0010023
118.901 0.00117493
117.223 0.000869921
118.315 0.00102541
118.997 0.00038369
116.498 0.000948764
121.383 0.000988939
119.001 0.000861253
117.923 0.000968427
119.215 0.00104298
120.99 0.000922244
120.652 0.000980546
121.086 0.00100098
120.407 0.000926285
118.175 0.000941233
119.252 0.000659659
121.048 0.000967255
117.421 0.000993653
120.563 0.000671871
116.953 0.000965578
118.374 0.00101649
123.213 0.00102456
122.233 0.000892208
118.406 0.000972376
119.712 0.00101632
120.45 0.000997825
117.795 0.00103558
119.21 0.000876045
119.633 0.0011131
115.274 0.00102061
118.98 0.0010077
117.587 0.00095302
117.202 0.00111426
120.146 0.00098053
118.367 0.00110997
119.212 0.000967684
122.044 0.00103924
120.963 0.000104449
118.755 0.00101482
121.121 0.000987689
120.099 0.000662635
119.279 0.00109498
121.261 0.00110749
118.305 0.000842156
119.555 0.00100414
121.5 0.00103381
119.467 0.00113039
116.363 0.00111936
120.78 0.00100095
121.34 0.00100964
124.477 0.00101236
118.754 0.000981284
118.347 0.0009835
119.998 0.00100026
117.901 0.00087612
120.528 0.00101356
117.056 0.000976083
117.706 0.00112219
120.101 0.00101491
120.237 0.00105413
120.462 0.00100744
115.661 0.000982738
118.02 0.00104435
119.719 0.000839087
121.221 0.00105706
118.455 0.000999987
120.426 7.23246e-05
118.607 0.000979696
120.222 0.000800642
118.664 0.000931406
120.257 4.87657e-05
119.855 0.000984166
120.345 0.00094242
119.589 0.00101659
122.512 0.00112815
119.724 7.51104e-05
118.566 0.00110583
118.464 0.000998555
122.381 0.000991544
123.325 0.000979803
122.473 0.00094197
118.606 0.00106242
121.545 0.000999279
119.088 0.000978727
117.756 0.00104032
123.296 0.000774247
119.626 0.000473403
121.701 0.00102206
118.414 0.000988137
119.154 0.000999965
119.478 0.00105069
118.105 0.000984801
119.655 0.000995334
120.088 0.000471298
119.61 0.00113479
118.51 0.00100771
119.072 4.75713e-05
120.292 0.00109393
117.652 0.000929944
119.139 0.000674878
119.208 0.000984541
121.189 0.000924416
120.105 0.000982643
119.039 0.00112963
120.857 1.46686e-06
117.66 0.000937165
120.244 0.000902038
120.485 0.000996649
119.435 0.00113234
122.613 0.00110594
118.254 0.00111836
116.829 0.000934108
119.874 0.00106827
119.934 0.0010077
119.024 0.000928323
120.983 0.000877198
121.323 0.000569676
122.21 0.00113116
117.039 0.000985678
116.312 0.000930286
119.623 0.00113412
121.632 0.00101857
122.672 0.000775528
124.562 0.000955835
