131.847 0.00155931
128.629 1.39194e-06
130.478 0.00158147
125.195 0.00150278
125.298 0.00132422
129.751 0.00151047
128.317 0.00157808
128.888 0.00163456
130.675 0.00155427
128.166 0.00149031
129.851 0.00148129
129.639 0.00152582
128.936 0.00147906
129.842 0.00148275
132.287 0.000108161
128.267 0.00144734
127.595 0.00156662
126.769 0.000720427
130.188 0.00153755
129.601 0.00156665
129.29 0.0015036
126.345 0.00177585
128.963 0.00147697
129.084 0.00158085
129.276 0.00161898
130.056 0.00148863
130.052 0.0014513
130.997 0.00149323
128.482 0.0016298
128.336 0.0016031
130.068 0.00151256
127.711 0.00177706
128.612 0.00152403
130.608 0.00154919
130.911 0.00155611
132.923 0.00165297
130.548 0.00156604
129.609 0.00150944
123.628 0.00152552
127.333 0.00172348
130.168 0.00156188
129.412 0.00149308
126.176 0.00148413
129.625 0.00139977
131.851 0.00155951
124.35 0.000753061
130.252 0.00151927
128.678 0.00169971
132.176 0.00151371
129.126 0.00158088
128.795 0.00150628
132.898 0.00158544
119.875 0.0014571
129.076 0.000440224
129.428 0.00156586
129.721 0.00149109
126.341 0.00157498
125.529 0.00147006
129.313 0.00128076
129.463 0.00101552
131.006 0.00149172
129.2 0.00152012
130.243 0.00149922
130.543 0.00153453
122.207 0.00153275
123.277 0.0015548
130.766 0.00133238
124.669 0.00170712
118.494 0.00152508
131.178 0.000235186
131.544 0.0015159
129.35 0.00163218
128.741 0.00158397
131.388 0.00149907
131.381 0.00169817
129.125 0.00148284
128.852 0.00154667
128.518 0.0014925
129.797 0.00155611
128.432 7.16485e-05
117.189 0.00138061
130.34 0.00140477
126.64 0.00174665
133.43 0.00156424
130.949 0.00169576
129.763 0.00152885
124.791 0.00151337
131.365 0.00139261
127.025 0.00139381
131.54 0.00141743
132.029 0.00156821
125.391 0.00136326
132.07 0.00103431
125.604 0.00152076
131.086 0.00157667
126.353 0.0014929
133.708 0.00173094
131.092 0.00153492
122.635 0.00150035
131.074 0.00150918
128.327 0.000710141
129.016 0.00161459
129.419 0.00155072
129.737 0.00118964
130.529 0.00170582
128.462 0.0014766
129.062 0.00068771
129.178 0.00151116
128.383 0.00163459
127.039 0.00158191
131.195 7.20863e-05
130.509 0.00136442
129.881 0.00156191
129.805 0.0014765
129.118 0.00150686
130.56 0.00144932
132.992 0.000574435
129.238 0.00153137
131.101 0.000236188
123.758 0.00153269
123.214 0.00139537
130.149 0.00163485
128.881 0.00169842
130.3 0.000297352
127.371 0.00150292
130.309 0.00159843
130.091 1.03438e-05
129.277 0.00142932
131.932 0.00143194
129.645 0.001497
131.896 0.00170191
130.345 0.00160666
128.524 0.0016842
130.591 0.00155436
130.3 0.00153484
129.296 0.00145271
129.337 0.00071735
127.713 0.00161139
129.962 0.00144883
129.298 0.00160876
131.151 0.00149289
124.876 0.000163348
128.193 0.00154649
128.056 0.00102319
131.243 0.00155505
123.965 0.00152807
129.374 0.00162388
135.348 0.00149203
131.939 0.00136804
128.084 0.00171226
129.146 0.00170729
127.547 0.00151534
128.6 0.0015252
128.333 0.00154079
129.751 0.00156395
133.198 0.00148808
129.435 0.00161281
130.977 0.00152002
128.486 0.00157909
127.328 0.00142319
130.144 0.00088837
130.527 0.00171078
130.597 0.00162526
130.524 0.00148693
130.666 0.001542
130.304 0.00152672
130.449 0.00169369
131.517 0.00154397
129.08 0.00147544
127.818 0.0017263
127.973 0.000333819
130.224 0.00151279
119.873 0.00144656
132.621 0.00160269
130.014 0.0015444
130.157 0.000439814
133.344 0.00150501
126.905 1.07112e-05
126.682 0.00145721
129.77 0.000314702
128.828 0.00162498
130.712 0.00150582
131.206 0.00148057
126.668 0.00140424
129.228 0.00150153
136.218 0.00156151
121.107 0.00015488
130.63 0.00160308
125.14 0.0013999
132.078 0.00148179
129.965 0.00140658
130.113 0.00152569
130.185 0.00160709
130.86 0.00156475
125.346 0.00151452
127.97 0.00163842
119.591 0.00147986
127.678 0.00155264
123.275 0.00139014
130.41 0.00165303
131.284 0.00111103
124.111 0.0014895
129.783 0.001463
134.121 0.00178854
128.987 0.00162612
131.251 0.00143049
130.231 0.00100739
127.818 0.00148828
131.068 0.00149133
127.168 0.00156604
130.593 0.00162296
132.358 0.00149818
130.619 0.00149431
129.304 0.00161637
131.202 0.00145779
128.668 0.00156899
125.824 0.00149852
127.623 0.00162671
133.036 0.00148861
132.092 0.00151367
129.397 0.00150807
129.974 0.0014859
128.732 0.00139308
129.289 0.00159712
127.781 0.00170793
131.269 0.00162191
130.023 0.00151619
129.668 0.00158221
130.015 0.00148257
135.332 0.00148474
127.125 0.00146243
129.131 0.000321719
126.964 0.00141819
128.693 0.00150269
119.645 0.00172685
127.864 0.00154141
130.563 0.00156983
126.213 0.00141318
131.07 0.00138115
130.168 0.000322139
129.581 0.00148905
117.463 0.00128813
128.751 0.00163756
131.37 0.00141836
128.841 0.00158555
134.395 0.00149745
121.109 0.00158439
130.196 0.00163182
130.031 0.00157836
130.447 0.00139816
129.173 0.00149125
130.561 0.00163194
128.591 6.26783e-06
130.814 0.00149602
130.78 0.00152875
130.792 0.0015044
130.765 0.00132257
129.968 0.00138314
129.654 0.000861751
129.251 0.000883004
126.711 0.00138668
129.399 0.00087038
130.774 0.0015001
128.883 0.00150946
126.782 0.00163321
129.09 0.00167936
130.622 0.00160528
130.297 0.00149646
126.732 0.00148255
128.77 0.00150946
132.969 0.00144201
130.824 0.00137806
128.045 0.00156316
132.057 0.00154398
130.205 0.00150236
129.495 0.00150651
129.25 0.00166683
131.171 0.00174257
129.122 0.00149819
130.812 0.0015347
129.448 0.00150998
129.377 0.00148389
128.578 0.00172662
126.711 0.0015557
127.898 0.00168638
132.434 0.001506
127.516 0.000445656
130.334 0.00155503
131.582 0.00156009
120.087 0.00147188
133.695 0.00166288
130.554 0.00016331
128.979 0.00151974
130.982 0.00148172
121.234 0.00155883
129.651 0.00169284
128.922 0.00169789
130.151 0.0017052
130.045 0.00154221
129.483 0.00171229
128.746 0.00152146
130.882 0.00172471
126.259 0.00156171
129.574 0.00140864
126.611 0.00164974
131.172 0.00156209
129.287 0.0016714
131.292 0.00162957
125.931 0.0017506
127.178 0.00150437
128.125 0.0014953
120.629 0.00154328
130.06 0.00153495
126.292 0.00173078
127.757 0.00171598
124.105 0.00164672
127.781 0.00171367
116.489 0.00153895
130.355 0.00161735
119.389 0.00171909
118.039 0.00149235
130.049 0.00148897
129.537 0.00152136
129.111 0.00170464
131.095 0.00169601
126.154 0.00143976
129.367 0.00163851
130.623 0.00154601
129.264 0.00150685
129.117 0.0015942
127.084 0.00157497
131.126 0.00147478
129.203 0.0016443
129.456 0.00102287
118.817 0.00155815
133.288 0.00154167
130.217 0.00155222
127.332 0.00153011
130.122 0.00148911
131.341 0.00148869
128.058 0.00168489
128.637 0.00152577
129.389 0.00154661
125.408 0.000105118
128.349 0.00153116
130.138 0.00150932
128.807 0.0015808
117.473 0.00173407
129.954 0.00148638
128.126 0.00149487
129.741 0.0012477
129.375 0.00154373
131.563 0.00146672
125.452 0.00149973
129.509 0.00153139
130.93 0.00141726
130.961 0.00171603
132.355 0.00152516
127.158 0.00153229
129.016 0.00147394
127.61 0.00154429
129.161 0.00151655
129.473 0.00151731
129.136 0.00156026
129.922 0.0015872
129.332 0.00104292
127.892 0.00174434
128.089 0.00150259
126.38 0.0015592
130.72 0.00149987
127.01 0.00151987
129.927 0.00157167
126.529 0.00153746
127.904 0.000866132
126.111 0.00149199
131.616 0.00152079
130.534 0.00148588
130.979 0.00156952
128.303 0.00153057
122.974 0.000235769
125.875 0.00152536
129.286 0.00148621
129.962 0.00144315
130.268 0.00158502
127.911 0.00171714
131.005 0.0015885
133.653 0.00147989
129.582 0.00150678
132.168 0.00166923
116.177 0.00131378
129.343 0.00158979
129.656 0.00115614
130.483 0.00152147
130.299 0.00149177
130.928 0.00160246
128.444 0.000428736
129.883 0.00148919
124.316 0.00139192
124.986 0.00147048
130.032 0.00149039
130.297 0.001399
127.925 0.00150384
129.123 0.00149221
130.25 0.000327671
131.96 0.0014965
130.824 0.00155555
130.362 0.00155187
122.368 0.000729167
130.781 0.00145562
132.757 0.00155931
132.654 0.000232217
131.042 0.00170715
123.918 0.00141513
129.817 0.00154
123.71 0.00154372
128.911 0.00147168
129.022 0.00171789
127.371 0.00116002
129.368 0.00175714
127.172 0.0010974
121.658 0.0014131
130.469 0.00147256
130.115 0.0015227
125.946 0.0015216
127.932 0.00163526
129.968 0.00150971
134.467 0.000105382
131.107 0.00152081
131.66 0.00161067
129.412 0.00130635
128.554 0.00167222
130.776 0.00162955
128.444 0.00150154
127.207 0.00149196
128.967 0.00110916
132.094 0.00140136
131.465 0.00156259
124.103 0.00169028
131.278 0.00154328
128.863 0.00162604
128.891 0.00155415
129.682 0.00168276
129.959 0.000945897
131.201 0.00154164
129.688 0.00157364
129.85 0.00151286
120.817 0.0016273
130.496 0.00156036
132.449 0.00129795
129.836 0.00151977
129.947 0.00162222
127.786 0.00168042
130.179 0.00153355
132.62 0.000206902
129.519 0.00023372
128.054 0.00132287
126.44 0.0017856
127.228 0.0015
127.882 0.00167705
134.327 0.00152588
129.63 0.00150098
128.852 0.00150752
121.278 0.00151737
124.167 0.00170674
128.517 0.000873522
133.306 0.000872463
130.26 0.00032472
129.905 0.00160689
132.558 0.0015479
131.755 0.00150424
129.432 0.00148991
128.503 0.00154335
130.381 0.00158731
130.78 0.00148252
127.733 0.0014521
121.882 0.00150893
130.155 0.00142411
133.759 0.00146737
130.169 0.00153456
131.323 0.00142051
127.905 0.00156309
123.759 0.0015874
130.467 0.00151983
128.56 0.00155727
130.571 0.00149676
129.106 0.00150902
127.092 0.00160184
129.427 0.00153272
130.438 0.00170793
129.546 0.00150243
128.651 0.00150051
130.421 0.00150522
129.195 0.00148857
130.082 0.00147
119.246 0.00143908
130.539 0.00158079
130.355 0.00172986
130.508 0.00174491
130.836 0.00150786
128.719 0.00154869
130.484 0.00145094
123.62 0.00153635
128.469 0.00170354
130.119 0.00156531
129.573 0.00153885
130.537 0.00140044
130.132 0.0016947
129.114 0.000448193
132.479 0.00154032
130.736 0.00102534
128.918 0.00160888
122.557 5.92774e-06
127.528 0.00146774
131.348 0.00153386
128.435 1.01233e-05
128.324 0.00151786
130.528 0.00128847
132.291 0.0015075
129.574 0.00148584
131.879 0.00173585
127.649 0.0015042
122.98 0.00148673
123.048 0.000869787
129.447 0.000327059
130.286 0.00162458
129.653 0.00162224
119.157 0.00148112
131.301 0.000444423
128.057 0.00153727
128.976 0.00143441
127.886 0.00166079
136.272 0.0013112
124.374 0.00175282
129.513 0.00148619
132.626 0.00155002
127.257 0.00158476
129.017 0.000161741
128.731 0.000161438
128.482 0.00147279
130.711 0.00167491
132.815 0.00152173
129.317 0.00146615
120.003 0.00156371
126.172 0.00170879
128.291 0.00169317
129.043 0.00152767
132.564 0.00171892
128.978 0.00153755
129.512 0.00152139
129.136 0.00151612
126.365 0.00173353
127.754 0.00148547
129.451 0.00151566
130.662 0.00173617
128.58 0.00152831
131.54 0.00164617
130.199 0.00152179
121.119 0.00175412
132.734 0.00174194
130.196 0.000569515
130.031 0.00151611
128.83 0.00154425
130.044 0.00147098
129.48 0.00129388
130.473 0.00150044
129.542 0.0014869
132.422 0.00149166
130.859 0.00143358
130.71 0.00154614
130.244 0.00140661
130.453 0.00148086
128.599 0.00158957
131.65 4.47714e-05
127.697 0.000110359
129.728 0.00161391
128.967 0.00161464
127.918 0.00162017
125.809 0.00150878
127.767 0.00156301
131.067 0.00156554
129.623 0.00160932
127.573 0.00142314
131.962 0.00149246
127.438 0.0014871
129.41 0.00151127
127.985 0.00155741
127.21 0.00149013
130.541 0.00159039
134.073 0.00145304
132.268 0.00159814
125.91 0.00154277
129.09 0.00154806
121.308 0.00167787
128.774 0.00158936
125.955 0.00156016
128.555 0.00170942
129.363 0.00170178
131.9 0.00149105
123.297 0.00149545
129.309 0.000829378
128.566 0.00160176
128.207 0.00143507
127.828 0.00154296
123.791 0.00160906
132.432 0.000715309
129.305 0.00151477
131.126 0.000673205
127.32 0.00162909
129.309 0.00154057
129.078 0.00118822
130.895 0.00170458
131.255 0.00148898
129.689 0.00149427
129.656 0.00166843
131.074 0.00152878
131.113 1.74745e-05
131.318 0.00155564
129.361 0.00170992
121.551 0.00156166
129.588 0.00131402
130.693 0.00152359
122.278 0.00168572
130.525 0.00162255
121.828 0.00140747
128.43 0.00153783
120.034 0.00144697
129.29 0.00157876
130.994 0.00150095
133.514 0.00153408
130.722 0.0015598
130.34 0.00150017
130.977 0.00170273
129.603 0.0015797
132.573 0.00152872
129.254 0.00149733
128.512 0.000330627
128.337 0.00173696
130.026 0.00156079
134.113 0.00149001
132.445 0.000164059
133.119 0.00178854
130.936 0.00154335
129.002 0.00139858
125.832 0.00154385
129.732 0.000720997
130.57 0.00134595
131.7 0.000581184
130.759 0.001494
130.168 0.00169698
130.095 0.00140457
128.842 0.0014588
128.063 0.00162441
130.332 2.20129e-06
137.327 0.00165467
129.077 0.0014779
129.497 0.0014106
130.945 0.00152644
127.642 0.00161049
128.77 0.0014955
128.807 0.00157773
130.129 0.00132174
128.614 0.00173893
129.686 0.00150336
131.971 0.0014274
128.833 0.00156272
131.521 0.00157318
129.865 0.00148705
127.251 0.00156334
124.641 0.00150795
128.214 0.00169185
128.692 0.00149813
129.67 0.00151802
124.749 0.00156698
128.639 0.00150514
133.79 0.00158703
131.959 0.00151083
125.026 0.00151266
131.083 0.00167307
129.881 0.00136738
128.358 0.00151817
129.73 0.00145171
129.703 0.00151546
119.43 0.00175875
127.907 0.00162816
129.593 0.0017296
130.189 0.00153927
130.864 0.00159683
129.701 0.00143297
128.877 0.00139079
128.698 0.00146895
123.372 0.00156305
129.137 0.00159194
130.269 0.00151686
128.973 0.00152884
126.943 0.00149462
117.503 0.00163118
130.561 0.00117559
126.476 0.00156013
128.877 0.0013679
128.428 0.00150343
123.934 0.00152566
130.253 0.00154859
130.239 0.00171672
130.426 0.00151189
126.04 0.0014951
129.613 0.0015246
126.832 0.000233089
129.077 0.00151455
126.848 0.00154259
125.548 0.000839016
130.161 0.00164703
126.44 0.00150755
130.468 0.00171025
129.489 0.001344
125.967 0.00160204
132.931 0.00161183
130.004 0.00149423
131.043 0.00147119
131.48 0.000576277
132.015 0.00170219
129.628 0.00139059
132.404 0.00152453
128.015 0.00101698
132.491 0.00163235
129.028 0.00170088
124.932 0.00149926
127.04 0.00155531
129.293 0.00153207
129.191 0.0011815
128.579 0.00154891
129.423 0.00160114
131.251 0.00152245
128.189 0.00150318
130.727 0.00169118
130.539 0.00150095
131.261 0.00107816
125.996 0.00172058
130.077 0.00175435
127.963 0.00150907
124.705 0.00170737
130.775 0.00101991
132.183 0.00141666
129.972 0.00156299
125.775 0.00155083
126.671 0.00151078
131.371 0.00159878
129.912 0.00149638
124.76 0.00116021
130.056 0.00163753
132.002 0.00150861
130.436 0.00148519
126.974 0.00162326
128.805 0.00149451
132.019 0.00163044
132.425 0.00151538
132.088 0.00153757
133.398 0.00159142
127.733 0.00150955
128.474 2.88452e-05
130.727 0.00142145
125.009 0.00159503
116.144 0.00163212
127.605 0.00147989
129.723 0.0015063
127.295 0.00154589
129.914 0.00167456
131.219 0.0017465
128.318 0.0015117
125.223 0.00148031
128.903 0.00129131
129.541 0.00165983
129.464 0.00155021
129.761 1.043e-06
131.145 0.00155489
133.748 0.000587051
128.972 0.00163216
131.775 0.00166995
134.017 0.00157881
127.887 0.00149781
125.267 0.00162712
126.627 0.00161882
121.322 0.00153016
115.934 0.00150434
131.595 0.000954853
128.905 0.00171947
123.602 0.00152871
129.851 0.000531519
129.255 0.00154192
130.074 0.00133096
117.881 0.00145079
128.984 0.000711446
129.177 0.00149096
130.924 0.000815581
128.797 0.00158734
130.797 0.00148825
128.941 0.00154012
129.463 0.00169288
132.543 0.00139113
130.46 0.00154665
131.019 0.000285426
129.836 0.00156353
118.785 0.00149457
130.443 0.00166275
129.058 0.0014322
130.375 0.00148417
129.414 0.00150094
131.078 0.00150441
127.905 0.00150413
131.369 0.00148849
117.933 0.00148688
121.796 0.00170019
133.245 0.00147237
129.702 0.00154603
129.566 0.00139437
128.679 0.00157005
128.235 0.00147172
127.184 0.00156315
131.195 7.5056e-05
129.339 0.00150021
122.849 0.00154648
134.491 0.00145328
130.432 0.00152899
126.928 0.00152796
126.089 0.00151757
132.239 0.00169329
127.422 0.0016544
128.164 0.00139422
129.684 0.000577555
129.283 0.00127961
128.699 0.00163372
131.312 0.00140841
129.415 0.00168823
131.372 0.00155102
128.936 0.00146086
132.107 0.00173893
127.661 0.00156414
129.578 0.0015718
125.542 0.00161621
134.8 0.00148388
130.824 0.00147582
129.513 0.00155907
128.542 0.00156519
128.309 0.00161877
131.537 0.00148803
128.267 0.00171749
129.602 0.000165983
124.844 0.00118722
130.89 0.00160655
126.539 0.00153566
130.473 0.00162681
133.002 0.00158141
131.171 0.00150945
128.035 0.00154993
132.998 0.00170317
127.905 0.00171985
127.476 0.00144847
129.092 0.00131391
132.941 0.00145261
131.794 0.00150802
127.668 0.00124785
128.689 0.000108197
130.262 0.00158961
130.178 0.00158219
126.124 0.00147125
129.564 2.68057e-05
133.772 0.00155552
131.046 0.00148795
129.771 0.00158005
129.035 0.00158533
128.682 0.00150946
131.703 0.00044411
128.818 0.00169752
115.594 0.001735
128.386 0.00150874
124.833 0.00139286
117.793 0.00153895
131.206 0.00142312
129.421 0.00149811
128.128 0.00146488
125.563 0.00156642
130.625 0.00154335
127.214 0.00169075
131.378 0.000164851
130.358 0.00152133
128.87 0.00155583
129.099 0.00148011
125.599 0.0016879
128.446 0.00148773
130.037 0.00149936
130.326 0.00133345
127.757 0.0015103
130.821 0.000169204
121.381 0.00158617
128.306 0.00161158
125.299 0.00156522
130.893 0.00157849
127.491 0.00138408
134.711 0.00151878
126.088 0.00137861
125.373 0.00153729
128.062 0.00159245
127.703 0.00167268
132.534 0.00160208
130.621 0.00153517
134.263 3.81567e-06
129.267 0.00151958
128.68 0.00175231
127.683 0.0016836
129.704 0.00147584
129.16 0.00160257
129.459 4.48292e-05
128.515 0.00148275
125.565 0.00162375
128.187 0.0014976
128.957 0.00139379
130.855 0.00151112
128.841 0.00149625
129.738 0.00157379
129.669 0.00158155
131.034 0.00171215
130.278 0.00155834
131.54 0.00160566
128.409 0.00141843
132.633 0.0011531
130.408 0.00147866
130.31 0.00156008
128.658 0.00158844
132.069 0.00147238
129.095 0.00157687
129.39 0.000235515
132.3 0.00137534
132.232 0.00149616
129.771 0.00145544
129.512 0.00131819
131.776 0.00154929
131.195 0.00150829
128.062 0.00140745
118.671 0.0015657
130.287 0.00149695
130.717 0.00141645
127.388 0.00153766
127.119 0.00145618
130.391 0.00157022
130.081 0.0017274
130.732 0.000422522
127.666 0.00133369
127.464 0.00158071
131.567 0.00169007
128.806 0.00140894
127.927 0.00150254
129.723 0.00149256
128.164 0.0014982
128.985 0.00168399
132.102 0.00153264
134.255 0.00156431
125.196 0.00148125
120.412 0.00101972
130.099 0.00144945
126.432 0.00147446
133.197 0.00166448
129.457 0.00173067
131.009 0.00129125
130.603 0.00162702
130.22 0.0016105
128.718 0.00138994
130.497 0.00148575
130.569 0.00146766
129.984 0.0014931
129.802 0.00161793
130.239 0.001713
129.782 0.00174954
130.635 0.00147448
130.511 0.00158223
129.186 0.00150566
131.397 0.000334221
128.878 0.00139902
130.795 0.00170755
124.629 0.00143192
125.743 0.00172284
128.526 0.0017217
125.541 0.00163454
128.814 0.00151981
124.114 0.00169021
131.515 0.00149627
131.31 0.00155245
120.961 0.00127875
129.96 0.000326419
129.949 0.00153337
128.956 0.00145666
130.727 0.00150153
127.856 0.00157286
129.795 0.00152361
126.661 0.000326084
127.18 0.001572
128.613 0.00146064
129.559 0.00154925
131.031 0.0015742
133.399 0.0015418
130.977 0.00171797
132.283 0.00150796
122.921 0.00151013
131.489 0.0015513
128.651 0.00171474
130.657 0.00150369
129.965 0.0013936
129.708 0.0017103
130.369 0.00171942
133.645 2.23388e-06
132.23 0.00136234
127.387 0.00158324
131.624 0.00163329
124.527 0.00143434
127.504 0.000110131
127.022 0.00141012
130.42 0.00149275
132.08 0.00150228
126.723 0.00151352
130.844 0.00145244
128.347 0.00152
128.484 0.00172369
122.263 0.00150208
130.144 0.00149683
129.271 0.00167585
130.947 0.00152091
126.592 0.00155571
132.345 0.00150569
130.778 0.00155682
131.746 0.00172314
127.997 0.00154267
129.008 0.00156121
128.194 0.00151279
126.636 0.00150621
127.919 0.00156666
128.726 0.00172328
127.283 0.00104249
125.889 0.00148601
118.333 0.001619
118.199 0.00151061
130.475 0.00170949
130.369 0.00173326
124.998 0.00172194
125.425 0.00150585
130.651 0.000865324
130.745 0.00152196
129.797 0.00151443
130.177 0.00154649
128.554 0.00174952
127.776 0.00170062
129.731 0.00154816
126.355 0.00157128
129.629 0.00127431
125.736 0.00148874
124.119 0.00079999
129.788 0.00158989
122.274 0.00149228
129.855 0.00157752
130.442 0.00148276
130.785 0.0017256
131.877 0.00168565
120.177 0.00146498
130.548 0.00146145
125.829 0.00162071
131.848 0.000109919
131.668 0.00152619
130.11 0.00170787
129.599 0.00154861
129.884 0.000541198
129.261 0.00152155
130.52 0.0015541
124.058 0.00144904
132.592 0.000421233
135.2 0.00125735
127.507 0.00153622
128.592 0.00148974
133.333 0.00168179
128.782 0.0015556
130.097 0.0014129
131.567 0.00169389
131.752 0.00150497
130.627 0.00133238
127.627 0.00162064
131.399 0.0016894
129.849 0.00176448
129.651 0.00146645
128.826 0.00148966
129.264 0.00148444
126.286 0.00149202
115.696 0.00156502
130.674 0.00151103
129.131 0.00149262
131.418 0.00158087
119.81 0.00148769
130.673 0.0014789
124.621 0.00152185
127.988 0.00150877
129.275 0.0015049
130.76 0.000513035
130.676 0.00153029
128.968 0.00148315
131.228 0.00156127
127.396 0.00161075
129.692 0.00151937
130.208 0.00150212
130.277 0.000110106
123.609 0.00156402
126.937 0.00155311
131.224 0.00157751
130.734 0.00160808
129.43 0.000875826
129.981 0.00138391
134.462 0.00149647
129.498 0.00150334
129.029 0.00171285
125.058 0.00152931
128.974 0.00169775
126.254 0.00169039
130.686 0.00150832
131.031 0.0013001
129.752 0.00157913
124.08 0.00167283
128.068 0.00157222
127.651 0.00131418
131.819 0.00148418
129.229 0.00152683
127.005 0.00143056
128.24 0.00149032
129.979 0.00149821
127.294 0.00154776
129.659 0.00150824
128.741 0.00173893
133.366 0.00151022
128.889 0.00155917
132.301 0.00149449
126.957 0.00153925
130.266 0.00161231
127.709 0.00149669
131.364 0.00148059
129.673 0.00148248
131.57 0.00159709
130.761 0.0016387
130.107 0.00169937
131.002 0.00165113
129.995 0.00147392
130.333 0.00170661
127.476 0.00150381
131.559 0.00161056
132.6 0.00163259
130.074 0.00160218
129.938 0.00156471
131.608 0.00139231
134.635 0.00157191
131.047 0.00169983
127.102 0.00163651
129.322 0.00142456
128.517 0.001574
120.003 0.00117261
131.04 0.00157952
128.066 0.00154848
116.222 0.00157934
128.72 0.000238461
129.359 0.00151797
128.722 0.00157503
116.152 0.0001638
126.065 0.00127955
128.399 0.000539986
129.434 0.00130248
132.914 0.0015296
130.287 0.000863311
120.63 0.00157457
130.071 0.00147248
128.979 0.00117545
122.334 0.00150678
135.758 0.00136242
130.018 0.00155434
131.254 0.00172574
130.628 0.00169345
130.792 0.00159018
125.398 0.00148176
131.018 0.0014914
129.857 0.0016007
130.725 0.00163613
129.415 0.00170917
131.102 0.00129285
129.668 0.00157964
128.942 0.00169196
133.886 0.0015261
131.112 0.00169349
128.276 0.00154503
130.123 4.49145e-05
129.421 0.00148667
131.747 0.000716461
129.664 0.00168951
130.72 0.00154171
129.929 0.00149033
125.207 0.00172377
131.382 0.00152595
127.44 0.00150489
126.408 0.00149475
130.337 0.0015034
125.212 0.00150416
126.222 0.00157452
128.511 0.00154991
130.599 0.00164187
120.352 0.0014889
123.533 0.00164013
131.38 0.00149216
129.834 0.00156927
130.883 0.00156675
128.894 0.00156207
129.768 0.00168825
129.533 0.0015215
128.861 0.00169157
129.032 0.00143043
126.234 0.00142703
129.697 0.00130329
129.561 0.00151579
130.804 0.00150761
130.046 0.00152684
130.095 0.00149279
130.078 0.00165702
129.759 0.00168939
127.03 0.00154716
131.932 0.00153808
132.259 0.00154408
127.665 0.00170972
120.421 0.0015903
129.533 0.00153822
133.018 0.00165995
128.97 0.00150631
127.108 0.00171217
130.879 0.00153649
129.147 0.00157581
129.765 0.00149725
124.425 0.00153565
131.059 0.00164012
133.437 0.00175057
129.856 0.00149548
131.504 0.00016168
130.803 0.00158622
125.725 0.00156832
128.822 0.00162014
128.849 0.00140058
130.222 0.00149676
130.821 0.00155672
128.109 0.00174415
129.065 0.00140625
129.248 0.000235048
129.086 0.00171163
122.066 0.00171097
129.224 0.000163735
129.113 0.00146163
129.161 0.00151037
129.073 0.00156197
126.559 0.00128715
128.032 0.00156329
129.156 0.00119314
129.533 0.00152604
128.228 0.00148407
123.923 0.00160518
129.649 0.00171799
127.113 2.89069e-05
127.78 0.0013906
130.232 0.00167565
123.208 0.00151575
129.948 0.00163613
133.061 0.00156602
127.955 0.00157291
127.245 0.00156329
131.795 0.0013999
125.652 0.00177645
129.046 0.000233614
118.769 0.0016819
117.042 0.000574254
131.075 0.000109669
130.14 0.00156823
130.7 0.00155064
128.755 0.0015455
127.327 0.00131393
127.863 0.00161184
129.105 0.00147591
132.26 0.00116368
130.016 0.00152171
123.07 0.00149148
130.313 0.00156991
125.564 0.0015615
129.56 0.00142966
131.346 0.00156262
130.462 0.00147749
121.03 0.00148229
126.038 0.0016273
131.371 0.0013668
132.847 0.000446687
129.253 0.00175386
130.014 0.00142831
128.785 0.0014736
128.131 0.00157287
129.038 0.00150531
130.232 0.00156374
130.254 0.00139454
130.008 0.000111538
130.741 0.00159509
128.59 0.00149361
131.953 0.0015962
123.826 0.00144349
126.793 0.0014358
122.481 0.000162266
127.995 0.00152098
127.583 0.00163319
123.435 0.00145808
128.697 0.0015631
129.332 0.00152158
127.19 0.00153462
130.843 0.00161338
129.016 0.00160266
130.515 0.00156917
124.577 0.00160074
130.368 0.001586
130.389 0.00154419
128.183 0.00166944
129.638 0.00171421
129.53 0.00169739
134.022 0.00151998
130.7 1.73371e-05
128.017 0.00162061
130.027 0.00169526
132.576 0.00161085
132.022 0.00155643
127.916 0.00140081
132.378 0.0015369
129.137 0.00147343
129.214 0.00153972
130.354 0.000867489
128.683 0.00150977
128.715 0.00166571
129.827 2.87388e-05
130.837 0.00147549
131.187 0.001531
128.422 0.00102038
126.843 0.000733739
124.893 0.00169622
131.182 0.00149998
131.54 0.00141826
130.943 0.00170926
129.326 1.03871e-06
122.861 4.6177e-05
130.268 0.00156
120.439 0.00164307
130.147 0.00171088
134.607 0.00149425
130.33 0.001718
130.141 0.00162302
129.865 0.00153775
124.654 0.00152008
128.392 0.00155311
130.369 0.0014813
129.06 0.0015412
130.309 0.00158512
128.93 0.00173981
118.588 0.00166208
129.612 0.0015496
127.546 0.00141947
128.94 0.00154991
128.888 0.00149428
130.781 0.00150673
131.241 0.00151244
129.273 0.00153062
126.748 0.000849611
129.544 0.00150256
129.35 0.0015225
129.322 0.00149018
135.568 0.00150892
131.657 0.00154349
130.515 0.00149352
126.956 0.00152314
129.932 0.00155535
128.104 0.00163004
133.629 0.00175312
116.453 0.00134219
128.298 0.00162617
127.487 0.00154385
126.577 0.00177844
122.146 0.00138766
129.059 0.00153932
129.44 0.00151926
128.143 0.00170069
130.661 0.00170467
124.778 0.0015281
130.327 0.00151445
127.01 0.00157288
129.92 0.00057347
129.863 0.00151213
130.924 0.00155139
118.729 0.00153742
127.263 0.00169195
130.716 0.00064353
128.417 0.00139247
129.019 0.001555
129.944 0.00117807
129.94 0.00171842
130.655 0.0015591
131.972 0.00137514
129.743 0.00150365
128.866 0.00149037
126.585 0.00159109
129.471 0.0015447
131.86 0.00145365
129.502 0.00153325
129.265 0.00155893
130.45 0.00154879
131.46 0.0017017
130.437 0.00174643
128.618 0.00152046
127.431 0.00141776
133.323 0.00151238
130.078 0.0015726
129.419 0.00154734
131.262 0.00154062
128.835 0.00144505
128.579 0.00150467
129.193 0.00176723
132.763 0.00152825
132.826 0.00141045
128.773 0.00162689
130.643 0.00155653
127.615 0.00139735
125.153 0.00146185
131.033 0.00172601
128.021 0.00150038
126.072 0.000150919
124.72 0.00143213
129.485 0.00116639
130.874 0.00155096
129.027 0.00154693
129.958 0.00151563
128.607 0.00153771
129.785 0.00150194
124.016 0.00155891
128.929 0.00150637
130.289 0.00178863
127.415 0.00155503
126.476 3.76178e-06
129.445 0.00149824
134.316 0.00152955
129.51 0.00154986
127.535 0.00150518
130.449 0.00148312
130.389 0.00155541
127.622 0.00172224
117.882 0.0015158
129.713 0.00157608
130.776 0.00139245
130.876 0.000337136
130.547 0.00161185
115.982 0.00146989
123.096 0.000579398
123.328 0.00146285
128.613 0.00156966
131.014 0.00148118
128.746 0.00156289
129.639 0.00148011
130.851 0.00146588
126.436 0.000910909
130.162 0.00146778
125.995 0.00147422
128.441 0.00149835
124.091 0.000109679
128.567 0.00150387
131.994 0.000697025
130.732 0.00149226
128.522 0.000870325
128.223 0.0014331
128.926 0.00166745
129.102 0.00147959
133.136 0.0015534
129.064 0.00148865
130.523 0.00154548
133.436 0.00151116
131.494 0.00153252
126.764 0.00155965
128.005 0.00137612
133.75 0.0014352
131.124 0.0015701
129.99 0.00164479
129.644 0.00150586
116.742 0.00131491
131.71 0.00155606
131.733 0.00155044
130.008 0.00154669
128.144 0.00155935
128.478 0.00152431
126.967 0.00151739
129.368 0.00172154
129.385 0.00160774
128.403 0.00163447
128.681 0.00152617
129.482 0.00148641
129.659 0.0015194
127.029 0.00151383
128.496 0.00161659
129.699 2.98649e-05
129.865 0.00157225
128.305 0.00151315
128.973 0.00150465
130.691 0.000106841
131.327 0.00136926
131.403 0.00163315
131.663 0.00151562
132.232 0.00167777
132.142 0.00158738
127.797 0.00141311
129.826 0.00157691
129.474 0.00170025
126.494 0.0015191
126.402 0.00128152
129.844 0.00151947
129.465 0.00147779
127.048 0.00157667
127.331 0.00160871
130.09 0.00150848
129.93 0.000431997
130.298 0.00149581
129.729 0.00149069
124.959 0.00150066
127.293 0.000841911
128.785 0.00151951
128.677 0.00100925
128.761 0.00161992
129.372 0.0014009
129.843 0.0014777
130.659 0.00157807
132.836 0.00148078
131.045 0.00163423
126.71 0.000234027
130.678 0.00167805
130.614 0.00154501
131.298 0.0017153
135.951 0.00155376
131.71 0.00126193
131.624 0.00152623
128.593 0.00149551
130.944 0.000590722
133.055 0.00137981
130.894 0.00151718
128.56 0.00154399
123.749 0.00170566
129.021 0.000163545
117.971 0.000442656
130.551 0.000867515
131.591 0.00149347
129.649 0.00130409
121.22 0.00145226
131.121 0.00159747
130.927 0.0015136
130.191 0.00158835
132.418 0.00152575
130.34 0.0015679
129.136 0.00136651
128.36 0.00148619
132.552 0.00147488
131.595 0.00159011
126.48 0.00140259
130.36 0.00150817
130.232 0.0017475
127.874 0.0011794
130.215 0.00150688
130.189 0.00157125
120.375 0.00149327
127.959 0.00175066
130.96 0.00148504
123.978 0.00154374
130.892 0.00143887
128.945 0.00149601
132.858 0.00159397
128.685 0.00148916
126.309 0.00166849
130.37 4.47977e-05
128.323 0.00149422
130.101 0.000163929
131.332 0.0015074
128.826 0.00149903
125.481 0.00172154
128.619 0.00148607
131.691 0.00154229
119.858 0.0014944
129.223 0.00138657
133.353 1.64105e-05
130.171 0.00164251
121.767 0.00149313
128.024 0.000166241
127.85 0.0015139
130.266 0.000109401
131.619 0.00138985
123.291 0.00150327
129.245 0.00136041
130.566 1.03848e-05
128.656 0.00168642
132.563 0.00150695
128.211 0.00176723
130.23 0.00161968
128.943 0.00148761
131.172 0.00157019
130.128 0.00154572
129.806 0.0014717
130.608 0.00150233
131.255 0.00153646
132.525 0.00154617
132.396 0.0015024
128.052 0.00156656
128.482 0.00150525
129.466 0.00153313
130.977 0.00101016
126.557 0.00150362
129.385 0.00155894
132.491 0.00164741
126.175 0.00170955
130.531 0.00162285
130.794 0.00163704
129.772 0.00176478
130.377 0.00148448
127.404 0.00153971
131.823 0.00152367
124.593 0.00166544
129.443 0.00150708
117.867 0.00151086
127.091 0.00155828
118.503 0.00151672
128.252 0.00135107
129.098 0.00152659
131.638 0.00164273
124.399 0.000104911
129.396 0.00141426
131.299 0.00152368
130.108 0.000712533
127.127 0.00168946
127.328 0.00117591
130.642 4.31447e-05
127.413 0.00153611
132.273 0.00142409
135.134 0.00156306
131.773 0.00151554
131.385 0.00150274
131.362 0.00149132
130.499 0.00149267
119.923 0.00156389
129.854 0.00165416
126.126 0.00139342
130.343 0.00153549
130.504 0.00154664
131.802 0.00150946
129.157 0.00142756
130.303 0.001581
129.711 0.000446272
129.644 0.00178813
129.81 0.000216894
128.397 0.00138416
128.415 0.00164301
130.629 0.00159139
128.419 0.00170279
127.363 0.00157745
126.557 0.00149956
130.59 0.00150624
126.97 0.0015249
121.112 0.00157766
128.275 0.00142718
127.634 0.00147271
129.858 0.00151982
134.762 0.00158939
131.937 0.00088557
131.682 0.00149177
128.582 0.0015225
130.261 0.00150742
130.161 0.00156252
130.98 0.00156311
125.539 0.00171107
129.824 0.00155517
128.373 0.00156227
128.762 0.00160727
120.17 0.00169277
128.601 7.3976e-05
129.965 0.00171216
128.039 1.79925e-05
131 0.00087248
135.101 0.00142449
127.888 0.00160208
130.016 0.00088791
132.721 0.00157472
128.781 0.00150833
134.248 0.00150225
131.758 0.00150038
126.694 0.00171979
130.41 0.00153028
132.37 0.00139846
130.688 0.00149655
131.061 0.00163
130.149 0.000322331
131.865 0.00159022
124.141 0.00150072
123.792 4.25462e-05
131.65 0.00148288
128.838 0.0017019
129.654 0.00149887
127.549 0.00168602
127.622 0.00169849
130.854 0.00148548
129.36 0.00152981
132.052 0.00152075
130.022 0.00154761
129.409 0.00157987
130.563 0.000873636
130.426 0.00149497
124.733 0.00148493
130.153 0.001531
130.69 0.00172532
130.95 0.00152262
130.5 0.00153561
134.266 0.0016331
130.637 0.00152806
127.91 0.00153567
131.383 0.00152846
126.503 0.00132292
123.711 0.00159242
131.214 0.00140341
120.959 0.00150874
130.736 0.00147267
131.171 0.00157303
129.936 0.00164091
130.877 0.00172469
131.317 0.00162576
132.884 0.00169214
128.529 0.00157551
132.039 0.00151044
129.31 0.00141433
122.91 0.000580408
129.11 0.00152074
129.072 0.00151875
125.442 0.000162957
129.254 0.00152913
130.329 0.000878019
123.623 0.0014918
131.36 0.00155088
127.715 0.00157833
123.759 0.00150033
127.319 0.00152361
124.405 0.00146919
130.011 0.00155213
129.942 0.00174157
130.257 0.00172065
120.706 0.0017338
132.849 0.00173625
130.58 0.00155626
132.33 0.000431911
119.898 0.00139637
127.251 0.00111563
127.179 0.00149374
117.395 0.0015544
129.352 0.00152149
126.523 0.00152739
131.568 0.00150105
131.543 0.000439283
130.905 0.00154545
116.878 0.00148156
121.658 0.00155031
130.273 0.00171872
120.917 0.00169471
130.252 0.00167342
130.728 0.00149316
127.71 0.000324766
128.822 0.00148695
129.696 0.00153657
127.717 0.00140231
131.651 0.00147188
132.143 1.74223e-05
130.502 0.00169826
127.138 0.00173654
127.234 0.00169438
129.22 0.00143397
120.453 0.00151529
127.633 0.00142954
130.979 0.00150795
130.681 0.00151963
127.525 0.00173396
129.147 0.00149457
128.466 0.00152836
128.162 0.00153337
129.462 0.00168636
132.305 0.00144088
131.365 0.00149646
128.908 0.0011582
128.225 0.00170571
129.223 0.000323401
128.785 0.00133594
128.227 0.00171151
123.956 0.0015553
127.164 0.00165441
128.663 0.00162503
123.964 0.00163319
131.805 0.00157377
127.136 0.00146304
124.055 0.00150092
125.436 0.00156731
129.967 0.00164823
129.849 0.00152521
128.948 0.00154622
127.306 0.00179867
128.188 0.00087153
130.062 0.00168397
125.368 0.00153147
130.469 0.00154722
129.436 0.0016057
131.983 0.0015427
128.851 0.00154613
131.162 0.00170018
130.016 0.00144036
130.483 0.00152776
131.068 0.00155693
133.986 0.00153301
130.006 0.000223227
116.087 0.00169672
125.419 0.00153463
129.48 0.00163903
129.816 0.0016218
130.47 0.00154202
116.772 0.00172628
127.488 0.00161216
122.011 0.00117322
129.155 0.00148687
129.961 0.00164715
130.093 0.00149282
126.509 0.00163526
130.203 0.00171345
132.684 0.00149351
131.943 0.0015143
129.89 0.00150282
127.822 0.00168953
127.565 0.00156744
130.954 0.00153791
130.119 0.00161712
129.726 0.00148573
131.5 0.00141333
130.145 0.00159663
130.075 0.00101556
127.42 0.00152518
128.256 0.00161605
130.063 0.00158143
115.893 0.00055096
129.372 0.00168299
130.384 0.00152654
129.501 0.00140002
125.599 0.00160244
130.309 0.00169739
121.864 0.0015631
125.331 0.00155006
130.477 0.00165448
128.212 0.00151749
130.33 4.58564e-05
130.183 0.00169946
129.156 0.00170956
119.147 0.00162059
130.969 0.00149316
129.439 0.00167266
127.487 0.00138674
133.125 0.00148213
133.816 0.00150619
129.205 0.00152784
130.515 0.00155731
127.63 0.00148916
127.528 0.00142031
130.829 0.00149291
129.988 0.00158995
127.964 0.00154179
124.496 0.0013439
128.511 0.00158328
129.91 0.00131398
126.451 0.0015287
129.1 0.000152246
126.706 0.00162608
131.158 0.00102175
129.242 0.00152378
131.93 0.00149477
115.047 0.00173645
129.521 0.00156886
119.11 0.00172256
126.25 0.0014794
129.476 0.000454438
130.282 0.00134433
127.855 0.00157923
128.765 0.00153243
128.408 0.00156102
129.361 0.00148796
128.949 0.00156399
129.205 0.00169108
129.004 0.00156901
129.647 0.00135852
129.126 0.00156605
131.406 0.00160928
129.925 0.00151067
129.474 0.00149195
134.144 0.00178284
131.375 0.00144556
128.058 0.00158011
129.322 2.86295e-05
133.308 0.00154882
129.245 0.00152629
128.869 0.00168835
131.348 0.00154633
130.956 0.00176301
127.469 0.00148489
128.815 2.73948e-05
131.265 0.00167671
129.796 0.00146979
132.222 0.00169604
130.914 0.00154315
126.138 0.00146735
128.36 0.000855473
128.839 0.00148209
128.317 0.00151784
129.353 0.0014305
129.056 0.00148282
132.703 0.00152566
128.446 0.00151639
130.089 0.00155552
129.188 0.00153347
130.393 0.001491
128.073 0.00171001
130.385 0.00151075
131.053 0.00156544
121.48 7.20757e-05
129.2 0.00154299
131.33 0.00155677
128.115 0.00145447
132.583 0.00169975
127.13 0.00150698
128.342 0.00140992
127.427 0.00149375
128.667 0.00118301
127.197 0.00161529
127.603 0.00149476
130.406 0.00154552
132.053 0.00151529
126.597 0.00155948
128.803 0.00172992
130.041 0.00135462
131.016 0.0015116
128.005 0.0014788
132.321 0.00148662
129.062 0.0014982
124.188 0.00159267
130.025 0.00151316
126.748 0.00147576
127.857 0.00154414
128.883 0.00149566
126.193 0.000965874
125.154 0.00131651
128.605 0.00153027
125.317 0.0015769
131.169 0.000442879
132.018 0.00154959
131.352 0.00150518
132.201 0.00149716
130.886 0.00157817
126.198 0.00148641
129.927 0.00149842
127.629 0.00145778
130.213 0.0016273
129.329 0.00168484
129.033 0.00150886
129.752 0.00175413
130.524 0.00149895
119.266 0.00131298
131.65 0.00151587
134.823 0.00146184
123.175 0.00153669
129.716 0.000884312
129.561 0.00151489
129.555 0.00172547
128.298 0.00157635
129.791 0.000313535
130.208 0.00162914
129.899 0.00158553
136.267 0.00112029
129.323 0.00152766
128.968 0.00151463
130.825 0.00151528
127.914 0.000325037
130.602 0.00157833
128.443 0.00146452
128.375 0.00157424
120.269 0.00149415
129.178 0.00146541
118.133 0.00154847
130.627 0.00163436
130.007 0.00172007
131.089 0.00146182
130.216 0.00151909
129.416 0.00144572
127.631 0.00149751
129.986 0.00154806
127.871 0.00150534
125.917 0.00140041
132.396 0.0014356
131.171 0.00151209
128.734 0.00151513
129.447 0.00146418
127.953 0.00170193
127.761 0.00155203
132.472 0.00143094
128.198 0.00149273
132.188 0.00125773
125.651 0.00148134
129.498 0.00172616
127.551 0.00161924
134.431 0.00156003
131.619 0.00155594
132.716 0.00149505
127.16 0.00168998
125.401 0.0015602
116.113 0.00148807
131.047 0.00159445
132.772 0.00157818
124.106 0.00156458
130.177 0.00169286
129.206 0.00140407
128.758 0.00155179
129.785 0.00156887
125.527 0.00154338
122.468 0.00150844
129.064 0.00150884
128.683 4.67766e-05
126.931 0.000322109
126.541 0.00155502
126.313 0.00166899
130.775 7.1153e-05
130.629 0.00157846
129.131 0.00169145
131.424 0.00153038
130.364 0.00153045
129.184 0.00171513
129.166 0.00130989
127.215 0.00148226
121.94 0.00153102
129.65 2.89133e-05
128.361 0.00149724
131.342 0.00156293
129.247 0.00157595
130.608 0.00147673
127.57 0.000571504
131.653 0.00173253
130.942 0.00161517
130.941 0.00157234
129.507 0.00162753
129.341 0.000322827
125.63 0.00167633
130.275 0.00158802
129.668 0.00148933
133.112 0.00174188
129.887 0.000238625
130.715 0.00165366
127.51 0.00143822
129.109 0.001503
129.597 0.00152709
134.046 0.000327542
132.115 0.00148401
130.477 0.00174249
128.329 0.00151667
128.456 0.00157294
129.728 0.00150975
121.96 0.00140984
128.133 0.00155841
123.14 0.0015462
130.849 0.00148161
134.407 0.00156485
128.209 0.00139405
129.115 0.0017312
130.465 2.84929e-05
128.828 0.00149119
128.783 0.00140516
132.003 0.00149706
129.781 0.000967209
128.893 0.00149578
127.13 0.00147542
128.958 0.00151191
132.268 0.00150136
130.965 0.00151437
129.417 0.00158327
128.515 0.000440467
128.419 0.000451677
131.078 0.00114165
129.2 0.00155639
133.641 0.00149304
125.144 0.00148604
131.993 0.00149604
130.592 0.00173737
129.165 0.00164094
122.324 0.00162062
130.757 0.00169584
133.567 0.000409578
123.996 0.00129162
129.826 0.00153181
129.208 0.0015059
130.446 0.00149963
128.792 0.000583849
128.567 0.00150718
128.487 0.00148408
128.706 0.00150737
129.543 0.0015048
133.882 0.00147563
128.493 0.00145354
127.969 0.00148386
131.305 0.00128396
131.428 0.00165277
129.609 0.0016331
134.705 0.00152886
131.575 0.00156112
128.379 0.00147766
126.009 0.00147792
133.879 0.00153781
128.031 0.00168945
133.885 0.00166062
128.53 0.00171679
127.594 0.00148624
129.222 0.00155809
129.879 0.00149378
128.81 0.00152272
128.636 0.00147227
128.663 0.00146191
129.458 0.00174348
124.618 0.00148584
127.912 0.00141285
132.152 9.88453e-07
129.239 0.0014614
126.797 0.00148115
128.969 0.0015302
128.342 0.00172544
129.52 0.00155541
129.576 0.00152751
128.987 0.00150291
126.728 0.00158461
129.744 0.00155363
129.506 0.00173031
122.416 0.00151129
132.31 0.00144051
129.209 0.00129161
131.631 0.0015502
128.07 0.00147269
129.276 0.00149213
130.204 0.00173384
130.95 0.0015639
130.124 0.00151785
133.291 0.00156509
130.891 0.00150719
128.804 0.00139066
128.618 0.0013806
132.055 0.0015048
125.409 0.00144296
130.637 0.0014964
124.646 0.00160496
130.292 0.00133757
127.707 0.00171272
129.088 0.00121794
122.381 0.00150845
127.663 0.000707797
129.861 0.00149546
128.31 0.00160047
128.569 0.00148869
127.865 0.00153562
128.897 0.00160232
129.195 0.00165014
129.647 0.00171313
124.167 0.00104081
126.756 0.00169523
127.163 0.00138017
127.596 0.00167007
131.617 0.00152215
126.231 0.00159552
123.109 0.00152564
128.076 0.00160373
130.939 0.00165875
131.158 0.00131703
129.283 0.00151886
129.357 4.71581e-05
127.773 0.00178747
127.04 0.00166557
129.556 0.00151612
129.542 0.0015812
130.997 0.0014806
128.191 0.00163184
132.826 0.0015427
131.409 0.00170582
134.427 0.00175409
120.181 0.000885414
131.035 0.00142199
128.263 0.00137125
130.374 0.00170885
130.615 0.0014978
123.544 0.00168755
128.326 0.0014658
129.826 0.00153421
125.112 0.00134652
128.456 0.00152051
124.365 0.00166108
128.589 0.00156127
132.493 0.00153407
129.013 0.00155666
130.209 0.00153482
130.04 0.00150072
130.253 0.00165332
127.495 0.00158711
129.104 0.00140835
129.719 0.00146638
131.019 0.00175037
129.345 0.00139738
126.864 0.00157891
127.867 0.0016058
127.173 0.00153728
129.103 0.00150574
130.4 0.0015555
129.702 0.00153635
123.082 0.00147975
130.4 0.00144102
129.543 0.00153842
129.129 0.00165782
129.061 0.00158815
132.433 0.00145365
128.197 0.00148966
129.952 0.00135286
127.27 1.75702e-05
128.583 0.0016197
133.934 0.00141458
129.475 0.00158755
131.696 0.00168853
129.986 0.00167717
128.351 0.00158313
128.715 2.23512e-06
127.877 0.0017219
129.376 0.00178503
131.878 0.00162153
129.591 0.0018077
130.415 0.0017324
125.721 0.00157756
129.041 0.00167161
132.626 0.00140543
130.942 0.00150627
122.141 0.00156685
130.241 0.00154529
130.155 0.0013974
130.302 0.00131115
131.263 0.00157753
131.41 0.00160849
125.726 0.00168414
121.394 0.00156658
130.078 0.00155438
129.725 0.00157212
128.908 0.00163307
126.383 0.00169791
131.503 0.00165764
129.74 0.0015489
117.041 0.00145363
130.437 0.00149632
120.978 0.00140748
134.36 0.00150609
128.794 0.00167765
131.333 0.00171484
129.275 0.00155571
124.92 0.00147775
128.065 0.00156083
129.35 0.00150078
127.646 0.00140175
128.053 0.00125288
129.196 0.00145542
131.461 0.0014929
129.395 0.00142683
128.12 0.00170082
129.934 0.00147932
126.224 0.00151687
130.131 0.00169719
125.817 0.00165506
129.798 0.00158729
129.966 0.00172487
131.886 0.000322336
128.444 0.00116798
128.279 0.00153835
128.258 0.00159586
127.952 0.00150542
131.393 0.00115802
128.686 0.000326492
130.272 0.0014692
129.175 0.00151173
129.461 0.000560145
126.322 0.0017178
129.906 0.000235691
125.305 0.00128799
130.54 0.00148212
129.495 0.00100071
131.657 0.00150651
131.28 0.00127731
128.006 0.00151003
127.712 0.000109041
126.153 0.00149349
131.068 0.0017182
129.294 0.00145006
128.925 0.00150201
127.113 0.00149669
130.113 0.00169254
129.222 0.0013001
131.742 0.00155347
132.431 0.00153192
125.504 0.00139095
128.377 0.00171718
129.037 0.00144797
129.173 0.00160496
132.722 0.0015311
124.468 0.00163872
131.334 0.00137765
132.783 0.00152341
130.562 0.00178476
131.077 1.75077e-05
129.628 2.83312e-05
130.43 0.00151613
133.577 0.00147487
127.42 0.0015951
129.166 0.0017316
121.018 0.00153239
125.445 0.00178664
129.229 0.00129016
130.789 0.00133504
130.455 0.00156021
129.741 0.00131194
129.05 0.00154977
134.195 0.00150071
129.861 0.00171594
123.775 0.0016193
134.681 0.00143932
136.147 7.30414e-05
130.521 0.00163321
130.568 0.00167357
124.944 0.000579559
130.656 0.00151012
129.206 0.00148554
130.562 0.00179867
126.736 0.00154187
129.826 0.00147944
132.434 0.00173954
131.775 0.000168931
132.692 0.00151519
130.388 0.00173585
128.203 0.00158076
129.92 0.00152988
128.891 0.00148414
124.476 0.00175076
127.889 0.0015621
130.129 0.00141808
128.987 0.00168414
127.207 0.00156059
134.603 0.00143813
130.145 0.00157276
129.26 0.00165877
127.772 0.00151187
131.575 0.00143162
130.579 0.00162246
129.138 0.00158886
129.832 0.0015264
130.644 0.00150755
126.643 0.00153246
117.347 0.00171748
131.41 0.00135633
128.16 0.00144347
129.387 0.00161492
127.898 0.00153641
126.994 0.00148037
129.424 0.00154174
130.329 0.00156869
130.448 0.00172057
123.168 0.00154612
130.465 0.00157262
130.164 0.00166603
128.076 0.00157164
127.6 0.00150161
130.668 0.0014868
129.746 0.00146822
127.886 0.00163986
118.795 1.86716e-06
130.407 1.75371e-05
131.327 0.00141763
127.954 0.0015714
130.821 0.00151798
128.243 0.00154259
126.141 0.00149506
130.568 0.00155065
127.759 0.00151841
122.846 0.000235189
127.017 0.00149507
116.785 0.00154467
125.378 0.00167399
130.642 0.0015605
131.87 0.00171348
128.456 0.00165687
131.384 0.00155666
131.003 0.00148713
126.953 0.00153723
123.149 0.00163562
132.845 0.00171316
130.432 0.00147436
130.316 0.00175632
132.638 0.00153989
128.311 0.00146059
132.399 0.00177862
125.977 0.0016173
119.349 0.00152287
128.601 0.00171194
129.183 0.00160978
125.877 0.00154586
125.175 0.00155492
129.609 0.00138865
129.901 0.00154772
129.679 0.00152631
129.862 0.00138181
130.699 0.00161951
129.872 0.00159793
130.152 0.00151753
131.927 0.00138627
129.838 0.00155683
126.896 0.000218017
129.121 0.00173275
131.162 0.00168508
128.804 0.00152407
126.759 0.00148857
127.357 0.00107881
130.35 0.00163864
132.789 0.00150623
124.045 0.00149218
129.973 0.00144328
129.466 0.00163527
127.858 0.00170851
128.701 0.00151833
130.859 0.000603037
126.691 0.00153449
128.908 0.00165527
116.027 0.00152579
128.655 0.00150405
130.184 0.00154693
129.377 0.00160934
127.885 0.00147088
130.104 0.00155272
117.984 0.0014002
126.073 0.00146609
126.629 0.00148709
130.139 0.000102223
128.487 0.001734
128.923 0.0014859
129.746 0.00152734
129.716 0.00162776
131.311 0.00159389
128.274 0.00156592
132.18 0.00148841
133.205 0.0014851
131.658 0.000584977
126.989 0.00156824
129.762 0.00154644
131.464 0.00149511
129.88 0.00157743
132.88 0.00170626
128.423 0.00153598
129.705 0.00152921
127.895 0.0013032
129.496 0.00147639
129.678 0.00156632
127.627 0.00168955
122.94 0.00165598
129.73 0.00118838
129.161 0.00150416
130.92 0.00149706
129.828 0.00161131
129.284 0.00143189
129.184 0.00161368
123.663 0.00134323
131.9 0.00145897
124.22 0.00154735
131.741 0.00171522
131.389 0.00159761
127.203 0.00178124
130.328 0.00163903
130.441 0.00150663
129.443 0.00141168
129.781 0.00150086
127.982 0.00138639
127.827 0.00151455
131.288 0.00156014
128.177 0.00153714
127.249 0.00172444
131.238 0.00141738
123.809 0.0014899
126.077 0.000163019
129.289 0.00145714
128.562 0.000102323
130.843 0.00126935
132.318 0.0015987
129.397 0.00151387
128.039 0.00171061
131.437 0.00146775
121.09 0.0014298
129.786 0.00151736
130.226 0.000748895
128.663 0.00173528
130.146 0.00156072
133.665 0.00147835
129.512 0.00152556
131.992 0.00160137
124.575 0.00165057
129.95 0.00152062
131.418 0.00174268
129.584 0.00140865
130.544 0.00161253
128.964 0.00131612
130.932 0.00129785
127.166 0.00162775
127.455 0.00169028
130.161 0.0014971
130.3 0.00153636
129.522 0.00154981
132.93 0.00170948
130.161 0.00157255
121.178 0.000239692
128.881 0.0015073
129.832 0.00155116
130.057 0.0014912
127.015 0.00153583
127.038 2.21662e-06
131.069 0.00141532
129.53 0.00165673
130.342 0.00151813
131.263 0.00149615
129.372 0.00165111
130.682 0.000862552
129.31 0.00165647
135.211 0.00155843
128.404 0.00162735
130.417 0.0017946
130.466 0.00150445
134.348 0.00149121
125.423 0.00142386
127.122 0.00170919
131.881 0.00159011
129.146 0.0015025
122.905 0.00150436
129.467 0.00148764
126.375 0.00155821
130.223 0.00148933
129.04 0.00158163
129.45 0.00148863
131.832 0.00152289
129.821 0.000233968
128.515 0.00125397
125.17 0.00149513
128.55 0.00150674
128.876 0.00172474
118.691 0.000436146
127.917 0.00177262
130.927 0.00138025
128.453 0.00109563
128.311 0.00151137
131.361 0.00154848
129.318 0.00147269
129.45 0.00152469
128.446 0.000996785
134.387 0.00155856
129.405 0.00156307
120.845 0.00154263
129.949 0.00101273
129.677 0.0015887
131.253 0.0015804
131.412 0.000571961
125.362 0.00126207
129.403 0.00157583
131.088 0.00151247
135.703 0.00152247
127.76 0.0017429
127.931 0.00153342
129.115 0.00170186
131.842 0.0015174
129.283 0.00150621
128.832 0.00151672
130.019 0.00150011
132.407 0.00154734
129.883 0.00152579
132.467 0.00149391
121.61 0.0010225
130.859 0.001718
132.295 0.00155973
127.104 0.00159357
128.95 0.00148991
134.302 0.00148871
128.61 0.00149775
121.946 0.00156938
130.097 0.00143339
129.147 0.00139083
127.259 0.00156114
131.787 0.000720341
130.296 0.00165225
130.029 0.00152922
130.072 0.00166144
127.401 0.00149429
130.253 0.000574615
130.904 0.00141201
128.128 0.001581
126.336 0.00149727
130.886 0.00153702
127.676 0.000230042
126.218 0.0013851
128.863 0.00164753
130.272 0.00156963
130.925 0.00143287
129.493 0.00154013
122.452 0.00148126
130.432 0.00175025
129.615 0.0013809
129.429 0.00155409
124.942 0.00116429
129.675 0.00156539
129.806 0.00166968
128.886 0.00032928
130.678 0.00156862
130.342 0.00152563
130.65 0.00173912
131.673 0.00153965
132.892 0.000684747
131.775 0.00150411
129.23 0.00146725
130.59 0.000805233
128.862 0.00151926
131.935 0.00139844
130.293 0.000686693
124.778 0.00157279
129.657 0.00153822
122.688 0.000573782
130.815 0.00159084
128.372 0.00162337
119.59 0.00150605
123.651 0.00160443
124.473 0.00155446
130.852 0.00145309
128.36 0.0015535
126.614 0.00142379
130.028 0.00155633
132.337 0.00144187
127.315 0.00142655
125.415 0.00145287
115.62 0.00116082
128.155 0.00155714
128.619 0.000657839
130.133 0.00149414
132.701 0.00148895
131.283 0.00151718
132.022 0.00154704
131.412 0.00153209
130.359 0.00125712
129.027 0.00153677
130.38 0.00171293
131.698 0.000442836
131.219 0.00138291
131.009 0.00168379
126.315 0.0015663
128.563 4.66067e-05
124.294 0.00161981
129.149 0.00169989
129.506 0.00153208
116.915 0.00153463
127.846 0.00155551
128.915 0.00152292
127.102 0.000235126
130.297 0.00161915
131.112 0.00177821
128.733 0.00151723
129.942 0.00173316
127.893 0.00156358
128.455 0.00170667
127.918 0.00169191
129.475 3.00684e-05
127.891 0.00148867
130.765 0.00147913
131.643 0.00121075
128.975 0.00169271
127.783 0.00150155
127.967 0.00147734
131.197 0.00151155
127.59 0.00157517
128.831 0.0014866
129.46 0.00141895
130.41 0.00160023
130.469 0.00156729
130.288 0.00148874
130.71 0.00149466
127.772 0.00149215
131.118 0.00151544
132.05 0.00139359
129.435 0.00151023
127.098 0.00145125
127.729 0.00150234
128.303 0.00154271
128.664 0.00151404
128.284 0.00150476
128.261 0.00145429
130.296 0.00174199
128.026 0.00150386
131.315 0.0015607
127.604 0.0015011
129.082 0.00164963
129.143 0.00174608
128.282 0.00157504
125.471 0.00150664
130.533 0.00148163
131.978 0.00147217
130.423 0.00174856
129.498 0.00169362
128.937 0.00128147
128.978 0.0015135
128.684 0.00148228
130.655 0.00155893
125.312 0.00148278
130.631 0.00157443
127.394 0.00139438
126.294 0.00172235
117.376 0.000427356
128.63 0.00121028
130.025 0.00155973
130.115 0.00148033
133.225 0.00156177
129.817 0.00148816
131.202 0.00109625
124.784 0.00150618
130.205 0.00138085
128.992 0.00156573
133.841 0.00144342
126.161 0.000167765
128.55 0.00168174
136.034 2.90163e-05
129.347 0.00115922
127.049 0.00163153
127.844 0.0016581
124.448 0.00148491
130.455 0.00151988
130.591 0.00149868
130.614 0.00158216
130.152 0.00148515
131.591 0.00151195
122.12 0.000683846
129.202 0.00157643
130.74 0.00150409
125.148 0.00148649
125.345 0.00153936
127.19 0.00156661
130.337 0.00157808
115.507 0.00150463
132.941 0.00155279
128.029 0.00158879
129.446 0.00155101
123.433 0.00158071
131.297 0.00157178
123.575 0.00171079
129.982 0.00150935
127.458 0.00152351
126.636 0.00160228
131.41 0.0014732
128.642 0.00150297
117.3 0.00150797
123.133 0.00158716
129.991 0.00145906
128.376 0.00147741
131.482 0.00158663
120.017 0.00152843
131.316 0.00155683
129.263 0.00156083
123.705 0.00146965
130.17 0.00150763
129.343 0.00157125
127.578 0.00168107
128.951 0.00150479
132.619 0.00171139
131.439 0.00152474
129.157 0.000717856
128.486 0.00157178
127.85 0.00159635
130.322 0.00170943
127.986 0.00151085
129.654 0.00159944
129.897 0.000108849
129.377 0.00158385
126.009 0.000861943
130.078 0.00139178
131.798 0.00157248
130.4 0.00153386
135.158 0.0014489
131.317 0.00143373
115.057 0.00166326
126.821 0.00168414
129.19 0.00168532
130.707 0.000668033
130.991 0.00170551
131.078 0.00173425
128.357 0.00147892
125.31 2.23473e-06
129.5 0.000169869
131.807 0.00149896
126.567 0.00149152
128.87 0.0015099
128.639 0.00148912
131.809 0.00153492
125.259 0.00146737
129.017 0.00150718
132.28 0.00135013
130.977 0.00143537
125.816 0.00155758
131.008 0.00147332
131.717 0.0015062
136.227 0.0016274
130.185 0.00149922
131.983 0.00173357
119.031 0.0014879
128.841 0.00154046
123.474 0.00147865
126.464 0.00173899
128.998 0.00151189
128.248 0.00171038
138.369 0.00149201
129.758 0.00153359
129.142 0.00144484
129.099 0.00139833
129.579 0.00162594
133.047 0.00149467
126.772 0.00162424
130.072 0.00160175
125.428 0.00170532
131.261 0.00149653
129.446 0.00148214
130.969 0.00153709
129.18 0.00150887
130.115 0.00144088
132.569 0.00151734
131.477 0.00151665
126.077 0.00154837
126.781 0.00151853
127.707 0.00159257
129.096 0.00155076
128.613 0.00173802
128.796 0.00146923
128.926 0.00142386
129.099 0.000985897
129.905 0.00150761
129.512 0.00153713
129.143 0.00151832
127.25 0.00151378
128.499 0.0002345
133.549 0.00145694
131.161 0.00125426
128.283 0.00150809
127.448 0.00158046
129.118 0.00155118
128.689 0.0015613
128.107 7.14272e-05
128.119 2.16982e-06
130.794 0.00172218
133.04 0.00153942
127.49 0.00170672
130.631 0.00171452
132.034 0.00151197
130.978 0.00149329
128.404 0.00161925
130.625 0.00155046
130.091 0.00149206
129.873 0.000168755
128.925 0.00151439
128.952 0.00156429
127.059 0.000420128
128.051 0.00165009
128.044 0.00151269
118.402 0.00151323
131.19 0.00149614
128.924 0.00152422
129.923 0.00160245
125.301 0.00158621
129.945 0.00148988
133.432 0.0014288
128.222 0.00173118
126.563 0.00147826
130.295 0.00167104
129.564 0.00174022
132.041 0.0015665
129.659 0.00131527
130.105 0.0017551
134.204 0.0015
128.679 0.00162907
126.121 0.000717836
130.887 0.00116002
126.845 0.00143508
132.709 0.00166402
126.54 0.0015427
130.82 1.03321e-05
127.866 0.00155909
130.155 0.00147915
131.264 7.4153e-05
127.102 0.00157244
127.262 0.00141716
128.597 0.00150162
130.754 0.0015124
130.203 0.00155241
130.2 0.00173846
129.317 0.00158714
130.938 0.0015004
131.649 0.0015779
128.73 0.00151687
128.925 0.00168484
132.012 0.00156548
131.065 0.00160572
128.277 0.00147424
128.912 0.00151872
126.837 0.00011156
131.9 0.0015298
131.837 0.00157232
131.657 0.00157833
132.136 0.00156338
127.65 0.00149814
128.678 0.00157757
130.08 0.00149781
127.767 0.00163587
126.298 0.00152969
126.651 0.00170319
131.023 0.00162324
125.88 0.00152782
129.306 0.00150213
129.537 0.000236397
129.502 0.00146351
129.43 0.00138816
130.15 0.00168326
130.89 0.00146303
130.267 0.000578399
128.738 0.000164016
127.636 0.00138347
131.237 0.0015077
126.195 0.00155462
128.936 0.00170376
127.771 0.00170802
129.278 0.00138859
132.046 0.00171788
126.162 0.00177419
132.817 0.00155049
131.52 0.00167969
128.458 0.00144182
130.31 0.00173874
130.653 0.00150918
118.988 0.00171376
129.634 0.00148849
129.47 0.00160592
129.906 0.00159475
133.221 0.00159076
128.271 0.00153628
128.549 0.00173013
130.521 0.00147307
130.352 0.00151332
131.806 0.00156642
131.677 0.00171871
132.479 0.00159142
131.399 0.00151143
135.115 0.00163109
130.666 0.00152974
132.332 0.00155471
129.032 0.00169745
130.216 0.00150689
130.433 0.00140141
131.022 0.00154559
133.703 0.00152299
130.031 0.00152718
128.793 0.00149492
130.798 0.00169158
129.571 0.00150784
129.655 0.00141523
124.886 0.00159864
122.606 0.00171901
130.27 0.00161503
130.591 0.00137346
130.394 0.00169554
127.824 0.00147326
130.279 0.00150678
130.088 0.00166642
132.187 0.00160605
131.015 0.00167938
130.187 0.00158388
132.802 0.00163814
134.386 0.00144289
127.92 0.0017218
129.093 0.00152011
131.104 0.00155422
120.572 0.0014205
126.218 0.000721094
127.88 0.00157675
131.032 0.00156126
128.645 0.00163553
129.435 0.00117403
127.427 0.00131066
129.697 0.00173044
130.114 0.00147218
127.147 0.00163142
130.901 0.00155066
128.769 0.0015712
117.886 0.0015152
129.652 0.00150289
125.604 0.00158616
129.47 0.00148317
131.46 0.00162221
132.09 0.00175491
129.147 0.000587714
128.941 0.00151061
133.006 0.000232571
125.741 0.000806598
130.406 0.00149975
117.677 0.001489
128.008 0.0015248
128.336 0.00163509
132.856 0.00160698
126.227 0.00151385
128.947 0.00149113
129.976 0.000233678
130.531 0.00150363
119.992 0.00159554
128.706 0.00165242
125.613 0.00153867
125.399 0.0014221
130.778 0.0017441
128.825 0.0014221
131.325 0.00161205
130.003 0.00148877
130.572 0.00146931
128.596 0.00150541
131.011 0.00156307
131.773 0.00147149
137.623 0.00150216
118.541 0.00147289
125.632 2.23565e-06
130.1 0.00150671
129.506 0.00146559
131.679 0.00143807
129.601 0.00152652
127.102 0.00154088
128.892 0.00151972
129.905 0.00152652
125.796 0.0017412
129.204 0.00152146
129.39 0.00151509
120.63 0.00152524
131.022 0.00138585
127.882 0.00154807
130.723 0.00171113
125.262 0.00141361
129.341 0.0014983
131.743 0.00155331
129.518 0.00142
129.113 0.0014822
130.262 0.00170173
115.75 0.0014564
130.259 0.000112017
129.337 0.00116284
124.429 0.00141877
127.144 0.00138165
122.896 0.00172664
129.619 0.00151664
130.469 0.00135711
130.456 0.00144758
133.258 0.00178532
131.329 0.00152067
127.593 0.00160995
131.021 0.0015086
129.566 0.00138612
127.616 0.00173931
128.977 0.00166062
118.58 0.00149888
119.977 0.00160974
132.367 0.00163589
129.448 0.00157808
129.378 0.00177943
131.423 0.000868948
129.949 0.00164864
129.587 0.00151637
130.445 0.00134615
128.776 0.00157234
130.12 0.00155009
131.523 0.00148918
129.502 0.00158626
130.666 0.00153251
129.781 0.00148622
122.928 0.0015084
123.143 0.00151232
130.468 0.00170895
131.793 0.0015802
117.878 0.000441224
130.148 0.00142434
128.842 0.00151919
130.799 0.00144333
116.151 0.00161025
130.086 0.00153643
127.162 0.00167875
124.864 0.00150799
123.956 0.00137919
121.872 0.00171714
129.43 0.00153588
127.114 0.00156874
126.161 0.00152413
129.535 0.00159298
131.146 0.001575
130.593 0.00149466
128.626 0.00140097
129.763 0.00151982
130.47 0.00169986
129.28 0.00129122
128.557 4.59154e-05
128.433 0.00158527
127.683 0.000865125
129.443 0.00148008
129.888 0.00044027
131.722 0.000956525
123.144 0.00150951
131.391 0.00157652
133.908 0.00146284
130.868 0.00116753
131.291 0.00142747
124.349 0.00158952
133.464 0.00149288
127.956 0.00143049
131.032 0.00148649
129.305 0.00161919
132.299 0.00142444
128.823 0.00172167
128.966 0.00157786
129.201 0.00151126
122.822 0.00172217
128.08 0.00153364
129.303 0.00149167
128.651 0.00152154
129.967 0.00150737
129.518 0.00150797
130.218 0.00171224
122.871 0.00153847
129.532 0.000162524
131.375 0.00168693
124.271 0.00156164
128.745 0.00155099
129.858 0.00169327
129.464 0.00171376
127.107 0.000104672
126.178 0.00130366
130.675 0.00150474
131.194 0.00157741
128.229 0.00136408
130.305 0.000893373
128.408 0.00160989
131.248 0.00150249
125.996 0.00149992
128.84 0.00147952
130.567 0.00162689
128.676 0.00137661
130.501 0.00151537
129.97 0.00150884
130.272 0.00142987
128.514 0.00169521
133.111 0.00141074
135.835 0.00152541
128.441 0.00130536
128.991 0.00170063
128.291 0.000231073
132.596 0.00155998
121.511 0.00138772
125.404 0.00152927
133.299 0.0015805
128.275 0.00166363
128.216 0.00154451
129.002 0.00151228
131.462 0.00170025
128.393 0.00142562
129.635 0.00170809
131.333 0.00172894
130.484 0.00146804
128.714 0.00114331
131.886 0.00155022
130.388 0.00151533
130.047 0.00161547
131.43 0.00148389
130.846 0.00149267
129.311 0.00141471
132.966 6.2578e-06
129.881 0.00148395
129.705 0.00158966
129.352 0.00148733
129.622 0.00170417
130.577 0.0016797
132.286 0.00145095
129.072 0.00145084
128.249 0.00175191
126.926 0.00156041
128.796 0.00156247
129.678 0.00154803
129.588 0.00153624
130.4 0.00158798
129.981 0.00165014
131.274 0.00162328
129.428 0.00150919
126.536 0.00172215
132.145 0.00010972
130.378 0.0015882
125.214 0.00161842
130.063 0.0015065
130.305 0.00149272
130.651 0.00152146
129.754 0.00151882
129.691 0.00169308
126.466 0.00166794
131.11 0.00163576
128.388 0.00154766
122.776 0.000700835
129.351 0.00153099
133.132 0.00162592
132.103 0.00175778
126.06 0.00155408
131.354 2.87164e-05
120.811 0.0015571
129.554 0.00118478
128.022 0.00145453
131.469 0.00170506
124.22 0.00149373
128.77 0.00155561
130.881 0.00157052
129.864 0.000328632
130.601 0.00159321
119.994 0.000689068
129.092 0.00153765
129.111 0.00135353
127.834 0.0015258
117.995 0.00151868
136.585 0.00153988
127.739 2.84287e-05
130.249 0.00150923
132.64 0.00165357
130.178 0.000226181
130.858 0.000452
133.32 0.00150711
132.385 0.00153558
130.91 0.00166408
130.535 0.0016075
130.337 0.0016302
127.775 0.00143397
131.45 0.00141783
130.232 0.00159073
126.706 0.000576546
130.701 0.00168003
131.888 0.00150877
130.399 0.00149872
131.008 0.00155256
129.603 0.000841379
132.571 0.00157353
128.586 0.00164385
121.623 0.00156446
127.965 0.00156368
128.463 0.00139308
131.261 0.00147972
126.183 0.00165544
128.818 0.00155026
126.017 0.00152362
125.483 0.00156031
127.518 0.000860497
127.474 0.00146272
127.243 0.00157773
129.964 0.00170026
135.031 0.00153491
132.822 0.0015542
129.233 0.00172178
128.125 0.00154486
132.708 0.00117149
130.351 0.0014632
129.621 0.00156769
128.718 0.00158785
127.456 0.00135156
126.424 0.00163548
131.407 0.00150919
130.087 0.00171345
131.249 0.00158253
129.896 0.00160185
132.097 0.00144948
127.39 0.00167563
131.213 0.00170173
128.734 0.000818659
130.729 0.00150143
131.315 0.00148931
130.328 2.20062e-06
130.742 0.00030925
130.515 0.0012851
134.159 0.00159292
129.858 0.00149899
129.703 0.00105858
130.582 0.00152441
129.913 0.00150973
130.063 0.00155372
131.949 0.00141163
129.227 0.00166038
127.588 0.00158438
127.765 0.00146435
128.633 0.00138857
131.094 0.000155667
129.484 0.0017219
129.871 0.00165684
123.761 0.00150582
127.889 0.00173536
123.937 0.00159294
127.798 0.00179381
130.487 0.00155183
130.952 0.0015117
130.677 0.00148187
128.473 0.0016383
129.753 0.0014858
126.706 0.00153932
128.571 0.00162227
127.739 0.00152469
129.366 0.00144749
129.494 0.00147712
130.884 0.00148621
130.471 0.00144373
134.312 0.00154141
130.338 0.00148835
122.438 0.00150092
132.45 0.00149593
127.441 0.00152931
129.559 0.00169123
129.206 0.00147888
130.898 0.00154516
129.989 0.00162587
127.319 0.00159018
129.371 0.0016361
126.657 0.0015477
130.525 0.00151625
129.341 0.00152186
128.964 0.00153301
129.575 0.00144952
132.641 0.00160533
122.652 0.00150111
130.071 0.00168333
130.012 0.00151776
129.553 0.00153174
129.837 0.00151832
127.429 0.00159892
123.552 0.000677037
131.5 0.00153977
130.173 0.00157806
126.311 0.00150825
119.374 0.00155584
127.798 0.000109175
133.45 0.00147119
131.737 0.000553988
130.401 0.00168225
129.317 0.00154376
127.992 0.00151598
132.503 0.000841109
124.372 0.00163165
129.986 0.0017301
129.854 0.00155186
128.568 0.00154285
129.863 0.0015583
128.28 0.00142816
130.681 0.00165393
129.951 4.23738e-05
126.162 0.00128693
131.197 0.00165977
130.005 0.00170473
128.863 0.00154572
126.897 0.00150847
129.211 0.00167455
126.458 0.00148271
131.702 0.00145024
145.438 0.00144395
126.381 0.00151977
131.902 0.00148344
132.145 0.00151862
121.379 0.00153808
126.155 0.00162689
130.421 0.00171158
127.725 0.00170135
125.248 0.00147412
128.528 0.00154895
125.356 0.0014393
128.23 0.00166354
136.908 0.00178424
128.675 0.00149815
128.821 0.00173981
129.486 0.00151585
115.71 0.00149865
128.249 0.00150529
131.586 0.00151228
129.642 0.00167355
125.144 0.00139321
131.096 0.000675653
122.935 0.00154554
130.026 0.00152285
129.111 0.00170022
131.166 0.00155506
122.753 0.00153255
127.542 0.00171589
133.183 0.00139361
132.491 0.00158396
130.764 0.00163563
128.742 0.00156574
131.13 0.00170076
129.116 0.00157375
126.799 0.00152279
129.6 0.00152229
129.344 0.00158976
130.494 0.00137448
129.063 0.00154532
145.304 0.00156966
129.246 0.0015628
127.549 0.00171663
127.397 0.00155208
130.189 0.00149145
129.372 0.0015626
128.004 0.001568
129.346 0.00160782
128.83 0.00150827
131.891 0.00146721
127.5 0.00152671
129.609 0.00149281
129.084 0.0016979
135.609 0.00150051
130.041 0.00151535
126.991 0.00155675
129.265 0.00168947
128.826 0.00154845
121.2 0.0015775
128.855 0.00162236
131.852 0.00120962
132.18 0.00142818
128.594 0.00154386
126.73 0.000827254
123.331 0.00152023
129.017 0.00161642
129.528 0.00154165
129.714 0.00150737
126.397 0.00153936
129.735 0.00152267
130.094 0.00123797
130.336 0.00137999
132.986 0.00127092
129.756 0.000115022
128.774 0.000862593
129.563 0.00154729
125.247 0.00151125
129.418 0.00150602
130.14 0.00011005
129.704 0.000571504
131.316 0.00154247
129.297 0.00153444
130.597 0.00170683
130.003 0.00172536
127.831 0.00148816
131.603 0.0016087
128.779 0.00169174
130.312 0.00148085
129.397 0.0015845
130.613 0.00169974
129.809 0.00151279
130.039 0.00139848
130.164 0.00149585
125.37 0.00174696
130.103 0.00168626
131.253 0.00146486
129.993 0.00158144
130.768 0.00139379
131.658 0.00151944
133.223 0.00102436
127.01 0.000709629
128.656 0.00170871
130.574 0.00161359
131.713 0.00146274
126.903 0.00150238
129.328 0.00149423
134.29 0.00147703
128.54 0.00163621
126.063 0.00143659
127.607 0.00140139
129.334 0.00155759
129.873 0.00143451
133.016 0.00151883
128.166 0.00167879
116.944 0.00164436
128.733 0.00150261
125.989 0.00156302
133.098 0.00168274
129.763 0.00148417
128.714 0.00150277
131.348 0.00174028
130.406 0.000439817
129.149 0.00156141
120.693 0.00153523
130.219 0.00162115
129.46 0.00150407
129.321 0.00158333
128.982 0.00176906
129.992 0.00101187
127.115 0.00139843
128.519 0.00169652
128.12 0.00179195
130.101 0.00154515
131.555 0.00166404
128.145 0.00148922
129.793 0.00168952
129.726 0.00155684
129.305 0.00164135
130.985 0.00155138
132.482 0.00172465
127.525 0.00142435
129.926 0.00157229
131.448 0.00145616
129.625 0.00157047
129.942 0.00158822
132.495 0.000713672
130.948 0.000159904
130.902 0.00154241
129.417 0.00149599
125.713 0.00160613
129.75 0.0015721
127.07 0.00150484
124.73 0.000861008
132.292 0.00172515
130.205 0.00151544
130.238 0.00157755
127.805 0.00156662
128.373 0.00172011
135.55 0.00148114
129.698 0.00157918
130.224 0.0015018
129.06 0.00154002
129.529 0.00165063
132.43 0.00115523
133.254 0.00155533
129.218 0.00149457
127.695 0.0014922
127.847 0.00151992
129.799 0.00150367
128.391 0.0014832
132.127 0.00147136
129.189 0.00162782
129.433 0.00163386
129.711 0.000881064
128.661 0.00139426
123.326 0.00155345
131.382 0.00149236
131.97 0.00152729
129.088 0.0016664
132.845 0.001495
129.709 0.00154521
128.05 0.00164516
118.432 0.00171285
129.005 0.00147745
130.897 0.00143883
130.69 0.00146132
128.088 0.00155062
128.252 0.00147872
131.474 0.00159022
124.961 0.00155323
130.088 0.00174622
129.498 0.00139967
131.262 0.00147244
129.283 0.00152239
130.034 0.00167551
130.22 0.00150313
125.88 0.00168327
130.077 0.00145794
132.396 0.00141877
131.056 0.00155305
122.44 0.00152456
133.488 0.00151788
130.256 0.00148193
130.862 0.00154685
127.209 0.00164829
129.169 0.00153492
131.058 0.00119815
127.895 0.00150248
124.889 0.00165937
128.895 0.00158975
130.857 0.00162246
130.847 0.00150376
127.145 0.00163857
128.875 0.00148571
124.01 0.00156179
129.808 0.00147467
133.706 0.00144031
130.284 0.00162339
128.882 0.00174334
129.115 0.00166518
126.708 0.0015198
125.708 0.00139652
132.008 0.00149542
129.094 0.00152795
131.772 0.0012179
127.363 0.00161398
127.148 0.00142182
130.522 4.47862e-05
119.57 0.00158104
129.036 0.00151683
132.54 0.00128714
129.446 0.00151966
127.676 0.000157675
130.708 0.00140917
131.134 0.00157076
132.745 0.00143113
130.048 0.000327796
124.267 0.00147435
128.091 0.00141704
129.572 0.00146486
129.35 0.00154927
129.229 0.00158289
128.53 0.00150319
126.559 0.00151493
128.714 0.00153275
129.325 0.00156184
129.993 0.00103939
128.984 0.00131922
127.708 0.0014326
133.224 0.00132173
130.47 0.00146823
122.577 0.00152914
130.543 0.00173583
130.777 0.00153909
128.435 0.00147712
130.671 0.00160566
130.259 0.00156022
131.445 0.00126159
126.515 0.00146868
129.562 0.00164606
129.201 0.00148026
132.626 0.00158929
124.368 0.00153896
129.361 0.00164256
130.428 0.00171905
127.302 0.00170845
129.645 0.0013352
129.934 0.00150575
134.547 0.00175794
129.751 0.00157155
130.402 0.00152807
130.259 0.00144505
128.203 0.00139549
130.549 0.00155602
128.413 0.00150698
130.563 0.00151408
131.379 0.00150227
129.213 0.00163539
129.096 0.000240351
126.642 0.00148861
130.095 0.0015142
130.415 0.00156668
131.12 0.00157351
128.634 0.00150118
127.713 0.00139134
128.642 0.00142508
131.278 0.00147982
124.128 0.00174381
129.929 0.00150605
125.329 0.000236292
129.833 0.000890133
130.711 0.00153146
120.626 0.00139272
127.896 0.00140523
129.446 0.00154019
130.702 0.00149581
128.784 0.0015613
127.898 0.00158911
130.864 0.00169678
129.411 0.00157421
123.353 0.00148919
130.369 0.00154955
130.089 0.00157266
129.517 0.00145726
130.948 0.00155608
129.668 0.00165456
128.418 0.00147458
129.616 0.00152484
129.884 0.001503
119.784 0.00119638
132.108 0.00151634
126.204 0.00148334
128.026 0.00149512
130.602 0.00157244
130.412 0.000444669
129.742 0.00155443
130.938 0.00150492
129.358 0.00171097
128.244 0.00155228
126.667 0.0015681
129.105 0.000109357
128.634 0.00177795
129.18 0.0015797
128.706 0.0017242
126.558 0.00174179
129.972 0.00160259
116.181 0.000969908
132.326 0.00143423
128.029 0.00157503
130.688 0.00157563
130.038 0.00156954
131.969 0.00142071
129.39 0.00162211
131.529 0.00150959
131.412 0.00148618
128.719 0.00161321
128.781 0.00151724
128.717 0.00152836
126.284 0.00145124
128.498 0.00151784
125.018 0.00158808
130.658 0.000168822
128.115 0.00160631
131.562 0.00147621
126.646 0.00160904
128.361 0.00151422
128.659 0.0015647
131.242 0.00174525
128.444 0.0015048
131.742 0.00169949
130.538 0.00154313
132.412 0.00152693
129.358 0.0015107
132.039 0.00163565
128.224 0.00145452
129.835 0.00155861
129.169 0.00171343
130.469 0.00151522
128.477 0.0014753
126.855 0.00142749
131.359 0.00147694
129.017 0.00154177
127.75 0.00157351
118.728 0.00137425
133.031 0.00163536
128.24 0.00161997
130.696 0.00016395
123.502 0.00154308
131.031 0.00149254
130.702 0.00148372
121.454 0.00149828
122.206 0.00151939
128.513 0.00151577
130.589 0.00163644
129.125 0.00149263
130.497 0.00116866
129.311 0.00154372
129.473 0.00159364
127.438 0.00147998
133.258 0.00147042
125.353 0.00167603
130.297 0.00152357
129.514 0.00138117
131.202 0.00152845
130.767 0.00159518
129.484 0.00167982
129.568 0.00170813
130.645 0.00169782
126.675 0.00155674
127.832 0.0014086
135.915 0.00157525
128.895 0.00157729
130.926 0.000862086
126.973 0.00131535
129.784 7.18012e-05
128.588 0.00159328
129.973 0.00163413
133.63 0.00140126
130.474 0.000235937
123.868 0.00159903
129.039 0.00172649
130.02 0.00118405
126.908 0.000879616
130.049 0.000161581
129.731 0.00161195
132.634 0
130.129 0.00157155
129.374 0.00155327
130.974 0.00149274
127.055 0.0017093
126.424 0.00155009
128.252 0.00168192
126.395 0.00153808
115.794 0.00171384
126.738 0.00157137
128.408 0.00159892
129.19 0.00158015
128.92 0.00157093
125.782 0.00161902
115.707 0.00166785
130.861 0.0015627
128.169 0.00128551
120.013 0.00010526
128.785 0.00101856
130.78 0.00149571
129.801 0.00155321
128.392 0.00142273
129.431 0.00101761
125.688 0.00151919
129.85 0.00154117
128.167 0.00149816
128.285 0.00137612
121.29 0.00149726
128.612 0.00147735
129.705 0.00154059
129.652 0.0016249
129.609 0.00132501
128.002 0.00163504
131.702 0.00147544
127.969 0.00157824
130.458 0.00156873
131.757 0.00179144
125.903 0.00156165
131.835 0.00152762
132.04 0.00170426
128.617 0.0017226
127.801 0.00169326
128.438 0.0016883
129.175 0.00155741
130.194 0.000823263
130.421 0.00152277
130.639 0.00111314
132.897 0.00152074
127.415 0.00151588
131.734 0.00154424
122.588 0.00167465
130.704 0.00149973
129.71 0.00148995
130.989 0.000731197
127.563 0.00170798
128.441 0.00154333
129.044 0.0015726
130.886 0.00163239
131.978 0.0009996
128.419 0.00157089
131.416 0.00150143
130.061 0.00150927
131.919 0.00150062
125.781 0.00150419
127.222 0.00118349
130.794 0.00134737
130.706 0.00154669
132.468 0.00163009
130.434 0.00045289
128.138 0.00148173
122.308 0.00176412
122.467 0.00172808
131.482 0.00170685
132.744 0.00148267
129.152 0.00151425
131.035 0.00152339
128.059 0.00161843
129.276 0.00151496
128.488 0.00147597
129.194 0.00156863
135.097 0.00150316
131.659 0.00155293
130.319 0.00165909
128.996 0.00154502
133.208 0.00165696
126.221 0.00158932
128.481 0.00154422
128.097 0.00170929
132.375 0.00150298
127.898 0.0015591
128.71 0.00146918
129.498 1.32793e-06
127.781 0.00153927
129.107 0.00174065
130.401 0.00147961
130.759 0.0015294
129.468 0.00149505
129.933 0.00149335
130.691 0.00140147
128.55 0.00158956
131.564 0.00158823
154.207 0.00159365
131.584 0.00147968
129.218 0.00146505
128.025 0.001503
124.865 0.000896549
115.81 0.00151367
130.308 0.00154852
132.311 0.00172536
128.275 0.00158937
131.147 0.0014171
128.279 0.00141838
129.173 0.00163545
128.377 0.00162882
129.585 0.00176823
129.966 0.0015019
129.522 0.00146505
127.63 0.00165215
130.233 0.00151723
128.717 0.00171221
128.37 0.00173843
129.762 0.00141933
127.758 0.00144064
128.789 0.001557
129.608 0.00150266
129.481 0.0015667
130.786 0.0015392
130.642 0.00171893
130.336 0.00152413
132.176 0.00148696
128.317 0.00151046
129.256 0.00143986
128.283 0.00152802
125.391 0.00154767
129.678 0.00132048
129.452 0.00153318
130.102 0.00144722
130.75 0.00150975
129.366 0.001536
126.735 0.00148936
129.596 0.00166171
129.588 0.00167807
120.767 0.0014388
128.198 0.00159486
130.228 0.00154905
128.488 0.0016831
129.922 0.00149136
126.738 0.00157318
128.79 0.00151678
129.957 0.00149449
130.71 0.00161485
131.138 0.00150495
126.79 0.00163808
128.899 0.00166345
130.752 0.00157558
129.231 0.0017166
129.903 0.00151418
130.065 0.00162983
129.978 0.00153746
129.794 0.00163489
132.874 0.00154127
128.942 0.0015456
128.343 0.0015139
130.331 0.00137321
125.726 0.00168333
128.949 0.00158774
131.14 0.00174811
131.81 0.00159287
128.866 0.00154166
133.767 0.00154927
128.685 0.00145367
131.663 0.00148234
131.188 0.00173768
129.321 0.0016197
126.871 0.00148498
127.095 0.00166839
127.251 0.00148891
117.557 0.00153759
128.475 0.00150802
130.001 0.00151918
126.946 0.00152498
133.206 0.00140237
132.635 0.00151825
131.119 0.00153308
129.113 0.00150524
129.583 0.000582477
130.941 0.00153686
130.839 0.00176462
130.241 0.00131803
129.728 0.00155956
129.464 0.00150509
129.544 0.00140694
129.15 1.63662e-05
129.869 0.00151892
130.738 2.86653e-05
128.697 0.00152631
130.517 0.00147885
129.378 0.0015098
128.57 0.00143528
130.413 0.00165612
117.239 0.00157083
128.127 0.00156498
130.997 0.00172544
129.749 0.00162634
130.234 0.00152104
130.067 0.00151604
127.721 0.00140923
125.644 0.00139309
132.486 0.00150207
128.369 0.00154977
120.211 0.00157985
136.342 0.00161016
130.652 0.00151534
128.08 0.00149065
130.178 0.00162191
118.577 0.00159734
129.323 0.00150602
126.853 0.00169986
137.622 0.00137571
127.16 0.00155257
132.055 0.00015217
127.053 0.00154423
129.07 0.00158507
127.443 0.00149467
130.086 0.00158144
127.465 0.00171285
132.274 0.00149187
129.222 0.00173774
128.467 0.00155421
129.476 0.00149413
127.547 0.00173292
121.522 0.00148871
130.971 0.00150326
127.259 0.00145417
130.957 0.00143029
129.703 0.00138812
137.225 0.00167318
129.073 0.00141549
128.496 0.00150313
129.525 0.00155919
128.669 0.00157612
124.264 0.0013159
122.216 0.00150933
128.306 0.00170267
129.658 0.00151707
129.88 0.00120335
129.206 0.00141493
128.503 0.00116957
128.07 0.000322928
131.309 0.00130781
130.085 0.00159279
131.181 0.00158475
131.336 0.00146929
130.098 0.00118481
130.379 0.00153152
129.166 0.00151083
130.824 0.00155587
125.603 0.00163184
128.757 0.0016813
126.47 0.001413
127.317 0.00151606
129.501 0.00149477
125.043 0.0017855
131.64 0.00153258
130.051 0.00101287
129.382 0.00149388
127.568 0.000840786
129.036 0.00148576
127.138 0.00148874
131.515 0.00147875
129.77 0.00171872
134.321 0.00179132
125.459 0.00172555
130.361 0.00156146
128.552 0.00158666
130.132 0.00130112
132.751 0.00158331
129.568 0.00159929
127.421 0.00154722
126.933 0.00156224
129.809 0.00155528
132.343 0.00152247
131.976 0.00151217
131.623 0.00152406
129.627 0.00172995
131.597 0.00118151
129.717 0.00150507
130.36 0.00166854
126.252 0.00149517
122.385 0.00150138
130.237 0.00154759
130.771 0.000329556
129.902 0.00171548
122.929 0.00154989
130.068 0.00155742
127.554 0.00163804
130.489 6.99118e-05
124.526 0.00118363
131.502 0.00148159
132.915 0.00153055
130.366 0.00150342
130.324 0.000231814
127.894 0.00156273
128.583 0.000318799
133.129 0.00150168
131.641 0.00165355
115.711 0.00151539
129.334 0.00162775
130.518 0.00139051
129.415 0.00165474
127.377 0.00157721
130.585 0.00159445
127.66 0.00151813
129.103 0.00137626
121.92 0.00152626
129.137 0.00023356
129.359 0.00163822
129.02 0.00160349
129.167 0.00153612
125.706 0.00161233
130.441 0.0015785
128.824 0.00164984
129.792 0.000969339
130.312 0.00151997
127.245 0.00148579
127.355 0.00146607
130.929 0.00112869
128.818 0.00171532
129.4 0.00153302
131.392 0.000725638
129.912 0.00162538
132.785 0.00171695
123.757 0.00150073
128.484 0.00153449
128.241 0.00154928
132.098 0.00142834
130.072 0.00148276
126.984 0.00160083
134.957 0.0015457
129.829 0.00151026
129.862 0.00155143
132.309 0.00149956
129.135 0.00155462
134.535 0.00101744
129.152 0.000108854
131.739 0.00149667
129.834 0.00149481
128.074 0.00158299
131.739 0.00169142
130.55 0.00162709
128.244 0.00161205
128.079 0.00147223
128.133 1.06147e-05
129.555 0.00161744
127.809 0.00128702
128.758 0.00149364
130.816 0.00139739
128.376 0.0015833
128.108 0.00150002
129.633 0.00154616
128.964 0.001576
124.544 0.0014025
129.081 0.00146544
130.453 0.00151333
127.251 0.00155116
131.247 7.34722e-05
129.192 0.00154717
127.849 0.00150142
129.216 7.33215e-05
132.612 0.00175256
122.242 0.00145412
125.261 0.0014214
131.871 0.00148787
131.425 0.000113469
128.59 0.00172148
129.385 0.00177542
127.205 0.000875933
129.259 0.00137687
132.646 0.00140914
131.301 0.00150276
130.425 0.00136792
130.013 0.00152129
132.012 0.00146871
132.418 0.0014695
128.933 0.00153771
126.89 0.00158071
127.43 0.000556076
131.951 0.00155555
130.23 0.00141733
131.325 4.53941e-05
129.975 0.00159401
124.144 0.00166966
131.743 1.73803e-05
128.375 0.00152691
129.213 0.0015679
121.52 0.00131946
127.935 0.00139309
128.182 0.00151189
131.201 0.0015177
127.434 4.61665e-05
129.218 0.00173082
132.057 0.00157341
123.967 0.00170209
131.436 0.00144383
128.351 0.00148862
129.817 0.0011884
118.713 0.00149503
130.255 0.00170139
130.321 0.00162001
131.89 0.00158394
118.825 0.00152778
127.354 0.00170702
128.775 0.00148437
128.878 0.00153396
130.963 0.00156174
125.359 0.00140839
131.18 0.00151706
131.24 0.00149759
131.388 0.00140968
127.948 0.00155219
124.768 0.00143739
115.274 0.0014847
129.109 0.00148939
126.103 0.00171511
130.805 0.0015243
133.404 0.00158003
129.679 0.00155579
131.88 0.00152178
131.425 0.00164136
129.637 0.00102684
128.515 0.00151601
129.384 4.61646e-05
132.38 0.00155867
130.605 0.000873728
128.9 0.00135713
129.652 0.00163056
130.66 0.0014885
130.249 0.00151419
129.423 0.000324517
128.322 0.00151747
132.739 0.0014927
128.612 0.00147187
130.208 0.00152461
130.241 0.00161912
128.855 0.00154203
131.436 0.00152477
128.35 0.00148954
128.851 0.00150423
127.846 0.00167286
129.963 0.0015513
130.164 0.00145684
127.061 2.31769e-06
129.07 0.00151678
122.867 0.0016867
124.851 0.00171912
127.036 0.00141071
131.064 0.000811286
129.62 0.00171099
128.352 0.00143247
133.615 0.00140391
128.79 0.00147129
131.506 0.00160918
132.662 0.00147727
129.799 0.00143672
129.083 0.00153264
128.839 0.0015038
131.047 0.00155389
129.321 0.00151168
124.783 0.00150469
131.461 0.00151182
128.751 0.00152309
128.598 0.00172259
128.333 0.00169329
130.104 4.54409e-05
125.676 0.00170998
129.663 0.001491
133.302 0.00147054
124.725 0.00172204
128.066 0.00150101
127.617 0.00136189
127.59 0.00119023
129.151 0.00155497
128.652 0.00150202
129.651 0.00152268
128.504 0.00171048
130.81 0.00150039
129.01 0.00149096
130.352 0.00155855
129.201 0.00166859
127.624 0.00154092
127.402 0.00159401
131.138 0.00151136
130.011 0.00141585
129.595 0.00152654
131.178 0.00170302
131.427 0.00153518
128.172 0.00169484
129.391 0.00149924
129.838 0.00163431
130.432 0.00147499
130.585 0.00149801
130.429 0.00170189
135.034 1.02244e-05
121.422 0.001555
125.859 0.00153053
130.493 0.00157351
125.085 0.00147654
130.002 0.00179195
127.886 0.00169261
130.633 0.000109305
128.624 0.00150681
127.925 0.00150208
129.3 0.00149213
130.843 0.00151005
128.634 0.00147446
133.766 0.00138684
126.379 0.00152561
131.247 0.00156773
130.632 0.00159095
128.368 0.00150451
130.606 0.00170669
128.499 0.00147555
128.289 0.00160873
131.166 0.00150917
128.907 0.00171632
131.734 0.00151698
129.103 0.00122206
130.855 0.00150405
130.482 0.00147977
127.912 0.00032865
132.054 0.00153289
129.205 0.00156094
131.549 0.00167857
131.158 0.00161576
127.432 0.00147521
127.887 0.00162109
130.728 0.00168746
129.071 0.00148928
129.914 0.0015533
133.521 0.00155245
132.401 0.00154814
130.975 0.00167463
134.766 0.00149546
126.287 0.00161244
127.176 0.00153009
130.349 0.00141051
129.063 0.00146509
131.593 0.00162175
130.776 0.00153186
129.809 0.00164135
126.642 0.00169984
129.647 0.00164247
131.132 0.0015141
129.422 0.00165177
130.536 0.000233707
129.644 0.00150574
131.519 0.00151805
125.499 0.00169391
129.043 0.00155642
129.966 0.00154954
129.427 0.00154291
127.71 0.00170684
126.313 0.00157675
130.979 0.00151081
129.04 0.00163745
129.687 0.00168458
132.978 0.00180003
132.212 0.000445626
130.462 0.0016476
131.435 0.00148061
131.264 0.00150218
129.936 0.00171259
128.453 0.00169608
130.115 0.00157893
129.084 0.00141711
129.755 0.00160509
129.406 0.00152208
127.5 0.000958528
129.833 0.00156531
129.051 0.00149959
131.802 0.00155091
131.886 0.00161777
128.807 0.00150291
115.946 0.00156204
129.239 0.00157412
130.893 0.00170202
129.882 0.0017283
129.944 0.00146238
131.246 2.86341e-05
132.029 0.00169913
129.676 0.00149189
131.152 0.00149492
129.907 0.00148722
127.553 0.00154575
126.119 0.00138852
129.198 0.00167623
130.882 0.00153843
129.929 0.00148862
116.498 0.00171735
130.138 0.00115111
129.605 0.00149077
129.674 0.00149744
130.7 0.00156727
129.963 0.00146377
127.918 0.00175057
116.171 0.00142228
126.898 0.00162064
128.481 0.00173378
129.514 0.000853508
129.51 0.00149972
127.398 0.001611
129.368 0.00176613
132.417 0.00171657
129.664 0.00146345
131.121 0.00140667
130.853 0.00161971
131.745 0.00160518
131.865 0.00143879
129.36 0.00151922
129.469 0.00154644
126.04 0.000444423
128.3 0.000223996
127.639 0.00158891
130.125 0.000232818
131.16 0.00148711
128.392 0.00144684
130.871 0.00148595
129.475 0.00164075
125.712 0.00168592
127.393 0.00151187
119.164 0.00155374
130.95 0.00149998
129.827 0.00140413
133.094 0.00155208
130.928 0.00149619
130.395 0.000440503
130.914 0.00155315
128.889 0.00161547
129.839 0.00151814
131.2 0.00154475
127.326 0.00151574
121.417 0.00151224
129.23 0.00162311
128.35 0.00156604
128.782 0.00171463
131.066 0.00152746
126.297 0.0013226
129.316 0.00161244
129.306 0.00150775
130.789 0.00172781
128.056 0.00149638
127.724 0.00164937
128.469 0.00150365
132.379 0.00154972
127.405 0.0015691
120.434 0.00159815
130.04 0.00149615
128.619 0.00150592
129.12 0.00153848
130.265 0.00168991
127.431 0.000460323
132.687 0.000590467
119.586 0.00170827
125.733 0.000830121
130.904 0.00174599
130.491 0.00149184
129.791 0.00169882
129.563 0.00153841
128.28 0.00152075
126.066 0.00166381
127.127 0.00081122
129.131 0.0010309
132.127 0.00148603
124.986 0.00163442
132.979 0.00154021
132.018 0.00128485
131.014 0.00157132
125.636 0.00165709
129.799 0.00165801
129.421 0.00104166
123.081 0.00173443
129.766 0.00171111
130.774 0.00141098
128.32 0.00156917
128.153 0.00164544
128.731 0.00128078
131.534 0.00154882
131.56 0.0015607
130.062 0.0014958
129.938 0.00164038
116.279 0.00155932
129.73 0.00146809
127.608 0.00145161
131.047 0.00174549
128.737 0.00149443
131.662 0.0015392
130.219 0.00115726
131.058 0.00160298
127.805 0.00142031
129.426 0.0017422
129.239 0.00152654
124.11 0.00154909
127.268 0.00150744
128.227 0.00150357
125.591 0.00138266
129.334 0.00147993
129.698 0.00167828
129.038 0.000867822
131.427 0.00149489
126.464 0.00134076
127.389 0.00161198
129.329 0.00169731
128.021 0.00174815
129.897 0.00154349
129.41 0.00166594
128.886 0.00153946
129.124 0.00170431
129.208 0.00142556
132.118 0.00159389
127.419 0.0015571
127.947 0.00148842
132.121 0.00057952
130.391 0.00148689
130.022 0.00158028
125.039 0.00141489
118.272 0.00161754
125.716 0.00151219
127.843 0.00150593
126.682 0.00154336
130.528 0.00155266
128.891 0.000727494
134.846 0.0014799
129.181 0.00162703
125.67 0.00148541
128.802 0.00150661
129.979 0.00146435
130.69 0.000881827
129.705 0.00153287
129.617 0.000811502
130.062 0.00164604
126.937 0.00168281
124.914 0.0014728
132.045 0.000722105
132.41 0.00145123
123.787 0.00148958
130.115 0.00126231
128.169 0.00153724
131.599 0.0013748
129.835 5.79703e-06
126.729 0.00145758
130.326 0.00166803
129.477 0.0015768
128.747 0.00172897
128.712 0.00165249
133.668 0.00153418
127.851 0.00156648
133.88 0.00152738
129.134 0.00102239
133.14 0.00152481
129.553 0.00147943
123.497 0.00155068
125.284 0.00149177
123.052 0.00163257
128.695 0.00151275
126.114 0.00145088
130.341 0.00139383
128.599 0.00154261
129.149 0.00149352
127.854 0.00151191
130.12 0.00168383
127.643 0.00153525
128.423 0.00153753
126.618 0.00158051
130.285 0.00178953
130.226 0.00145829
130.267 0.0017035
127.004 0.00179098
125.333 0.00168994
121.869 0.00154265
129.549 0.000537603
126.008 0.00147456
128.066 0.00151236
130.322 0.00149294
127.505 0.00155064
130.578 0.00164256
128.401 0.00149795
129.773 0.00149571
116.009 0.00149697
130.777 0.00144063
119.25 0.00120506
130.094 0.00147799
129.824 0.00155959
128.148 0.00156358
130.367 0.00146359
127.738 7.32536e-05
130.255 0.00153159
129.827 0.00156498
130.327 0.00157128
130.976 0.00139159
130.477 0.00164525
128.052 0.00155924
128.967 0.00160237
130.383 0.0015413
129.765 0.00152486
127.894 0.00140686
131.916 0.000321829
130.564 0.00174738
128.756 0.00154089
128.897 0.00117698
127.861 0.00154644
130.25 0.00157918
128.99 0.00156451
129.954 0.00145898
131.698 0.00149644
128.305 0.00148955
130.922 0.00150835
130.538 0.00178036
130.93 0.00133155
127.73 0.00151836
129.128 0.00160337
128.473 0.0012593
130.593 0.00148645
128.601 0.00149511
129.202 0.00155565
126.121 0.00153521
128.837 0.00172852
130.524 0.00142799
125.128 0.000698909
131.159 0.00153808
132.546 0.00154965
128.938 0.0015142
130.27 0.00147495
129.824 0.00152539
132.864 0.00155033
129.259 0.0014988
130.76 0.00147168
117.282 0.00103761
131.522 0.00152024
133.485 0.00167064
123.395 0.00170057
122.164 0.00155992
129.792 0.00173157
128.07 0.000109825
131.947 0.00151336
132.317 0.00167566
121.375 0.00153672
130.503 0.00158485
131.324 0.00158856
129.485 0.00149205
128.658 0.00152558
128.773 0.00172598
130.12 0.000252709
132.015 0.00146861
131.484 0.00156542
127.97 0.00152059
132.824 0.00157423
130.808 0.00150576
129.241 0.0016207
127.268 0.00146374
128.766 0.0014438
130.021 0.000668088
128.668 0.00150507
129.478 0.00169313
130.042 0.00145231
130.422 0.00149926
127.352 0.00149284
133.91 0.00153444
129.665 0.00153232
129.458 0.00150686
129.598 0.0014473
