120.015 0.000298208
120.839 0.000264437
119.735 0.000101633
119.718 0.000259271
119.259 0.000269671
119.674 0.00025989
120.066 0.000122834
118.841 0.000264272
120.219 5.57144e-05
122.455 0.000267336
120.114 0.000282845
120.614 0.000264816
117.966 2.7731e-05
122.331 0.000301859
119.154 0.000175826
118.44 0.00028518
119.527 0.000237829
120.444 0.000266558
119.951 0.000253023
122.908 0.00024159
117.753 0.00025854
120.532 0.000250635
119.939 0.000217996
120.65 0.00025273
120.986 0.000284293
116.854 0.000264954
117.244 0.000291841
118.314 0.000264967
120.857 2.91753e-05
120.394 0.000293842
119.09 0.000299081
120.137 0.000202702
117.263 0.000294481
119.767 0.000247924
118.558 0.000244242
120.309 0.000263386
120.466 7.36476e-06
120.226 0.000257304
118.376 1.08662e-06
120.142 0.000266371
120.954 0.000294064
119.695 0.000220622
118.938 0.000259218
119.366 0.00026362
121.224 0.000227878
119.847 0.000253218
119.266 0.000237025
119.473 0.000262529
120.254 0.000284027
118.917 0.000285555
117.328 4.04864e-05
119.827 0.000291883
119.349 0.000266701
119.983 0.000248135
120.627 0.000291104
118.231 0.000279816
117.764 0.000257353
121.404 0.000266281
119.857 0.000261153
116.947 0.000286288
118.147 0.000284246
116.669 0.000293654
120.208 0.0002571
120.117 0.000303107
120.423 0.000264728
118.269 0.000267813
118.533 0.000106843
115.473 0.000254557
120.312 0.000220943
121.574 0.000255297
121.51 0.000263669
122.76 0.000264403
119.081 0.000207134
120.34 0.000255469
120.576 0.000289809
119.684 0.000260883
120.325 0.000278614
120.651 0.000242705
118.559 0.000262959
118.777 0.000270034
118.986 0.000267069
119.755 0.000228089
121.662 0.000220818
117.349 0.000254989
122.565 0.000259987
118.636 0.000266898
140.758 0.000243008
120.308 0.000253074
118.718 0.000233991
120.512 -0.000365955
119.04 0.000386361
121.219 0.000435103
119.981 0.000388323
117.644 0.000382167
118.385 -0.000381036
120.5 0.000378799
118.058 0.000259005
124.1 0.000373417
119.633 0.000420938
121.098 0.000403682
119.223 0.00039399
121.599 0.000363563
119.821 -0.00038204
124.211 0.000431956
117.28 0.000379392
118.979 0.000375109
117.348 0.000430345
117.685 0.000373526
120.003 0.000376561
120.099 0.000350956
124.09 0.000338615
117.708 -0.000400614
119.284 0.000386942
118.373 0.000406017
119.002 0.000379919
131.943 0.000362633
118.999 0.000370392
121.104 0.000361947
118.033 0.000334438
129.107 0.000420682
119.673 0.000373895
119.814 0.000378924
119.85 0.000380295
119.521 0.000442871
118.194 0.000240483
122.134 0.000390647
122.338 0.00043342
116.255 0.000371545
117.15 0.000409641
115.341 0.000366499
117.456 0.000383356
119.043 0.000384925
121.49 0.000417957
118.608 0.000411238
116.288 0.000408788
120.828 0.000431339
121.952 0.000368191
121.39 0.000373086
115.121 0.00038338
118.567 0.000375576
120.26 0.000392302
120.211 5.79289e-05
123.707 0.000347599
119.08 0.000348683
120.051 0.00040397
119.319 0.000409016
118.936 0.000384047
119.813 0.000399353
120.465 0.000393238
119.696 0.000401665
119.15 0.000386278
118.042 0.000395536
119.508 0.000401767
118.775 0.000372394
118.48 0.000395518
121.057 0.00040302
117.729 0.000400242
117.741 0.000351454
122.438 0.000379835
118.027 0.000180632
119.691 0.000183109
115.342 0.000229878
116.233 0.000425573
120.207 0.000386419
118.846 0.000380078
118.868 0.000421961
119.612 0.000409549
122.707 0.000376704
119.344 0.000397452
122.508 0.000359414
119.31 0.000392533
119.653 0.000382665
119.519 0.000394089
119.651 0.000360403
119.005 0.000400511
116.802 0.000383703
119.021 0.000421986
119.483 8.22155e-05
120.087 0.000355645
120.448 0.00044312
119.819 0.000388895
120.287 0.000354949
120.376 0.000362267
121.174 0.00039907
117.12 -0.000250094
120.939 0.000406688
118.231 0.000397245
117.718 0.000401666
119.128 0.000382964
117.963 0.000398406
122.32 0.000353468
119.276 0.000371369
118.088 0.000143961
119.796 0.000427858
120.399 0.000390486
