122.397 0.000136853
126.257 0.000146952
145.158 0.000136711
125.683 0.000133928
125.133 0.000137318
125.218 4.13203e-06
123.512 0.000143018
162.041 0.000156274
123.498 0.000137754
160.704 0.000149022
127.209 0.000140048
124.872 0.000134774
140.621 0.000154281
123.161 0.000142189
120.863 0.00013679
123.658 0.00015763
123.731 4.01936e-05
125.794 0.000124037
151.436 0.000144362
154.175 0.000144236
126.192 0.000137153
117.665 5.95017e-05
124.903 0.000153309
121.472 0.000139695
124.608 0.000123517
126.647 0.000134798
161.633 0.000136855
135.033 0.000154091
156.957 0.000137508
123.272 0.000150339
123.788 0.000132723
124.733 0.000134747
121.038 0.000139927
124.885 5.06665e-05
124.277 2.42994e-06
127.335 0.000132543
133.781 0.000142458
125.941 0.000142075
118.566 0.000140938
124.519 0.000135672
127.552 -0.000126784
123.398 0.000137608
124.187 0.000162423
123.52 0.000139032
120.628 0.000139686
119.644 0.000136531
155.174 0.000126857
124.184 0.000140962
125.681 0.000139478
