117.294 0.000256194
119.674 6.44483e-07
118.148 0.000123125
119.378 0.000276268
121.23 0.000242529
119.263 0.000278822
119.922 0.000272504
120.067 2.95005e-06
115.112 0.000246359
119.478 0.000269383
121.21 0.000285295
117.513 0.000240948
116.312 0.000245553
119.7 0.000261487
116.32 1.26386e-05
121.672 0.000261872
122.329 0.000243221
120.895 0.000258448
120.125 0.000246945
120.46 0.000287152
120.421 4.95111e-06
120.783 0.00028296
121.208 1.89172e-05
121.173 0.000254067
118.782 0.000293996
124.242 0.000280993
120.149 0.000250694
120.478 0.000290924
121.417 0.000279136
119.905 0.000280169
119.897 0.000293895
120.008 0.00025626
120.293 0.000259344
123.553 0.000271136
122.808 0.000226414
119.566 0.000259209
121.839 0.000230898
120.484 0.000271508
120.216 0.00026304
118.549 0.000263581
120.406 0.000257021
120.852 0.000250267
118.688 0.00026581
118.601 0.000259113
116.431 0.000252299
121.08 0.000126842
119.766 0.000263844
121.297 0.000262504
120.442 0.00026264
119.448 0.000265086
119.8 0.000260594
115.498 1.19558e-05
120.023 0.000236381
120.099 5.50911e-05
120.177 0.000239514
119.625 0.00026514
121.898 0.000254181
119.248 0.000261202
120.105 0.00027346
121.3 1.75978e-06
121.158 0.000245204
120.762 0.000256844
120.587 0.000290578
119.689 0.000296163
121 0.000121735
116.043 0.000271638
119.2 0.000263304
119.573 0.000249775
119.527 0.000270462
116.845 0.000120623
121.855 0.000266103
119.923 0.000200646
119.18 0.000290985
119.247 0.000254199
118.616 0.000276916
118.499 0.000258952
115.027 0.000259582
122.152 0.000269102
119.355 4.07228e-05
122.34 0.000257028
121.45 4.92878e-06
117.84 0.00028031
119.861 0.000256244
121.71 0.00026558
115.589 0.000199812
118.318 0.000277279
120.064 0.000280284
118.638 0.000123144
120.089 0.000273738
119.973 0.000247999
120.764 0.000260855
122.769 0.000240239
116.144 0.00025949
116.261 0.000252192
120.691 0.000252049
118.951 0.000254617
117.574 0.000263166
116.711 0.000280065
120.304 4.05668e-05
120.488 0.000262611
121.193 2.99327e-06
119.801 0.000275579
119.346 0.000269893
119.467 0.000264309
118.245 0.000289629
119.631 1.07022e-06
120.093 1.8085e-06
118.621 0.000256543
120.844 0.000286057
118.496 0.000256748
118.817 0.000271217
120.23 0.000261795
119.848 0.000261092
119.09 0.000269211
117.928 0.000236977
116.728 0.000256638
118.344 7.56368e-05
120.255 2.77316e-05
116.399 0.000199534
118.962 1.24788e-05
117.599 0.000248473
119.519 0.00025918
116.869 0.000266422
119.645 0.000277019
118.528 0.000270426
121.934 0.000275665
119.461 9.76363e-05
120.57 0.000283417
117.68 2.97586e-06
121.06 0.000257564
120.443 0.000265877
121.72 0.000267112
119.953 0.000291145
122.288 0.000267205
118.224 0.000237733
119.064 0.000267493
120.168 0.000269546
118.42 0.000289211
121.703 0.000260349
120.694 0.000266099
120.352 0.000265588
118.72 0.000267228
121.448 0.00025606
118.972 0.000267358
120.063 0.000278827
120.44 0.000262982
121.515 0.000253353
119.824 0.000269705
117.24 0.000285444
121.314 0.000192532
119.821 0.000278459
118.384 0.000261467
119.219 0.000175071
121.209 0.000146656
121.877 0.00025545
120.744 9.88787e-05
119.315 0.000253998
119.045 0.000293426
120.351 0.000263088
120.913 4.03917e-05
121.701 0.000282669
118.701 0.000257908
118.798 0.000288647
122.641 0.000259752
122.433 0.000245584
121.279 0.000267958
120.297 0.000255436
119.566 0.000262461
115.328 -0.000245805
119.137 0.000289616
121.238 0.00025858
119.528 0.000252563
119.083 0.00029228
122.014 0.000296991
119.305 0.000287711
116.224 0.000280956
119.672 0.000253863
120.74 0.000293546
120.03 0.000263226
117.915 0.000255851
117.577 0.000288369
118.491 0.000264963
120.31 0.000293156
118.304 0.000254963
118.047 0.000281632
121.833 7.54424e-05
119.637 0.000275631
119.725 0.000270252
117.713 0.000297286
120.415 0.0003963
115.41 0.000177102
118.845 0.000380876
119.555 0.00038125
122.172 0.0004087
119.826 0.000395824
119.639 0.000446893
118.307 4.18609e-05
118.579 0.000409212
122.031 0.000407658
120.818 0.000375068
119.91 0.000400799
121.67 0.000401125
118.317 0.000433641
121.633 1.80159e-05
117.511 0.000323046
117.917 0.00033086
119.511 0.000428119
120.067 0.000361682
122.309 0.000381801
121.694 0.000427204
121.789 0.000381913
115.773 0.000409835
120.099 0.000434168
120.741 0.000348503
118.519 0.000417995
118.594 0.00042723
116.945 0.000376315
121.579 0.00041664
120.594 0.000404021
119.276 0.00037711
119.805 0.000375507
119.12 8.24699e-05
120.366 0.000433733
117.753 0.000328118
119.079 0.000374603
121.927 0.000384261
121.723 0.000396725
117.67 0.000256923
120.303 0.000360629
121.088 0.00038548
123.923 0.000362764
135.191 5.98855e-05
119.155 0.000392267
119.679 0.00042153
117.301 0.00040383
120.107 0.000353312
118.171 0.000375384
119.429 0.000436329
120.677 0.000401276
119.326 0.000389419
118.815 0.000379423
125.912 0.000336106
115.642 0.000389472
123.486 0.000108428
120.966 0.000373934
118.971 0.00037852
120.772 0.000392823
120.988 0.000256841
121.872 0.000410418
119.622 0.000419612
119.004 0.000391234
118.009 0.000384552
118.173 0.000396432
119.96 0.000372327
118.517 0.000376004
120.126 0.000327254
119.791 0.000412905
121.994 0.000351138
121.254 0.000396055
119.088 0.000341849
117.206 0.000387815
120.157 0.000436635
117.704 0.000354748
118.47 0.000286624
119.57 0.000379443
119.971 0.000328583
119.363 0.000358797
119.487 0.000388725
116.766 0.000370437
118.422 0.000113527
118.279 0.000362459
120.586 0.000349959
123.24 0.000301418
121.383 0.000372825
120.529 0.000384199
116.224 2.8038e-05
122.528 0.000413951
120.455 0.000392334
119.246 0.000113646
119.34 0.000411356
120.76 1.59119e-06
118.959 0.000382786
119.463 0.000352662
119.623 0.000416789
119.182 0.000388762
118.952 0.000381352
119.665 0.00038096
146.589 1.58834e-06
118.685 0.000415258
119.728 0.000358688
120.855 0.0004025
119.068 0.000393724
117.871 0.000385755
117.556 0.000373157
117.829 0.000390468
117.829 0.000453327
121.871 0.000402291
119.253 8.14294e-05
121.397 0.00037659
120.778 0.000395558
121.44 0.00040424
119.675 0.000388039
121.439 0.000408053
119.565 0.000385653
118.744 0.000384547
119.222 0.00034469
119.16 0.000381741
116.9 0.000389951
118.824 0.000422018
120.298 6.70008e-06
120.065 0.000350539
118.754 0.000398694
123.474 6.24554e-05
120.949 0.000376027
119.511 0.000392204
120.248 0.000432959
117.364 0.000376553
120.008 0.000426733
115.974 0.000375832
120.779 -0.00039403
122.061 5.91067e-05
117.631 0.000371656
119.824 0.000381265
121.134 0.000378461
118.277 0.000381974
116.042 0.000375299
120.278 0.000399537
119.231 0.000371314
121.287 0.00043955
119.51 0.000399108
116.527 0.000385699
119.502 0.000382412
121.444 0.000356032
120.548 0.000393815
120.414 0.0003797
124.935 0.000390825
120.517 0.000398423
119.962 0.000376905
122.189 0.000206662
118.977 0.000382602
120.595 0.000383359
118.582 0.000374424
119.403 0.000414857
119.309 0.000379286
118.113 0.000375612
119.807 0.000348672
119.141 0.000375563
122.24 0.000400475
118.713 0.00036036
117.685 0.000430237
122.091 0.000406733
116.283 0.000383897
118.314 0.000386324
117.937 0.000415698
118.239 0.000403442
117.965 0.000410098
120.792 0.000386855
122.559 0.000387069
150.195 0.000368706
120.823 0.000330661
121.594 0.000381099
120.763 0.000398082
119.39 0.000221232
119.374 0.00023794
120.323 0.000383674
117.907 0.000383797
120.022 0.000358842
121.003 5.98558e-05
117.968 0.00041362
117.498 0.000375851
120.929 0.000370773
119.976 0.000379257
118.608 0.000398082
118.138 0.000405714
119.685 0.000413311
122.109 0.000147144
119.079 0.000328211
116.808 0.000397229
119.167 0.000400325
122.371 0.00035308
119.345 0.000377316
117.291 0.000382415
120.916 0.000388943
121.824 0.000390418
118.179 0.000391449
116.13 0.000438061
119.059 0.000218061
117.974 0.000393161
