119.43 0.00014872
120.833 0.000145577
121.555 0.000147711
120.904 0.000154135
120.484 0.000154067
116.71 0.00015203
120.547 0.000141279
120.921 0.000147542
115.106 0.000143878
117.751 0.00014208
118.174 0.000148619
120.06 0.000134004
117.041 0.000146052
121.378 0.000143565
120.181 0.000164916
118.553 0.000148631
123.073 0.000133964
119.288 0.000152954
119.703 0.000145967
120.712 0.000112131
120.814 0.000155849
121.237 0.000127409
122.52 0.000158827
119.673 0.000164823
122.639 0.000157985
119.991 0.0001435
118.336 0.000154321
117.547 0.000160652
119.352 0.000147543
115.819 0.000143415
119.453 0.000164695
121.649 0.000150383
119.97 0.000146188
120.338 0.000148429
119.401 0.000163371
120.818 0.000144709
118.657 0.000146242
119.332 4.35505e-05
120.049 0.000154082
119.486 0.000152869
119.842 0.000160225
119.964 0.000146178
120.024 0.000142971
120.099 0.000162535
122.14 5.65958e-05
119.81 0.000141371
118.01 0.000147713
121.864 0.000138211
122.01 0.000133694
120.645 0.000145836
121.843 0.000172482
120.634 0.000148093
119.842 0.000162976
121.461 0.000154331
119.15 0.000154606
120.663 0.000148097
119.356 0.000142712
118.909 0.000163392
121.415 0.000141305
120.466 0.000143325
117.713 0.000143737
118.251 0.000142457
119.123 0.000150559
116.676 0.000155266
121.103 0.000150155
120.084 0.000143687
117.081 0.000151007
117.624 0.000165933
119.294 0.000164222
117.902 0.000149174
119.608 0.000142521
120.638 0.000132613
119.383 0.000145886
119.045 0.000167338
119.231 0.000146722
119.597 0.000139496
119.519 0.000146742
120.573 0.00014296
119.433 0.000146833
122.03 0.000150612
117.41 0.000144525
119.242 0.000155837
115.295 0.000164158
116.122 0.000161423
118.574 0.000111118
116.356 0.000148783
119.129 0.000148849
118.644 0.000169892
124.385 0.000163919
119.995 0.000165358
118.998 0.000147799
120.508 0.00014833
117.797 0.000165689
119.075 0.000155903
119.698 0.000164844
118.586 0.000101887
119.422 0.000149354
118.887 0.00016519
116.374 0.000142821
118.269 0.000135097
116.564 1.65666e-06
119.344 0.000146717
119.419 6.83767e-05
118.955 0.00013736
115.201 0.000148649
122.774 0.000150322
121.455 0.000163963
118.549 0.000155435
121.439 8.28126e-05
120.437 0.0001424
115.091 0.000143715
123.483 0.000152725
117.689 0.000149845
116.288 2.22701e-05
116.29 0.000156009
121.479 0.000160921
118.298 0.000149689
118.895 1.55826e-05
118.368 0.000151442
121.345 0.000161846
119.668 0.000142323
118.071 0.000149812
120.027 0.00015799
115.601 0.000125516
119.564 0.000161559
117.527 0.000165893
120.055 0.000142142
115.11 0.000165867
120.713 0.000149781
118.231 0.000155638
121.091 0.000146639
121.727 0.000166367
121.903 0.000148908
121.752 9.86974e-05
118.859 0.000143847
120.654 0.000150359
118.831 0.000149028
118.334 0.000137974
119.645 0.00016385
118.186 0.000159405
119.787 0.000139043
119.115 0.000143233
120.684 0.000164938
122.453 0.000145668
116.137 0.00016018
116.159 0.000144586
120.383 0.000164728
120.824 0.000149703
121.931 0.000161831
120.678 0.000146297
117.897 0.000162115
121.075 0.000153518
120.119 0.000136403
121.739 0.000142607
118.433 0.000153432
119.303 0.000147256
118.242 0.000158568
119.722 0.000142751
118.187 0.000143923
120.141 0.000156258
119.154 0.000161262
122.909 0.000155486
118.913 0.000144776
117.57 0.000142656
120.557 0.000163499
122.351 0.000139683
118.147 0.000166637
118.786 0.000164307
116.464 0.000164074
116.712 0.000165543
119.434 0.000144667
120.071 0.000154051
123.2 0.000145396
120.058 4.31947e-06
118.568 0.000144698
124.075 0.000147045
121.85 0.000145916
121.672 0.000149486
119.765 0.000145351
120.668 0.000143334
118.721 0.000146256
119.218 0.000134939
123.619 0.000134893
121.367 0.000141997
120.946 0.000142369
119.612 0.000149389
116.832 6.8641e-05
120.431 0.000151757
118.811 0.000149971
116.853 0.000148298
120.283 0.000167558
119.742 -0.000139488
120.453 0.000145708
120.841 0.000142725
115.356 0.000140164
118.017 0.000141711
121.128 0.000154589
118.035 0.000148255
120.975 0.000140513
123.014 0.000141631
120.145 0.000144223
118.306 0.000166362
117.333 0.000148014
120.007 0.000139586
120.905 0.000160707
120.909 0.000150756
116.947 0.00013222
120.477 0.000144353
119.179 0.000131303
123.198 0.000147213
118.873 0.00015083
121.193 0.000148306
115.605 0.0001464
117.991 0.000149839
120.616 0.000144251
116.026 0.000154469
119.276 0.000144115
123.899 0.000158085
120.038 0.000158287
116.896 0.00014406
118.988 0.000146739
119.743 0.000145264
120.278 0.000133302
120.179 8.27982e-05
120.914 5.16002e-05
118.52 0.000143576
119.051 0.00014505
119.632 0.000147042
120.844 0.000154824
117.997 0.000151345
118.102 0.000153191
120.969 0.000152678
119.469 0.000154028
119.93 2.3432e-05
115.345 0.000172091
119.642 0.000149039
118.91 0.000153773
118.853 0.000142882
118.647 6.684e-05
120.277 0.000163428
118.705 0.000144471
120.514 0.00016461
118.5 0.000152125
117.153 0.00015517
121.104 0.000136476
121.108 0.000141866
118.845 9.86352e-05
118.426 0.000160236
118.94 0.000152472
120.885 0.000155456
121.258 0.000139969
120.962 0.000136131
115.123 0.000136397
122.127 0.000112111
117.257 0.000144762
118.207 0.000161986
119 0.000124404
119.518 0.000148966
118.599 0.000151799
118.101 1.05495e-05
125.697 0.000100685
118.918 0.000148462
119.86 8.38039e-05
117.992 0.000145727
120.449 0.00014343
123.134 0.000143288
117.957 0.000162402
116.4 0.000136713
122.2 0.00014471
115.339 0.000147582
115.755 0.000149657
118.885 9.77279e-05
117.452 0.000144937
119.901 0.000160293
118.116 0.000162067
119.361 0.000149627
119.257 0.000145569
118.679 0.000144178
119.352 0.000160809
120.758 0.000134611
121.128 0.000143823
122.526 0.000150605
119.146 0.000143552
119.304 0.000143526
117.078 0.000149627
118.739 0.000157165
117.142 0.000149067
120.244 0.000145572
122.006 0.000146795
120.785 0.000146654
117.314 0.000145288
120.572 0.000134542
117.481 0.000143444
122.36 0.000166172
121.357 0.000134176
120.53 0.000142705
118.939 0.000142963
116.955 0.000143025
117.45 0.000151752
117.579 0.000145312
117.094 0.000149576
120.873 0.000145562
117.912 0.000148924
119.747 0.000143754
118.371 0.000147678
120.654 0.000164626
117.058 0.000163959
117.614 0.000142722
118.193 0.000157601
121.916 0.00014185
