119.398 0.000243887
122.551 0.000282853
118.996 0.000275697
120.784 0.000294573
119.734 0.000244471
119.263 0.000258086
121.735 0.000268768
118.052 0.000237719
119.265 0.000218495
119.655 0.000227102
119.842 0.000275528
120.583 0.000266561
118.521 0.000239083
119.981 0.000261818
120.027 0.00025675
119.779 0.000267685
122.256 0.000258571
116.208 0.000258287
120.957 7.66541e-06
118.442 0.000259861
116.729 0.000263485
119.7 0.000274062
119.99 0.000295799
120.08 0.000269592
140.822 0.000258544
117.262 0.000238911
116.583 0.000263859
121.258 0.000263907
121.478 0.000292437
120.855 0.000100048
118.501 0.000264027
119.731 0.000272335
118.947 0.000252555
118.413 0.000255033
119.283 0.000250621
121.166 0.000267388
121.133 0.000259698
121.701 0.00025537
121.415 0.00030672
118.486 0.000262893
119.632 7.64511e-05
119.002 0.000249966
116.996 0.000260581
121.026 0.000258363
120.208 0.000295483
119.829 0.000258681
116.551 0.000241109
117.927 0.000266426
115.157 -0.000245723
117.651 0.000258982
116.634 0.000279622
121.083 0.000121334
127.625 0.000258996
121.2 0.000258568
117.508 0.000239802
118.765 0.00027013
143.596 0.000277152
119.129 0.000267227
119.569 0.00028977
120.217 0.000296162
120.695 0.000268186
120.016 0.000246202
118.094 0.000286541
116.09 0.000256775
120.281 0.000296816
118.202 0.00026124
119.33 0.000232174
117.477 0.000259713
118.83 0.000268786
121.538 0.000262313
120.641 0.000264292
118.137 0.000277549
118.628 0.000258571
121.151 0.000291163
121.796 0.000260562
124.213 0.00026215
119.537 0.000269072
119.395 0.000273964
119.775 0.000280405
121.645 0.000289564
118.11 0.000248168
122.088 0.000198582
119.774 0.000271135
118.322 -0.000262266
119.903 0.000290275
118.762 7.21664e-06
115.678 0.000258272
120.48 7.50307e-05
119.683 0.000232152
121.147 0.000258928
122.227 0.000279685
119.471 0.00026214
121.129 0.000253145
120.493 0.000257096
118.943 0.000278782
117.603 0.000257435
122.359 0.000276633
117.281 0.000290609
125.019 0.000258891
119.905 0.000259251
115.806 3.9279e-05
120.741 0.000295745
118.761 0.00025718
119.293 0.000271138
123.01 0.000244614
119.735 0.00025324
117.604 0.000258028
117.902 0.00020133
119.691 0.000261414
120.701 0.000247064
119.579 0.000264734
115.822 0.000237811
119.55 -0.000258355
120.761 0.000254041
122.997 0.000229804
120.054 0.000262453
120.862 0.000239748
122.606 9.96784e-05
122.365 0.000238764
120.617 0.000217486
121.66 1.24104e-05
119.321 0.000283814
120.622 0.000275432
119.419 0.000265361
117.25 0.000294699
120.966 0.000256189
118.025 0.000252286
120.483 0.000263086
117.127 0.000283507
117.094 2.74315e-05
119.266 0.000258903
117.626 0.000289805
116.829 0.000278282
117.774 0.00022255
122.643 0.00025354
117.875 0.000297908
118.576 0.000134235
120.922 0.000256799
116.339 0.000240265
118.757 0.000245546
118.185 0.000243642
117.335 0.000255594
118.241 0.000266723
119.093 0.000292928
118.253 0.000290933
120.718 0.000250671
118.781 0.000282044
115.463 0.000273182
118.656 0.00027057
119.069 -0.000294363
115.61 0.000296132
119.878 0.000258928
115.039 0.000213249
119.938 0.000259783
118.193 0.000278884
117.432 0.000252055
119.861 0.000219299
121.99 0.000262431
121.196 0.000241722
119.804 0.000288142
119.517 0.000263013
117.021 0.000263691
121.88 0.000257941
119.223 0.000250526
120.929 0.000257549
117.899 1.90085e-05
137.286 0.000304711
118.743 0.000253112
118.17 0.000297435
118.909 1.79056e-06
118.44 0.000295802
126.122 0.000251587
118.37 0.000276707
119.601 0.000248219
122.029 0.000248448
121.26 0.000269749
122.507 0.000288348
118.265 0.000269442
119.065 0.000253665
120.037 0.000264876
119.73 0.00027041
122.937 0.00026653
118.709 0.000249446
119.268 0.000273597
121.141 0.000256683
151.875 0.000251978
123.687 0.000216295
119.594 0.000267075
119.968 0.000259888
122.547 0.000244404
120.393 2.89873e-05
120.074 0.000376386
118.287 0.000377171
117.918 0.000384423
140.112 0.000371624
121.367 0.000380201
118.297 0.000427272
120.335 0.000380494
115.528 0.000372144
118.394 0.000420297
120.696 0.000399041
118.308 0.000381815
120.717 0.000390472
124.406 2.87644e-05
120.142 0.000368638
121.846 0.000377695
118.539 0.000452321
118.091 0.000112846
118.648 -0.000409695
118.982 0.00037824
126.131 0.00037429
118.999 0.000378695
120.411 0.000387825
119.476 0.000399714
119.297 0.000395778
116.816 0.000417945
156.271 0.000430128
120.77 0.000373584
120.134 0.000258768
118.901 0.000433154
115.904 0.000378847
119.488 0.000406715
120.795 -0.000418456
118.248 0.000439122
121.716 0.000418942
121.342 0.000377505
119.538 0.000436138
120 0.00043748
119.667 0.000434974
121.061 0.000386566
120.678 0.000389475
118.081 0.000398776
121.022 0.000367093
121.462 8.35699e-05
120.622 0.000393932
120.457 0.000398619
119.744 0.000379896
119.054 0.000430741
121.277 0.000437695
117.209 -0.000390097
120.923 0.000383373
120.222 0.000384644
116.993 0.000380165
120.517 0.000394266
121.67 0.000113936
125.457 0.000359904
120.668 0.000404053
120.256 0.000389288
119.541 8.25588e-05
120.842 0.000371438
119.681 0.00038502
117.254 0.000221599
118.899 0.000402561
118.499 0.000309936
124.105 0.000440985
118.196 0.000364569
118.659 0.000355198
122.67 0.000404819
119.228 0.000427886
121.265 0.000400061
120.096 0.000385122
120.61 -0.000387105
123.261 0.000383822
119.981 0.000402648
115.397 0.000392771
120.58 0.000376758
119.377 0.000371507
120.542 0.00039425
120.982 0.000405147
120.904 0.000389822
120.044 0.000183707
119.248 -0.000427945
119.613 0.000377944
122.007 0.000378365
119.698 0.000366945
121.104 4.042e-05
119.102 0.000408972
122.224 0.000400391
118.899 0.000331778
120.71 0.000395564
119.137 0.000389646
121.542 0.000367892
118.836 0.000396334
119.321 0.000381529
118.574 0.000437605
118.834 0.000419377
119.269 0.000276448
120.33 0.000401312
150.155 0.000398653
118.568 0.000396148
115.824 0.000380894
120.652 0.000394013
117.315 0.000380109
124.813 0.000360665
118.415 0.000434894
121.077 0.000411752
165.613 0.00038022
119.254 0.000380414
119.291 0.000377104
120.524 0.00038354
116.367 0.000366433
119.055 0.000372328
123.266 0.000386542
121.712 0.000393705
119.235 0.00041795
119.601 0.000401829
117.759 0.000404379
149.563 0.000274112
121.146 0.000392928
152.444 0.00042535
117.689 0.000380813
118.09 0.000438671
120.683 0.000395932
119.749 0.000379789
116.449 0.000377156
117.248 0.00037875
120.076 0.000371187
116.148 0.000393465
121.982 0.000382295
120.958 0.000422699
116.321 0.000354109
119.056 0.000386487
119.943 0.000430015
122.907 3.80868e-05
120.549 0.000428542
119.149 2.61223e-05
119.902 0.000410585
118.71 0.000374624
129.931 0.000355477
119.681 0.000353558
140.969 0.000378383
118.37 0.000379862
119.174 0.000377115
120.845 0.000387208
121.508 0.000359002
115.306 0.000412036
121.052 0.000379739
119.059 0.000402137
120.063 0.000396216
119.297 0.000399308
120.808 0.000397104
120.725 0.000415902
116.369 0.000440359
119.662 0.000351981
116.698 0.000410315
119.927 0.000370301
117.121 0.000395559
120.732 0.000329393
117.971 0.000432877
119.182 0.000421195
119.065 0.000235884
115.663 0.000376858
118.263 0.000371248
118.717 0.000428087
118.455 0.00041593
118.992 0.000395403
121.337 0.000436609
122.007 0.000381528
119.794 0.000377704
120.563 0.000391583
121.768 0.000383593
117.844 0.000421771
117.619 0.000426955
119.175 0.000375919
117.293 0.000379646
119.993 0.000393743
117.489 4.11854e-05
119.475 0.000258112
119.093 0.000381864
120.586 0.000397459
118.989 0.000435181
120.471 0.000376903
120.527 0.00038659
120.993 2.76507e-05
117.779 0.000361333
121.709 0.000359607
