155.216 0.000125522
128.71 0.000156334
123.388 0.000137754
153.915 0.000139632
165.484 1.47648e-05
125.126 0.000153788
126.507 0.000132257
144.639 0.000143517
152.597 0.000130099
137.462 0.000152116
147.424 0.000141674
134.559 0.000135074
124.489 0.000116969
164.363 0.000135447
156.055 0.000155478
124.978 0.000134272
138.262 0.000143036
123.706 0.00015451
164.666 0.000136034
125.236 2.13613e-05
125.63 0.00016125
159.041 0.000145509
124.783 0.000126686
150.596 0.000151636
123.666 0.000134342
132.394 -0.000148028
121.605 -0.000145575
153.746 0.000138638
131.937 0.000139273
126.276 0.000156618
126.196 4.13203e-06
124.176 6.59112e-05
158.033 7.44246e-05
122.48 0.000142999
123.873 0.000140637
168.796 0.000137321
123.732 0.000154416
124.283 0.000121564
120.322 0.00013157
130.849 0.000141327
126.586 7.94639e-05
124.412 0.000140517
119.053 0.000151197
151.18 0.000154089
127.262 0.000138811
124.572 0.000136529
125.155 0.000136203
167.229 0.000138521
124.574 3.43315e-07
124.831 0.000131503
159.529 0.000137429
124.4 0.000139664
123.828 1.00034e-05
169.349 0.00014705
125.612 0.000139865
123.23 0.00013688
128.357 0.000134826
123.731 0.000139932
121.443 0.000150654
123.831 0.000135452
125.395 0.000150581
168.913 2.69967e-05
167.302 0.000133762
123.998 0.000150592
162.787 0.000137864
123.998 0.000134943
125.824 0.000142061
154.257 0.000141124
149.713 0.000142573
164.856 0.000155296
124.497 0.000152055
141.608 0.000134185
137.991 0.000143052
135.117 0.000132517
124.5 0.000135504
126.259 0.000140804
123.583 0.000156682
163.632 0.000147359
121.375 0.000138259
144.302 0.000148959
150.059 0.00013373
148.017 0.000140072
127.033 0.0001369
162.98 0.000141363
135.91 0.00013592
161.984 0.000123699
153.425 0.000141692
124.878 0.000136908
124.685 0.000153019
124.259 0.000154976
146.309 0.000149378
122.3 0.000135883
122.335 0.000159205
118.48 0.000134275
124.821 0.000135885
143.293 0.000132254
132.951 0.00013715
154.065 0.000135098
156.01 0.000135525
141.723 0.000136472
120.116 0.000134993
125.93 0.000141294
122.608 0.00015017
123.64 0.000113423
144.453 0.000139926
124.83 0.000140617
133.412 0.000135613
124.764 0.000148045
127.796 1.47329e-05
123.268 1.36735e-05
124.367 0.00014112
124.568 0.000134589
129.812 0.000157186
155.891 0.000140916
122.22 0.000148943
131.681 0.000140806
139.367 2.24185e-05
152.434 0.000153377
118.026 0.000155927
126.969 9.68507e-06
129.814 0.000129039
123.371 0.000142295
126.489 0.000134267
126.254 0.00014384
156.438 0.000154131
162.3 2.41474e-06
143.778 0.000156543
125.718 0.000153039
148.064 0.000134791
124.133 0.000141365
130.9 0.000152052
126.827 0.00013192
123.172 0.000152544
140.247 4.18471e-05
150.842 0.000133056
134.634 0.000134001
127.433 0.000141983
127.099 0.000154702
123.924 0.000154294
122.655 0.000144008
137.327 0.000136433
139.991 0.000126223
124.716 0.00013945
122.807 0.000137727
125.171 0.000104469
127.6 0.000146688
124.502 4.04868e-05
133.377 0.000144654
125.238 0.000142763
165.78 0.000145784
125.879 0.000108741
123.445 0.00015024
122.762 0.000143442
161.629 0.000139235
157.865 0.000136117
163.267 0.000139143
134.823 0.000117876
122.835 0.000149071
127.215 5.08311e-05
128.366 5.27195e-05
131.174 0.000151095
126.141 0.000143344
125.935 0.000138442
150.336 0.000136635
127.373 0.000137857
121.289 0.000142399
124.511 0.00014784
126.708 0.000137567
122.409 0.000157071
140.227 0.000142872
156.567 0.000135951
117.109 0.000140784
145.261 0.000134725
139.307 0.000136803
123.782 0.000136432
125.331 0.000138876
125.213 0.000149316
122.847 0.000141274
142.798 0.000138219
