149.046 0.000369755
117.997 0.000116425
120.07 0.000437235
120.301 0.00039256
117.389 0.000430703
122.023 -0.000405799
115.352 0.000375679
115.533 0.000394932
117.164 0.000387407
121.355 0.000378756
142.807 0.00027003
119.797 0.000391951
122.78 0.000384213
122.478 0.0003806
155.13 0.000181553
120.584 0.000449101
118.784 0.000381444
119.313 0.000440776
120.121 0.000410032
116.222 0.000351853
119.878 0.000452433
117.781 0.000433782
120.216 7.44101e-06
152.064 0.000372189
132.18 0.000409198
153.441 0.000375827
118.462 0.000393887
118.368 0.000382136
130.723 0.000442577
120.887 0.000403288
120.532 0.000190088
121.195 0.000403845
146.511 0.000423877
149.025 0.000390524
119.872 0.000380145
115.938 0.000325454
121.374 0.000386522
162.689 0.000410205
123.884 0.000348067
162.818 0.000388222
119.65 0.000370913
153.742 0.000396263
119.922 0.000366519
134.697 1.15702e-05
158.024 6.0468e-05
118.131 0.00044275
155.039 0.000396927
118.774 0.000394894
164.332 0.000386525
145.776 0.000190152
117.744 0.000389027
120.585 0.000384938
159.259 0.00041618
163.402 0.000413834
118.687 0.000327466
121.413 0.00043606
122.407 0.00037231
117.782 0.00038917
115.347 0.000426186
158.651 0.000386455
157.331 0.000376641
169.019 0.000381331
127.669 0.000228007
120.456 0.00035921
151.201 0.000298165
122.137 0.0003873
115.812 0.00037728
118.443 0.000450437
118.033 0.000404492
164.462 0.00039422
121.054 0.000386414
117.59 0.000390514
161.434 0.000375704
120.87 0.000396901
118.69 0.000452296
118.591 0.000361571
117.565 -0.000387221
119.119 0.000395096
119.568 0.000382233
115.915 0.000385914
122.365 0.000405839
118.379 8.53612e-05
136.818 6.92921e-06
119.88 0.000379806
120.939 0.000371679
115.212 0.000375692
159.627 0.000389078
119.382 0.000404505
157.114 0.0004149
118.668 0.000249159
120.424 0.000378001
159.75 0.000429117
121.603 0.000361963
141.935 0.000434507
119.548 0.00039877
125.649 0.000458101
119.382 0.000429046
120.487 0.00029843
119.437 0.000392477
116.514 0.000399748
156.97 0.000376306
124.379 0.000361616
120.448 0.000452859
133.17 0.000380064
120.621 0.000396106
122.602 0.00037899
115.707 0.000385487
140.925 0.00039984
122.198 0.00039861
118.241 0.000412845
120.38 0.000410354
123.854 0.000383965
123.324 0.000428796
138.921 0.000376924
120.84 0.000259044
121.811 0.000395275
119.749 0.000401849
116.486 0.000399479
138.39 0.000302775
162.186 0.000456085
121.767 0.000388526
117.389 0.000435015
119.926 0.000377526
118.121 0.000219369
128.994 0.000348102
124.261 0.000396051
120.649 0.000382111
123.788 0.000414159
120.368 0.0001806
122.282 0.000399659
119.131 0.000439847
121.182 6.02167e-05
120.232 0.00038605
130.188 0.0003679
121.238 0.000437387
164.859 0.000392496
145.871 0.000409121
144.572 0.000390418
133.427 0.000375255
156.162 0.00041173
119.184 0.000396578
125.819 0.000446073
116.807 0.000437787
117.079 0.000427317
164.085 0.000360287
149.543 0.000379395
168.669 0.000422749
118.783 0.000392865
119.295 -0.00035919
157.85 0.000381882
115.321 0.000373653
120.315 0.000397629
166.543 0.000416241
115.637 0.000391656
153.43 0.00038451
124.583 0.000416234
120.179 0.000367169
119.076 0.000395877
116.509 0.000395569
169.311 0.000390631
118.337 0.00042746
156.74 0.000376669
118.745 0.000358561
117.585 0.000333926
118.912 0.000385389
118.698 0.000418441
118.413 0.000395347
119.675 0.000450708
157.593 0.00036871
119.069 0.000432893
118.889 0.000376533
116.729 0.000392761
117.764 0.000412909
117.714 0.000403468
119.681 0.000382842
158.564 0.000390387
156.785 0.000428164
117.897 0.000405575
154.896 0.000386429
120.401 0.000388695
119.237 0.00037538
127.029 0.000363668
127.707 0.000395645
117.575 0.000396187
168.861 0.000377503
125.608 0.000366238
118.918 0.000380992
118.166 0.00043776
122.823 0.000388461
119.192 0.000397943
119.313 0.000400132
115.756 0.000390217
120.825 0.000406171
164.15 0.00038172
121.606 0.000392674
119.119 -0.000433247
120.337 0.000380232
119.335 0.000390249
120.67 7.32773e-06
119.798 0.000379355
138.696 0.000370648
120.46 0.000381891
121.855 -0.000259956
117.965 0.000376215
131.819 0.000427278
120.318 0.000394101
157.947 0.000377593
119.578 0.000436121
117.664 0.000435025
121.788 0.000424067
121.056 0.000389357
140.398 0.000383542
120.522 0.000402026
117.897 0.000116163
164.792 6.03397e-05
120.539 0.000393009
121.582 0.000318951
118.85 0.00040618
116.679 0.000413547
155.33 0.00042114
119.078 0.000450845
165.289 8.24276e-05
120.459 0.00044055
121.755 0.000295492
119.667 0.000402504
146.467 0.000371735
116.428 0.000380936
119.031 0.000381271
119.467 0.000409971
151.193 0.000380186
120.741 0.000378338
117.262 0.000388629
115.966 0.000389693
119.197 0.000389852
122.157 0.000397609
148.941 0.000518004
118.207 0.000378069
154.22 0.00041661
121.566 0.000397738
118.245 0.000379362
153.151 0.00038317
146.927 0.000378334
122.558 0.000393753
130.106 7.97106e-05
153.47 0.000401494
121.51 0.000407627
120.383 0.000385309
116.22 0.000304026
122.674 0.000393422
162.823 0.000364027
119.067 0.000412449
117.085 0.000394928
117.132 0.000147774
117.471 0.00043562
117.468 0.000368889
119.96 0.000387211
161.72 0.000431702
142.002 7.36615e-06
154.153 0.000396495
119.2 0.000371019
120.291 0.000380267
169.178 0.000379897
120.572 0.00043072
121.917 0.000374659
121.632 0.000372961
118.513 0.000424072
130.243 0.000381791
139.172 0.000388223
121.698 0.000386023
161.142 0.000397938
115.374 0.00049159
119.566 0.00020957
144.417 0.000395016
115.544 0.000392379
123.424 0.000359553
118.785 0.000445879
156.334 0.000381699
121.846 1.73146e-05
127.872 0.000393861
119.413 0.000422014
120.873 0.000383099
115.11 0.000376707
115.918 0.000459323
118.311 8.23493e-05
120.41 0.000386592
121.426 0.000400385
158.666 0.000190196
144.766 0.000365861
162.442 0.000359111
161.328 0.000396083
133.041 0.000406193
151.653 0.000398132
133.933 0.000357133
118.257 0.000328532
154.788 0.000457431
118.416 0.000353852
119.528 0.000384379
139.901 0.000392729
123.027 0.000377639
118.073 0.000382602
122.672 0.000410671
115.217 0.000438494
145.299 0.00039378
119.802 0.000380507
118.665 0.0002524
165.257 0.000379365
140.643 0.000384478
122.814 0.000393677
139.51 0.000148969
117.956 0.000388061
119.042 0.000383691
120.567 0.000370537
124.974 0.000440316
116.205 0.000397794
119.678 0.000377063
119.261 0.000392313
121.205 0.000386924
117.881 0.000384178
119.986 0.000297667
118.247 0.000382515
115.803 0.000417265
124.58 0.000383133
