130.514 0.00157532
129.79 0.000158737
131.011 2.13403e-06
129.398 0.00147286
124.048 0.00154974
128.634 0.00150529
116.096 0.00132901
132.884 0.00153317
115.528 0.00147583
129.218 0.00167064
133.41 0.00142423
130.063 0.00149438
132.439 0.00150582
129.59 0.00146376
124.893 0.00150268
127.307 0.00151562
121.455 0.00167818
133.453 0.00113418
132.773 0.00145322
126.996 0.00140327
129.929 0.00147217
131.455 0.00151649
132.445 0.000988415
127.566 3.65192e-06
130.747 0.00144713
130.786 0.00070884
127.153 0.00150562
128.414 0.00134047
126.759 0.00104757
130.221 0.00163944
128.956 0.00115282
128.951 0.00166574
127.223 0.00145236
128.369 0.00149458
130.3 0.00156647
131.265 0.00071277
127.997 0.00146027
124.291 0.00151649
134.361 0.00152513
120.663 0.00143925
126.755 0.00031794
126.498 0.00158488
126.527 0.00166993
129.081 0.00146795
128.143 0.00147903
132.167 0.000945647
130.578 0.00149491
129.043 0.00148814
129.475 0.00142308
127.722 0.00141778
128.957 0.00143221
130.607 0.00152908
126.675 0.00151305
127.367 0.00142691
127.693 0.00139415
130.497 0.00144797
132.548 0.00166582
128.875 0.00143708
121.901 0.00150679
132.265 0.00147097
129.852 0.00157296
122.519 0.0014643
132.294 0.00151331
126.708 0.00139392
130.319 0.00138888
126.084 0.00115003
130.719 0.000428717
128.98 0.00146312
128.016 0.00144805
126.413 0.00158304
125.845 0.0015902
130.299 0.000322923
130.915 0.00126487
120.099 0.000226498
120.661 0.00146302
128.19 0.00146101
127.704 0.00141395
130.602 0.00146457
131.639 0.00172913
129.328 0.00146989
130.68 0.00146175
132.21 0.00159303
121.208 0.00151591
129.318 0.00162154
126.848 0.00152551
132.156 0.00150292
131.897 0.00155742
130.101 0.00148572
125.553 0.00102023
129.704 0.00145487
131.481 0.000106903
119.951 0.00151058
130.184 0.00163514
131.342 0.00140449
130.824 0.00152513
127.122 0.00149975
132.629 0.00146583
128.928 0.001498
129.182 0.000989192
125.845 0.00154977
131.793 0.00160734
130.64 0.00145172
129.699 0.00147895
130.647 0.00146691
129.416 0.00140339
131.049 0.00147322
129.851 0.00141205
127.158 0.00127258
126.931 0.00146722
124.329 0.00142979
129.81 0.000838008
131.556 0.00143689
126.63 0.0015145
125.851 0.0015005
116.887 0.00158788
130.203 0.00164839
131.549 0.00170314
129.105 0.00140162
123.27 0.00139458
130.822 0.00172369
128.34 0.00143708
128.871 0.00136101
129.953 0.00137584
125.388 0.00156527
129.512 0.00147617
124.82 0.000811461
133.905 0.00140627
132.152 0.00127448
120.829 0.00151856
121.681 0.00153921
128.846 0.00167167
126.85 0.00167257
126.618 0.00155939
134.818 0.00151088
129.409 0.00156424
130.451 0.00150604
128.772 0.00151684
128.251 0.00163025
131.375 0.0014914
129.165 0.00147694
131.453 0.00161799
132.968 0.00147062
124.651 0.00142156
128.828 7.11313e-05
131.349 0.00144979
129.01 0.00159477
126.782 0.00167461
132.336 0.000107585
123.176 0.00145092
129.17 0.00152688
127.83 0.00143801
127.822 0.00149804
129.78 0.00165158
131.171 0.001458
124.812 0.000694369
130.676 0.00165105
127.714 0.00164666
129.28 0.00163791
129.132 0.00145979
129.532 0.0014377
134.071 0.00125568
126.545 0.00137158
130.827 0.000563616
132.796 0.00146417
131.465 0.0016528
130.142 0.00150953
134.11 0.00149283
122.716 0.00146099
132.271 0.00149123
128.878 0.00150261
122.602 0.00173525
131.245 0.00165131
128.659 0.0015482
127.171 2.11629e-06
131.638 0.00163949
131.509 0.00146929
129.601 0.00166677
131.544 0.00137769
130.218 0.00141578
130.402 0.00182285
130.023 0.00145622
123.476 0.00145556
119.605 0.00151852
128.963 0.00158599
128.351 0.00147893
133.615 0.00148859
120.273 0.00153563
131.358 0.00149944
127.181 0.00159899
128.029 0.00147815
121.998 0.0014979
127.971 0.000158451
128.636 0.00144099
133.859 0.00140797
133.105 0.000835673
130.912 0.00147346
129.249 0.000106219
129.852 0.00153228
126.19 0.00160728
117.356 0.000709269
128.358 0.00145632
127.877 0.00165396
130.637 0.00151461
133.86 0.00152585
128.613 0.00166425
131.249 0.00153105
132.856 0.000425509
131.644 0.00126079
127.911 0.00148011
127.457 0.00151692
132.471 0.00159966
132.468 0.00165802
131.137 0.00164466
126.29 0.00144506
130.466 0.00134178
130.457 0.00148514
128.054 0.00146148
128.758 0.000227311
130.946 0.00142603
129.112 0.00167713
125.372 0.00142106
128.516 0.000847484
132.652 0.00154674
128.902 0.00148731
128.915 0.00155881
137.475 0.00146098
127.086 0.00147535
126.353 0.00166178
132.704 0.00138733
133.978 0.00149469
128.267 0.00100119
131.871 0.00170876
130.006 0.00166378
129.782 0.00154872
131.362 0.00165162
131.233 0.00142007
129.075 0.000109721
130.071 0.00166428
130.539 0.00137973
129.661 0.00147645
128.725 0.001453
129.361 0.00151926
129.488 0.00146755
130.51 0.00150985
129.652 0.00149124
134.813 0.00142968
131.239 0.00145774
129.573 0.00166684
129.352 0.00166146
130.094 0.00123638
129.871 0.00134398
132.393 0.00162833
132.436 0.0016054
130.291 0.00157228
131.295 0.000164794
128.259 0.00169759
128.492 0.00166764
128.03 0.00151713
128.196 0.00126127
129.651 0.00135163
126.957 0.00149334
128.193 0.0014765
128.103 0.00114047
129.583 0.00157722
127.191 0.00147084
127.951 0.00144466
128.43 0.00148187
129.874 0.00162894
120.461 0.00170427
131.281 0.00103626
131.39 0.00147968
125.154 0.00167018
128.877 0.000706176
126.878 0.00147778
119.072 0.000310503
127.762 0.00165143
132.646 0.00141032
130.325 0.00150185
130.409 0.00153817
131.623 0.00147449
127.687 0.00144592
130.622 0.00150568
132.357 0.00163889
132.087 0.00157815
133.601 0.00152553
130.806 0.00148659
130.514 0.00146182
127.727 0.00149072
128.935 0.00153531
131.612 0.00144227
131.177 0.00151203
131.265 0.00147864
131.432 0.000158394
129.017 0.00166991
129.105 0.00137807
132.209 0.000556631
129.95 0.00173112
128.59 6.07782e-06
130.623 0.00149889
129.914 0.00151522
130.406 0.00152857
123.166 0.00155756
129.559 0.0016861
127.765 0.00134999
130.799 0.00162002
129.662 0.00146139
126.069 0.000676581
133.978 0.00152696
127.239 0.00123683
129.781 0.00148581
125.676 0.00146012
118.002 0.00149733
129.132 0.00152513
128.865 0.0015163
135.95 0.00143382
129.403 0.00150353
128.567 0.00143681
146.702 0.00144633
132.583 0.00149777
124.253 0.00142587
129.074 0.000317826
124.23 0.00153242
122.909 0.00142926
133.176 0.00146195
128.267 0.0014574
129.394 0.00189711
129.842 0.00163719
130.842 0.00150551
127.258 1.00224e-05
126.803 0.000835598
130.256 0.00144961
130.992 0.00138418
128.995 0.00145685
131.414 0.00143148
127.603 0.00150166
127.01 0.00150715
127.937 0.00150121
127.367 0.0016831
130.637 0.00143733
130.559 0.00160061
130.653 0.00167821
129.924 0.00169482
127.689 0.00141307
130.971 0.00175748
123.033 0.00153906
124.94 0.00140723
130.65 0.0014608
129.56 0.00148234
129.137 0.00172884
130.164 0.00144264
127.74 0.00144745
128.572 0.00165761
129.318 0.00152047
126.219 0.00152686
133.284 0.000315461
127.332 0.00159818
131.757 0.00158306
130.824 0.00069232
129.713 0.00145227
119.605 0.00149917
127.239 0.00148679
128.67 0.00145382
126.133 0.00164688
129.671 0.00143334
131.007 0.00146714
125.845 0.00150295
131.137 0.0015078
130.156 0.00151069
132.782 0.00167749
130.884 0.00144578
125.4 0.00149314
131.05 0.00160317
130.968 0.0014669
129.115 0.00149559
129.983 0.001463
130.942 0.000106541
128.638 0.00156993
128.211 0.00139146
115.458 0.00145494
130.146 0.0014031
130.514 0.00146398
133.409 0.00143283
131.175 0.00164627
131.397 0.00170929
135.34 0.00149289
128.463 0.00169278
126.147 0.000114642
130.233 0.000110337
130.098 0.00149911
131.393 0.00153326
125.405 0.00147426
129.059 0.00137179
130.272 2.78887e-05
126.513 0.00164595
128.717 0.0015352
129.315 0.00145188
132.184 0.00135061
130.566 0.0014541
129.611 0.00146264
130.031 0.00150211
130.022 0.00171203
128.781 0.00145894
135.934 0.00151777
129.613 0.00165597
123.498 0.00161874
129.452 0.0014545
124.026 0.00104715
131.246 0.00146042
129.616 0.00146333
137.899 2.11911e-06
130.754 0.00140749
131.073 0.00143413
129.477 0.00153093
125.696 0.00144231
132.35 0.00157936
128.496 0.00015707
131.478 0.00166793
130.736 0.00146727
130.074 0.00144134
129.209 0.00166976
127.247 0.00142218
128.935 0.00143485
131.08 0.00166835
125.326 0.00145862
132.597 0.00154289
131.035 0.00151324
128.426 0.00153328
122.172 0.00137095
129.753 0.000683867
126.667 0.00164912
129.898 0.00135384
129.331 0.0015832
124.273 0.00155719
121.87 0.00144501
124.976 0.00145772
127.108 0.00152645
128.109 0.00153403
130.244 0.00163717
128.005 0.00125596
127.655 0.00150085
131.629 0.00154794
129.89 0.00155803
129.632 0.00122555
123.848 0.00157696
127.533 0.0014673
125.337 0.00136347
127.272 0.00149657
124.682 0.00146457
132.38 0.00170095
127.739 0.00165298
129.266 0.000105941
130.87 0.00168123
128.758 0.00143856
128.758 0.00144177
132.498 0.00163596
128.225 0.00148886
128.047 0.00164638
128.873 0.00147604
118.667 0.0016508
133.941 0.00148611
129.619 0.0014195
127.706 0.00149985
127.979 0.00143636
130.559 0.00143384
128.174 0.000690978
129.343 0.00155704
119.396 0.00143316
129.313 0.000431921
131.343 0.0014765
127.388 0.0015137
122.595 1.58967e-05
129.89 0.00149235
130.62 0.00131677
130.117 0.00151949
131.913 0.00146356
131.222 0.00140291
128.407 0.00146833
125.872 0.00156761
136.16 0.00153626
129.205 0.001523
129.368 0.0014489
129.044 0.00151841
130.938 0.00146728
129.276 0.00165968
132.011 0.00166164
128.337 0.000699406
117.394 0.001451
124.173 0.00147925
131.606 0.00147241
130.058 0.00154493
122.048 0.00158535
131.263 0.00127038
128.553 0.000228831
129.398 0.00143212
130.851 0.00138859
130.158 0.00151334
123.183 0.00156281
152.733 0.00143097
128.637 2.78762e-05
130.805 0.00163669
129.197 0.00153323
129.823 0.00151973
131.785 0.00163578
128.392 0.00151293
129.34 0.00161189
129.395 0.00142862
128.771 0.00140439
130.872 0.00165962
129.786 0.00147454
129.348 0.00165184
131.195 4.55754e-05
128.295 0.00113408
129.838 0.00146748
131.47 0.00138067
121.512 0.0013966
132.08 0.00139363
128.817 0.00136939
124.749 0.00159208
117.035 0.00152699
128.644 0.00145354
130.161 0.00152526
131.577 0.00152969
130.458 0.00149422
123.246 0.00146885
127.845 0.0014958
128.63 0.00138845
130.958 0.00166754
131.732 0.00141517
127.484 0.00148455
129.259 0.00146463
129.281 0.000841398
129.462 0.00141013
129.675 0.00145725
131.024 0.0015017
123.51 0.00140545
127.03 0.00163333
126.017 0.00162511
130.51 0.0016139
128.518 0.00147442
128.966 0.00151989
127.511 0.00144127
131.637 0.000895867
132.208 0.00147533
128.576 0.00134285
128.133 0.00144435
129.08 0.00150657
129.54 0.00146693
130.766 0.00166334
132.253 0.00032701
130.447 0.00146622
129.152 0.00153422
129.06 0.00154654
133.892 0.00127976
131.523 0.000157927
128.369 0.00169325
129.519 0.00146386
130.014 0.00147274
129.71 0.00163002
131.118 0.00151737
131.203 0.00150915
131.21 0.000689984
130.526 0.00150025
129.701 0.00143841
129.068 0.000695186
128.542 0.00144264
134.311 0.00143586
128.187 0.00145015
121.235 0.00172365
128.426 0.00143743
128.633 0.0015008
124.056 0.001441
132.043 0.00157155
132.453 0.00143652
128.21 0.00152903
132.878 0.00147943
127.997 0.00161906
132.335 0.00158519
129.283 0.00154829
128.135 0.000157364
129.839 0.00150242
132.406 0.00144602
132.188 0.00152073
128.999 0.00152103
125.344 0.0014567
133.674 0.00155579
129.294 0.00150455
128.727 0.000149695
131.488 0.00151632
131.386 0.0014562
132.414 0.00167262
132.906 0.00015231
130.552 0.00110597
134.072 0.00128549
130.663 0.0016977
127.535 0.00153267
131.349 3.36808e-06
129.31 0.00147033
133.539 0.00144871
125.947 0.0015078
129.829 0.00145914
132.394 0.00114895
131.813 0.0015564
128.999 0.00163255
127.803 0.00152047
131.323 0.00137425
129.01 0.00167262
131.066 0.00147981
130.309 0.00166938
128.236 0.00159724
127.565 0.0015236
128.018 0.00145343
132.724 0.0014902
127.155 0.00144596
135 0.00130996
126.583 0.00149953
129.653 0.00145609
128.895 0.00138071
128.444 0.00154243
133.691 0.00153842
129.691 0.00146189
123.969 0.00151565
119.972 0.00149475
132.652 0.00138961
131.747 0.00142897
130.286 0.001479
129.812 0.00146939
124.007 0.00144285
131.797 0.00145739
129.703 0.0014586
131.344 0.00166467
130.396 0.00147074
131.18 0.00146066
128.268 0.00139564
128.846 0.00149133
131.774 0.001455
122.95 0.00122846
133.428 0.00145553
132.429 0.00150453
127.797 0.0015415
130.009 0.00154693
127.042 0.00147613
127.708 0.00143246
128.509 0.00145185
121.954 0.0016421
128.723 0.00157436
129.634 0.00145438
130.287 0.0014893
131.631 0.00145108
130.363 0.000838678
129.408 0.00110154
129.623 0.00145264
128.804 0.00151286
128.581 0.00157768
132.981 0.00147646
127.139 0.001538
132.077 0.00149433
130.133 0.0015267
126.014 0.00149354
127.683 0.000849637
120.497 1.53613e-05
130.975 0.00155019
126.591 0.00172202
130.303 0.00145898
129.996 0.000427579
131.876 0.00145803
122.401 0.000228473
127.934 0.00166268
132.75 0.0015227
127.659 0.00164078
128.947 0.0015774
126.947 0.00148998
132.805 0.00142384
132.069 0.00144311
129.409 0.00150333
131.384 0.00169545
122.586 0.00152361
130.351 0.00172216
129.125 0.00162414
131.171 0.00167177
126.179 0.00148451
130.656 0.0013895
132.405 0.00151999
128.932 0.00156845
121.302 0.00144307
129.421 0.00150365
126.192 0.00149738
119.51 0.00153464
126.662 0.00163353
130.298 0.00158656
126.067 0.00133247
128.651 0.00146724
124.416 0.00143542
132.734 0.00145488
129.905 0.00159107
129.585 0.000708697
129.987 0.00162107
133.939 0.00145033
132.627 0.00146578
129.924 0.000556636
117.976 0.000839786
127.616 0.00143025
124.879 0.00143592
127.521 0.00155916
125.293 0.00147473
127.582 0.000567526
132.689 0.0014606
125.685 0.00155448
126.114 0.00146244
129.315 0.0013459
123.614 0.00161245
122.402 0.00159124
128.008 0.0014679
130.273 0.00145012
132.398 0.0013353
129.314 0.00146756
127.61 0.00135876
128.486 0.00151034
125.977 0.00151883
131.223 0.00135171
130.305 0.00148459
133.278 0.00148822
128.651 0.00146384
130.185 0.00150142
127.485 0.00148951
129.009 0.00146145
125.12 0.00145746
130.144 0.00147696
129.014 0.00150762
128.924 0.00165742
125.555 0.0014921
128.854 0.0015265
136.269 0.00144372
128.015 0.00143511
124.605 0.00154386
130.793 0.00145716
128.057 0.000694581
129.403 0.00151296
126.376 0.000230854
131.005 0.000761042
130.243 0.00150405
122.095 0.00124449
132.339 0.00143625
130.864 0.00146557
128.776 0.00148227
130.248 0.0016145
129.725 0.00145195
130.226 0.00166484
131.173 0.00155201
130.164 0.0014488
133.308 0.00146397
125.278 0.0016174
130.637 0.00155862
135.653 0.00144792
127.118 0.00144384
127.904 0.000698284
122.495 0.000699627
121.545 0.00150044
125.574 0.00149268
127.738 0.0014587
128.213 0.00143485
122.677 0.00168431
121.989 0.00172077
128.744 0.00142771
132.205 0.0014398
124.144 0.00146158
130.486 0.0016698
129.372 0.00143249
132.932 0.00139431
131.874 0.001452
130.197 0.00147819
127.41 0.00153839
131.059 0.00145552
128.541 0.00135778
127.447 0.00103538
129.335 0.00142882
128.405 0.00135462
129.913 0.0016187
128.422 0.00155527
131.761 0.00145117
122.243 0.0014947
128.75 0.00138652
130.988 0.00152566
133.519 0.00155074
131.697 0.00144081
120.153 0.00161735
128.602 0.00162565
131.971 0.00144102
130.087 0.00145222
127.392 0.00153949
130.861 0.00151888
128.711 0.00139915
129.415 0.00142255
127.485 0.0014453
130.837 0.00159006
128.764 0.00143501
132.03 0.00145169
132.914 0.00139134
128.607 0.00162712
119.03 0.0014902
131.383 0.00150104
122.136 0.00142909
133.067 0.00159205
131.466 0.00145006
128.046 0.00152008
129.573 0.00149986
122.696 0.00163068
133.188 0.00150627
128.542 0.00146955
128.576 0.00165948
123.512 0.00151865
131.123 2.85092e-05
125.13 0.00145785
129.04 0.00149024
126.145 0.00141574
131.664 0.00143051
130.145 0.00150013
127.926 0.0014567
132.638 0.00157955
130.525 0.00144415
132.532 0.00154655
129.489 0.00148554
122.266 0.00134783
126.374 0.00166988
128.939 0.00152208
127.179 0.00135371
126.746 0.00136606
128.831 0.00172831
130.819 0.00155941
129.681 0.00137879
130.955 0.0015453
135.195 0.00143197
129.166 0.00157559
128.885 0.00145352
126.126 0.00146852
128.06 0.00146563
129.505 0.00166696
127.014 0.00163036
132.074 0.00161256
126.911 0.00151544
128.684 0.00161793
123.06 0.00135822
128.559 0.0016347
128.035 0.00143887
128.919 0.00170874
127.828 0.00151707
130.467 0.00151006
124.873 0.00153064
127.981 0.00146462
129.737 0.00010664
132.821 0.00164892
130.459 0.00140542
125.035 0.00163989
128.275 0.00149627
127.427 0.00147075
132.404 0.00147596
131.023 0.00102389
128.518 0.00154747
132.31 0.00145714
123.203 0.000836191
134.719 0.00146699
128.449 0.00152225
127.612 0.000434382
135.136 0.00135906
128.364 0.00165354
127.79 0.0015229
129.584 0.00149226
127.373 0.00147099
125.595 0.00171699
130.575 0.00143169
132.704 0.00148816
126.12 1.74542e-05
125.94 0.00153823
132.189 0.00166223
126.495 0.00151167
130.721 0.0016572
129.324 0.00144189
130.836 0.00144573
132.183 0.00139393
131.535 0.00138266
128.107 0.00155327
126.477 0.00166278
124.654 0.00162522
130.307 0.00145177
125.228 0.000107717
124.37 0.000431199
126.898 0.00155484
123.745 0.00153294
127.415 0.00146109
125.797 0.000427527
131.701 0.00111909
130.107 0.00146871
130.839 0.00152829
127.621 0.00156361
127.141 0.00147254
127.865 0.00145487
128.641 4.34784e-05
130.559 0.00143374
128.751 0.0015453
132.556 0.00138426
126.723 0.000232437
125.7 0.00149071
132.395 0.00173122
131.986 0.00150845
130.808 0.0015042
130.726 0.00156285
131.116 0.00146628
126.354 0.0014628
135.517 0.00152163
128.811 0.00159936
125.249 0.00151896
125.56 0.00146588
130.835 0.00145795
129.218 0.00158083
128.784 0.00147958
128.772 0.00155074
136.592 0.00164909
129.197 0.00136767
130.289 0.00170256
128.588 0.00149721
119.736 0.00149173
127.137 0.00113741
124.847 0.00155285
129.353 0.00156874
128.501 0.000564931
127.019 0.00145899
120.306 0.00147933
128.664 0.00166558
128.771 0.0014801
129.594 0.00153011
132.13 1.6852e-05
129.428 0.00144724
129.108 0.00147559
137.705 0.00136105
128.388 0.00151684
128.218 0.00145755
131.566 0.00151203
130.759 0.00146999
128.459 0.00147491
127.163 0.00159188
129.172 0.0015009
126.98 0.00147914
127.867 0.00042562
131.392 0.00147592
117.996 0.00143423
128.726 0.00165348
130.805 0.00157
126.713 0.00152971
127.25 0.00161816
127.236 0.00197593
128.597 0.00144602
129.152 0.00136391
130.81 4.46349e-05
129.24 0.00141219
129.856 0.00146387
127.637 0.00151159
129.258 0.00157781
129.374 0.0016005
124.809 0.00151079
132.737 0.00161874
123.302 0.00144359
133.909 1.61507e-05
131.109 0.00147039
132.001 0.00101477
131.923 0.00156077
130.701 0.00147314
125.779 0.00143831
126.817 0.00146072
129.286 0.00156667
127.653 1.72378e-05
128.976 0.00148843
115.785 0.00152277
129.638 0.000864956
132.12 0.00135319
130.368 0.00166653
128.372 0.00150806
132.549 0.00153489
133.026 0.00141591
131.212 0.00144136
130.698 0.00146729
124.342 0.00160306
118.755 0.00160025
131.242 0.0014785
128.878 0.00150347
126.122 0.00156164
135.163 0.00153324
131.209 0.00164056
130.955 0.0014864
131.054 0.00147177
127.838 0.00166523
131.258 0.00146956
131.596 0.0014401
130.204 0.00136371
126.988 0.00148231
119.947 0.00143377
123.979 0.00162263
122.665 0.000574131
130.392 0.00146765
129.228 0.00149248
126.957 0.00153653
128.395 0.00101297
129.865 0.00141629
123.937 0.00149562
129.577 0.00156646
131.296 0.0016051
127.51 0.00145402
131.988 0.00157199
133.534 0.00153986
126.572 0.00145056
130.211 0.00153324
130.507 0.00145672
127.838 0.00148505
129.985 0.00132346
128.683 0.00084952
131.609 0.00146411
129.8 0.00148608
119.911 0.00146561
129.939 0.00148875
140.454 0.00137738
129.447 0.00165051
137.083 0.00134886
127.811 0.00144195
138.352 0.00136972
131.506 0.000731548
131.648 0.00165927
127.853 0.0014561
126.73 0.000542102
131.344 0.00148082
125.81 0.00144945
131.177 3.47814e-06
130.572 0.00150831
131.765 0.00155966
130.722 0.00140506
132.144 0.00152798
128.097 0.00151454
129.303 0.00162968
129.497 0.0016785
136.191 0.00150707
126.445 0.00141484
132.772 0.00135356
129.222 0.00129693
131.933 0.00154354
130.356 0.00161003
127.925 0.00148945
130.319 0.00156578
129.877 0.00150628
130.724 0.00140872
129.14 0.000715299
126.237 0.00140004
123.039 0.00150916
131.724 0.00151464
128.399 0.00164014
130.441 0.0012673
131.433 0.00149726
131.154 0.0014997
128.817 0.00144693
127.104 0.00126987
130.179 0.00168423
125.828 0.0014582
131.913 0.000903524
129.285 0.00160864
124.777 0.00152918
127.488 0.0015099
126.353 0.00150359
130.243 0.0013554
127.996 0.00150513
132.716 0.00147877
132.71 0.00164231
129.673 0.00155338
134.495 0.00145348
127.961 0.00162629
133.578 0.00152057
129.961 0.00145414
125.438 0.001318
129.406 0.00166798
129.773 0.00149029
131.211 0.00136421
130.668 0.00157957
133.489 0.00133091
129.873 0.00144651
128.469 0.0013428
130.238 0.00162836
128.176 0.00165097
125.003 0.0014657
129.225 0.00152701
130.545 0.00144719
131.118 0.00140049
119.061 0.00154447
133.345 0.000840779
128.708 0.00150563
132.526 0.00155519
130.612 0.00143704
127.57 0.00160866
129.709 0.00149252
120.609 0.00152958
130.557 0.00146811
133.55 0.00160152
126.418 0.00164358
129.763 0.00168645
129.896 0.00162417
135.331 0.00171814
131.764 0.00144259
126.198 0.00147129
140.359 0.00142853
128.786 0.00147568
129.519 0.00162773
131.777 0.0014903
124.996 0.00169538
123.704 0.00165226
129.811 0.000230997
128.769 0.00149887
130.533 2.82642e-05
128.905 0.0015562
129.953 0.00141075
129.187 0.00144189
130.43 0.000845391
129.721 0.00144542
130.292 0.00147115
131.431 0.00159488
119.378 0.000998744
130.773 0.00159706
128.677 0.00147626
129.728 0.00173478
123.244 0.00141441
130.377 0.00126153
130.396 0.00146198
129.633 0.00144924
127.042 0.0014362
132.361 0.00116065
125.86 0.00149257
124.794 0.00152032
135.437 0.00142966
130.639 0.00163374
129.16 0.00152549
130.699 0.001522
129.143 0.00145604
130.914 0.00144638
130.911 0.0016596
127.933 0.00165169
130.748 0.00160526
129.748 0.00149265
129.495 0.00157898
129.268 0.00144824
127.132 0.00138054
116.178 0.00133016
129.579 0.00158113
131.383 0.00148306
126.207 0.00154838
131.548 0.00148865
128.849 0.00151682
130.23 0.00137204
130.34 0.00153848
131.519 0.00146205
116.783 0.00166318
133.162 0.00148872
127.973 0.00149561
128.878 0.00152727
125.708 0.000159748
130.128 0.0014253
127.123 0.000230511
126.364 0.000545733
125.908 0.00164918
128.505 0.00146034
127.104 0.0016654
127.622 0.00143404
126.356 0.00126652
128.728 0.00152883
124.988 0.00156369
131.099 0.00149245
127.576 0.00151802
128.491 0.00146761
128.026 0.00146018
131.587 0.00148635
128.381 0.00150312
122.935 0.00154749
124.75 0.00167287
129.723 0.00149204
128.048 0.00144362
130.27 0.00151095
124.999 0.00163603
129.925 0.00155423
129.165 0.00137906
129.833 0.00145329
129.559 0.00145023
130.07 0.00179923
123.801 0.00147058
130.51 0.00168615
128.404 0.00143498
129.328 0.000854673
126.149 0.00158001
126.303 0.00154587
128.833 0.0013912
128.813 0.00152278
130.868 0.00144669
129.612 0.00162328
129.36 0.00151859
131.841 0.00157252
131.504 0.00149907
130.005 0.00155501
127.663 0.00151288
129.075 0.00147731
125.703 0.00152308
131.605 0.00150681
133.158 0.00143911
129.345 0.00170661
129.43 0.00113719
132.017 0.00145534
124.907 0.00156189
131.866 0.00166155
127.614 0.00145341
128.064 0.00152489
127.631 0.00149055
124.667 0.00128326
128.067 0.00158214
128.96 0.00164586
131.369 0.00149166
132.326 0.00155605
128.867 0.00148865
129.696 0.00161622
126.114 0.00163803
130.281 0.0015267
124.842 0.00152446
130.604 4.35562e-05
131.426 0.00149765
130.2 0.00116274
128.423 0.0015235
128.747 0.00137266
128.726 0.0014856
131.947 0.00136083
131.235 0.00146436
129.898 0.00174548
125.855 0.00145308
130.069 0.000987279
130.985 0.00160328
122.863 0.0015936
128.195 0.00151345
130.314 0.00138545
127.524 0.00147837
127.867 0.00145921
133.155 0.00147444
131.11 0.00149132
129.647 0.00144589
124.307 0.00150909
124.018 0.00166627
132.622 0.00144708
128.885 0.00144162
130.113 0.000685727
126.125 0.00163533
129.669 0.00150115
127.859 0.00164483
133.051 0.00145151
128.059 0.00140455
128.949 0.00167
125.834 0.00152542
131.023 1.02292e-05
126.734 4.39763e-05
132.818 0.00147785
130.206 0.00144264
123.963 0.00140036
135.001 0.00144116
122.049 0.00138638
125.122 0.00165415
125.399 3.41305e-06
132.512 0.00150292
127.564 0.00171335
129.329 0.00145369
131.519 0.00147243
130.323 0.00146171
131.088 0.00144362
127.331 0.00154423
129.584 0.000823137
127.836 0.00164432
125.856 0.00134302
128.742 0.00161203
128.607 0.00144362
129.118 0.0015166
124.51 0.00144989
128.295 0.00125331
129.638 1.04265e-05
130.629 0.0015801
129.78 0.00149902
127.993 0.00164718
130.862 0.00148785
132.957 0.00166192
128.076 0.00164211
128.489 0.00164013
129.274 0.00158505
130.231 0.000705016
126.448 0.00163062
123.82 0.00142769
128.828 0.00156052
128.974 0.00156459
135.841 0.00169473
126.158 0.00149922
133.752 0.00135869
128.323 0.00138115
132.516 0.00138859
129.362 0.00152583
129.049 0.00148503
122.2 0.00122838
128.469 0.00168905
129.653 0.00149955
128.281 0.00142259
132.687 0.00145844
130.097 0.00141993
131.543 0.00145115
130.322 0.00125235
131.137 0.00145912
129.188 0.00140185
126.074 0.00151562
128.641 0.00151396
129.644 0.0015625
131.348 0.00136415
131.734 0.00153451
131.802 0.00167769
130.106 7.0582e-05
132.751 0.00146623
127.866 0.00143352
130.284 0.00143801
127.515 0.00148163
129.03 0.00149988
128.019 0.00136996
128.579 0.0017808
130.329 0.00155575
131.969 0.0014601
129.658 0.00138411
129.378 0.0014766
128.326 0.00160517
131.15 0.00132662
131.418 0.00157533
130.524 0.00146914
132.773 0.00145024
128.483 0.00134822
134.923 0.00145484
126.58 0.00145664
129.153 0.00146959
124.602 0.0014842
132.605 0.00158745
127.41 0.00145523
131.466 0.00143813
129.734 0.00145278
127.4 0.000689972
122.577 0.00151072
121.709 0.00156261
126.461 0.00146869
130.16 0.00148486
134.706 0.0014727
130.296 0.00166577
130.051 0.00143859
127.341 0.00154493
126.218 0.00157566
135.302 0.000874451
128.129 0.00138807
121.042 0.0015839
129.649 0.00149989
132.44 0.00169864
132.28 0.00132293
128.51 0.00145566
131.368 0.00151942
130.583 0.00135763
132.083 1.02786e-05
130.499 0.00144472
129.386 0.0016458
127.61 0.00152399
118.787 0.00150631
123.12 0.0014606
116.628 0.000320788
129.997 0.000575565
133.439 0.00161368
127.497 3.57114e-06
126.784 0.00145573
129.988 0.00160615
129.015 0.000769571
129.069 0.00146513
130.232 0.00135915
130.018 0.00145993
133.007 0.00146256
128.899 0.00144078
128.665 0.0014658
127.365 0.00151949
128.117 0.00146489
131.129 0.00147464
124.013 0.00160891
131.139 0.00144922
130.779 0.00166299
125.64 0.00134612
130.677 0.00145369
129.79 0.00154555
129.76 0.00121505
129.857 0.00147258
121.728 0.00156025
129.795 0.00159813
128.2 0.00126186
119.414 0.0014941
127.561 0.00147991
129.423 0.00144986
130.68 0.00142277
131.301 0.00151938
123.487 0.00151685
128.08 0.00141292
133.395 0.0015092
127.331 0.00155886
130.512 0.00155088
125.903 0.00106185
126.561 0.00153113
132.41 0.00146265
128.051 0.00148836
121.203 0.00142765
121.716 0.00152702
131.402 6.14704e-06
130.624 0.000975733
130.473 7.01394e-05
130.878 0.00146288
126.558 0.00139526
131.005 0.00137205
129.531 0.00164472
126.95 0.00145842
121.882 0.00147187
123.61 0.00148803
129.203 0.00165985
128.839 0.00151447
130.497 0.00158506
129.649 0.00143396
127.117 0.00151484
132.921 0.00138268
133.266 0.0014792
131.473 0.00139665
126.817 0.00145977
128.614 0.00146559
129.728 0.0015259
130.546 0.00147942
128.336 0.0016654
127.82 0.00151969
127.933 0.00142876
131.499 0.000121575
117.093 0.00146099
124.876 0.00150214
128.735 0.00145606
129.595 0.000437979
125.939 0.00144788
130.706 0.00146857
130.308 0.00167318
129.209 0.00158913
130.336 0.00137901
129.773 0.00154736
127.456 0.00146198
126.775 0.00144807
126.663 0.00137089
127.884 0.00166232
131.489 0.00147415
128.437 0.00148468
130.157 0.00152786
131.371 0.0014486
126.928 0.00147749
131.145 0.00145399
132.423 0.00144139
123.898 0.0014677
132.379 0.00153223
126.905 0.00145936
122.794 0.00148263
128.85 0.00153383
132.02 0.0014352
129.91 0.00155137
123.888 0.00125745
129.079 0.00156834
130.561 0.00145817
130.714 0.00148804
129.607 0.00148554
130.059 0.00142968
132.198 0.00187738
130.166 0.00143451
125.929 0.00153833
126.83 0.00160631
133.922 0.00139786
128.845 0.00147801
128.955 0.00126896
132.437 0.00143482
126.466 0.00127177
130.751 0.00166095
130.117 0.00149859
129.961 0.00147745
128.666 0.000706093
124.496 0.00154381
127.451 0.00149239
127.835 0.00166951
128.771 0.00141728
131.012 0.00148186
128.856 0.00145955
129.869 0.00144891
133.436 0.00148718
131.932 0.00146009
131.313 0.00140786
125.984 0.00146195
129.744 0.0014301
130.379 2.13062e-06
126.436 0.000988152
126.732 0.00163951
130.289 0.00151016
122.775 0.00149805
128.75 0.00143364
129.197 0.00164988
127.847 0.00168051
129.616 0.00144946
128.723 0.00155911
131.813 0.00142291
126.56 0.00136404
128.811 0.000315873
128.449 0.00163815
129.416 0.00155802
130.024 0.00155506
131.102 0.00146576
128.987 0.00137966
127.702 4.35273e-05
132.041 0.00152106
130.292 0.00151127
132.164 0.00144545
130.356 0.00151743
131.582 0.00144124
130.906 0.00143073
130.44 0.00145814
126.307 0.00161733
128.121 0.00174492
128.931 0.00157582
129.831 0.00165992
130.089 0.00164891
129.358 0.00159954
129.336 0.00144096
131.11 0.00169721
128.563 0.00152922
128.885 0.00150881
130.206 0.00158509
125.741 0.00158152
131.084 0.00145791
130.739 0.00192754
128.381 0.00167455
120.388 0.00166247
131.552 0.00137679
133.813 0.00157395
128.534 0.00158892
128.414 0.00147936
128.61 0.00159809
126.655 0.00108269
127.189 0.0015405
133.286 0.00164812
131.502 0.00144041
129.959 0.00155981
130.935 0.00153049
137.19 0.00151031
129.787 0.00156901
130.889 0.00148613
126.572 0.00145472
129.427 0.00167627
131.117 0.00167806
127.923 0.00149123
127.379 0.00146766
130.539 0.00166076
131.851 0.00144321
131.49 0.00158019
128.319 0.00144234
128.659 0.00158236
121.89 0.00144345
132.473 0.001678
126.805 0.00161908
129.672 0.00145319
129.455 0.00160721
127.175 0.00151394
127.686 0.00135866
136.768 0.00132359
126.832 4.19233e-05
131.95 0.00147182
129.843 0.00143201
134.01 0.00148733
129.477 0.001574
131.084 0.00147122
129.657 0.00147892
131.769 0.00152143
130.744 0.00166266
130.233 3.64967e-06
127.028 0.00141431
128.685 0.00144663
129.53 0.00144561
131.429 0.00148832
132.381 0.00164481
129.783 0.00148359
128.638 0.00146988
129.31 0.00144471
133.058 0.00167352
131.19 0.00145009
130.107 0.00152302
128.382 0.00144625
126.895 0.00158401
129.393 0.00166011
131.029 0.00151509
121.59 0.00172975
128.468 0.00145756
128.762 0.00163005
128.767 0.00125179
129.637 0.00152073
133.465 0.0016755
128.235 0.00145561
129.358 0.00143578
133.982 0.0016327
129.499 0.00151381
130.881 0.00147652
122.383 0.00154369
128.892 0.00149797
129.946 0.00162987
123.5 0.00102126
125.635 0.00150602
128.956 0.00166456
129.778 0.00166895
128.996 0.00148121
133.694 0.00150392
127.076 0.000967903
127.068 0.00152023
130.716 0.00149303
136.648 0.00143067
130.432 0.0015921
124.274 0.0013781
131.748 0.00144153
127.418 0.00150407
127.815 0.00167788
132.045 0.00166937
129.953 0.00154551
128.278 0.00101668
127.923 0.000313123
130.663 0.0015786
127.169 0.0015152
130.645 0.00144259
133.659 0.00150011
132.807 0.000702215
130.082 0.00147801
132.718 0.00154418
125.356 0.00148694
129.978 0.00147255
131.748 0.0014605
129.946 0.00146436
129.455 0.0014611
127.872 0.00150405
130.455 0.00143947
128.08 0.0014552
126.865 0.00148693
127.267 0.00139741
129.314 0.00163065
130.331 0.000563073
127.221 0.00148528
122.975 1.00014e-05
126.23 0.00146677
128.769 0.001572
129.603 0.00158743
128.382 0.0016308
129.538 0.00144623
132.929 0.000558268
129.378 0.001444
129.091 0.00126125
128.261 0.00148684
131.054 0.000428725
126.914 0.00163364
131.082 0.00150415
128.606 0.00172172
127.047 0.00126566
126.385 0.00143496
129.754 0.00163
130.761 0.00152137
129.26 0.00146094
130.589 0.00149043
127.605 0.00132517
127.033 0.00139228
127.461 0.00146833
125.319 0.00149257
129.642 0.00166018
127.897 0.001396
124.805 0.00147737
123.611 0.00148232
131.429 0.00149705
125.973 0.00146265
128.215 0.000427044
127.846 0.00150863
128.243 0.00145139
129.203 0.00166392
131.022 0.00133231
132.312 0.00159785
130.09 0.000158149
130.639 0.00152011
129.591 0.00150409
130.746 0.00166203
127.118 0.00151385
128.218 0.0016433
129.742 0.00145995
129.377 0.00152303
122.688 0.00151549
129.563 0.00150706
128.576 0.00152456
118.238 0.00151493
129.968 0.00151999
131.084 0.0014738
130.61 0.00147539
128.78 0.00168892
129.959 0.00148742
130.278 0.00162387
126.248 0.00161918
132.377 0.00138181
131.422 0.00151371
131.257 0.00147086
128.439 0.00156223
132.24 0.00097786
131.906 0.00152398
130.723 0.000981201
130.29 0.00147935
131.198 0.00143819
128.089 0.0015527
125.292 0.00126557
128.561 0.00143628
126.234 0.00145699
129.098 0.00155097
128.832 0.00154422
131.003 0.00144091
128.275 0.00150357
131.408 0.00110797
129.828 0.0015316
131.107 0.00146401
131.517 0.00163832
128.872 0.00138692
129.039 0.00151431
129.932 0.00150503
130.824 0.00112901
127.814 0.00135654
130.585 0.00166158
129.77 0.00145498
129.811 0.00150765
134.634 0.00159939
117.096 0.00145401
131.143 0.00167841
129.282 0.00149271
128.284 0.00163015
128.495 0.00146354
130.096 0.00149934
128.639 0.00145285
129.758 0.00146938
129.147 0.00168611
127.102 0.00151448
118.934 0.0014786
129.473 0.00167266
125.451 0.00163256
130.749 0.0015164
121.319 0.00148938
121.041 0.0014708
120.29 0.00144204
129.517 0.00167971
129.158 0.00143382
129.768 0.000546208
130.474 0.00148048
129.152 0.00146281
131.604 0.000101709
125.713 0.00153068
125.601 0.00167919
132.672 0.000875056
121.999 0.00142427
131.85 0.00134221
127.852 0.00134278
129.162 4.3788e-05
126.803 0.00150982
128.193 0.00146077
122.826 0.0016655
129.766 0.00150271
128.216 0.00147744
128.761 0.0016861
128.009 0.00140064
132.206 0.00140654
129.583 0.00165759
128.509 0.000704785
127.314 0.00158569
131.787 0.000310547
131.229 0.00108909
131.452 0.0013921
131.734 0.00146202
127.16 0.0014152
127.243 0.00152502
122.025 0.0014405
128.902 0.0014552
127.648 0.00151577
126.658 0.00147567
129.254 0.00144207
131.104 0.000560709
127.117 0.00149672
126.992 0.00157195
130.538 0.00144635
127.969 0.00144241
130.262 0.00159569
129.771 0.00146794
130.559 0.00146392
132.6 0.00146185
129.896 0.00148061
128.127 0.000399199
127.705 0.000658217
126.578 0.00164658
130.144 0.00155339
130.505 0.00149452
122.128 0.0015422
130.924 0.00148796
131.708 0.00150017
126.383 0.00145941
129.424 0.00152469
121.888 0.00153221
125.112 0.00144737
128.202 0.00164415
125.095 0.00157955
132.107 0.00155225
123.614 0.00137684
117.114 0.00137199
131.595 0.001619
129.893 0.00145593
133.116 0.00168859
130.511 0.00137316
134.479 0.00147492
131.95 0.00151608
132.293 0.00138178
126.655 0.0014398
121.102 0.00154403
130.404 0.00162785
131.133 0.00125645
128.436 0.0012221
128.741 0.00151767
131.561 0.00143304
124.83 0.00165535
134.189 0.00147787
131.014 0.00149858
127.063 0.00144046
124.721 0.0015544
129.398 0.00144657
124.055 0.00161845
128.844 0.00139208
121.132 0.00155599
124.783 0.0016762
124.829 0.00143633
121.139 0.00166492
123.139 0.00167562
132.952 0.00145757
128.697 0.00151479
127.657 0.00139
132.736 0.00155955
133.391 0.00137154
127.277 0.00138969
127.387 0.00167567
130.217 0.00165967
125.729 0.00147301
124.43 0.00151027
127.307 0.00149252
126.996 0.00124724
128.358 0.00164369
128.051 0.00150077
119.428 0.00152422
129.133 0.0014565
119.843 0.0014788
131.406 0.0015844
127.837 0.00151409
129.528 0.00144237
126.917 0.00150342
129.136 0.00151294
124.59 0.00146919
129.955 0.00147216
128.44 0.00163588
132.238 0.000697342
129.609 6.09888e-06
130.345 0.0015151
129.027 0.00155437
128.67 0.00151957
123.337 0.00129678
130.647 0.00140992
128.427 0.00144044
124.768 0.00157247
126.447 0.00181593
125.957 0.00150554
129.405 0.00112711
131.734 0.00155322
128.826 7.04704e-05
130.399 0.00156117
133.297 0.00150891
130.005 0.00145097
130.906 0.00150865
129.094 0.00162758
131.53 0.00137958
130.193 0.00219843
130.295 0.00145868
133.568 0.00149671
130.357 0.00164726
129.864 0.00164812
125.414 0.000850781
129.847 0.00147074
128.514 0.0010736
127.948 0.00163205
130.142 0.00165946
129.362 0.00143066
135.545 0.00168093
129.391 0.00164987
128.745 0.00166571
130.745 0.00152186
126.328 0.00136282
130.644 2.58815e-06
125.317 0.00145569
129.584 0.00158333
127.045 0.00143454
129.089 0.0014981
125.299 0.000701331
122.59 0.000715754
129.919 0.00158268
130.279 0.00156219
128.467 0.0016694
129.882 0.00144949
128.8 0.00144497
130.178 0.00150202
128.76 0.00098618
126.577 0.00146426
130.409 0.00144743
129.499 0.000155679
126.498 0.00160374
128.677 0.00158554
129.458 0.00142973
129.772 0.00149667
131.926 0.00147719
130.846 0.00155596
130.132 0.00151568
126.594 0.00165816
129.978 0.00145727
125.792 0.00152758
130.641 0.00149159
131.988 0.00145671
134.615 0.00164817
130.761 0.00162785
130.001 0.00162736
130.439 0.00164518
129.421 0.00151426
128.108 0.00177589
130.76 0.00148823
128.523 0.00152568
130.628 0.00143417
131.863 0.00149824
126.236 0.00150928
131.435 0.00162564
129.566 0.00150619
127.899 0.00151919
133.458 0.00159637
124.574 0.000440557
123.16 0.00144837
126.209 0.00156519
123.188 0.00141773
127.835 0.00143408
121.294 0.00128435
131.981 0.00162979
133.215 0.00170445
129.805 0.00141043
131.135 0.00148763
127.401 0.000235118
128.515 0.00159029
129.795 0.00154023
130.061 0.00136693
131.289 0.0015504
130.83 0.00154801
121.903 0.00147078
125.654 0.00147861
129.269 0.00151991
128.212 0.0002146
127.432 0.00167071
128.616 0.00147401
128.747 0.00152543
125.651 0.00163336
128.034 0.00147899
124.585 0.00152843
129.292 0.00168487
127.219 0.00150295
128.189 0.00145197
128.696 0.00147133
123.921 0.00179698
129.203 0.00138941
128.739 0.00171519
131.013 0.00155464
128.52 0.00156578
131.797 0.00164352
129.637 0.00143253
131.365 0.00143737
131.524 0.00146133
130.564 0.00146718
128.641 0.00164425
129.036 0.00164297
131.856 0.00149848
131.891 0.001656
131.458 0.00149773
129.921 0.00152448
127.199 0.00141192
132.086 0.00149105
130.727 0.00145772
129.47 0.00147414
126.107 0.000676793
127.775 0.00146258
129.469 0.00145034
130.694 0.00156698
124.563 0.00148597
131.006 0.00152722
129.6 0.00149307
127.582 0.00167657
128.191 0.00150438
131.088 2.78904e-05
128.395 0.00164787
129.619 0.0015121
132.314 0.00145688
128.446 0.00143657
130.151 0.00144478
126.703 0.00135406
128.01 0.00145676
124.329 0.00156969
129.598 0.00149914
129.907 0.00151241
130.3 0.0014579
128.783 0.00146151
126.508 0.00147249
121.724 0.000714825
130.487 0.00144279
131.042 0.00173081
129.111 0.00145581
127.076 0.00152641
131.709 0.00148229
127.334 0.00164945
130.051 0.00153746
130.028 0.00159112
125.665 0.0016158
129.653 0.00056257
131.958 0.00157566
127.572 0.00143834
132.264 0.00125133
122.845 0.00130172
130.357 0.00146006
128.673 0.00162338
130.335 0.00141835
130.921 0.0010917
131.846 0.00147394
132.588 0.00158662
128.549 0.0013915
127.798 0.00165062
130.368 0.00134337
126.021 0.00139291
121.782 0.00145674
128.159 0.00103954
128.668 0.00147197
129.734 0.0015036
128.031 0.0014622
130.782 0.00137697
131.83 0.0016177
124.493 0.00138766
123.409 0.00162423
128.565 0.00143751
126.428 0.00150732
120.013 0.00164738
127.88 0.00141606
131.388 0.00172555
126.995 0.00136662
131.431 0.00163006
122.802 0.00151922
130.084 0.00144476
134.27 0.00147672
127.549 0.00149841
129.229 0.00164042
129.901 0.00147669
128.232 0.00141589
131.006 0.00147617
125.326 0.00151195
130.562 0.000978204
131.174 0.00143605
131.131 0.00143184
126.629 0.00098566
131.506 0.00148895
128.995 0.00145214
134.568 0.0016839
128.03 0.00162017
129.061 0.00166166
131.097 0.00132088
129.946 0.00166122
129.755 0.00151754
126.084 0.00167487
130.571 0.00147411
128.438 0.00149635
131.564 0.00144255
130.712 4.26462e-05
130.245 0.00150558
129.909 0.00115004
130.572 0.00150493
126.991 0.000562298
131.057 0.00142904
130.606 0.0014614
123.736 0.00141498
129.393 0.0016336
135.964 0.00169502
127.845 0.00147491
131.16 0.00149097
126.558 0.00148345
130.047 0.0014636
130.318 0.00147804
131.186 0.00149924
130.484 0.00147477
132.907 0.00144815
130.429 0.00160886
130.82 0.00144424
130.899 0.00146175
132.74 0.00145179
127.107 0.00147064
131.981 0.0014911
128.645 0.00143898
134.784 0.0014618
131.06 0.00145808
129.34 0.00140483
131.667 1.69459e-05
128.437 0.00147271
128.26 0.00150463
131.461 0.00145778
130.646 0.00150251
127.59 0.00147664
132.228 0.00143357
126.416 0.00187331
128.906 0.0014546
128.087 0.00142722
127.654 0.00137463
129.278 0.00149111
125.164 0.00138968
125.202 0.00147371
129.41 0.00168054
128.744 0.00159314
127.876 0.00151573
131.39 0.00168123
120.547 0.00161969
131.673 0.000931991
134.978 0.00160234
129.946 0.00148352
125.992 0.00159058
130.822 0.00151792
129.669 0.00125627
129.243 0.00143902
126.27 0.00158966
132.155 0.00146646
126.24 0.00168416
129.744 0.00147302
122.058 0.00145245
116.982 0.00150069
129.758 0.00147304
130.255 0.00170628
130.552 0.00141763
131.284 0.00146203
129.677 0.00167022
127.848 0.00150439
127.853 0.00158149
129.783 0.00147832
130.908 0.00163819
131.124 0.00130661
131.416 0.00147005
131.291 0.00163524
132.346 0.00148722
130.967 0.00152208
128.171 0.00145299
129.257 0.00161692
124.989 0.00143146
131.113 0.00149061
128.973 0.00139154
129.518 0.00147102
128.015 0.00140639
129.809 0.000975793
130.794 3.70017e-06
128.03 0.00135382
129.9 0.00158193
128.069 0.00151904
131.985 0.00143951
133.053 0.00135422
129.3 0.00140427
130.168 0.00144921
130.009 0.00151754
128.2 0.00123808
124.093 0.00022867
127.583 0.00146709
132.869 0.00152162
132.421 0.00150341
132.364 0.00157682
120.918 0.00163372
132.753 0.00177377
127.984 0.00143702
127.186 0.00155212
131.603 0.00158324
131.078 0.00145852
129.361 0.00150634
130.017 0.00155575
129.035 0.0014395
131.849 0.00167319
126.633 0.001275
131.207 0.00138188
132.687 0.00164245
124.487 0.00145933
126.905 0.00144798
129.396 0.00182006
121.088 0.00150576
133.089 0.00126408
141.779 0.00133735
126.208 0.00151283
131.627 0.00157568
129.585 0.00153207
131.443 0.00160185
131.434 0.00166513
132.083 0.00151816
133.174 0.00146618
130.656 0.00149272
126.667 0.00146391
127.166 0.00141577
127.133 0.00143157
133.808 0.00168278
130.326 0.000106071
125.916 0.0012709
126.713 0.00160887
130.969 0.00160584
130.916 0.00147576
131.33 0.00150813
129.68 0.00134902
127.162 0.00098654
131.582 0.00150958
125.943 0.00146398
128.127 0.00143304
129.03 0.000684016
124.926 0.00168645
129.882 0.00174727
131.434 0.00145985
134.127 0.00142764
128.497 0.00147354
131.375 0.00147415
128.271 0.000685314
134.615 0.00146921
125.626 0.00124868
122.692 0.0014743
130.103 0.0016525
130.93 0.00147129
130.328 0.00165538
131.096 0.00154206
130.448 0.00154811
117.965 0.00158417
130.526 0.00135562
128.796 7.03344e-05
126.295 0.00150974
129.172 2.81134e-05
131.643 0.00114866
127.852 0.0017195
126.083 0.00144
129.206 0.00166865
134.6 0.00148026
125.58 0.00144011
128.209 0.00143826
127.477 0.00149514
128.549 0.00146604
131.287 0.00153017
130.247 0.001444
129.92 0.00142721
126.704 0.00146495
129.904 0.00143118
120.52 0.00163112
128.016 0.0016448
127.858 0.000432401
132.405 0.00151761
125.441 0.00155983
124.352 0.00162596
128.964 0.00149069
126.774 0.00148401
128.837 0.00114197
129.605 0.00146873
130.949 0.00144252
131.518 0.000956547
125.465 0.0015004
130.182 0.00158397
131.682 0.00101803
127.995 0.00146248
130.134 0.00138937
127.373 2.0643e-06
127.474 0.00146326
131.238 0.0016683
129.308 0.00145099
131.175 0.00144976
128.797 0.000225179
124.446 0.00153552
131.994 0.00164947
130.935 0.00168397
132.825 0.00164569
129.273 0.00146841
131.24 0.00164718
129.486 0.00148261
131.093 0.00145429
133.095 0.00145265
126.113 0.000154658
127.864 0.00165485
132.797 0.00150968
129.805 0.00166788
131.788 0.00146946
128.997 0.00145502
133.7 0.000845853
130.261 0.00139574
128.95 0.00148805
127.708 0.0010793
127.134 0.00167488
119.571 0.0016134
126.69 0.00148424
125.607 0.00169799
129.869 0.00172547
130.82 0.00145055
132.97 0.00135302
130.573 0.00153621
130.926 0.00144453
129.301 0.00151598
129.964 0.00145747
127.623 0.00145641
130.545 0.00156979
124.196 0.00146069
122.859 0.00153523
130.168 0.00144852
128.718 0.00143657
130.18 0.00112708
131.95 0.00155896
131.598 0.00152014
130.603 0.00148858
129.629 0.00156543
132.684 0.00163163
130.967 0.00144516
125.552 0.00143826
133.14 0.00142274
131.719 0.00157874
132.134 0.00156893
128.442 0.00140142
130.42 0.00166269
123.164 0.00134885
131.234 0.00152369
128.761 0.00156145
130.508 0.000694064
129.484 2.79471e-05
127.831 0.000835939
130.369 0.00149408
116.48 0.00139445
129.831 0.0014635
131.674 0.00144564
129.105 0.00126843
129.293 0.00150728
129.274 0.00152273
136.559 0.00126865
131.494 0.00168482
131.914 0.0015962
125.259 0.00157979
120.831 0.00145155
123.025 0.00165528
128.016 0.00158238
130.014 0.00145707
133.335 0.00143218
131.34 0.0014707
125.735 0.00148959
