131.835 0.000309946
130.466 0.000306388
128.479 0.000308581
115.263 0.000310398
130.212 0.000344591
129.829 0.000347907
128.765 0.000362921
122.012 0.000176309
126.3 0.000312296
131.074 0.000323361
130.38 0.000298524
130.84 0.000307787
129.559 0.000355989
130.151 0.000309455
128.875 0.000356597
119.881 0.000316338
129.525 0.000335211
128.448 0.000357253
131.408 0.000315387
134.194 0.000321943
127.606 9.12773e-05
125.815 0.000307061
129.285 0.000310856
118.777 0.000296058
130.097 0.00032063
129.293 0.000326065
129.594 0.000258563
129.079 0.000311478
131.968 0.000357901
127.184 0.000306578
133.266 0.000314016
130.113 0.000313232
144.047 0.000313598
119.394 0.000356054
129.574 0.000305059
142.812 0.000273763
128.963 6.68125e-05
128.85 0.00030833
137.351 0.00031207
129.52 0.000349002
129.137 0.000323695
129.273 0.000205386
133.608 0.000288348
132.545 0.000314315
121.766 0.000326628
130.479 0.000323588
130.624 0.000345295
131.491 0.000328973
131.731 0.000299655
132.418 4.81214e-05
128.685 0.00032229
137.092 0.00031516
129.493 0.00030897
132.627 0.000216112
129.172 0.00030932
133.718 0.000307187
129.525 0.000311928
131.672 0.000211524
126.575 0.000291004
127.525 0.000311864
128.077 0.000332056
134.331 0.000335034
132.157 0.000119522
123.446 0.000307678
128.725 0.000305181
125.191 0.000330117
129.442 0.000310529
128.473 9.10925e-05
124.326 0.000319237
118.94 0.000335252
129.024 3.36405e-05
130.422 0.000349126
129.913 0.000322601
130.757 0.000267186
129.998 0.000305047
127.821 -0.000329648
128.421 0.000310407
129.681 3.5699e-06
129.675 0.000304357
125.214 0.000326414
128.186 9.23758e-05
131.197 0.000307563
130.358 0.000319463
133.751 0.000333776
132.305 0.000325041
131.023 0.000320594
132.665 0.000311077
130.968 0.000331504
129.679 0.00032018
129.125 0.000309058
132.065 0.000318562
133.304 0.000304777
131.032 0.00031249
135.954 0.00023951
131.774 0.000307534
118.53 0.000353319
126.976 0.000317436
128.568 0.000351213
133.334 0.000333672
129.995 0.00033519
128.763 0.000312122
129.53 0.000272467
116.031 0.000303353
127.551 0.000311763
130.103 0.000317841
129.406 0.000318403
127.361 0.000301455
122.047 0.000317915
148.688 0.000355064
130.924 0.000342469
129.932 2.15922e-06
129.245 0.000350328
129.361 0.000316449
131.469 0.000306859
144.171 0.000309248
128.072 0.000349138
129.864 9.10414e-05
129.533 4.95169e-05
156.204 0.000308077
127.758 0.000311408
128.695 0.000311704
128.881 1.49348e-05
139.65 0.000321906
130.87 0.00030006
130.441 3.61398e-06
127.834 0.000314702
144.309 0.000306457
130.053 0.000339609
128.409 0.000326893
132.515 0.00033542
131.396 5.49779e-06
133.094 0.000328543
128.706 0.000351623
131.566 3.37758e-05
129.078 0.000209
128.789 0.000313603
129.143 0.000320476
129.931 0.000179758
126.832 0.000309051
130.899 0.000122943
130.812 0.000349517
129.803 0.000332899
128.099 0.00032553
128.564 8.8032e-05
131.295 0.000310591
128.795 -0.000343853
136.728 0.000288045
123.943 0.000320206
128.411 0.000339846
128.299 -0.000341763
131.152 0.000312521
138.843 0.000309512
128.023 0.00031193
129.585 0.000312549
128.402 0.000269012
130.481 0.000350586
129.613 2.33709e-05
129.941 0.000349872
130.659 9.47218e-06
129.656 0.000326588
128.732 0.00035745
130.928 0.000305771
118.203 0.000349804
129.034 0.000305377
141.391 0.000329367
130.061 0.000309115
128.293 0.00034281
129.393 0.000315873
132.153 0.000303813
129.609 0.000354187
132.59 3.345e-05
128.699 0.000306637
129.325 0.000119704
129.566 0.000317791
125.04 0.000322447
130.453 0.000114771
130.95 0.000308512
130.493 0.000313304
128.278 0.000240201
148.638 0.000354892
129.616 0.000318009
131.687 0.000319877
122.343 0.000300698
128.557 0.000361653
133.093 0.000316223
132.248 0.000307729
129.698 0.00035978
128.179 0.000320165
131.642 0.000328392
129.359 0.000313772
151.695 0.000313388
129.481 0.000301635
130.068 0.000319452
139.319 0.000314826
130.964 0.000321186
130.006 0.000316312
128.222 0.000309032
129.626 0.0003445
130.995 0.000309932
134.018 0.000321267
128.527 0.000349791
129.485 0.000305676
127.731 0.000314154
126.678 0.000337271
130.333 0.000306425
128.891 0.000347311
129.669 0.000267596
128.912 0.000355155
133.644 1.48412e-05
129.221 3.27898e-05
122.211 1.29515e-06
130.162 0.00032625
122.902 0.000307838
129.883 0.000319039
130.442 0.000350654
130.718 0.000290799
130.107 0.000307968
135.083 0.000328539
129.513 0.00032387
130.777 0.000352849
128.137 0.000305685
129.433 0.000355594
128.994 2.27302e-05
149.332 0.00031104
127.864 0.0003592
131.09 0.000342408
128.906 0.000145678
130.2 0.000332446
127.976 0.000311683
130.695 0.000346332
128.786 0.0003134
129.038 0.000330042
127.69 0.00028471
129.337 0.000300065
122.093 0.000325894
129.285 0.000305732
131.272 0.000324001
130.762 0.000317651
130.995 9.12576e-05
128.634 0.000346631
129.239 0.000310029
129.307 0.000344283
129.969 0.00032749
128.562 0.000327516
128.119 0.000308087
129.166 0.000344646
129.087 0.000323753
129.269 0.000328787
129.933 0.000327391
129.353 0.000320628
130.316 0.000306475
128.531 0.000319584
128.37 0.000323662
128.558 0.000322163
129.057 0.000240088
150.776 0.000351805
129.247 0.000323464
167.779 0.000309215
132.388 4.51043e-07
129.916 0.000323754
129.051 0.000285766
119.21 0.000284735
129.773 0.000324436
121.128 0.000332189
128.08 0.000324139
119.968 0.000305221
127.301 0.000328187
128.384 0.000333345
129.765 0.000312332
129.733 0.000326789
130.1 2.30441e-05
129.282 0.000326582
127.302 0.00032072
126.634 0.000310006
132.647 0.000334784
128.658 0.000370127
167.082 0.000305503
128.106 0.000321723
119.428 0.000320133
131.445 0.000307273
129.781 0.00026635
130.366 0.00031574
127.622 0.00030778
129.81 0.000340486
129.908 0.000303011
134.842 0.000352677
132.971 0.00030262
131.941 0.000312162
132.315 0.000318259
131.967 0.000322702
122.749 0.000330671
128.451 0.00031077
130.731 0.000343466
134.392 0.000320328
132.902 0.000346049
128.276 0.000335387
132.81 0.00030785
127.515 0.000302679
129.815 0.000311548
131.486 0.000338853
126.939 0.000181327
131.053 8.63624e-05
130.48 0.000310451
131.616 0.000331937
130.577 0.000310333
129.601 0.0003535
128.409 0.000325058
133.621 0.0003553
128.644 0.000309236
130.88 0.000330178
127.792 0.000308239
130.392 0.000308133
137.197 0.000357472
129.001 0.000292778
131.023 0.000333447
132.41 0.000294899
130.648 0.00030509
128.117 0.000313035
120.753 0.000151501
129.063 0.000331046
127.345 0.000347914
127.021 0.000352156
130.31 0.000322247
157.541 0.000321518
131.249 0.000345426
168.457 0.000315394
127.673 0.00030585
132.116 0.0003298
130.928 0.000305919
130.693 0.000315791
129.805 0.00031145
140.248 0.00026634
128.59 0.000311691
135.617 0.000265804
127.819 0.000330241
130.733 0.000299256
129.868 0.000210709
129.354 0.000326837
129.121 0.000314011
120.256 0.000311849
130.655 0.000356548
129.84 0.000315181
129.572 0.000324489
156.477 0.000290907
128.882 0.000325047
130.849 0.000317904
131.011 0.00035279
129.261 0.000357258
131.309 0.000327186
128.365 0.000308553
129.15 0.000323694
132.629 0.000324173
128.677 0.000341931
135.588 0.000289413
128.952 0.000368793
131.188 -0.000305201
131.524 0.000315736
128.715 0.000352614
129.034 0.000308879
128.837 0.000307373
131.369 0.000331893
129.556 0.0003058
128.758 0.000306409
129.472 0.0003169
129.569 0.000317948
128.928 0.000310449
139.441 9.02993e-05
130.358 0.000281348
120.232 4.85529e-05
130.419 0.000147213
128.042 0.000321426
132.4 0.000307696
129.959 0.000322287
120.808 0.000303162
128.133 0.00030422
130.05 1.31135e-06
131.901 0.000343154
127.871 0.000307838
130.154 -0.000317324
131.851 0.00032412
127.515 0.000320912
132.653 0.000312442
132.188 0.000312419
124.558 0.000297828
131.643 0.000314755
127.588 0.000318581
164.608 0.000314182
128.536 0.000177975
134.238 0.000179632
128.866 0.000293031
131.276 0.000312829
130.32 0.000298987
125.421 -0.000363679
134.397 9.28537e-06
129.002 0.000312292
122.629 0.000355359
129.96 0.000308736
129.339 0.000323986
130.41 -0.000305056
155.01 0.000338542
130.892 2.177e-06
130.569 0.000306655
128.598 0.000309047
147.379 0.000307254
127.556 0.000312044
128.091 0.000358903
129.41 0.000322195
130.459 0.000304559
129.486 0.000306041
134.497 0.000314089
133.796 0.000308597
130.872 0.000316763
130.748 0.000357201
130.451 0.000321223
169.494 0.000345686
130.869 0.000356996
116.582 0.000301768
127.856 0.000303307
126.616 0.000309713
131.767 0.000319638
124.848 0.000158178
135.614 -0.00031489
127.378 0.000321195
127.743 0.000324568
131.006 0.000309198
128.965 0.000326528
129.94 0.000355955
130.367 0.00030077
130.325 0.00031007
135.03 0.000278178
130.201 0.000288324
130.749 0.000301536
128.828 3.31482e-05
122.233 0.000310204
129.365 0.000306441
127.101 0.000319206
132.41 0.000293001
129.518 0.000321408
130.617 0.000314902
