121.759 9.74359e-05
125.964 0.000103897
126.624 0.000106515
127.486 9.32538e-05
126.197 9.52102e-05
122.919 0.000108345
121.27 9.59824e-05
119.236 0.00010948
121.251 9.5617e-05
127.926 0.000101271
128.656 9.77e-05
126.496 9.4999e-05
128.88 9.42537e-05
123.731 0.000109825
119.969 0.00010859
121.125 0.000102089
124.919 9.55452e-05
124.56 9.38419e-05
126.17 9.66259e-05
120.665 9.50387e-05
124.929 0.000101344
125.98 9.73479e-05
123.97 9.93259e-05
122.122 0.000103747
122.909 9.02852e-05
125.723 0.000102408
124.89 9.52394e-05
121.497 9.67816e-05
124.11 0.000102311
124.208 9.46376e-05
126.167 9.57612e-05
125.17 0.000102134
117.358 9.59762e-05
125.255 0.000101964
128.216 9.8453e-05
120.301 9.38605e-05
128.123 9.87611e-05
125.929 9.66029e-05
133.896 9.55363e-05
125.325 9.81659e-05
124.223 0.000100783
116.912 9.94613e-05
124.998 0.00010885
115.754 9.85311e-05
127.329 9.36314e-05
123.744 0.000109379
128.401 9.37878e-05
122.135 9.443e-05
125.897 9.85145e-05
119.738 9.68489e-05
124.715 0.000114143
115.569 9.59028e-05
119.426 9.74871e-05
124.261 9.50217e-05
122.347 9.57741e-05
130.682 0.00010744
124.474 9.19455e-05
121.816 9.28055e-05
125.083 9.92021e-05
123.713 9.97462e-05
124.385 9.44384e-05
121.414 9.78968e-05
122.088 0.00010812
123.924 8.20079e-05
125.75 0.00010066
121.011 0.000106639
123.576 9.54924e-05
125.922 9.82038e-05
127.33 0.000100753
126.154 9.58422e-05
119.549 9.56412e-05
124.217 0.000106478
124.322 9.60562e-05
123.232 9.59863e-05
124.462 0.000100488
125.3 0.000109794
133.819 0.000100422
125.367 9.85869e-05
125.662 9.56838e-05
123.794 9.59984e-05
126.857 9.85751e-05
125.902 9.67539e-05
121.065 1.44907e-05
123.027 9.41818e-05
124.366 2.10557e-05
124.619 2.07307e-05
124.058 9.472e-05
126.635 0.000109681
123.748 0.000106816
127.346 5.43434e-05
124.893 0.000100093
122.85 9.59229e-05
124.219 9.92593e-05
126.047 0.000109766
126.095 0.000104
129.054 0.000100292
118.213 7.88824e-05
125.435 0.000109499
126.089 9.79462e-05
123.105 6.42704e-05
124.251 9.61972e-05
124.677 0.000108633
124.353 9.3513e-05
124.926 9.52653e-05
120.482 9.69074e-05
123.544 9.56248e-05
118.742 9.57066e-05
125.651 9.43987e-05
120.205 8.78986e-08
125.799 9.93347e-05
123.48 1.43496e-07
122.332 9.69761e-05
128.502 9.95801e-05
124.85 9.59755e-05
117.722 0.000109064
130.176 9.8096e-05
123.93 9.77176e-05
127.235 0.000100921
121.968 8.43092e-05
124.979 0.000107038
126.149 0.000108066
122.515 9.84097e-05
121.478 9.92301e-05
121.762 9.5891e-05
124.082 6.57966e-07
124.344 9.50862e-05
124.338 1.48769e-05
123.947 9.51627e-05
127.986 0.000103244
124.641 0.000103527
124.357 9.6061e-05
124.889 9.66394e-05
126.952 0.000105021
116.302 0.000101197
127.216 8.74966e-05
123.849 1.03089e-05
127.528 0.000101871
123.018 9.55002e-05
124.445 0.000109119
121.011 9.1399e-05
125.413 0.000100853
125.413 0.000102785
120.482 2.17735e-05
118.774 4.7276e-05
122.002 0.000101049
126.239 0.000111688
121.65 3.68609e-05
126.191 0.000108445
124.639 0.000105245
126.015 9.89173e-05
124.471 9.91906e-05
124.777 9.85413e-05
123.295 0.000108374
124.961 9.92883e-05
124.05 0.000108628
125.138 1.02265e-05
116.932 9.37715e-05
117.634 0.000100858
118.944 9.50578e-05
123.412 9.76655e-05
122.495 8.88042e-05
124.423 4.59575e-06
123.663 0.00010586
127.763 0.000107783
127.327 9.61459e-05
121.186 0.000108114
123.626 9.76097e-05
122.962 0.000103686
121.119 9.55627e-05
125.446 7.10828e-05
121.96 9.76459e-05
121.793 9.13261e-05
122.734 9.91732e-05
126.044 9.96268e-05
125.461 9.85169e-05
118.566 9.90863e-05
126.657 0.000102386
126.23 9.47653e-05
123.152 9.49925e-05
124.071 0.000100122
124.902 9.99696e-05
124.278 0.000102573
125.241 5.50942e-05
123.813 9.77767e-05
124.23 9.74182e-05
121.679 9.61895e-05
125.313 1.91197e-06
124.125 9.09174e-05
126.752 9.48721e-05
121.065 9.57474e-05
116.983 4.75262e-06
124.521 8.84229e-05
124.4 9.46232e-05
125.609 1.49011e-05
125.074 8.69358e-05
122.32 9.62603e-05
124.568 3.70492e-05
124.068 0.000103058
124.443 9.73097e-05
124.109 9.58145e-05
122.972 9.69273e-05
126.063 6.51557e-05
121.401 9.65871e-05
126.279 9.63537e-05
123.967 9.74394e-05
122.605 9.79776e-05
120.949 9.68717e-05
124.076 8.33099e-05
125.384 6.72088e-08
122.173 4.60719e-05
118.885 9.37096e-05
125.186 9.96041e-05
123.165 1.47513e-05
124.763 9.97943e-05
123.041 0.000103286
123.746 9.56865e-05
126.862 1.83757e-06
124.415 0.000112662
124.748 0.00010666
121.446 9.16842e-05
123.706 0.000111667
126.013 9.03486e-05
122.608 0.000110198
125.789 9.69519e-05
121.137 0.00010421
126.115 9.51781e-05
122.589 9.9549e-05
123.643 6.43472e-05
124.018 0.000111241
125.669 9.50734e-05
121.251 0.000108759
123.955 0.000108984
124.63 0.000114653
120.92 0.000104006
124.125 9.61573e-05
123.587 9.52775e-05
123.223 0.000107968
123.168 9.98648e-05
121.495 0.000101707
121.715 0.000109276
125.774 8.3824e-05
124.074 7.41486e-05
119.226 0.000107191
124.985 0.000105418
125.981 9.46139e-05
127.013 9.96066e-05
124.235 9.48907e-05
115.205 8.36418e-05
118.804 8.57742e-05
125.155 9.47794e-05
123.829 9.8737e-05
127.237 2.80858e-05
125.056 9.53749e-05
127.102 0.000107984
123.128 0.000110531
119.83 9.57097e-05
123.233 9.51379e-05
122.568 0.000110227
126.265 4.77634e-06
122.911 2.09271e-05
125.258 0.000103464
122.284 9.72252e-05
124.444 9.90076e-05
124.95 9.31118e-05
124.548 9.72936e-05
116.674 9.65306e-05
124.073 9.91586e-05
125.144 9.5375e-05
122.681 4.62188e-05
125.881 0.000102306
122.38 0.00010034
124.366 9.59878e-05
124.811 0.000102157
122.935 9.37676e-05
123.804 9.97626e-05
122.736 0.000106938
129.43 0.000110182
128.361 0.000103195
120.688 0.000100714
123.905 7.36405e-05
125.714 8.50987e-05
120.588 0.000107066
116.224 9.31927e-05
125.58 0.000102659
125.352 9.7733e-05
121.375 9.87845e-05
123.658 9.93962e-05
122.107 9.84089e-05
122.02 0.000101537
119.159 9.13054e-05
123.114 0.000106361
123.139 8.81596e-05
123.051 9.8878e-05
125.787 0.000106743
122.701 9.209e-05
124.518 9.31066e-05
124.493 9.69283e-05
125.157 0.000101734
123.797 9.59661e-05
127.273 9.45414e-05
125.036 9.99903e-05
121.783 9.60613e-05
127.263 9.51344e-05
122.946 9.67556e-05
126.098 0.000110331
124.967 7.40289e-05
125.267 8.95915e-05
124.205 4.00146e-07
121.578 0.000104544
123.813 9.48379e-05
123.311 9.58783e-05
126.465 0.000108311
126.818 0.000107688
124.443 7.47867e-05
122.309 9.60983e-05
125.398 9.58693e-05
125.583 0.000107828
124.416 9.56374e-05
116.668 9.5139e-05
121.055 0.000110791
125.896 9.8097e-05
123.48 9.43488e-05
123.515 9.84478e-05
125.231 0.000109363
126.394 9.56528e-05
127.018 0.000107674
120.185 0.000111332
124.288 9.31404e-05
121.107 9.92917e-05
123.556 9.48644e-05
123.935 7.44557e-05
124.834 9.92833e-05
125.225 0.0001004
120.063 9.7244e-05
125.533 9.41676e-05
120.356 0.000103764
126.723 0.0001091
124.018 9.5946e-05
124.85 0.00010228
120.501 0.000106329
124.03 9.93011e-05
122.182 0.000109336
125.468 0.000106264
122.485 0.000107865
124.004 1.51214e-05
119.589 9.40847e-05
122.071 -9.8284e-05
123.803 9.98719e-05
126.673 9.22852e-05
125.036 9.53253e-05
124.078 9.86604e-05
121.368 9.29431e-05
128.435 9.36067e-05
124.978 0.000110433
124.144 9.93315e-05
119.866 9.67777e-05
123.89 0.000103763
126.22 9.73417e-05
127.319 9.55975e-05
126.217 9.89359e-05
125.681 9.63171e-05
125.448 0.000100341
125.058 2.04856e-05
121.012 6.55492e-05
124.174 9.47481e-05
124.213 9.53325e-05
127.098 9.50005e-05
123.857 0.000107435
126.714 9.45533e-05
123.124 0.000109216
120.36 9.44542e-05
124.969 0.00010752
124.68 0.00010649
127.268 0.000106912
125.171 9.60755e-05
123.34 0.000100558
124.833 9.6247e-05
126.158 9.59256e-05
128.523 9.71218e-05
121.8 0.000100939
123.981 9.44784e-05
122.153 0.000108412
124.081 0.000102551
125.17 9.41049e-05
123.358 4.71562e-05
122.048 9.46512e-05
125.139 9.44382e-05
123.715 1.47713e-05
123.262 0.000100036
123.788 0.000102444
124.671 9.442e-05
122.468 3.67735e-05
122.739 8.26204e-05
122.285 9.88701e-05
122.833 0.00010798
123.229 0.000107203
115.352 9.61889e-05
124.704 9.69679e-05
122.457 9.61738e-05
121.448 0.000103547
126.656 9.53305e-05
123.232 0.000100865
124.608 0.000102776
124.515 9.01948e-05
123.225 0.000100209
124.63 9.66639e-05
119.604 9.44166e-05
121.242 9.54245e-05
124.301 9.88478e-05
124.864 9.79211e-05
126.454 9.49029e-05
122.911 0.000108884
123.595 1.50588e-05
123.805 9.67028e-05
120.913 0.000107051
124.04 9.93052e-05
128.666 9.86412e-05
124.845 3.69914e-05
128.935 0.000100451
125.315 0.000129892
121.541 0.000104474
120.843 9.8127e-05
127.4 9.4807e-05
118.413 9.85873e-05
124.492 8.96258e-05
125.137 9.69381e-05
120.364 9.63089e-05
126.405 9.4883e-05
126.185 9.19636e-05
125.217 0.000110431
125.954 8.88913e-05
120.968 9.76731e-05
125.044 9.4886e-05
118.69 9.71239e-05
124.266 9.76623e-05
120.331 0.000102768
120.107 9.85751e-05
125.056 9.61753e-05
123.678 0.000102145
124.92 0.000109217
124.871 9.47675e-05
121.534 8.96018e-05
126.316 0.000108249
122.11 0.000103674
123.586 9.42498e-05
123.713 9.01132e-05
120.876 9.74344e-05
123.136 0.000108525
124.017 9.0658e-05
122.331 9.7799e-05
121.865 2.80562e-05
130.418 0.000104228
124.48 2.0607e-05
123.027 0.000100502
123.608 0.000103941
126.674 0.000110602
122.335 9.72052e-05
124.923 9.45021e-05
128.762 2.89821e-06
122.993 0.000102375
122.772 1.76249e-06
124.183 4.60761e-06
121.954 0.000107224
125.312 0.000100995
124.467 9.21106e-05
123.375 9.94564e-05
126.663 0.00010855
117.222 0.000108649
119.724 9.66254e-05
124.619 0.000104652
125.233 7.41377e-05
126.919 9.9541e-05
122.859 9.83738e-05
126.729 0.000100354
121.686 0.000108744
119.486 7.54883e-05
129.742 9.62858e-05
117.415 9.0451e-05
121.09 9.55196e-05
125.757 0.000104346
126.46 9.52646e-05
125.662 4.13489e-07
118.485 9.17573e-05
117.93 9.54282e-05
122.951 0.000109541
125.85 9.69645e-05
124.227 0.000107542
119.405 0.000108761
125.459 9.55885e-05
121.803 8.95585e-05
127.618 8.76005e-05
122.519 0.000108553
124.482 8.90318e-05
123.972 9.97215e-05
126.553 9.48643e-05
125.4 9.86309e-05
123.293 9.5324e-05
117.332 9.66277e-05
125.441 9.57162e-05
126.712 9.71102e-05
125.669 0.000100303
120.684 0.000109098
124.337 6.90997e-06
118.431 9.54206e-05
121.387 0.00010051
119.057 0.000109149
119.801 0.000102778
126.051 0.000109701
126.172 9.50387e-05
126.157 0.000110074
121.138 9.56238e-05
123.233 0.000100457
120.391 9.59092e-05
124.859 9.83902e-05
124.561 9.72284e-05
124.95 9.90819e-05
126.074 9.93538e-05
125.366 0.000109246
122.761 9.90818e-05
125.822 0.000106897
125.261 9.56019e-05
123.457 6.96368e-06
123.566 1.56074e-05
126.133 9.71566e-05
131.693 9.38208e-05
124.217 9.99273e-05
124.562 0.000108964
125.144 9.74014e-05
129.825 0.000109877
123.845 9.49309e-05
124.142 9.56447e-05
121.059 9.91673e-05
121.645 9.51419e-05
123.133 0.000109499
122.527 0.000108223
124.672 0.000109621
126.493 9.4291e-05
126.147 0.000109064
119.596 9.74889e-05
125.19 7.95043e-05
125.518 9.86876e-05
128.431 7.5759e-05
120.454 9.65785e-05
122.391 9.57454e-05
125.313 9.50531e-05
122.709 9.63793e-05
121.206 9.5182e-05
125.818 9.54825e-05
126.099 9.66085e-05
126.785 9.83757e-05
121.535 0.000100981
121.948 0.000104905
126.672 9.45928e-05
122.69 9.43406e-05
126.117 0.000108202
123.228 0.000107771
125.573 7.35219e-05
125.3 9.50112e-05
124.857 9.44543e-05
115.247 9.63104e-05
123.19 9.44637e-05
125.428 0.000102367
122.677 7.65319e-05
122.608 0.00010138
123.601 9.62621e-05
127.889 9.73786e-05
125.488 0.000108759
124.796 9.47254e-05
125.762 0.000104702
126.917 9.78977e-05
125.731 9.57424e-05
120.322 9.80045e-05
120.194 9.44722e-05
122.413 9.98883e-05
124.525 9.92363e-05
124.904 0.000110923
123.509 9.61296e-05
125.059 9.52647e-05
126.342 9.39237e-05
122.586 0.000109387
128.559 9.71007e-05
125.577 0.000100026
126.01 0.000109648
125.369 8.97961e-05
125.923 9.69241e-05
121.416 0.000106146
123.462 8.93572e-05
124.748 9.48486e-05
123.993 9.55038e-05
121.769 9.95655e-05
126.34 9.50652e-05
119.984 9.14997e-05
125.602 2.78604e-05
118.8 0.000101875
124.49 9.52736e-05
120.67 9.67467e-05
124.471 9.65306e-05
118.416 9.70623e-05
123.257 2.04898e-05
126.382 6.52428e-05
115.39 9.60741e-05
126.505 0.000102641
122.354 4.54131e-06
122.71 9.67453e-05
122.541 4.65783e-06
119.626 9.86104e-05
120.99 9.529e-05
118.519 7.38203e-05
125.447 9.95872e-05
120.938 9.4237e-05
120.891 0.000106183
117.939 5.4152e-05
124.149 0.00010945
125.654 0.000102626
124.999 1.01157e-05
125.623 0.000109548
116.471 9.54684e-05
124.584 0.000107299
124.247 9.48018e-05
121.345 0.000110619
124.041 5.46398e-05
126.621 2.77735e-05
127.412 2.84294e-05
117.413 0.000104015
124.473 0.000100272
123.569 9.26894e-05
122.977 9.82086e-05
123.691 9.88093e-05
125.234 0.000101727
125.938 9.50035e-05
128.349 0.000102004
124.641 9.77183e-05
123.825 9.59169e-05
125.299 0.000100658
125.742 9.83086e-05
123.049 3.77207e-05
123.752 9.61358e-05
124.545 0.000110429
125.092 0.000108337
124.977 9.43532e-05
117.011 9.59723e-05
126.215 9.47809e-05
124.508 0.000106766
127.72 9.3025e-05
126.232 1.82069e-06
126.222 9.48957e-05
122.049 8.15982e-05
124.918 0.000110077
125.544 0.000103745
127.725 0.000110338
123.341 0.000106748
118.862 0.000108483
124.863 0.000106122
125.149 8.60388e-05
124.436 9.50709e-05
124.665 9.77246e-05
125.007 0.000103508
122.606 0.000108995
133.955 0.000109222
127.819 9.40935e-05
126.601 9.45965e-05
127.535 9.11835e-05
119.349 3.64377e-05
122.643 9.98013e-05
121.676 9.84419e-05
127.697 9.94039e-05
124.166 9.765e-05
125.018 9.47776e-05
125.922 9.21298e-05
126.152 0.000104755
124.595 9.48678e-05
131.96 9.6089e-05
121.395 9.26859e-05
124.203 9.51809e-05
121.528 9.6597e-05
123.489 9.77468e-05
124.365 0.00010729
123.808 3.72861e-05
124.609 8.85754e-05
123.609 5.47986e-05
125.549 9.83331e-05
126.192 0.000100597
127.346 9.80478e-05
117.397 9.52176e-05
125.313 9.89714e-05
125.819 9.601e-05
124.497 9.69471e-05
124.803 0.000101064
123.647 0.000108557
122.805 0.000111106
123.397 9.45947e-05
122.332 0.000109329
122.211 9.69507e-05
125.993 9.14337e-05
124.409 9.53185e-05
127.052 8.65839e-05
121.049 0.000101044
119.081 0.000108632
123.065 0.00010984
125.421 9.72655e-05
118.882 1.50588e-05
125.549 9.94934e-05
129.318 0.000100494
122.659 9.76619e-05
124.32 9.47766e-05
122.092 0.000104015
126.334 1.82748e-06
124.295 9.67997e-05
120.619 9.81451e-05
132.526 9.48858e-05
124.429 9.67357e-05
117.575 9.69602e-05
123.465 9.51748e-05
129.997 9.66944e-05
122.523 9.73304e-05
124.722 0.000102928
124.814 0.000102088
126.905 0.000110707
124.415 0.000102181
123.954 9.4132e-05
126.33 9.6685e-05
119.137 8.24154e-05
124.601 0.000100204
124.878 0.000100189
124.523 9.87026e-05
122.447 9.53196e-05
124.435 9.58352e-05
125.689 9.40072e-05
120.283 9.37564e-05
126.152 0.000107348
125.729 9.81626e-05
126.362 9.78041e-05
126.036 9.66737e-05
125.051 9.60936e-05
121.439 0.000125535
124.428 2.08434e-05
126.977 0.000107929
121.9 9.42619e-05
123.482 1.47803e-05
126.052 9.96914e-05
126.538 6.66712e-08
121.724 9.04749e-05
124.584 9.54212e-05
128.038 9.89143e-05
125.829 0.000108742
124.398 0.000109242
127.106 9.3818e-05
119.463 3.18353e-05
123.767 9.85753e-05
123.508 0.000109261
126.262 9.9314e-05
123.402 7.45883e-05
120.665 9.82009e-05
130.219 0.000103384
120.648 9.923e-05
123.053 0.000105145
125.773 0.000108092
121.727 9.42116e-05
125.436 9.53138e-05
122.21 -9.37266e-05
123.007 9.856e-05
122.229 9.54503e-05
124.927 0.000110415
122.945 2.40551e-07
128.235 9.71465e-05
121.155 0.00011036
128.395 9.41631e-05
125.035 8.49116e-05
125.274 9.98779e-05
118.416 0.000101966
