134.378 0.00018432
122.389 0.000167385
122.003 0.000160204
151.713 0.000175709
131.881 0.000111722
118.344 0.000167905
129.003 0.000158604
128.167 -0.000158117
160.418 0.000171518
148.814 0.000168756
127.74 0.000165894
152.325 0.000188304
121.879 0.000166898
130.271 0.000166728
124.424 0.000161463
123.749 0.000173621
134.831 0.000138637
125.871 0.000173975
122.851 0.000167358
121.73 0.000178034
120.998 7.19871e-05
121.672 0.000163328
124.71 0.000168915
123.896 0.000178658
138.014 0.000158899
162.597 0.000168361
125.029 0.000183876
137.649 0.000164279
124.991 0.000153572
124.289 0.000190427
135.198 0.00017564
124.568 0.000156515
130.472 0.000159824
115.312 -0.000190888
125.19 0.000189516
120.633 3.72054e-05
123.913 0.000178157
140.192 0.000159077
129.602 0.00015716
125.572 0.000179521
120.626 0.000164355
125.603 0.000187371
144.114 -0.000167957
127.326 0.000131165
126.661 0.000148489
150.088 0.000182939
126.62 4.96737e-06
128.346 0.000162225
133 0.000154831
125.681 0.00018796
124.966 0.000167209
126.506 0.000170359
125.536 0.000158804
125.657 0.000164206
123.889 0.00018129
128.626 0.00017228
121.709 0.000175962
125.051 6.95178e-07
124.484 0.000168828
125.487 0.000157167
138.166 0.000167253
130.047 0.000164118
126.922 0.000164852
127.374 0.000165164
122.531 0.000189842
129.971 0.000186486
123.156 1.22008e-05
126.493 0.000161853
122.156 0.000168386
128.743 3.4403e-05
123.349 0.000171743
123.044 0.000167714
123.264 0.000171793
122.703 0.00016229
126.117 0.000171753
129.663 0.000165556
123.736 0.000170569
135.479 0.000184135
152.847 0.000161765
128.497 0.000163628
163.965 0.00016534
124.849 0.000185199
121.028 0.000190039
118.836 0.000191352
126.416 0.000172183
143.901 0.00016277
144.967 0.000185783
127.317 0.000174783
134.145 0.000160074
131.775 0.000189729
119.663 0.000184805
131.94 0.000165704
132.972 0.000181842
123.537 0.000159609
135.656 0.000111215
124.63 0.000159207
159.983 0.000165736
119.912 0.00017624
150.224 0.000169332
124.419 0.000164285
136.791 0.000170631
158.53 0.000155729
116.393 0.000159386
121.837 0.000112722
121.167 0.000178075
115.341 0.000191607
136.755 0.000185443
157.251 0.000156162
128.793 7.63271e-05
121.608 0.000167532
124.649 0.000175532
119.684 0.000164335
143.265 0.000167511
147.752 0.000184468
126.514 0.000155183
127.71 4.66043e-05
139.06 0.000164748
139.425 0.000189973
127.367 0.000164181
144.105 0.000157021
122.536 0.000146462
118.149 0.000167244
118.787 0.000170472
123.406 0.000187162
125.401 0.000164582
125.243 0.000175962
125.201 0.000156358
123.636 0.000166112
132.551 0.000188714
125.781 0.000104108
140.251 0.000166514
122.423 0.000165517
135.237 0.000166876
129.201 1.90289e-06
145.003 0.000163172
148.121 2.2394e-07
116.237 0.000128577
151.077 0.00016294
131.242 0.000162411
127.044 7.75945e-05
122.201 0.000158849
124.523 0.000164061
116.445 0.000179843
137.19 0.000187314
133.224 0.000176906
124.694 0.000161574
146.49 0.000164159
126.904 0.000185564
125.004 4.88459e-05
122.396 0.000193082
136.754 0.000140702
130.15 0.000168743
126.624 0.000166343
126.948 3.72543e-05
116.241 -0.000170673
140.148 0.000172884
121.832 0.000151846
121.997 0.000172374
124.264 0.000165258
134.261 0.000169809
122.894 4.99721e-06
126.582 0.000172041
120.002 0.000176575
121.772 0.000180661
122.917 0.000168871
140.331 0.000186863
125.662 -0.00016386
133.515 0.000184386
124.479 0.000165872
128.265 0.000168606
123.178 0.000177194
118.396 0.000150781
125.243 0.000187373
123.528 -0.000168374
125.887 0.000163853
137.963 0.000161474
145.017 0.000156208
116.045 0.000172194
129.218 7.52668e-06
123.711 0.000168057
125.993 0.000172177
156.414 0.000142177
142.852 0.000177251
140.351 0.000162553
124.408 0.000183991
134.734 0.000186872
160.983 0.000174583
123.335 0.000171867
131.6 6.81939e-07
145.491 0.000129734
123.63 0.000189915
123.134 0.000165842
117.665 0.000111108
117.75 0.00017585
138.51 0.000156492
125.899 0.000171612
120.555 0.000164502
122.554 0.000166122
115.709 0.000171708
125.149 0.000158302
120.749 0.000169338
147.284 0.000151469
124.992 0.000168256
117.374 0.000173478
126.589 0.000154002
123.444 0.000181367
123.198 0.000163711
149.539 0.000170873
120.324 0.000178309
119.478 0.000173935
119.01 0.000171144
122.976 0.000168769
136.996 0.000171754
121.757 0.000158535
129.642 -0.000164062
124.112 0.000166531
124.598 0.000166076
156.159 0.000176822
146.975 0.000164781
146.063 0.000116505
148.274 0.00018801
118.002 0.000166279
121.442 0.000188487
147.411 0.000166854
125.484 0.000159193
147.835 0.000165702
115.83 0.000162704
118.543 0.000176726
160.481 0.000182768
155.486 0.000166579
123.391 0.000185684
123.493 0.000169955
117.367 6.3099e-05
124.87 0.000142888
138.043 0.000164034
125.745 0.000172114
127.432 0.000172469
123.498 6.53874e-05
125.887 0.000166263
120.062 0.000170141
123.838 0.000167201
152.208 0.000154879
117.55 0.000171138
119.82 0.000179977
121.84 0.000149931
115.443 0.000189534
125.192 0.000169044
125 0.00018862
141.446 0.000172951
120.854 0.000169594
119.4 0.000179168
146.199 0.000160191
134.452 0.000166924
122.093 0.000189953
125.05 0.000165286
142.983 0.000163843
121.205 0.000174981
136.774 3.58712e-05
119.594 3.30944e-05
122.448 0.000163811
122.153 0.00016609
118.904 0.000188471
132.827 0.000181153
118.541 0.00016516
130.248 0.000155208
118.629 0.000186616
124.667 0.000150896
168.855 0.000169564
116.735 0.000195506
134.666 0.000172198
130.612 1.7966e-05
148.369 0.000160477
144.57 1.09043e-05
119.72 0.000162726
161.652 0.000176141
138.528 0.000172444
118.652 0.000160327
123.645 0.000167321
118.061 0.000160427
140.073 0.000169566
140.413 0.000166567
125.839 0.000165154
122.386 9.62472e-05
124.996 0.000196517
124.415 0.000183067
122.372 0.000187049
133.793 0.000173028
126.338 0.000164726
120.916 0.000177735
136.955 0.000186966
125.696 0.000177712
125.09 -0.000187829
168.596 0.000150928
127.447 0.000164031
117.149 0.0001507
146.543 0.000159985
125.377 0.000175225
138.988 1.16821e-05
124.044 0.00016742
123.94 0.000165126
126.632 0.000157835
123.175 0.00018642
125.844 0.000165378
134.498 0.00017062
121.765 0.000183146
127.954 0.000179699
123.738 0.000166072
127.348 0.000182267
143.133 0.00018737
129.737 0.000157526
130.527 0.000154214
125.407 0.000161945
126.577 0.00016499
121.724 0.000162303
126.175 0.000181485
136.557 0.000176875
126.949 -0.000164112
128.585 0.000153289
121.009 0.000110937
126.709 9.44263e-05
120.579 0.00017272
126.092 0.000165948
143.37 0.000190311
136.283 4.58629e-05
122.456 0.000174623
125.828 0.000158304
123.292 0.000141528
141.346 0.000172451
161.677 0.000168926
123.195 0.00014656
124.037 0.000171116
133.473 0.000188001
122.019 0.00017185
144.083 -8.98917e-05
124.828 0.000153495
118.887 0.000166667
157.001 0.000171493
138.561 0.000164525
123.54 0.000164813
119.081 0.000177158
141.248 0.000167146
128.1 0.000160314
120.203 0.000163773
124.79 0.000176217
145.959 0.000163315
125.958 0.0001475
133.992 0.000185599
118.918 0.000184311
126.457 0.000177591
129.832 0.00016535
125.43 0.000163145
123.204 0.00017003
118.384 0.000175826
125.448 0.000169502
125.56 0.00016076
124.177 0.000173231
137.299 1.91299e-06
125.143 0.000141729
154.014 0.000162949
124.27 -0.00018102
158.665 -0.000159457
125.239 0.000143674
126.917 0.000153957
126.996 9.17588e-05
116.689 0.000151449
137.356 0.000163108
141.245 0.000183459
155.671 0.000189142
127.924 0.000178609
142.826 0.000189681
137.334 0.0001647
166.809 0.000165336
124.131 2.10115e-07
123.62 9.38121e-05
147.514 0.000163873
121.215 0.000165346
120.079 0.000163545
133.136 0.000166327
131.957 0.000172851
124.013 0.000163747
146.137 0.000163537
122.598 0.000153362
129.68 0.000176341
138.264 9.94261e-05
142.693 0.000164541
