125.442 0.000644757
124.973 0.00068719
125.222 0.000725529
123.212 0.00065423
123.976 0.000659168
126.815 0.00068367
124.775 0.000652963
126.308 0.000560813
124.914 0.000713985
124.675 0.000730824
126.341 0.000743704
116.075 0.000639758
125.169 0.000554518
124.423 0.000725328
126.112 0.000644996
123.247 0.000642938
125.073 0.000675643
124.171 0.000581727
125.335 0.000663916
124.572 0.000654719
122.861 0.000687186
126.901 0.000430087
124.89 0.000678178
125.07 0.000702962
125.387 0.000743885
128.136 0.000665709
122.549 0.000655836
124.527 0.00063873
126.556 0.000684408
123.879 0.000642371
127.156 0.000677721
123.95 0.000667322
124.453 0.000723386
123.46 0.000671348
124.681 0.000650398
126.003 0.000706571
115.921 0.000682661
123.749 0.000696525
120.176 0.000651541
119.918 0.000640201
127.139 0.000657071
125.265 0.000637862
125.646 0.000666169
125.57 0.000638664
124.355 0.000644275
124.246 0.00074333
125.759 3.13393e-05
125.075 0.000680403
124.55 0.000675198
125.794 0.000737024
122.914 0.000667543
124.959 0.000642993
118.991 0.000599284
123.669 0.000649393
125.498 0.000629907
124.791 0.000658887
124.492 0.000648241
125.18 0.000704962
123.241 0.000640318
124.558 0.000648262
121.887 0.000683118
125.96 0.000639837
124.347 0.000747307
125.178 0.000660815
117.595 0.000637895
124.589 0.000639264
123.802 1.93093e-05
126.644 0.000719473
124.634 0.000644078
125.949 0.000671002
121.665 0.000646664
124.685 0.000741558
125.185 0.000640772
121.996 0.000248321
123.462 0.000652765
125.492 0.000641545
124.593 0.000638286
124.704 0.000646663
124.757 0.00067755
122.341 0.000674887
122.149 0.00063752
124.321 0.000648124
124.74 0.000749952
126.571 0.000672856
127.268 0.000698352
123.969 0.000719547
121.237 1.95585e-05
117.762 0.000668248
126.505 0.000655945
126.207 0.000668464
123.69 0.000651906
124.014 0.000643215
130.498 0.000687602
124.137 0.000651128
123.812 0.00065333
118.181 0.000642135
121.283 0.000244021
116.717 0.000645665
125.012 0.000640276
124.334 0.000561848
123.848 0.000640809
124.259 0.000697697
124.376 0.000660875
124.83 0.000705652
122.744 0.000686274
124.515 0.000656632
125.084 0.00064331
124.532 0.000311826
123.976 0.000438425
128.51 0.000689073
124.485 0.000676544
125.355 0.000628696
123.288 0.000732255
126.402 0.000637037
125.13 0.000645034
125.738 0.000644205
123.898 0.000718289
123.882 0.000652711
123.383 0.000666659
123.952 0.000749271
123.158 0.000725759
125.161 0.000645355
124.708 0.000723262
124.475 0.000698026
125.528 0.000730344
123.621 0.000663837
123.327 0.000671011
125.529 0.000137753
124.803 0.000650326
123.914 0.000731281
126.46 3.1185e-05
124.978 0.000671541
123.743 0.000665771
124.83 0.000643219
125.009 0.000726499
123.884 0.000663031
124.392 0.00073351
125.293 0.000654444
124.291 0.000666168
125.899 0.000663378
124.576 0.000661239
124.712 0.000713057
126.23 0.00066659
124.542 2.69007e-06
124.288 0.000722368
124.448 0.000721548
122.189 0.000503978
125.522 0.000667093
123.312 0.000671892
124.298 0.000729867
123.735 0.000665942
123.912 0.000679314
124.093 0.000654069
123.288 0.000640536
124.955 0.000643903
124.553 0.000447707
124.757 0.000441185
124.789 0.000729532
125.278 0.000666627
122.583 0.000649936
126.674 0.000644139
124.483 0.000661226
124.207 0.000500227
126.407 0.000501986
121.817 0.000435037
124.266 0.000660817
124.102 0.000674914
124.157 0.000621238
125.278 0.000663456
122.689 0.000547516
122.766 0.000546527
123.487 0.000630156
124.058 0.000549178
124.423 0.000245902
124.39 0.00069569
123.733 0.000716636
123.127 0.000732913
124.838 0.000644314
124.64 0.000649521
124.008 0.000723163
128.794 0.000608287
124.602 0.000676825
123.812 0.000652385
125.804 0.000648618
124.315 0.000644976
123.237 0.000744573
124.158 0.000605488
119.363 0.00065022
124.363 0.000505763
124.411 0.000660537
125.14 0.000654489
125.823 0.000443543
123.884 0.000707787
126.633 0.000674841
124.648 0.000750308
123.972 0.000631129
124.112 0.00062725
123.382 0.000652024
125.329 0.00068193
123.625 0.00065203
122.768 0.000674991
125.511 0.000721404
123.662 0.000629804
124.439 0.000594306
124.045 0.000644973
126.029 0.000724682
125.208 0.00064144
123.216 0.000643879
123.603 0.000701587
125.959 0.000635716
116.923 0.000685341
124.466 0.000687789
122.763 0.000656079
122.898 0.00061098
127.496 0.000648651
125.552 0.000628599
124.312 0.000643609
124.501 0.000677009
124.709 0.000641592
125.346 0.000647284
123.03 0.00068137
124.937 0.000661128
126.341 0.00064359
124.566 0.000667918
126.737 0.000745324
125.117 0.000644043
123.522 0.000658875
125.791 0.000623082
126.872 0.000439425
124.355 0.000637987
124.926 0.000684698
122.782 0.000639744
124.161 0.000735415
122.822 0.00063381
122.825 0.000752542
121.259 0.000641591
123.567 0.000658864
125.872 0.000497337
124.627 0.000652144
120.779 0.000653238
125.169 0.000671654
124.21 0.000658691
126.929 0.000643363
124.591 0.000606734
125.275 0.000585886
123.348 0.000723847
127.355 0.000732054
123.43 0.000510078
125.67 0.000645937
126.489 0.000653171
125.322 0.000738886
120.924 0.000609303
123.449 0.000647562
123.749 0.000660205
126.427 0.000744522
126.06 0.000729488
125.268 0.000140671
125.959 0.0005857
121.115 0.000686493
125.57 0.00049637
125.335 0.000739049
124.6 0.000737481
125.149 0.00063725
124.476 0.000675506
116.356 0.000702755
126.518 0.000660622
122.896 0.000666633
125.357 0.000711285
123.458 0.000703784
122.849 0.000726198
124.164 0.000629827
124.197 4.46026e-06
125.567 0.000673339
118.473 0.000643926
124.754 0.000692485
125.769 0.000649064
121.61 0.000635202
123.095 0.000669675
117.258 0.000650407
125.863 0.000307754
126.211 0.00072874
126.629 0.000664718
120.046 0.000689598
125.168 0.000638991
124.372 0.000679407
124.14 0.000642401
125.027 0.000246108
124.531 0.000649142
124.562 0.000622972
124.522 0.000738506
124.728 0.000640714
126.162 0.00067094
123.033 4.46828e-06
124.674 0.000553428
125.368 0.000640811
126.551 0.000716822
123.214 0.000647328
123.425 0.000371876
115.888 0.000668946
124.139 0.000670216
124.394 0.00063965
124.868 0.000644928
125.222 0.000684313
128.345 0.000668015
125.314 0.000649773
126.152 0.000688616
124.683 0.000624037
126.727 0.000658744
125.943 0.000681526
124.435 0.000645577
123.377 0.000641568
118.421 0.000713449
125.951 0.000742663
125.627 0.000646689
126.728 0.000641289
126.091 0.000659332
123.283 0.000652104
125.632 0.000646722
123.794 0.00066348
124.005 0.000650288
125.251 0.000681447
124.674 4.46475e-06
124.596 0.00060441
122.168 0.000646064
125.164 0.000724511
124.349 0.000667383
123.298 0.000709273
126.306 0.000659109
124.078 0.00063498
124.875 0.000664874
125.473 0.000638128
124.939 0.000725961
125.251 0.000645879
125.251 0.000672332
126.845 0.0006662
126.553 0.000643589
124.486 0.000639799
124.069 0.000679314
124.103 0.000435916
123.901 0.000588929
122.444 0.000658975
125.493 0.000668343
125.508 0.000656398
123.733 0.000657899
125.079 0.000714302
123.895 0.00063087
123.767 1.9592e-05
124.328 0.000728573
125.478 0.000719191
121.053 0.000640672
127.274 0.000633744
125.078 0.000640874
124.93 0.000634746
124.3 0.00055352
124.178 0.0006919
121.659 0.000648254
124.815 0.000663838
125.305 0.000670036
126.482 0.000100726
123.052 0.000651716
128.82 0.000736545
122.776 0.000638849
125.846 0.000651878
125.669 0.000650784
123.548 0.000604125
125.543 0.000640791
124.259 0.000666919
125.437 0.000655085
123.403 0.000560218
125.25 0.000671099
126.398 0.000289918
124.543 0.000646584
121.819 0.000737507
125.776 0.00065948
124.915 0.000697058
125.672 0.000675638
122.498 0.000634298
125.329 0.000725097
125.068 0.000735596
125.616 0.000740596
119.781 0.000578852
127.027 0.000650872
121.448 0.000643167
119.679 0.000666932
115.502 0.000651352
127.83 0.000728564
125.397 0.000635141
125.373 0.000722433
124.784 0.00067034
125.559 0.000651598
126.905 0.000642358
118.317 0.000732461
126.612 0.000635543
121.195 0.000605087
127.738 0.000649267
123.847 0.000662379
126.737 0.00031112
118.181 0.000722018
124.62 0.000680179
124.605 0.000645203
119.879 0.000659371
124.643 0.000654861
123.775 0.000654425
128.762 0.000652486
124.861 0.000651333
124.451 0.000652183
124.322 0.000686486
123.03 0.000739294
124.159 0.000694019
125.554 0.000652445
125.624 0.00072831
123.675 0.000406597
122.94 0.000730392
124.665 0.00064899
121.607 0.000662891
126.76 0.000690007
126.451 0.000740826
125.464 0.000635586
125.034 0.00063601
126.927 0.000665298
124.655 9.93863e-05
123.624 0.000736583
125.5 0.000658308
124.3 0.000675806
124.013 0.000732214
124.028 0.000737052
127.17 0.000673162
124.481 0.000660934
124.113 0.000667392
123.865 0.000609176
124.217 0.000253443
124.373 3.1354e-05
125.122 0.000670625
125.809 0.000652425
125.325 0.000641511
126.227 0.00066847
124.736 0.000708673
124.008 0.000659975
123.522 0.000642632
120.815 0.000635845
125.435 0.000642816
124.908 0.000730092
123.705 0.000665459
125.048 0.000638032
124.215 0.000723688
125.284 0.000672119
123.002 0.000671456
121.078 0.000728348
126.089 0.000649344
124.006 0.000725646
126.457 0.000669399
116.946 0.000139967
124.205 0.000698826
123.861 0.000719116
123.469 0.000736679
125.328 0.000669981
121.996 0.000651361
124.403 0.00024624
126.294 0.000648878
124.882 0.000660437
125.443 0.000665074
123.906 0.000670288
122.955 0.000675797
125.631 0.000441918
116.611 0.000687245
121.156 0.000632394
123.883 0.000673807
124.348 0.000637304
125.543 0.00071513
125.349 0.000643685
126.053 0.000647813
125.126 0.000636702
121.316 0.000735285
123.161 0.000688277
125.822 0.000656963
126.268 0.000627231
125.231 0.000744467
124.655 0.000645753
122.868 0.00036761
124.092 0.000763298
125.154 0.000634723
125.481 0.000636739
125.601 0.000370763
120.774 0.000637769
124.986 0.000601548
124.045 0.000660961
122.811 0.000643135
125.899 0.000651435
126.205 0.000660704
125.203 0.000691725
123.926 0.000633626
124.912 0.000703165
126.562 0.000313597
125.872 0.000694807
123.869 0.000635108
123.182 0.000736089
125.409 0.000726236
125.828 0.000648783
121.094 0.000650247
121.737 0.000710137
125.02 0.00065522
126.452 0.000557217
124.849 0.000702959
124.7 0.000682303
123.636 0.000644102
124.658 0.000652604
126.041 0.000676194
118.51 0.000642443
123.749 0.000652894
123 0.000736061
121.802 0.00064109
124.97 0.000637929
122.523 0.000660011
126.249 0.00067577
125.301 0.000139822
125.534 0.000640754
124.353 0.000664117
125.249 0.000710274
124.896 0.000668343
123.514 0.00068301
126.683 0.000720836
121.548 0.000659259
122.263 0.000620399
124.872 0.000633651
122.655 7.03845e-05
124.938 0.000658857
121.008 0.000665297
125.902 0.000650522
125.4 0.000642836
118.245 0.00065196
125.074 0.000689908
124.172 0.000646948
118.893 0.000735857
126.331 0.000665637
123.102 0.0006841
125.769 0.00066609
123.566 0.000640763
123.88 0.000678834
123.968 0.000640217
124.994 0.000644379
124.813 0.000634435
120.456 0.000644038
121.038 0.000633977
125.535 0.000647643
125.797 0.000740272
124.077 0.000723847
124.248 0.000701933
121.048 0.000681837
118.975 0.000371497
119.088 0.000636527
124.423 0.000741881
125.358 0.000664357
125.365 0.000190056
125.535 0.000654838
125.023 0.000638887
126.933 0.000725097
123.973 0.000663048
125.476 0.000689195
124.556 0.000668469
119.509 4.48873e-05
125.077 0.000646007
125.495 0.000698434
126.092 0.000655223
125.383 0.000635429
125.088 0.000651116
122.591 0.000641811
123.192 0.000662193
124.609 0.000633301
126.7 0.000659856
128.929 0.000738377
123.884 0.000742563
126.529 0.000644309
127.433 0.000733595
126.034 0.000667541
126.459 0.000633211
124.837 0.000644308
123.951 0.000640093
124.633 0.00065858
118.021 0.00066628
124.992 0.00055959
125.685 0.00071295
127.048 0.000698418
125.866 0.000655454
124.894 0.00064504
124.626 0.000670567
125.623 0.000191665
121.329 0.000555073
125.731 0.00064864
125.648 7.08111e-05
126.47 0.000721659
125.811 0.00063848
127.224 0.000646054
125.182 0.00063737
125.685 0.00065464
124.234 0.000689073
124.606 0.000640498
122.05 0.000746432
126.611 0.000634514
125.972 0.000633014
124.216 0.00064885
127.686 0.000654014
123.649 0.000682085
124.833 0.000726114
123.934 0.000654513
123.773 0.000645474
124.753 0.000649721
125.622 0.000141262
122.559 0.000646352
125.119 0.000498224
125.626 0.000648206
122.826 0.000728656
125.575 0.000728656
125.633 2.71109e-06
123.905 0.000675342
126.822 0.000639435
124.352 0.000669725
122.233 0.000652814
123.569 0.000600825
121.021 0.000750683
