124.469 3.83426e-05
125.98 0.000105109
124.494 0.000103458
123.339 9.20147e-05
124.223 9.57855e-05
124.568 0.000102077
122.919 0.000101328
126.185 3.00986e-06
123.153 0.000101021
124.093 0.000100778
124.672 0.000100075
123.985 0.000104138
121.755 9.80385e-05
124.41 9.30231e-05
126.552 0.000104653
123.37 0.000102419
126.56 0.000115246
125.85 9.19918e-05
123.815 9.9568e-05
125.531 8.72934e-05
124.307 0.000105591
122.062 9.98578e-05
122.828 0.000109156
125.425 0.000114478
124.415 0.000100198
126.244 0.000112697
136.282 0.00011532
122.603 0.000102223
125.945 0.000100588
121.444 0.000102194
124.307 9.43427e-05
128.633 0.000108286
122.372 0.000102269
125.743 9.80012e-05
124.332 0.000100135
125.374 0.000103475
117.953 0.000105247
127.776 9.89584e-05
124.301 0.000106952
124.879 0.000108217
123.967 0.000100443
126.186 0.000100983
125.425 8.72838e-05
125.033 9.3383e-05
117.803 9.89745e-05
125.446 0.00010221
126.356 9.94763e-05
124.423 0.000103441
123.171 0.000102228
123.527 9.96503e-05
125.267 9.94847e-05
123.567 0.000106289
123.744 0.00010484
126.049 0.000104922
124.474 0.000114762
126.542 0.000112295
121.69 0.000107369
124.121 6.80675e-05
124.785 0.000104182
125.163 0.000100903
123.684 0.000100136
125.058 0.000102264
125.533 0.000101485
129.969 9.95888e-05
125.078 0.000104837
124.959 9.90572e-05
127.194 9.04162e-05
123.493 0.000101515
125.093 0.000105861
121.809 0.000112442
126.175 0.000102791
119.853 9.37595e-05
125.308 0.000104406
123.676 0.00010313
124.142 0.000104279
123.527 5.68623e-05
129.015 9.83004e-05
123.923 9.9997e-05
123.367 0.000105936
127.442 0.000115512
121.842 0.000103262
126.772 9.35937e-05
126.738 0.000101571
118.398 0.00010244
123.371 0.000100481
123.874 0.000113213
126.911 0.000114026
121.435 9.91614e-05
126.73 0.000103937
124.755 0.000100003
123.839 0.000103864
124.83 0.000100705
123.892 0.000104755
126.81 9.9806e-05
127.589 5.28879e-05
123.678 0.000101987
125.455 9.5405e-05
122.234 0.000106751
123.736 0.000106595
124.253 9.7652e-05
125.703 0.00010224
125.482 0.000104234
120.458 0.000101068
125.078 9.75164e-05
124.946 0.000101482
126.303 0.000102431
120.358 0.000110196
122.507 0.000109255
119.734 0.000104164
126.406 9.76439e-05
123.174 0.000104264
125.785 4.76797e-05
115.098 0.000100288
126.119 0.00010444
125.004 0.000104507
125.765 0.000110814
123.82 0.00010882
123.378 2.15956e-05
126.217 0.000101723
122.333 0.000106971
125.692 0.000100012
122.728 2.87896e-06
124.475 0.000102146
127.131 9.21871e-05
119.769 9.88158e-05
123.334 0.000107387
119.654 3.77543e-05
124.228 0.000111963
125.371 0.000108444
122.566 0.000100538
126.23 0.000107742
123.577 0.000100263
125.114 0.000115395
124.49 0.00010173
123.743 9.27535e-05
124.948 0.000114927
124.339 0.000100486
124.568 9.45147e-05
124.844 0.000102948
126.08 9.87212e-05
124.542 9.82165e-05
126.72 9.26548e-05
125.158 9.91787e-05
121.578 0.000108535
125.801 9.98558e-05
125.685 0.00011256
144.607 3.78242e-05
126.911 0.000101084
124.433 0.000100292
123.818 0.000103696
126.125 0.000100868
121.31 9.84866e-05
121.043 9.76683e-05
126.097 0.000106192
122.632 9.36345e-05
125.217 0.000101686
124.653 0.000104081
124.014 0.00010206
123.37 0.000105926
124.05 0.000116264
122.42 0.000102061
117.84 9.68211e-05
124.545 0.000103363
125.604 1.08053e-05
126.934 4.93738e-06
123.841 0.000102168
121.784 9.82851e-05
125.877 0.000101331
126.011 0.000107844
121.235 0.000114086
116.392 0.00010881
116.8 0.000100977
127.445 0.000112182
123.306 6.74671e-05
124.638 6.88193e-05
125.665 9.54685e-05
125.834 0.000105212
124.504 0.00010236
124.587 0.000100836
124.822 9.74876e-05
120.769 9.7025e-05
124.342 0.000100915
116.763 0.000103166
120.67 9.4846e-05
122.555 0.000104521
125.211 -0.000107621
124.209 0.000101533
122.081 0.000107524
124.67 9.9882e-05
123.206 9.38989e-05
125.344 0.000106097
125.441 9.98054e-05
128.468 9.20842e-05
127.367 2.19742e-05
122.135 0.000105618
128.812 9.58614e-05
125.281 9.99733e-05
127.143 0.000105638
125.492 9.42089e-05
119.27 0.000101892
124.907 0.000115121
126.742 0.000100283
125.092 0.000103693
125.372 9.91138e-05
127.189 0.000118876
123.336 9.96981e-05
125.599 7.8258e-05
124.528 0.000116458
119.231 9.95938e-05
125.172 0.000100945
122.07 0.000104345
123.787 0.000104054
123.619 9.95135e-05
123.793 9.96302e-05
125.493 0.000105864
123.929 0.000103624
122.864 0.000100854
123.698 5.79312e-05
124.255 3.76366e-05
121.316 9.75089e-05
122.072 7.37477e-06
125.137 0.000114463
119.14 0.00010776
116.371 0.000104399
126.396 0.000102412
122.696 0.00010137
124.128 0.000100124
124.198 0.000100031
120.904 9.41315e-05
126.214 0.000112771
123.663 9.2752e-05
122.527 0.000114347
126.92 0.000115963
124.961 9.9256e-05
126.027 0.000113528
122.527 0.000108792
122.312 0.000100118
120.884 0.000100551
116.152 0.000101463
125.377 9.87325e-05
123.755 6.85154e-05
126.474 0.000103636
126.438 0.000101464
125.674 0.00010169
125.24 0.00010412
126.042 0.000100197
125.299 0.000110952
123.957 0.00011473
124.933 9.998e-05
122.594 3.82539e-05
124.384 9.98698e-05
125.727 2.50132e-07
125.19 9.90077e-05
124.755 0.000112955
128.276 8.97566e-05
119.894 3.75305e-05
125.43 0.000102139
124.68 0.000116136
125.529 9.90252e-05
123.925 0.000100175
125.186 3.88052e-05
125.991 1.53971e-05
122.459 0.000103738
124.456 1.93402e-06
129.1 0.000102597
125.059 0.000103643
124.172 0.000116249
123.362 0.000115122
125.244 9.99342e-05
123.279 0.000100585
125.349 9.97912e-05
122.728 0.000104559
123.715 0.000102471
122.809 5.74603e-05
125.201 9.91206e-05
123.921 2.15873e-05
125.457 0.00010136
126.439 0.000100993
126.82 0.000107947
124.284 0.000113922
124.559 6.36137e-08
123.777 4.23057e-07
125.731 0.000100885
125.163 6.02667e-05
132.467 6.29808e-05
123.191 0.000110667
121.005 5.3685e-05
123.34 9.58941e-05
127.352 0.000100011
124.968 0.000106098
123.822 0.000113134
123.812 0.000101778
125.493 0.000103393
124.097 0.00010137
122.316 0.00010222
123.136 9.74023e-05
125.967 0.000102963
126.77 4.73093e-05
125.071 9.46463e-05
124.216 0.000100376
123.555 2.06861e-05
125.39 0.000103657
118.116 9.57319e-05
125.527 0.000106101
123.57 0.000119943
124.164 0.000102916
124.436 0.000103185
123.223 7.84378e-05
123.109 9.85603e-05
116.758 0.000100415
127.66 0.000105206
120.166 0.000105078
123.367 1.04582e-05
124.618 9.22629e-05
128.606 0.000108103
124.064 3.88493e-05
125.74 0.000102417
124.867 0.000103597
128.456 0.000100259
125.014 4.85355e-05
123.542 9.93319e-05
125.372 0.000103162
124.773 0.000100614
123.588 0.000105924
124.926 0.000102399
125.305 0.000114016
126.619 -0.000103538
169.399 0.000100188
124.875 4.86965e-05
125.734 0.000100613
126.221 9.38812e-05
125.16 0.000114127
125.095 0.000107519
126.214 0.000105764
119.72 -0.000101183
123.99 7.7232e-05
119.151 0.000103733
115.265 0.000108207
126.233 0.000104815
135.661 9.99296e-05
123.784 0.000111501
128.082 5.80901e-05
124.379 0.000105185
125.508 3.81157e-05
128.633 4.84667e-05
124.279 0.000100936
125.87 0.000110008
124.719 0.000102586
130.187 0.000103988
123.376 0.000103687
125.927 0.000102524
123.227 0.00010537
119.445 0.000106849
121.882 9.96567e-05
122.571 1.20844e-06
126.205 0.000103197
125.719 2.10326e-05
123.411 0.000110384
126.588 9.86833e-05
124.587 0.000102919
122.212 0.00010046
124.335 0.000107777
124.598 0.000107639
122.664 0.00010295
123.053 0.000114862
123.293 7.5592e-05
123.207 0.00011219
124.338 0.000105775
124.068 0.000107048
121.439 0.000102212
122.02 0.000112959
120.576 9.87849e-05
121.164 1.14765e-06
125.698 8.66492e-05
125.051 0.000114837
126.612 9.9663e-05
120.291 2.14061e-05
124.428 0.000102089
127.382 9.85561e-05
126.485 0.000107329
125.62 0.000110844
125.08 9.78575e-05
124.037 9.99859e-05
124.64 0.00011072
123.838 0.000103177
153.517 0.000106737
125.218 0.000104127
125.556 0.00010366
124.752 9.7739e-05
124.748 0.000100662
129.716 0.000100321
123.75 9.90824e-05
119.3 0.000103703
122.74 1.46991e-07
124.512 0.000115951
122.965 9.496e-05
126.735 0.000101115
123.832 9.91849e-05
124.407 9.98842e-05
124.758 0.000104639
122.242 2.90433e-05
121.513 0.000114394
125.076 9.83722e-05
127.137 7.25006e-06
127.073 0.000102279
125.307 9.91417e-05
125.194 0.000102267
127.539 9.88065e-05
126.064 0.000110636
125.895 9.90264e-05
124.282 0.000101104
122.934 0.000105482
127.992 4.75491e-05
126.454 0.00010395
125.41 4.77288e-05
125.089 0.00010174
123.491 0.000103078
124.969 0.000106806
124.488 1.55654e-05
125.721 -0.00010093
121.502 0.000109539
123.759 9.78473e-05
124.045 9.92572e-05
125.102 0.000113235
119.875 9.93597e-05
122.617 0.000102672
121.853 9.90208e-05
124.636 0.000110623
124.467 9.90984e-05
115.633 0.000105459
122.37 0.00011318
126.444 9.77118e-05
123.599 0.000104111
126.049 9.7871e-05
122.936 9.93754e-05
123.072 0.000115012
125.021 0.000103852
124.186 0.00010883
125.16 1.57795e-05
126.143 7.29107e-07
127.773 0.000101517
128.376 0.000101711
121.71 9.97626e-05
125.337 0.000102331
128.177 9.78706e-05
119.535 4.00526e-05
127.828 0.000111483
125.885 0.000110841
125.442 0.000103621
123.579 9.98433e-05
126.913 9.93865e-05
122.479 0.000100054
127.499 9.79647e-05
125.643 0.000104525
124.213 0.000103172
127.158 1.45912e-05
125.766 9.92003e-05
126.284 0.000109518
125.801 0.000104317
126.073 4.76396e-05
122.509 9.36545e-05
120.73 0.000115042
123.826 9.97795e-05
123.912 9.97457e-05
125.724 6.84055e-05
125.254 0.00010627
125.124 0.000107157
124.313 0.00010083
120.133 0.00010141
127.321 0.000102781
127.634 9.50897e-05
122.941 0.000114154
125.67 9.76699e-05
125.27 0.000100644
124.127 0.000109332
126.974 9.6524e-05
125.839 -9.89958e-05
125.068 9.93991e-05
125.436 0.000110836
124.752 9.31329e-05
121.412 0.000100076
124.914 -0.000114173
123.869 0.000102168
122.902 9.53611e-05
125.492 0.000100871
123.736 0.000106289
124.626 0.000100281
124.36 0.000113999
120.981 9.62973e-05
125.626 9.80137e-05
122.286 0.000115472
121.301 9.26057e-05
125.524 9.98608e-05
124.303 0.000100915
122.163 0.000103947
123.559 0.000102938
126.52 0.000114543
119.18 0.000114652
122.581 0.000101557
124.221 9.31351e-05
125.508 9.81669e-05
125.551 0.000103041
124.659 0.000103003
125.164 0.000104443
124.5 0.000101948
127.562 0.000109127
122.932 0.000112331
119.55 9.5892e-05
125.862 7.80122e-05
127.845 0.000105697
123.34 9.74749e-05
123.512 0.000115142
125.736 3.86994e-05
123.069 9.98731e-05
125.661 0.000103003
124.862 9.53673e-05
125.012 0.000112966
118.673 9.43266e-05
125.813 7.31415e-06
126.067 0.000114568
129.863 9.04973e-05
124.453 0.000104164
124.243 0.00011163
123.63 7.82356e-05
127.316 9.92079e-05
122.728 0.000101118
124.038 0.000108612
126.105 3.86991e-05
126.183 0.000102624
124.057 9.47418e-05
123.989 7.89153e-05
124.897 7.7239e-05
123.732 0.000100479
125.741 9.75307e-05
125.296 9.96783e-05
124.68 0.000103219
122.945 0.000103444
122.238 2.82779e-05
121.632 9.56056e-05
123.171 0.000101711
125.971 1.54643e-05
125.738 9.93772e-05
122.876 4.77707e-05
127.263 9.97605e-05
124.935 3.00543e-06
125.969 0.000102196
124.958 0.000116019
126.014 9.31442e-05
125.077 0.000106559
118.935 9.62153e-05
126.817 0.000109616
123.607 5.70918e-05
128.499 9.35719e-05
124.887 7.84691e-05
127.792 0.000108449
124.057 2.91994e-05
126.039 7.80181e-05
123.263 0.000100509
124.542 0.000113837
125.166 9.99968e-05
126.342 9.95117e-05
125.839 9.92669e-05
125.346 0.000104112
122.713 0.000116392
123.197 9.9755e-05
124.351 0.000104278
125.002 3.22853e-06
124.893 0.000103959
125.693 9.99292e-05
124.328 9.88541e-05
124.952 0.000113291
124.27 9.96341e-05
127.114 9.87053e-05
131.764 0.000105297
123.886 0.000104349
125.126 0.000105684
124.366 0.000103803
125.787 0.000100561
122.127 0.000107635
119.997 0.000100272
126.536 7.85223e-05
123.783 0.000110263
123.027 9.86305e-05
125.38 9.85981e-05
125.405 9.99707e-05
118.63 0.000110259
124.409 9.93055e-05
124.594 0.000104034
124.041 0.000105574
124.429 0.000102094
123.831 9.95138e-05
124.108 0.000115762
123.811 0.000115701
121.839 9.84694e-05
125.114 9.44908e-05
124.129 0.00010159
124.729 0.000113129
124.058 0.000103352
125.11 9.84648e-05
126.339 0.000103542
126.8 9.86394e-05
124.482 8.67509e-05
124.961 0.000106328
120.218 0.000116386
125.785 1.91554e-06
124.5 0.000105472
123.329 0.000106973
122.933 9.84943e-05
122.226 0.000107069
124.458 9.49266e-05
122.569 9.74164e-05
124.93 0.000114402
123.005 0.000104776
122.454 0.000103829
121.354 0.000105728
124.579 0.000100509
125 5.64661e-05
123.649 0.000101027
122.81 9.22055e-05
118.875 0.000101343
124.126 1.10153e-05
123.527 0.000103734
125.74 0.000105325
126.136 0.000109354
125.308 9.92983e-05
124.011 2.3394e-07
126.723 0.000102043
122.903 0.000100875
126.354 0.000111518
123.251 0.000103673
126.41 0.000111122
125.597 0.000113621
124.723 0.000103205
124.829 9.9357e-05
125.451 0.000112317
124.992 0.000103235
125.799 0.000100499
123.497 9.80463e-05
123.722 9.91868e-05
119.6 0.000107955
125.132 9.93224e-05
127.023 0.00010166
124.941 0.000112639
125.953 0.000114958
125.367 1.55352e-05
125.736 4.84995e-05
124.98 0.000102728
122.424 0.000100218
125.121 0.000112309
124.322 0.000100675
126.675 9.99772e-05
125.518 9.83073e-05
125.53 0.000100892
128.419 3.62393e-05
123.877 -8.76941e-05
127.397 0.000113825
127.88 0.000108304
124.967 0.000101993
118.874 0.000101026
125.149 0.000100537
124.408 7.64811e-05
125.646 0.0001016
125.823 0.000111934
124.47 0.000113497
116.983 0.000113864
124.424 9.98642e-05
124.789 9.92078e-05
122.567 5.02135e-05
121.386 -9.5994e-05
115.434 0.000101519
125.232 0.000102788
123.148 0.000103719
124.684 9.92421e-05
125.659 0.000104645
123.951 0.000107962
125.094 0.00011167
123.621 0.000118813
129.618 4.55445e-05
125.343 5.77455e-05
126.821 0.000109644
126.935 1.0926e-05
123.355 0.000105827
127.617 0.000106192
125.648 0.000100792
119.023 9.9189e-05
125.298 0.00010843
122.256 0.000100868
124.087 0.000107531
123.907 9.98446e-05
125.58 0.000102491
125.51 0.0001141
123.589 9.67487e-05
121.875 0.000103106
125.053 0.000119635
115.645 9.61289e-05
126.198 9.89724e-05
125.317 9.1084e-05
126.402 0.000166115
123.702 0.000162255
124.956 0.000183772
124.87 0.000155075
125.463 0.000156336
127.867 0.000164344
124.709 0.000162068
126.72 0.00010544
125.278 0.000159652
126.774 0.000156353
124.266 9.00652e-05
118.978 0.000175352
124.702 0.000173927
125.857 0.000160147
125.243 0.000176627
122.845 0.000161677
124.602 0.000169657
123.951 5.94281e-05
126.365 0.000174886
125.714 0.000162225
120.575 0.000157164
124.583 0.000152042
126.462 0.000162079
124.32 7.30073e-05
125.81 0.000172552
127.783 0.000150513
118.166 0.000160528
117.569 0.000121431
127.373 0.000147195
125.138 0.000154024
125.125 0.000151852
125.826 0.000174411
125.788 0.000152648
123.571 0.000159635
124.568 0.00015526
125.712 0.000152591
127.655 0.000152924
123.883 0.000150465
125.002 0.000145461
118.212 0.000140351
124.448 0.000156844
127.736 0.000160492
124.823 0.000155854
122.698 0.000146656
124.915 0.000126909
125.895 0.000155892
126.214 0.000177608
124.694 0.000168627
119.247 2.3909e-05
125.67 0.000157039
124.395 0.000158731
125.638 0.00015574
126.032 0.000127743
125.535 0.000160585
124.914 0.000152116
126.001 0.000150172
125.34 0.000152341
123.048 3.25943e-05
123.96 -7.2984e-05
123.774 0.000153039
126.292 1.66857e-05
124.15 0.000153754
124.071 0.000157615
124.068 0.000164781
124.984 0.000178719
121.179 0.000164579
125.568 0.000154731
122.574 0.000155613
126.817 0.000151702
121.492 0.000161555
125.285 0.000162353
126.751 0.00016823
123.102 1.6599e-05
120.425 4.31649e-05
126.562 0.000162644
124.491 1.52569e-05
149.515 0.000154869
123.912 0.000155365
125.071 0.000155691
124.731 -0.000153116
125.069 0.000156206
124.125 0.000174595
125.009 0.000101336
123.856 0.000162403
124.529 0.000158013
124.733 0.000159193
124.518 0.000161096
120.846 0.000158496
123.789 0.000158726
125.781 0.000148137
122.994 0.000151408
126.471 2.41036e-05
125.127 0.000150915
125.528 0.000175204
122.562 0.000154995
125.11 0.000112868
122.452 5.43547e-05
124.906 0.000155724
118.251 0.000171793
125.417 1.77854e-06
124.239 0.000159366
126.572 0.000128895
124.846 0.000172097
124.087 0.000151781
126.813 0.00015422
122.584 0.000176757
124.262 0.000160484
123.051 0.000131073
124.286 0.000160613
123.043 0.000166956
124.825 0.000151504
126.432 0.000177623
125.768 0.000164225
129.073 0.0001517
126.271 4.65015e-06
123.144 0.000159448
124.952 0.000175458
124.018 2.47722e-05
124.662 3.89051e-07
125.006 0.000159986
126.696 7.45617e-05
127.243 0.000165348
121.327 0.000123827
124.604 0.000159369
123.127 0.00016488
126.064 0.0001842
120.551 0.000176894
124.92 0.00015783
129.939 0.000161252
120.941 0.000159578
123.854 0.000155285
122.748 0.000156344
123.013 0.000152323
123.859 0.000173879
127.507 0.000147536
122.09 0.000162263
124.914 0.000154841
125.04 0.000175323
122.016 0.000158785
124.164 0.000151674
122.96 0.000164373
125.029 0.000134435
124.783 0.000132273
126.485 0.00015722
122.665 0.000159943
124.064 0.000160559
125.251 0.000154661
125.207 0.000160425
125.346 0.00015682
127.73 0.000130631
125.074 0.000160711
122.187 0.000157578
124.286 0.000159521
125.575 0.000149562
126.189 0.000160607
120.173 0.000159946
122.197 0.000153349
122.343 0.000153123
120.964 0.000164026
123.873 0.000154195
123.424 0.000161017
123.812 0.000162121
120.989 0.000171361
124.326 0.000155664
125.623 0.00014695
123.683 0.000145457
124.542 0.000172051
124.401 0.000121589
124.535 0.000155677
126.568 0.000154535
127.241 0.00015982
123.86 0.000150533
125.392 0.00015759
123.4 0.000176245
126.522 0.000144253
124.819 0.000153339
124.122 0.000160453
125.123 0.000176603
125.942 0.00015084
125.605 0.000104998
125.851 0.000155188
124.528 0.000158955
125.65 0.000159605
126.777 6.464e-07
127.133 0.00016043
123.086 0.000155229
124.306 0.000160193
124.485 0.000161473
126.384 0.000161278
122.335 0.00015243
125.737 5.76082e-05
122.327 0.000159664
121.363 0.000102847
124.181 0.000148815
149.607 0.000161151
124.041 0.000157251
123.904 0.000155468
123.714 -0.000138054
121.168 7.38079e-05
124.829 0.000159015
124.826 0.000162637
123.543 0.000162045
124.886 1.66791e-05
126.713 0.000154868
126.585 0.000142805
120.575 0.000177907
121.622 0.000159622
126.268 0.000146415
122.693 0.000154641
124.686 0.000173187
126.333 0.000174553
124.35 0.000158032
130.298 3.21464e-05
121.723 0.000157291
119.903 0.000178114
123.516 6.55062e-07
126.338 0.000146063
126.83 0.000176733
124.388 0.000174367
123.879 0.000144849
128.936 0.000158809
127.682 0.000160598
123.162 0.000154357
124.805 0.00010352
124.311 0.000177081
126.735 2.38875e-05
125.668 -0.000155908
125.143 0.00016011
125.534 4.54253e-05
125.255 1.83361e-06
125.745 0.000168933
125.01 0.000158954
122.764 0.00015151
124.982 0.000158388
126.242 0.000159961
123.45 0.000166055
123.392 4.46788e-05
125.668 0.000154395
121.661 0.000169157
125.663 0.000138646
123.476 9.21327e-05
119.709 0.000150793
118.886 0.000171894
135.005 0.000171188
117.962 0.000163392
123.93 0.00014869
124.799 0.0001056
121.912 0.000160595
127.484 1.13871e-05
125.254 0.000160788
123.779 0.000155387
117.791 0.000158359
127.275 0.000153955
129.509 0.000168771
128.533 0.000150016
124.476 0.000155531
118.614 0.000152105
124.262 0.000146164
120.017 0.000176264
125.049 2.41441e-05
126.912 0.000157686
125.121 0.000155801
125.466 0.000154875
124.157 0.000162926
128.762 0.000182241
126.34 0.000152774
124.191 0.00017267
123.483 0.000141493
125.966 0.000154907
119.535 0.000144924
126.089 0.00014794
125.322 0.000136886
123.414 0.000173317
124.956 0.000173431
123.375 0.000145094
125.278 0.000158918
125.92 0.000163131
122.302 0.000158893
125.166 0.000165488
125.087 0.000175149
126.358 0.000161216
120.682 0.000153797
115.546 0.000121725
120.867 0.000174884
123.791 0.000177801
123.56 4.65793e-06
128.777 0.000161222
124.796 3.01183e-06
125.901 0.000154776
124.475 0.000175441
125.398 0.000126279
117.53 0.000164865
124.814 0.000154802
124.88 -0.00017602
123.27 0.000154393
126.43 0.000173892
126.311 -7.24058e-05
126.354 0.000166667
123.943 0.000171417
124.262 1.10784e-05
125.424 6.53349e-07
123.16 0.000176966
124.111 0.000156163
125.643 0.000158671
126.802 0.000158999
124.329 0.000173241
126.338 2.42848e-05
123.482 0.000154143
127.688 0.000167502
121.607 0.000153998
125.206 0.000154185
124.463 0.000149966
124.482 0.000146731
124.185 0.000159332
124.397 0.000163369
115.28 0.000172939
126.32 0.000175497
124.872 0.000150819
119.456 0.000179377
124.726 0.000175532
127.354 0.000146824
125.522 0.00015967
125.35 0.000157653
118.549 0.000167095
123.64 0.000163412
126.148 0.000166174
124.667 0.000167338
123.221 0.00015654
125.763 0.000159341
124.278 0.00017894
121.845 0.000164535
121.002 0.000152582
123.617 0.000168414
118.81 0.000143159
124.717 0.000155789
122.452 0.000155681
121.339 0.000159638
123.112 0.000151863
124.946 0.000156063
148.897 0.000168315
125.196 0.000153173
125.085 0.00015441
124.928 3.28511e-05
124.477 0.000164245
124.241 5.98442e-05
125.131 0.000157097
124.234 0.00015802
122.021 0.000168823
124.259 0.000155374
124.357 5.45439e-05
126.003 0.000153313
125.627 0.000174115
123.828 0.000173968
125.285 0.000139541
122.178 0.000129685
124.052 0.000152134
126.197 0.000152188
125 0.000156011
124.823 0.000157026
125.101 0.000105428
124.268 0.00015404
124.605 0.000154476
154.751 0.000160236
126.787 5.96869e-05
123.854 0.000151908
127.028 0.000159067
122.515 6.2024e-05
124.766 0.000162128
124.403 0.000173233
127.462 0.000153794
123.456 0.000155849
125.926 0.000172883
124.993 0.000156052
127.261 2.97403e-06
121.562 0.000159794
156.308 0.000158371
119.652 0.000165743
123.658 9.01055e-05
125.359 0.000149357
127.246 5.99326e-05
123.715 0.000167885
124.255 0.000157902
123.62 0.000155957
125.633 0.000131005
123.333 0.00017241
119.418 0.000165368
125.883 0.000158718
116.068 0.000154976
126.35 0.000156682
127.215 0.000159017
128.069 0.00014807
125.278 0.000153115
125.465 0.000169044
124.887 0.000155316
125.456 1.11946e-05
125.853 0.000151422
124.622 0.000158088
124.668 0.000149007
126.071 0.000167646
120.068 0.000160412
123.707 0.00010441
124.646 0.000159329
126.84 0.000153879
121.961 0.000103386
125.677 0.00017582
125.541 0.00015604
124.935 0.000160968
124.664 0.000157507
128.44 0.00014858
124.038 0.000171218
128.643 0.000144052
125.905 6.2343e-07
126.38 0.000151543
122.115 0.0001488
122.591 0.000149315
126.409 0.000174621
126.903 0.000152909
125.895 0.000155719
124.299 0.000165514
126.015 0.000155491
125.719 0.000161229
126.84 0.000158219
125.581 0.00016588
126.989 0.000151348
127.117 0.00015111
126.457 0.000162871
124.561 0.000160129
126.487 0.000162152
124.391 0.000175132
125.039 0.000160894
124.958 0.000162807
125.146 0.000146146
126.175 5.87563e-05
124.578 0.000157062
122.117 0.000161345
128.773 0.000146707
119.339 0.000159062
123.717 0.000160665
117.465 0.000149759
126.276 1.59608e-06
120.98 0.000163107
124.575 0.000174259
125.511 0.000151235
121.27 8.65834e-05
126.277 0.000161006
125.5 0.000152061
124.097 0.000165681
128.479 0.000154624
134.205 6.8513e-05
126.273 0.000160773
125.959 0.000154854
123.094 0.000161923
127.349 0.000160777
123.73 0.000158554
121.692 0.000159721
127.434 0.000151299
127.81 0.00016005
124.592 0.000169929
125.429 0.000177122
124.19 0.000166397
124.623 0.000156229
131.418 0.000170354
115.682 0.00015193
127.842 0.000152643
125.065 0.000120441
123.455 0.000179524
124.577 0.000159757
127.101 0.000152485
127.304 0.000139431
125.567 0.000152968
124.468 9.48432e-05
116.688 0.000185006
118.537 0.000156169
126.512 0.00016228
124.045 0.000143652
125.715 0.000159793
126.667 0.00016621
123.646 -0.000141818
121.527 0.000171543
120.963 0.000157587
123.248 0.000159616
125.483 0.000166944
123.588 0.00016011
123.253 0.000156759
116.031 0.000172946
126.32 0.000160133
125.254 0.000163363
122.33 0.000150275
123.556 0.000161884
122.2 0.000127434
126.342 0.00016083
126.301 0.000157165
122.095 0.000165989
120.224 0.000148093
123.12 0.000162696
126.905 0.000153938
123.397 0.000144797
123.755 0.00014875
127.524 0.000152205
126.76 0.00015825
118.967 0.000152257
123.91 0.000169798
124.186 0.000172209
125.971 0.000164873
122.803 0.000155901
124.913 0.000155155
116.175 0.000156855
125.576 0.000145065
126.345 0.000118797
124.359 0.000153486
122.496 0.000155541
129.045 0.000172632
124.55 0.000104044
121.029 0.000175937
126.372 0.000172787
122.459 0.000162389
123.637 0.000154828
120.396 0.000155063
125.831 0.000159747
125.351 6.50144e-07
126.311 0.000154586
122.171 0.000176373
124.762 0.000160894
125.57 2.40382e-05
124.756 0.000174939
126.699 0.000158156
127.714 1.6269e-05
126.639 0.000177698
122.585 0.000157015
126.087 0.000157788
124.514 0.000119509
127.04 0.000171114
123.84 0.000144308
126.729 0.00015017
124.196 0.000167874
123.049 1.77045e-06
127.246 0.000151881
125.458 0.000152211
125.935 0.000147833
123.804 0.000154913
124.805 0.000172504
122.641 0.000149617
123.417 0.000144273
125.775 0.000178296
124.635 0.000157343
123.513 0.000158127
124.533 0.00015018
123.186 0.000170759
124.365 0.00017745
127.609 0.000157696
128.042 0.000179119
124.954 0.00016437
124.977 0.000152631
125.757 0.00015883
125.313 0.000171917
125.196 0.000153655
126.823 0.000146008
126.5 4.53274e-05
125.563 0.000162049
123.761 0.000176342
127.753 0.000161095
124.278 0.000161314
124.94 0.000108753
122.832 2.91711e-06
121.542 0.000169242
126.037 0.000155857
127.602 0.000154856
121.204 0.000147216
121.945 0.00016415
126.027 0.000178676
124.774 0.000158746
127.371 0.00013234
125.337 0.000159968
125.599 0.000157026
122.911 0.000183366
126.988 0.000156933
127.662 1.79568e-06
123.712 0.000146603
124.363 0.000175861
128.362 0.000149098
123.271 0.000161819
123.412 0.000154602
125.705 0.000168083
123.726 0.000176324
119.001 0.000155013
124.106 0.000175943
122.757 0.000153735
128.113 0.000167733
126.102 0.000159209
127.423 0.000153722
122.2 0.000152879
124.03 6.08862e-07
124.79 0.000155406
124.002 0.000154448
125.079 0.000152098
124.249 0.000125892
123.417 0.000158865
123.666 0.000158428
125.614 0.000162906
119.451 0.000160904
123.926 0.000158089
123.13 0.000161
123.81 0.000167623
131.651 0.00016907
126.628 6.32176e-07
130.026 0.000144206
135.022 0.00015694
125.311 0.000163949
124.081 2.92789e-06
127.762 0.000160823
121.12 0.000156081
125.158 8.88294e-05
124.331 0.000170628
122.19 0.000123688
125.216 5.89972e-05
125.878 0.000138943
125.288 0.000159699
125.622 1.4101e-07
127.104 0.000143985
125.896 0.000160368
123.933 0.000167317
125.316 0.000121024
125.681 0.000120171
125.521 0.000159583
123.841 0.000138712
124.239 0.000181642
123.669 0.000152422
124.646 0.000166158
118.458 0.000145502
125.382 0.000157106
124.619 4.1549e-05
127.372 9.00746e-07
116.444 0.00010807
125.657 0.000155883
123.92 0.000152704
123.392 2.38843e-05
121.491 0.000143375
123.93 0.000176296
123.747 0.000158831
127.078 0.000173141
126.429 0.000164472
127.059 0.000143857
125.119 0.000166137
125.127 0.000133807
116.368 0.000175662
123.668 0.000160653
127.201 0.000149875
128.064 0.00015766
125.59 0.000168265
123.096 0.000154603
124.829 0.000157235
127.94 0.000166069
127.316 0.000107324
125.79 0.000144445
125.248 0.000153159
126.06 0.000153875
121.908 8.87029e-05
125.05 0.000153319
123.037 0.000169642
124.082 0.00016024
123.578 4.75382e-05
127.304 0.000160392
123.384 5.619e-05
123.757 0.00016006
124.666 0.000155639
126.801 0.000155448
126.619 0.000169689
124.64 0.000154441
121.069 0.00017346
127.679 0.000144506
125.951 0.000154931
124.295 0.000121077
125.089 7.81811e-06
123.721 -0.000156295
124.047 0.000158282
123.868 0.000161354
123.701 0.000156354
124.062 0.000153104
124.281 0.000171675
122.895 -0.000176691
125.899 7.47923e-06
124.838 0.000162066
