121.727 0.000166286
123.651 -0.000173235
125.262 0.000171609
118.908 0.000177867
124.611 0.0001833
124.423 0.000166374
124.53 0.000188093
117.095 4.85582e-05
125.309 0.000163966
124.747 0.000161152
126.883 0.000166456
125.982 -0.000186449
123.402 0.000171408
123.97 0.000188817
124.382 4.7724e-05
120.209 0.000184612
123.979 0.000163528
120.958 4.93283e-05
124.397 0.000184204
129.945 0.000165732
124.521 0.000184535
116.72 0.000169329
123.233 0.000150627
121.812 0.000168721
124.974 0.000180349
121.116 0.000178224
125.535 0.000171602
123.292 0.000169005
122.898 0.000128298
124.985 0.000168614
121.68 0.000190285
127.92 0.000170136
125.501 0.000166492
120.127 0.000136101
118.741 0.000151938
122.661 0.000163318
127.313 0.000194591
125.019 0.000175828
115.09 0.000165443
124.908 0.00017343
123.992 0.000166361
126.629 0.000163882
124.455 0.000162202
125.736 0.000184923
126.884 0.000157032
124.117 0.000184332
119.877 0.000159435
135.577 0.00017361
135.375 0.000164724
125.762 0.00016567
120.467 0.000186979
123.623 0.000165677
115.053 0.00016868
134.199 0.000178319
123.043 0.000174
124.734 0.000170196
123.165 0.000166548
119.351 0.000166502
115.25 0.000183169
125.475 0.000163371
119.544 0.000171497
115.334 0.000166075
127.363 0.000170018
125.76 0.000166584
125.665 0.000188224
118.52 0.000166556
126.225 6.34781e-05
123.832 0.000165828
125.855 0.000166431
148.967 5.07606e-06
124.993 0.000167815
141.414 0.000161655
124.3 0.000187348
139.225 0.000171992
125.48 3.51328e-05
139.253 0.000152068
124.168 0.000163281
123.216 0.000153331
125.325 0.000165041
125.184 6.35317e-05
124.983 0.000167308
116.423 0.000163958
126.336 0.00014718
126.584 0.000168133
124.003 0.000164889
117.24 0.000168742
118.61 0.000188922
127.458 0.000165154
124.75 0.000170392
122.388 7.93878e-06
123.346 0.000165999
134.976 3.49141e-05
123.652 0.000159628
125.004 0.000167411
124.775 0.000178645
123.307 9.53963e-05
115.441 0.00016934
120.973 0.00016855
125.888 7.88947e-05
130.13 0.000126385
124.97 -0.000169529
123.261 0.000196227
122.974 0.000168548
124.599 0.000169638
127.524 0.000178058
120.738 -0.000173125
124.971 0.00017221
127.353 0.000189974
124.983 0.00016449
126.425 0.000106964
122.004 0.000175545
129.152 0.000165622
125.662 0.000166999
123.554 0.000171217
124.95 0.00016417
120.257 0.000167768
135.713 0.000187536
124.35 0.00019218
148.989 0.000189748
137.117 0.000172139
126.155 0.00016272
124.255 0.000169442
122.93 0.000185488
123.306 0.000177517
117.405 0.000150092
121.305 0.000164697
125.718 0.000185693
123.191 0.000181684
128.003 0.000181312
126.233 0.000153883
122.578 0.000166206
132.043 0.00014116
125.33 0.000167604
116.676 0.00016521
120.315 6.37945e-05
125.343 0.0001918
115.825 0.00016547
122.566 0.000133376
124.203 0.000163935
125.172 0.000159895
126.671 0.000169512
121.26 0.00016297
126.875 4.92464e-05
126.264 0.00018305
118.576 0.00019166
126.041 0.000167264
124.926 0.000162948
125.086 0.000169981
124.982 -0.000167291
127.982 0.000162795
123.682 0.0001631
121.441 4.94584e-06
129.529 0.000164282
126.111 1.79386e-05
125.919 0.000176432
123.666 0.000163606
127.32 0.000158139
125.128 0.000175158
122.705 0.000169754
116.992 0.00015041
130.434 0.000167927
126.264 0.000163219
115.475 0.000174331
126.037 0.000163513
116.541 0.000187934
123.995 0.000164967
127.017 0.000166595
121.487 0.000176363
126.68 0.000170025
155.388 0.000167504
120.574 0.000176379
129.479 0.00012821
124.348 0.000158034
125.091 0.000165667
124.694 0.000170425
130.319 0.000167946
135.389 0.00016984
118.746 0.000162038
142.987 0.000167064
118.612 0.0001732
125.458 0.000187685
119.567 -0.00018584
125.926 0.000180019
126.673 0.000161916
119.292 0.000183762
124.453 0.000165276
122.774 0.000186606
121.982 0.000166102
123.188 0.000174299
124.28 0.000165604
125.766 0.000166455
124.279 1.20527e-05
122.372 0.000186156
123.527 0.000184807
124.592 0.000180038
118.171 0.000163894
125.283 0.000163778
124.254 0.000164443
135.548 0.0001639
121.93 0.000165518
121.435 4.88528e-05
127.371 1.80062e-05
136.759 0.000161426
116.908 0.000169933
