127.216 0.000201641
129.998 0.000253587
130.317 0.000232896
127.352 0.000236983
126.83 0.000231471
131.315 0.000255646
129.962 0.000234049
121.092 4.19854e-05
128.792 0.000230291
128.594 0.000249112
131.154 0.000238185
124.953 0.000233489
124.721 0.000272586
131.354 0.000154993
123.622 0.00023731
125.158 0.000255861
130.495 0.000240242
132.27 0.000240606
126.804 0.000235506
129.567 0.00024101
128.7 0.000240317
115.986 0.000232535
124.9 0.000239803
127.466 0.000232929
129.561 0.000245379
129.764 0.000246852
125.039 0.000237749
127.76 0.000233463
127.991 0.000231465
125.31 0.00024152
121.722 0.000246288
131.566 0.000233112
126.172 2.54913e-05
128.144 0.000243674
120.854 0.000243918
122.244 0.000225416
130.747 0.000245317
122.465 0.000243548
128.505 0.000240052
128.968 0.000231411
128.579 0.000244367
128.967 0.000231537
127.098 0.000245137
128.897 3.41153e-07
126.248 0.000213525
129.675 0.00024774
125.927 0.000257444
131.163 0.000267914
128.387 0.000268845
130.132 0.000233344
125.823 0.000244608
129.479 0.00023274
130.083 0.000236142
127.999 0.000231687
