127.103 9.51572e-05
123.105 9.39666e-05
121.961 8.45824e-05
125.407 9.8179e-05
122.927 0.000106807
121.243 0.000102129
126.145 9.69493e-05
127.961 9.47882e-05
119.318 9.86573e-05
120.007 9.7366e-05
126.29 3.9878e-07
120.752 9.47843e-05
124.408 1.03045e-05
128.2 0.000106575
122.574 9.63921e-05
118.565 9.39939e-05
129.85 8.95753e-05
123.807 8.20375e-05
120.85 0.000108875
130.189 0.000104633
124.475 8.55459e-05
128.248 9.66411e-05
125.094 9.44218e-05
135.589 9.91739e-05
127.267 9.89725e-05
124.357 9.97368e-05
126.486 0.000110727
122.574 9.94646e-05
126.772 0.000108517
121.493 9.97777e-05
132.24 8.93536e-05
123.97 0.000107219
125.591 9.51648e-05
119.765 9.90121e-05
127.602 9.9888e-05
126.217 9.42179e-05
123.327 9.65779e-05
121.842 0.000106938
125.608 3.79671e-05
131.078 9.83638e-05
125.941 0.000101381
126.775 9.40591e-05
122.213 0.000107921
123.348 0.000100623
124.763 9.82341e-05
120.024 9.35801e-05
126.107 0.000109721
125.64 0.0001117
121.402 8.05875e-05
141.243 0.000102574
121.896 0.000101426
118.453 0.000103898
124.514 9.43326e-05
127.965 0.000105069
122.701 0.000110099
127.025 2.00242e-05
128.699 0.000101779
127.454 8.08055e-05
124.268 9.81546e-05
127.029 9.94491e-05
125.07 9.66716e-05
126.211 0.000102522
125.778 0.000107559
120.352 9.77026e-05
122.33 7.45276e-05
124.914 9.35406e-05
165.174 0.000115474
123.206 0.000109669
124.957 8.25188e-05
121.498 0.000100561
125.129 9.56441e-05
127.619 9.79803e-05
124.697 7.43368e-05
125.876 9.52026e-05
127.291 7.0727e-06
122.492 9.44784e-05
119.692 0.000105285
