125.386 0.000631592
123.531 0.000616674
124.362 0.000693419
125.703 0.000586216
122.42 0.000621763
123.225 0.000608408
122.306 0.000942655
126.228 0.000660369
124.918 0.000626495
122.424 4.32605e-06
123.7 0.00067489
120.764 0.000652978
123.001 0.000670075
124.572 0.000620719
120.85 0.000636297
123.519 0.000674164
124.18 0.000635002
126.193 0.000645585
124.455 0.000676329
126.464 0.000635978
121.816 0.000650906
127.874 0.000537625
128.107 0.000668435
135.098 0.00062702
123.315 0.000662804
123.862 0.000623285
126.41 0.000673792
122.823 0.000602103
125.689 0.000636403
123.951 0.000710976
126.045 0.000617058
122.282 0.000720468
123.603 0.00067126
124.238 0.000652463
124.534 0.000613662
129.403 1.23871e-05
124.408 0.000627491
123.794 0.000628175
124.582 0.000622032
125.282 0.000675675
122.408 0.000724573
122.657 0.00061843
126.462 0.000644209
125.708 0.000621855
122.646 0.000655178
121.76 0.000682454
120.177 0.00071202
122.821 0.000608707
120.397 0.000699424
124.892 0.000629048
125.261 0.000617393
124.001 0.000589945
122.435 0.00065738
118.868 0.000655584
121.829 0.000615709
122.566 0.00062902
121.965 0.000532732
122.442 0.000649935
121.908 0.000636734
125.641 0.000626314
124.056 0.000621612
127.151 0.00061665
125.983 0.000648412
125.526 0.000645609
124.273 0.000134525
119.91 0.000623036
121.561 0.000646512
124.611 0.000615306
121.514 0.000680481
117.655 0.0006287
126.617 0.000577237
124.816 0.000613887
124.508 0.000643634
117.353 0.000630591
123.542 0.000620846
123.684 0.00018433
122.92 0.00024054
122.959 0.000631269
124.204 0.000616862
118.228 0.000627901
115.079 0.00058938
118.024 0.000691046
122.947 0.000630114
120.657 0.000642029
119.266 0.000634993
129.238 0.000709698
126.101 0.000649887
122.681 0.000623698
123.404 0.000631719
124.209 0.000638443
122.719 0.000643782
126.363 0.000703538
124.273 0.000533546
124.411 0.000647625
124.669 0.000721083
122.645 0.000639683
123.172 0.000708627
123.366 0.000711392
124.724 0.000630852
123.517 0.000621923
126.59 0.000562548
125.813 0.000607467
126.567 0.000639295
122.432 0.000692998
121.76 0.000632658
125.602 0.00067319
122.873 0.000617383
125.59 0.000633837
123.305 0.000615318
121.87 0.000625101
122.623 0.000626465
122.881 0.0007161
124.953 0.000693909
124.734 0.000537368
122.989 0.000629637
116.215 0.000654836
118.777 0.000656029
124.432 0.000621704
125.927 0.000588354
127.153 0.000652172
125.948 0.000678341
127.75 0.000671554
125.072 0.000653335
124.051 0.000628547
127.301 0.000671026
125.968 0.00062092
120.581 0.000712442
126.003 0.000618366
124.672 0.000615779
126.705 0.000630147
122.165 0.000709816
125.438 0.000653964
125.377 0.000625619
124.96 0.000134686
125.019 0.000652003
124.537 0.00071226
125.147 0.000617803
128.255 0.00065954
124.33 0.00058342
125.417 0.000627799
124.807 0.000578214
124.277 0.000628625
123.507 0.000628604
124.525 0.0006222
119.488 0.000618365
123.712 0.000614816
119.745 0.000604948
125.135 0.000646025
124.246 0.000428216
120.83 0.000627026
125.671 0.000622133
124.389 0.000645667
121.97 0.000645198
126.526 0.000619293
125.035 0.000699851
122.504 0.000648295
123.279 0.000633396
126.835 0.000664902
127.14 0.000641746
123.723 0.000622045
121.836 0.000641791
124.571 0.000678227
126.251 0.00063027
126.954 0.000638895
123.27 0.000648928
123.195 0.000694247
122.332 0.00065504
122.616 0.00060821
126.624 0.000634822
125.603 0.000651153
121.073 0.000617336
126.14 0.000711052
127.803 0.000636563
124.088 0.000616972
129.609 0.00064493
125.008 0.00062027
123.368 0.000616179
125.329 0.000699409
122.652 0.000424429
123.841 0.000710725
124.994 7.22419e-06
125.162 0.000664527
120.426 0.000675652
124.686 0.000713719
124.982 6.66393e-05
119.898 1.22404e-05
124.002 0.000186477
124.953 0.000536503
125.884 0.000695923
122.329 0.000610562
123.618 0.000634589
126.501 0.000711602
126.48 0.000648182
119.983 0.000640557
125.13 0.000635846
126.623 0.00070331
124.055 0.000636989
125.559 0.000622662
122.645 0.000626251
121.795 0.000631329
123.102 0.000663601
123.173 0.000675371
123.885 0.000632948
124.121 0.00065344
125.112 0.000618791
128.029 0.000365188
128.422 0.000649641
124.623 0.000620196
124.532 0.000689126
129.586 0.000664291
120.181 0.000243946
126.147 0.000630904
123.332 0.000697341
123.543 0.000662212
125.033 0.00067072
127.629 0.000653965
128.372 0.000607718
125.155 0.000631223
126.024 0.000637122
123.412 0.000720509
125.351 0.000622887
124.954 0.000702554
123.319 0.000611432
120.181 0.000632576
129.15 0.00061838
123.227 0.000717962
118.35 0.000676272
125.719 0.000707759
121.25 0.000712261
122.251 0.000589294
124.525 0.000632395
134.925 0.000704146
121.035 0.000605492
123.938 0.000648118
124.026 0.00053874
121.336 0.000645941
121.172 0.000641244
126.389 0.00062716
125.985 0.000628332
126.11 0.000671544
124.508 0.000705955
128.248 0.000649944
125.192 0.00063159
124.724 0.00061324
124.019 0.000620895
128.369 0.000697145
123.661 0.000623068
122.425 0.000528805
125.054 0.000630521
124.717 0.00064617
125.922 0.000700932
126.324 0.000625791
124.111 0.0006338
121.886 0.000640131
127.724 0.00062399
127.434 0.00069834
125.139 0.000620675
126.789 0.000637271
122.71 0.000733762
123.934 0.000648671
126.819 0.000623938
125.381 0.00064611
129.3 0.000665902
124.093 0.000649187
125.609 6.7012e-05
121.418 0.000631902
123.265 0.000672127
125.573 0.000710601
125.417 0.000638003
118.664 0.000697246
126.564 0.000645178
116.337 0.000641299
122.058 0.000614366
123.715 0.000650037
125.341 0.00064749
123.222 0.000596474
129.793 0.000621207
123.153 0.000710804
121.988 0.000664628
126.105 0.000634148
126.613 0.000631061
122.907 0.000696362
124.666 0.000652575
123.042 0.000651082
124.22 0.000623167
125.793 0.000620006
123.192 0.000595167
121.981 0.000613367
127.485 0.000621377
120.473 0.000715397
122.799 0.000627536
122.535 0.000644224
121.832 0.000622045
125.698 0.000692618
126.667 0.000708268
121.48 0.000619465
126.259 0.000621599
123.329 0.000579074
127.25 0.000667005
124.615 0.000649505
124.168 0.000710192
121.504 0.000619557
126.602 0.000709955
124.205 0.000681725
126.668 0.000614149
121.114 0.000581873
125.334 0.000663926
121.24 0.000691461
123.581 0.000630653
125.052 0.000570339
124.962 0.000623995
125.019 0.000671742
124.41 0.000647169
123.939 0.000613491
125.584 0.000620992
124.279 0.000655945
126.136 0.000467035
124.87 0.000674965
123.826 0.00067319
126.296 0.000707847
130.543 0.000644281
123.507 0.00061953
123.738 0.000638562
124.41 0.000664918
125.554 9.66635e-05
127.652 0.000619158
117.873 0.000623362
121.733 0.00065639
124.915 0.000641746
123.101 0.000644415
119.541 0.000135894
126.8 0.000536442
119.225 0.000627327
120.819 0.000638493
126.342 0.000654567
124.36 0.000701266
126.701 0.000641948
124.755 0.000684676
125.681 0.000639217
122.667 0.000693922
116.301 0.000632143
130.038 0.000652532
123.235 0.000713579
123.329 0.000637543
119.331 0.000688811
123.917 0.000648968
125.26 0.000656018
123.873 0.000634514
125.791 0.000519862
122.656 0.000423052
124.207 0.000704295
125.041 0.00053345
121.759 0.000673869
118.831 0.000577142
123.298 0.000714726
124.19 0.000643419
123.424 0.000710304
124.496 0.000628524
123.065 0.000618887
126.376 0.000613116
124.996 0.000708257
126.318 0.000697515
124.233 0.000613193
121.258 0.000638728
127.88 0.000183966
125.044 0.00059017
123.295 0.000627699
125.842 0.000635944
125.748 0.000692266
124.015 0.000624494
126.25 0.000640702
124.785 0.000609561
124.509 0.000623749
119.662 0.000676003
132.315 0.000652469
123.302 0.000673834
125.957 1.56639e-06
125.58 0.000642846
122.249 0.000615402
123.629 0.000647105
121.976 0.000622144
124.668 0.00065979
124.413 0.000639431
123.413 0.00063983
127.256 0.000697716
134.38 0.000630095
125.511 0.000584321
123.027 0.000696303
124.032 0.000631529
125.002 0.000626566
120.743 0.000613576
125.16 0.000660056
125.006 0.000617154
125.356 0.000631841
124.958 9.70807e-05
123.179 0.000643622
123.125 0.000655395
123.658 0.000625066
125.909 0.000621056
122.909 0.000182465
126.716 0.000623275
124.94 0.000640309
119.894 6.72926e-06
125.154 0.000653535
127.737 0.000707584
116.682 0.000288518
123.739 0.00062722
125.35 0.000650808
125.899 0.000631215
122.591 0.000421844
120.545 0.000720364
125.584 0.00063869
122.657 3.05851e-05
126.033 4.54341e-05
127.472 1.87246e-05
120.982 0.000626475
119.837 0.000620093
125.119 0.000642256
126.361 0.000628029
120.249 0.000615301
124.581 0.000643106
121.178 0.000614275
126.132 0.000621825
130.162 0.000630379
126.492 0.000654733
123.027 0.00065885
126.418 0.000622628
118.094 0.000672066
120.989 0.00062122
125.38 0.00065653
124.633 0.000240771
127.921 0.000298459
124.246 0.000638814
125.15 0.000681862
128.098 0.000679996
117.524 4.61455e-05
126.852 0.000703197
122.774 0.00063281
119.306 0.000190918
118.293 0.000694592
128.375 0.000640585
122.579 0.000628235
124.941 0.000630478
122.632 0.00067435
121.219 0.000677257
120.678 0.000709672
118.862 0.00071825
116.124 0.000706558
124.971 0.000655904
122.213 0.000615401
121.681 0.000692953
126.598 0.000704701
127.526 0.000607575
121.009 6.75801e-05
124.643 0.000630384
127.264 0.000637895
125.495 0.000610504
126.094 0.000704808
125.394 0.000695584
121.618 0.000627472
126.492 0.000715584
123.81 0.000713075
125.047 0.000492532
121.136 0.000669569
123.081 2.9912e-05
125.439 0.00061738
124.654 0.000647529
123.242 0.000706548
125.825 0.000698724
124.028 0.000625651
124.702 0.000709242
124.024 0.000712035
127.655 0.000626529
123.359 0.000697152
120.529 0.00061922
122.556 0.000672542
121.964 0.000628274
123.898 0.000133539
120.261 0.000643079
125.511 0.000708689
122.593 0.000636838
127.509 0.000589154
128.151 0.000622327
123.93 0.000645558
122.144 0.000134831
124.644 0.000607497
124.516 0.000620775
117.518 0.000639022
123.801 0.000625091
125.156 0.000621076
121.685 0.000630602
125.091 0.000639583
124.916 0.000640915
121.946 0.000422499
121.794 0.000636887
125.175 0.000624816
126.508 0.000652937
123.323 0.000627198
118.771 0.000663376
122.022 0.000598085
124.947 0.000678888
126.118 0.000617001
121.453 0.000633587
127.034 6.66174e-05
123.9 0.0006513
125.905 0.00062714
124.497 0.000648718
122.203 0.00063865
125.434 0.000704343
124.813 0.000574008
129.9 0.000629048
124.602 0.000646679
121.089 0.000647194
124.56 0.000653697
126.692 0.000630599
122.05 0.000633534
122.463 0.000673866
122.052 0.000643367
130.279 0.000679269
124.069 0.000664162
118.331 0.000611133
129.241 0.000182577
121.339 0.000646706
120.963 0.000614315
125.644 0.000633579
123.408 0.000625472
126.072 0.000636397
123.618 0.000621161
123.934 0.000615896
124.475 0.000665598
125.193 0.000649825
126.177 0.00061937
123.556 0.000633352
121.168 0.000645738
119.225 0.000715397
121.591 0.000627021
123.231 0.00062191
121.749 0.00062384
122.751 0.000539249
122.938 0.000621224
122.381 0.000483727
126.512 0.000705422
124.319 0.000656481
126.011 0.000619789
123.434 0.000533104
125.169 0.000647831
124.574 0.000633559
123.688 0.000639363
125.642 0.000719789
126.932 0.000626679
125.372 0.000625473
125.397 0.000621021
124.18 0.000718234
125.577 0.000879938
120.665 0.00062335
125.108 0.00063886
124.848 0.00062079
125.643 7.08756e-06
124.57 0.000533585
126.377 0.00069665
123.707 0.000709153
124.564 0.000627493
128.059 0.000299921
124.93 0.000601066
124.419 0.00013675
124.333 0.000619117
125.368 0.000614079
124.958 0.000669629
121.375 0.000674604
123.183 0.000629909
120.643 0.000693503
124.73 0.000618639
124.234 0.000650687
126.266 0.000626778
123.882 0.000624065
124.953 6.80903e-05
123.76 0.000636324
122.485 0.000625442
127.061 0.000631508
124.421 0.000613497
125.427 0.000675884
123.15 0.000626285
120.95 0.000629728
124.737 0.000629166
119.67 0.000656292
127.494 0.000624484
124.217 0.000708262
126.367 0.00059773
123.826 0.000624828
122.87 0.000578539
124.92 0.00062142
123.016 0.000706202
119.942 0.000665113
120.617 0.000641528
124.226 0.00063828
124.04 0.000573762
124.648 0.000623707
120.927 0.000630334
124.255 0.000641618
127.955 0.000624192
124.546 0.000709766
124.412 7.26079e-06
124.604 0.000616086
121.851 0.000643474
125.901 0.000632959
120.289 4.74434e-05
127.318 0.00057804
124.514 0.00071116
125.745 3.02516e-05
120.873 0.000611066
125.592 0.000680934
122.224 0.000541412
126.988 0.000632092
121.802 0.000647368
123.34 0.000627818
122.936 0.000632036
126.357 0.000624721
122.898 0.000649453
123.627 0.000619047
124.823 0.000620262
120.266 0.000624065
125.504 0.000711545
124.056 0.000616086
116.342 0.000645324
121.679 0.000717274
126.309 0.000620474
127.213 0.000690317
123.225 0.000677746
125.468 6.75282e-05
126.665 0.000675674
125.392 0.000644129
124.251 7.22606e-06
122.384 0.000651738
119.889 0.000650468
125.654 0.000616141
125.265 0.000623836
126.664 0.000626843
126.102 0.000636804
123.343 0.00071195
120.905 0.000612437
121.673 9.66051e-05
125.487 0.000615111
119.34 0.00061695
116.918 0.00062192
125.115 0.000653288
125.276 0.000619822
126.152 0.000695822
125.504 4.303e-06
122.681 0.000619999
126.286 0.000590751
119.274 0.000623561
122.373 9.33338e-05
121.73 0.000705213
126.804 0.000618388
122.937 0.000644955
123.335 5.79619e-07
120.76 0.000360203
121.999 0.000656906
124.445 0.000625598
121.725 0.000705629
117.237 0.000620422
125.734 0.000615005
126.358 0.000540678
123.376 0.000645702
125.117 0.000628761
126.379 0.000637942
121.271 0.000612328
125.354 0.000643578
122.491 0.000621763
120.824 0.000616133
124.315 0.000419777
121.598 0.000629276
123.895 0.000699769
125.652 0.000648766
127.991 0.00070706
125.424 0.000620775
119.387 0.000681919
117.613 0.000703896
125.937 0.000622472
121.488 0.000651359
123.697 0.000635947
123.465 0.000719362
118.218 0.000621559
120.627 0.000641607
120.777 0.000645012
120.033 0.000623199
125.716 0.000616173
125.221 0.000621648
121.386 0.000665498
125.465 0.000583064
123.575 0.000712289
125.346 0.000689255
124.088 0.000660586
127.381 1.21245e-05
118.407 0.000671086
124.478 0.000630413
123.103 0.000665863
123.763 9.72077e-05
125.822 0.000648713
125.716 0.00042291
124.93 0.00065527
124.375 0.000419276
119.195 0.000662866
123.147 0.00064457
125.654 0.000704787
124.089 0.000621614
127.484 0.000613782
125.787 0.000649323
125.651 0.000693534
124.038 0.000717436
122.866 0.000778978
122.299 0.000725563
126.749 0.000594448
126.533 0.000618179
121.211 0.000635693
125.937 0.000631449
126.021 0.000713371
123.072 0.000702389
125.693 0.000628379
123.541 0.000642491
124.858 0.000691945
122.359 6.52661e-05
124.62 0.000644979
127.928 0.000632028
123.943 0.000575464
123.519 0.000694679
123.264 0.000641591
125.934 0.000620198
126.972 0.00070221
126.308 7.16481e-06
127.55 0.0006385
120.021 0.000625909
125.671 0.00063097
124.244 0.000636459
122.656 0.000640069
125.563 0.000662009
117.111 0.000639268
124.69 0.000705037
122.133 0.00070732
125.764 0.00069131
122.609 0.000655538
123.183 0.000713435
124.271 0.000626932
122.979 0.000627668
123.99 0.000618773
120.638 0.000583015
123.646 0.000624284
125.612 0.00066888
127.389 0.000669465
124.806 0.000619076
124.741 0.000652517
127.928 0.000630249
125.892 0.000643941
130.504 0.000630445
127.212 0.000620367
124.567 0.000694306
124.858 0.00064962
124.754 0.000703525
122.069 0.000624318
125.868 0.00029932
123.469 0.00071027
126.813 0.000714588
120.783 0.000630973
122.691 0.000622109
124.674 0.000646698
121.676 0.00069638
125.295 0.000620329
121.764 0.00061775
122.735 0.000637583
125.491 0.00070854
117.586 7.52696e-06
122.642 0.000565798
124.029 0.000707829
116.054 0.000656735
123.302 0.000490882
118.206 0.000697355
125.045 0.000625702
124.157 0.000704781
125.764 0.000642558
120.654 0.000640492
122.055 0.000630518
125.171 0.000636079
124.641 0.000499114
124.745 0.000637083
120.192 0.000622326
119.144 0.000181182
124.213 0.000675936
122.959 0.000641403
124.451 0.000657963
122.54 0.000630363
124.899 0.000714825
125.249 0.000620344
124.436 0.000671316
123.373 0.000661638
122.653 0.000632137
124.747 0.000620166
124.418 0.000641687
125.928 1.87524e-05
119.199 0.00064138
119.742 0.000708803
126.098 0.000631318
119.764 0.000540871
123.793 0.000705005
126.559 0.000705526
123.441 0.000696658
126.597 0.000693343
125.713 0.000651038
125.132 0.000651829
123.289 0.00064792
127.444 0.000692294
118.502 0.000655396
122.889 0.000716905
127.34 0.000352355
124.094 0.000616093
125.318 0.000671907
128.355 0.000429453
124.234 0.000580073
126.862 0.000659111
123.884 0.000634471
125.328 0.000619507
123.031 0.000645827
123.152 0.000623636
124.801 0.000642473
122.69 0.00070911
126.989 0.000619651
127.876 0.000608642
121.854 0.000484191
116.455 0.000564501
124.173 0.000710797
129.588 0.000646534
125.557 0.000632549
122.937 0.000691318
119.836 0.000621387
118.486 0.000641188
125.474 0.000619931
125.713 0.000644861
124.42 0.00061457
116.037 0.000718894
116.798 0.000718955
123.934 0.000627544
127.971 0.000598941
122.528 0.000626265
122.483 9.55379e-05
124.746 0.000620994
125.388 0.000639211
115.281 0.000299231
125.448 0.000719784
121.621 9.61852e-05
126.246 0.000665979
118.299 0.000646938
127.292 0.000299629
124.426 0.000621379
123.05 0.000361371
124.619 0.000530135
126.506 0.000708309
124.436 0.000651344
124.799 0.000641429
124.113 0.000618406
127.326 0.000639687
128.333 0.000627624
123.571 0.000358692
125.882 0.000616395
124.455 0.000243158
121.827 0.000620916
125.388 0.000613163
127.488 0.00064827
125.014 0.000623673
129.728 0.000650006
126.412 0.000642352
126.135 0.000636472
124.8 0.000534979
120.817 0.000614905
128.986 0.000655206
121.796 0.000717147
125.387 0.00057541
125.552 0.000669642
116.54 0.000710942
119.796 0.000714492
123.652 0.000631225
130.111 0.000619322
124.109 0.00048014
124.256 0.000635416
124.971 0.000670604
126.962 0.000700621
124.701 0.000704871
122.056 0.000614878
125.49 0.000617837
121.669 0.000633713
125.895 0.000714139
124.921 0.000687828
125.065 0.000646215
126.703 1.19244e-05
121.208 0.000671669
124.994 0.000648143
123.282 0.000661526
124.493 0.000660269
125.838 0.000627528
120.885 0.000613855
126.067 0.00065212
125.584 0.000298001
120.33 0.000648314
123.347 0.000624798
124.422 0.000698148
125.423 0.000625883
126.792 4.58022e-05
125.138 0.000639625
116.566 0.000678614
127.435 0.00062599
125.765 0.000631792
121.4 0.000629315
124.898 0.00061498
124.668 0.000667305
123.818 0.00064366
124.558 0.000646018
122.919 0.000597529
125.956 0.000622795
120.878 0.000613071
118.315 0.000616886
115.599 0.000630677
124.919 0.000627812
125.686 0.000642236
122.936 0.000707307
123.71 0.000709541
121.047 0.000182928
124.852 0.000584229
125.809 0.000620155
125.75 0.000624393
126.538 0.000675071
117.706 0.000650902
122.35 0.000643159
126.147 0.000652066
125.208 0.000707898
124.157 0.000670868
121.397 0.000676984
125.744 0.000619371
125.05 0.000289381
118.346 0.000643897
126.036 0.000708435
123.836 0.000713946
126.3 0.000608278
123.25 0.000652731
121.596 0.00072092
118.432 0.00072218
122.021 0.000618554
123.463 0.000616475
124.445 0.0006596
122.318 0.000647023
121.049 0.00070085
120.421 0.00068189
123.894 0.000627668
126.297 0.00064511
125.394 0.00062
127.388 0.000618681
122.953 0.000650312
127.545 0.000670312
125.309 0.000657782
120.991 0.000644822
124.274 0.000712809
121.349 0.0006188
123.593 0.000239377
125.559 0.000672657
123.29 0.000596335
124.624 0.000648814
125.641 0.000619413
126.091 0.00065106
126.222 0.000621417
125.086 0.000621755
121.052 0.000621935
130.079 0.000614894
127.232 0.0006512
123.856 0.000620686
118.967 0.000646907
125.648 0.000224116
123.316 0.000623668
126.247 0.00066552
124.405 0.000181845
126.616 0.000662606
127.024 0.000681334
127.131 0.000613389
124.614 0.000677617
124 0.000705119
125.088 0.000633332
126.408 0.000625642
126.002 0.000623061
124.636 0.000629913
123.397 0.000621787
124.422 0.000631638
123.337 0.00062819
124.291 0.000626335
129.285 0.00063525
121.906 0.000585404
124.947 0.000659946
127.728 0.000624499
126.873 0.000617707
124.051 0.000649208
124.514 0.000629718
125.473 0.000632595
127.683 0.000594365
123.541 0.000635276
120.804 0.000624629
126.001 0.000719037
124.8 0.000646124
125.576 0.000690766
125.541 0.000645164
130.714 0.000685482
121.35 0.000667875
121.767 0.00062971
124.893 0.000536551
124.278 0.000634437
126.337 0.000620576
125.017 0.000625415
120.565 0.000633414
125.195 0.000617596
125.296 0.000626697
127.749 0.000619569
120.501 0.000623012
123.589 0.000616868
123.618 0.000658862
124.989 0.000628753
124.287 0.000643112
126.095 0.000183955
124.218 0.000710304
124.18 0.000623845
127.252 0.00069908
119.273 0.000700923
120.897 0.000704951
121.926 0.000570753
125.216 0.000616189
125.232 0.000613114
128.278 0.000669603
126.513 0.000620847
124.885 0.000624596
124.303 0.00061733
126.816 0.000709435
125.238 0.000630756
124.959 0.000618995
125.581 0.000634254
121.738 0.000614506
121.619 0.000421748
125.613 0.00061207
116.295 0.000692979
122.577 0.000635299
122.637 0.000709379
128.617 0.000704063
125.832 0.000716765
120.579 0.000593193
119.712 0.000630264
128.488 0.000360349
122.217 0.000486117
120.52 0.000621938
121.247 0.00070471
123.821 0.000717742
122.55 0.000628508
118.699 0.000654049
122.991 0.000712711
118.245 0.000624429
124.352 0.000637943
125.69 0.000720854
123.215 0.000699486
121.606 0.000672344
120.457 0.000624755
126.774 0.000657241
126.317 0.000714049
125.731 0.000673015
123.574 0.000669225
127.61 0.0006286
124.939 0.000542694
126.55 0.000709216
126.131 0.000649929
124.985 0.00061981
126.498 0.000666324
124.768 0.000629461
126.801 0.000135072
122.183 0.000635483
124.247 0.000632852
120.234 0.000660112
120.769 0.000585807
126.452 0.000634648
124.101 0.000655336
124.942 0.000645503
122.593 0.000656447
119.761 0.000733345
124.275 0.000620693
124.541 0.000720063
125.283 0.000634331
127.096 0.000624276
126.049 0.000630626
116.75 0.000610626
125.1 0.000642724
127.325 0.000707873
126.434 0.000706714
124.142 0.000612466
124.794 0.000641707
117.161 0.000638027
128.335 0.000675967
124.644 0.000625885
126.626 0.000609304
123.473 0.000705003
124.107 0.00070065
125.952 0.000660122
123.537 0.000708948
126.443 0.000653762
125.93 0.000619536
123.771 0.000624677
116.6 0.000632343
125.267 0.000615814
119.958 0.000705188
124.378 0.000654627
117.076 0.000296121
123.118 0.000670283
124.395 0.000420914
123.465 0.000642507
125.597 0.000660543
125.434 4.55415e-05
127.327 0.000642186
126.873 0.000632899
129.105 0.000608571
125.711 0.000301248
123.195 0.000622894
127.051 0.000693496
122.361 0.000620641
123.502 0.000631336
124.07 0.000632718
125.469 0.000600112
122.283 0.000630408
126.091 0.000241677
122.904 0.000655406
119.651 0.000649992
122.551 0.000619161
120.969 0.000475089
125.925 4.45978e-06
126.197 0.000649937
128.005 0.00062516
119.161 0.000642756
121.799 0.000663033
122.523 0.000638779
125.05 0.000621241
124.256 0.00062468
123.366 0.000626851
123.113 0.000652021
123.59 0.000653895
118.186 0.000581265
119.179 0.000715291
126.342 0.000718116
123.212 0.000612622
125.885 0.000620268
126.625 0.000714048
117.179 0.000646981
120.271 0.000623345
123.923 0.000648413
123.834 0.000632028
124.409 0.000627217
123.576 0.000608583
121.951 0.000622171
123.061 0.000682983
124.507 0.000641124
122.998 0.000618768
124.85 0.000668243
121.244 0.000623861
115.564 0.000620689
124.616 0.000630306
124.176 0.000612767
123.713 0.000715688
120.751 0.000622742
121.401 0.000709927
126.264 0.000612082
125.369 0.000185097
126.847 0.000674194
120.678 0.000625073
123.628 0.000631147
119.702 0.000625682
123.486 0.000645798
123.279 0.000635055
123.434 0.000437679
127.064 0.000650914
125.566 0.000643964
126.372 0.000672482
124.901 0.000625933
124.273 0.000640732
121.601 0.000305155
125.355 0.000630629
123.439 0.00065541
126.243 0.000629812
124.25 0.000641277
125.839 0.000185052
125.668 0.000616385
116.509 0.000630364
125.165 0.000673128
126.035 0.000616834
120.38 0.000588749
125.721 0.000624248
115.564 0.000645984
124.59 0.000618159
125.866 0.00061572
124.45 0.000637697
128.297 0.000634746
123.336 0.000629534
126.935 0.000303146
125.325 0.000628987
122.567 0.000667472
125.342 0.000644059
122.661 0.000641194
122.253 0.000715771
124.805 0.000628216
126.796 0.000610655
124.161 0.000582663
125.289 0.000686636
123.537 0.00063167
123.49 0.000618656
117.244 0.000707204
123.971 0.000642006
125.719 0.000705691
126.486 0.000631297
127.519 0.000185029
122.334 0.000594154
119.731 0.00064173
123.743 0.000627884
122.62 0.000614471
126.014 0.000716622
124.27 0.000270335
125.377 0.000540152
125.045 0.000626061
122.946 0.000717175
127.433 0.000701113
123.035 0.000646254
120.623 0.000614662
123.841 0.000653622
123.981 0.000646941
126.081 0.0006517
127.262 0.000638111
124.828 0.000618183
126.708 0.000658742
125.898 0.000651357
126.8 0.000672285
125.168 0.000625195
123.872 0.000587102
125.837 0.000624396
121.023 0.000709942
125.198 0.000616545
120.525 1.93226e-05
125.809 0.000720003
123.099 0.000653843
123.369 0.00061942
123.295 0.000709522
125.345 0.00064632
123.114 0.000645051
126.234 0.000665062
126.089 0.000531388
123.576 0.000599057
119.794 0.00063802
127.246 0.000650098
121.328 0.000709656
125.41 0.000242386
125.98 0.000615792
125.005 0.000608133
124.792 0.000707534
124.139 0.000616033
120.649 0.000704745
127.86 0.000694989
125.099 0.000623092
124.552 0.000622983
123.771 0.000624482
124.636 0.000612482
126.561 0.000632425
124.708 0.000626211
126.456 0.000705673
124.49 0.000617503
125.423 0.000624575
123.037 0.000721836
125.745 0.000642268
119.179 0.00058005
121.852 0.000677492
126.859 0.000697788
125.416 0.000363044
124.043 0.000541731
126.23 0.000617666
124.328 0.000298329
124.444 0.000627424
123.618 0.000677295
123.473 0.000648078
125.819 0.000619897
115.648 0.000576856
122.451 0.000705829
124.603 0.000730721
128.062 0.000674111
123.875 0.00069496
124.01 0.000630583
121.705 0.000608255
126.287 0.000238232
122.411 0.000652261
122.734 0.000724438
124.306 0.00061828
124.341 0.000675044
125.505 0.000620471
123.714 0.000644144
119.696 0.000620905
125.496 0.000623698
115.948 0.000647845
122.174 0.000666657
125.435 0.00063157
128.336 0.000623758
123.884 1.1927e-05
129.305 0.000602164
120.693 0.000649937
128.497 0.000669018
125.228 0.00064814
122.264 0.000645074
119.394 0.000623407
124.006 0.00070539
123.348 0.000660611
123.37 0.000621845
124.832 0.000643486
123.38 0.000634379
125.402 0.000710039
120.213 0.000606479
116.927 0.000644782
124.965 0.000623324
125.493 0.000611342
118.847 0.000646003
124.065 0.000704219
124.93 0.00061901
126.091 0.000634331
117.474 0.000719489
123.11 0.000626453
129.034 0.000621897
123.005 0.000687741
125.044 1.88266e-05
118.831 0.000645554
122.147 3.02738e-05
128.853 0.000662497
125.627 0.000715175
121.271 0.000608653
129.961 0.000656407
115.907 0.000706297
128.084 0.0006983
125.372 0.000622445
125.571 4.33622e-06
125.38 0.000606637
121.249 0.000621614
124.063 0.000623869
126.368 0.000641687
123.275 0.000660338
128.811 4.4292e-06
118.541 0.000631399
118.045 0.000609197
124.694 0.000699376
125.914 0.00070568
122.709 0.00065642
124.535 0.000583304
125.102 0.000621004
122.35 0.000604586
125.547 1.7588e-05
122.094 0.000655332
125.964 0.000617554
126.333 0.000631697
124.895 0.000659255
127.28 0.000639584
122.304 0.000629178
125.311 0.000616571
124.361 0.000622104
124.829 0.000622918
126.924 0.000621534
126.39 0.00066472
127.484 0.000576387
123.846 0.000710422
125.409 0.000644293
125.685 0.00062774
124.994 4.56019e-05
123.306 0.000738958
125.315 0.000685755
122.805 0.000709503
124.551 0.000616197
125.225 0.000695825
124.449 0.000648597
118.613 1.88634e-05
126.901 0.000584098
123.291 0.000623836
123.25 0.000134409
122.558 0.00061378
126.668 0.000620129
123.587 0.000654747
124.459 0.000629004
128.69 0.000350572
125.989 0.000611953
125.789 0.000624414
120.841 0.000469391
123.664 0.000578411
120.904 2.43644e-06
122.443 0.000732192
127.323 0.000623831
126.655 0.000627872
124.266 0.000298785
124.833 4.35025e-06
126.236 0.000592025
123.794 0.000636589
123.865 0.000674723
123.785 0.000621775
125.487 0.000659271
121.657 0.000649752
124.608 0.000637157
124.021 0.000607803
126.469 0.000643499
123.571 0.000648657
123.087 0.000622727
127.964 0.000699365
123.754 0.000630129
125.449 0.000625907
127.134 0.000716841
122.412 0.0006364
125.268 0.000619952
124.541 0.000727664
125.228 0.000616197
124.112 0.000417931
124.406 0.000653591
123.372 0.000618839
123.873 0.000625657
124.114 4.55123e-05
122.633 0.000661914
118.659 0.000712537
126.474 0.000612671
122.289 0.000638718
128.326 0.000654578
123.742 0.000651574
126.067 0.000615441
122.825 0.000706848
119.616 0.000648335
121.702 0.000617315
124.875 0.000644291
124.156 0.000718802
125.1 0.000639168
117.417 0.000693433
121.246 0.000689494
119.676 0.000724715
121.425 0.000701214
122.341 0.000652971
120.659 0.000619999
124.727 0.000624035
125.601 0.000708069
124.819 0.000684998
125.349 0.000623215
130.063 0.00061653
125.411 0.000621138
118.838 0.000699117
126.988 0.000665704
124.677 0.000637696
124.886 0.000694495
124.742 0.000612547
121.975 0.000651295
123.63 0.000663907
119.717 0.000627585
129.001 0.000632196
122.99 0.000721805
124.561 0.000630509
119.713 0.000657659
126.768 0.000640482
126.006 0.000573622
121.331 0.000735134
120.727 0.000621509
125.755 0.000649989
129.292 0.000681352
125.675 0.000638528
124.773 0.000633672
125.723 0.000619895
122.064 0.000680401
120.821 6.84418e-05
126.062 0.000712125
125.089 0.00063615
125.229 0.000643038
120.515 0.000607787
122.727 0.000709066
121.458 0.000628026
122.803 0.000627156
115.338 0.000628319
125.68 0.000705706
125.143 0.000588892
121.45 0.000655022
130.473 0.000623174
122.455 0.000623898
125.976 0.000621048
122.841 0.000645801
124.164 0.000683112
126.147 0.000624128
126.374 0.000535488
124.816 0.000698568
116.096 0.000533347
117.651 0.000297127
124.023 0.000672221
115.753 0.000358927
125.626 0.000638941
126.36 0.000713759
120.529 0.0006214
124.686 0.000676259
123.09 0.000700177
125.658 0.000622791
125.531 0.000681837
121.432 0.000619281
123.476 0.00067721
126.36 0.000673222
119.605 0.000695015
120.369 0.000638967
118.752 0.000692524
123.823 0.000624317
126.537 0.000620045
122.452 0.000642971
118.517 0.000666463
123.424 0.000630058
121.937 0.000582165
124.115 0.00065212
126.911 0.00063608
124.061 0.00061501
118.433 0.000362643
122.683 9.41656e-05
126.089 0.00012545
132.736 0.000540746
116.285 0.000701382
117.17 0.00065893
125.424 0.000641656
123.021 0.000582545
133.165 6.80253e-05
126.652 0.000612253
121.171 0.000613129
126.61 0.00042502
127.17 0.000673094
126.84 0.000625925
122.606 0.000653987
121.66 0.000674286
123.987 0.000620645
124.762 0.00029449
125.436 0.000538902
123.439 0.000634652
125.152 0.000364422
126.663 0.000647269
125.68 1.87792e-05
119.601 0.000708009
124.224 0.000728429
127.762 0.000633153
124.752 0.000618047
118.677 0.000622532
125.737 0.000657214
124.88 0.000659588
125.445 0.00065228
123.778 0.000643027
126.538 0.000638292
124.797 0.000670822
124.761 9.70848e-05
121.823 0.000708708
124.177 0.000634809
127.736 0.00067561
125.286 0.000645246
122.002 0.00063844
121.99 0.000648628
123.026 0.000396085
124.946 0.000692501
122.852 0.000621972
125.441 0.000719592
119.505 0.000671068
123.531 0.000597997
123.822 0.000641767
122.948 0.000626421
124.951 0.000627184
124.508 0.000650147
126.617 0.000649849
124.08 0.000631745
124.729 0.0006645
123.994 0.000136455
125.686 0.000675791
127.51 0.000651744
125.904 0.000636324
117.209 0.000643432
125.283 0.00062758
124.817 0.000716045
124.466 0.000636174
124.004 0.000707419
128.408 0.000649184
127.194 0.000688436
115.247 0.000618649
118.755 0.000708105
123.841 0.000627978
122.904 0.000625238
124.679 0.000611529
119.14 0.000723249
123.479 5.48187e-07
122.991 0.000642391
122.07 0.000623871
127.497 0.000618331
122.995 0.000626109
125.444 0.000710359
121.125 0.000701351
120.063 0.00061788
125.388 0.000626512
124.617 0.000654075
120.594 0.000606633
125.892 0.00068761
122.089 0.000616379
125.825 0.000668266
123.871 0.000634614
123.852 0.000691781
124.496 0.000530466
123.252 0.000618298
122.205 6.68596e-05
124.489 0.000298533
127.649 0.000668003
125.209 0.000628254
124.267 0.00070732
127.655 0.00071749
121.755 6.85237e-05
123.264 0.000640815
123.04 0.000618672
125.678 0.000708056
122.546 0.0006393
122.069 0.000702034
123.838 0.000662371
124.478 0.000636622
123.822 0.000184289
117.823 0.000587841
123.418 0.000709508
123.143 0.000417965
132.177 0.000537184
123.967 0.000693182
124.828 0.000617293
122.489 0.000646536
126.84 0.000694968
125.114 0.000639503
119.694 0.000707829
121.893 0.000663594
125.479 0.000664792
126.465 0.000623774
121.175 0.000731191
125.684 0.000726253
121.621 0.000589637
122.612 0.000608882
126.009 0.000620418
126.832 0.000618668
121.355 0.000615124
120.311 0.00058684
125.185 0.000620367
120.137 0.000604736
119.411 0.000580287
125.309 0.000719947
122.513 0.000693199
123.386 0.000626375
124.165 0.000633701
122.005 0.00049035
124.486 0.000695303
123.134 0.000359371
118.721 0.000627501
124.265 0.000626943
129.117 0.000675206
124.493 0.000570896
121.701 0.000542201
124.224 0.000709835
123.132 0.000723058
124.291 0.000707221
127.506 0.000530369
123.029 0.000659741
123.063 0.000697509
126.235 0.000682413
125.925 0.000713574
123.986 0.000606031
124.746 0.000620581
125.483 0.000662574
120.767 0.000717764
124.623 0.000704922
119.72 0.000621692
125.398 0.000629877
118.188 0.000705792
124.315 0.000661201
125.733 0.000638602
125.286 0.000628242
124.579 0.000620628
129.204 0.00089016
125.716 2.61852e-06
125.382 0.000647572
120.288 0.000525768
124.415 1.87436e-05
123.383 0.000651481
126.07 0.000619796
125.18 0.000543133
125.485 4.54454e-05
124.764 0.000677449
121.59 0.000628386
122.313 0.000619425
125.656 0.000639958
125.296 0.00048219
120.715 0.00070065
120.826 0.000684277
123.767 0.000647453
123.983 0.000670871
125.101 0.000651071
122.409 0.000680315
123.085 0.000643086
122.092 0.000630555
124.714 0.000612902
122.66 0.000719458
117.3 0.000577985
123.349 0.000629258
122.765 0.000629924
125.84 0.000645276
119.855 0.000632467
126.808 0.000711872
128.007 0.000647484
120.068 0.000641143
124.449 0.000636009
124.269 0.000661558
122.134 0.000296903
124.173 0.000652471
118.183 0.000622011
123.522 0.000614337
124.245 0.000689613
124.771 0.000654591
123.8 4.55912e-05
127.381 0.00061494
125.627 0.00062727
124.545 0.000698383
121.829 0.00056278
127.542 0.000711461
126.56 0.000587671
125.707 0.000620689
127.332 0.000627103
126.476 0.000638451
126.767 0.000624709
128.885 0.000701332
123.663 0.000642757
122.52 0.000599389
126.032 0.000642971
124.806 0.000486254
124.268 0.000628183
126.755 0.000630974
124.976 0.000645427
125.531 0.000624668
126.078 0.000652309
119.953 0.000670996
120.476 0.000581631
123.479 0.000632134
125.306 0.000616091
125.605 0.000618014
122.22 0.000610163
122.91 0.000663907
126.702 0.000677734
124.339 0.000626133
119.558 0.000552235
123.63 0.000714851
127.21 0.000605096
124.596 0.00062992
125.061 0.00036456
126.03 0.000606947
126.556 0.000632971
115.552 0.000618466
123.283 0.000668992
123.642 0.000643822
123.392 0.000616758
121.777 0.000638137
125.648 0.000651262
124.105 0.000237457
124.481 0.000584763
127.894 0.000631909
122.32 0.000641611
125.877 0.000483707
123.373 0.000651301
125.138 0.000648287
120.612 0.000580227
124.573 0.000636396
123.772 0.000613193
126.003 0.000641428
128.148 0.00042381
121.077 0.000596325
127.203 0.000618773
123.711 0.000618587
124.491 0.000689587
125.41 0.000659244
125.155 0.000614908
124.79 0.000183079
123.154 0.000665985
126.686 0.000618574
127.42 0.000874538
128.731 0.000695322
121.64 0.000622389
126.4 0.000645384
126.037 0.000301168
116.827 0.000134785
124.86 0.000654234
125.713 0.000646505
125.199 0.000616181
130.857 0.000590513
123.413 0.000629586
127.847 0.000630791
122.229 0.000620388
125.827 0.000651091
125.767 1.55819e-06
125.56 0.000622625
125.171 0.000642112
125.626 0.000640347
126.987 0.00062528
124.837 0.000630284
121.288 6.8377e-05
125.537 0.000534279
124.744 0.0006186
123.476 0.000572862
125.405 0.000614876
121.677 0.000668925
124.331 0.000618827
123.396 0.000710787
126.078 0.000676408
123.995 0.000625333
124.398 0.000623905
125.591 0.000640461
119.457 0.000551173
119.353 0.000654404
120.324 0.000657966
120.14 0.000633342
122.665 0.000706818
125.39 0.000489454
128.717 0.000656284
124.869 0.000666189
125.176 0.000616093
123.584 0.000727412
122.956 0.000646728
125.549 6.7245e-05
120.326 0.000646248
128.519 0.000687415
125.875 0.000673056
125.423 0.000697615
126.654 0.000639154
124.561 0.00064544
122.709 0.000693558
125.247 0.000136622
124.046 0.000648454
121.419 0.000704612
122.678 0.000644257
125.872 0.00063605
121.173 9.49435e-05
126.789 0.000623772
122.537 0.00063491
125.659 4.57677e-05
120.799 1.18234e-05
122.783 0.000697727
124.736 0.00063947
124.472 0.000634388
126.298 0.000624717
124.149 0.000622804
127.036 0.000654783
122.321 0.000540008
124.821 0.000645049
122.863 0.000628434
123.201 0.000711941
125.883 0.00064359
123.594 0.000645558
121.708 0.000242108
123.834 0.000652916
128.414 0.000642378
118.349 0.00062995
125.662 0.000670718
121.754 0.000697727
126.694 0.000644638
126.38 0.000299596
116.049 9.77558e-05
122.062 0.000713625
128.836 0.000627927
122.545 0.000721761
121.222 0.00064096
126.523 0.000699365
117.417 0.000458641
121.685 0.00061848
123.105 0.000684508
125.075 0.000646466
125.83 0.000630056
124.854 0.000297304
121.971 0.000630559
120.916 6.7225e-05
123.685 0.000612822
125.985 0.000721417
123.815 0.000523741
122.324 0.000642567
124.585 0.000634431
126.509 0.000618111
127.173 0.00066849
128.614 0.000626269
124.078 0.000711615
124.708 0.00062231
123.693 0.000703009
125.084 0.000671446
125.097 0.000629386
119.551 0.000629284
117.024 0.000588619
125.413 9.64327e-05
124.213 0.000727221
123.614 0.00069939
124.155 0.000604005
123.057 0.000694642
125.481 0.000696575
124.367 0.000358118
120.634 0.000647526
122.409 0.000697877
123.999 0.000634871
124.774 0.000639969
126.179 0.000616707
121.05 0.00061631
124.179 0.000647741
122.604 0.000620223
120.203 0.000620079
125.102 0.000631399
122.78 0.000642421
126.5 0.000615117
118.08 0.000621766
121.256 0.000629856
127.398 0.000636208
125.787 0.00058899
124.614 0.000622068
122.375 0.00066863
124.049 0.000672301
122.147 0.000616568
123.352 0.000636019
123.575 0.00064227
125.904 0.000624432
120.79 0.000630927
119.19 0.000655304
122.008 0.000621395
123.05 0.000676708
126.054 0.000240803
124.447 0.000614881
126.426 0.000591385
125.911 0.000720914
125.952 0.000653361
125.011 0.000621481
124.017 0.000647022
126.505 0.00064148
126.748 0.000615472
120.489 0.000632447
127.929 0.000619176
124.368 0.000636436
124.895 0.000612937
125.859 0.00065231
124.355 0.000621211
126.611 0.000623259
122.859 0.000592475
126.173 0.000662947
125.203 0.000601114
122.375 0.000716867
125.131 0.000723566
123.999 0.000638141
123.578 0.000537698
127.306 0.000630702
121.752 0.000668648
121.344 0.000650917
123.049 0.000619137
125.245 0.000641008
120.983 0.000698558
124.617 0.000606918
125.648 0.000641034
122.847 0.000336395
124.241 0.000364999
121.304 0.000672153
123.46 0.000627987
125.478 0.000622487
123.534 0.000609308
121.476 0.000635846
123.461 0.000632938
123.818 0.000633711
126.407 0.000639289
126.058 0.000669055
127.535 0.000577176
125.779 0.000715659
126.01 0.000696022
115.534 0.000612687
125.16 0.000643672
125.776 0.000680493
126.124 0.000422625
127.758 0.000627978
122.197 0.000618771
124.647 0.000297394
122.449 6.73962e-05
119.658 0.00063376
124.651 0.000649334
118.16 0.000700842
125.307 1.54745e-06
120.628 0.00048542
124.855 0.000647356
126.297 0.000632425
126.773 0.000583087
131.031 0.000618045
124.555 0.000622641
125.075 0.000621939
121.158 0.000630322
123.228 0.000609369
125.596 0.000630529
124.925 0.000366453
122.271 0.000627282
125.181 0.000651495
122.598 0.000635812
123.896 0.000683801
126.545 0.000628533
126.186 0.000136527
123.731 0.000620124
125.667 0.00066963
124.816 0.000629564
125.447 0.000637225
122.761 0.000684357
125.814 0.000607882
123.5 2.65338e-06
125.337 0.000653968
126.787 0.000630242
122.851 0.000647921
129.559 0.000242912
124.931 0.000647462
122.306 0.000615987
126.276 0.000616685
126.366 0.000672849
124.867 4.07843e-05
121.369 0.000625903
124.307 0.000635923
122.942 0.000693319
122.925 0.000675149
124.929 0.000655574
121.753 0.000639011
124.64 0.000662479
124.199 0.000653716
125.538 0.000690294
124.948 0.000623959
127.294 0.000629756
125.036 0.000694602
115.404 0.000663315
126.539 0.000658626
124.387 0.00042157
124.968 0.000640822
124.904 0.000616546
125.671 0.000601176
122.79 0.000657645
116.567 0.000619785
124.205 0.000673914
123.8 0.000659774
126.519 0.000626894
125.415 0.00064175
125.8 0.000629529
125.371 0.000582663
117.539 0.000641158
123.223 0.000135817
124.602 0.000636478
124.493 0.000701573
123.159 0.000618333
125.981 0.000645199
126.736 0.000642622
125.772 0.000639413
124.185 0.000654852
125.495 0.000710168
124.712 1.55292e-06
123.203 0.000621944
127.375 0.000636473
125.017 0.000655904
121.918 0.000647468
124.821 0.000614406
116.804 0.000632605
124.573 0.000693475
120.637 0.000605751
123.681 0.000711084
125.442 0.000865589
125 0.000642914
124.491 0.000581397
125.296 0.000627872
125.1 0.000629179
125.027 0.000535031
126.405 0.00062692
128.627 0.000676667
127.064 0.0006186
120.78 0.000631692
125.139 0.000667666
123.134 0.000625511
125.887 0.000634047
125.066 0.000670105
123.771 0.000625146
135.772 0.000564965
125.51 0.000589525
124.386 0.000641074
126.846 0.000241248
118.767 0.000590931
120.505 0.000705645
121.551 0.000701306
121.055 0.000624203
126.365 0.000608564
122.833 0.000655281
121.217 0.000673838
121.474 0.000623242
117.496 0.0006929
125.01 0.000642378
125.143 0.000706379
124.566 0.000621328
123.599 0.000674934
127.794 0.000624936
126.079 0.000710197
125.91 0.000714059
128.183 0.000587814
125.682 0.000704045
125.261 0.000659666
125.462 0.00064847
125.756 0.000625359
124.051 0.000616218
123.066 0.0006311
117.84 0.000630173
125.342 0.00071184
124.255 0.000297969
123.267 0.000621757
121.684 0.000592117
119.188 0.00063827
125.958 0.000618747
125.15 0.000711745
120.23 0.000615965
125.633 0.000710425
126.02 0.000620756
125.739 0.000649962
126.371 6.68836e-05
125.358 0.000696179
121.349 0.000627768
125.576 0.000621646
124.312 0.000648414
126.103 0.000625998
127.522 0.000639486
124.759 0.000616369
121.589 0.000720187
117.225 0.000643064
124.864 0.000675196
123.703 0.000533044
123.586 0.000682983
123.799 0.000617689
121.777 0.000580803
125.075 0.000615426
128.817 0.000181601
124.83 0.000366494
126.341 0.000628502
124.311 0.000646201
124.349 0.000626633
118.621 0.000628964
123.912 0.000185332
125.29 0.000297123
125.173 0.000714468
124.46 0.000632089
119.562 0.000718571
121.027 0.000740236
122.636 0.000419957
124.69 0.000621371
125.413 0.000614607
122.108 0.000622883
128.594 0.000628629
121.532 0.000651485
124.733 0.000643315
125.762 0.000713103
122.802 0.000693358
120.933 0.00063534
122.845 0.000622006
121.082 0.000641103
124.336 0.000675017
122.319 0.000620983
125.863 0.000727032
124.484 0.000136196
124.579 0.000617284
123.817 0.000713821
124.631 1.88943e-05
126.946 0.000672494
126.389 2.8831e-05
123.812 0.000667191
126.134 0.000242801
124.801 0.000629883
126.369 0.000660322
125.361 0.000298584
123.811 0.000629917
124.792 0.000585989
124.842 0.000620614
124.102 0.00029688
125.775 0.000538345
123.778 0.000694832
119.237 0.000678143
123.657 0.000705536
122.291 0.000598209
125.853 0.000630615
126.865 0.000639575
122.392 0.000628578
125.898 0.00062223
124.809 0.000661484
124.508 0.000639359
122.198 0.000615595
121.67 0.000621525
136.473 0.000622192
119.811 0.000635953
128.352 0.000484167
125.21 0.000637559
124.818 0.000616277
122.692 0.000652668
125.121 0.000698176
120.982 0.000660483
122.185 0.000717378
125.232 0.000620418
123.099 0.000620719
124.383 0.000659323
125.509 0.000719135
124.45 0.000697648
122.062 0.000635538
122.383 0.000699884
116.775 0.000619979
127.374 0.000636834
120.906 0.000679109
122.766 0.000454279
123.769 0.000648335
130.716 0.000716524
122.833 0.000185027
127.298 0.000656486
124.495 9.60795e-05
125.645 0.000607545
124.72 0.000660364
125.91 0.000647427
122.538 0.000595433
122.352 0.000627872
123.831 9.67947e-05
123.643 0.000671393
126.534 0.000678968
116.373 0.000673883
124.81 0.000648798
124.894 4.62401e-05
118.547 0.000708131
125.336 0.000640714
126.586 0.00062162
124.259 0.000627462
124.225 0.000580538
124.604 0.000691945
115.051 0.00062271
123.53 0.000633676
124.285 0.000649186
123.048 0.000633046
125.221 0.000614366
121.736 0.000710373
121.686 0.000425201
123.344 0.000646707
129.765 9.70436e-05
124.456 0.000634496
123.309 0.000646058
125.073 0.000692177
120.756 0.000616605
125.606 0.000366163
125.587 0.000618339
123.878 0.000600037
119.696 0.000628567
126.937 0.000716758
124.757 0.000722458
117.917 0.000672765
121.184 0.000701411
125.905 0.000650793
124.062 0.000635557
122.257 0.000670965
119.314 0.000711687
124.352 0.000618071
124.677 0.00062938
122.474 0.000182834
123.999 0.000646284
116.168 0.000616346
121.945 0.000628316
125.876 0.000617818
124.502 0.000585672
123.24 0.000619833
126.858 0.000575058
123.419 0.00071206
119.552 0.000597997
121.297 0.000629763
126.923 0.000707708
124.817 0.000621033
125.388 0.000617803
123.913 0.000484564
126.673 0.000656529
120.667 0.000672078
123.713 0.000710376
126.312 0.000606962
125.461 0.000649587
120.938 0.000618671
122.624 0.000623299
123.726 0.000638927
124.918 0.00061583
128.579 0.000629815
119.579 0.000421209
123.77 0.000643877
126.428 0.000623066
125.116 0.000617639
123.894 0.000624579
125.1 0.000617657
117.444 0.000677445
126.043 0.000615204
125.021 0.000713009
125.206 0.000644203
125.035 0.000689194
121.871 0.000273775
125.718 0.00070937
121.956 0.000646923
122.225 0.000716484
122.823 0.000638247
124.491 0.000167242
128.703 0.000672655
123.53 0.000646218
122.119 0.00063918
125.918 0.000639409
122.034 0.000134382
125.684 0.000629259
126.06 0.000615875
123.42 0.000675167
125.451 0.000619875
121.666 0.000655289
126.15 0.000624816
120.772 0.000675474
125.984 0.000587746
124.088 0.0006999
125.533 0.000635507
123.5 0.000719443
121.432 0.000296718
125.102 0.000628541
126.881 0.000645798
125.596 0.000673004
122.457 0.000683899
124.841 0.000625236
127.815 0.000647708
118.609 3.96023e-07
124.758 0.000627972
126.309 0.000358697
127.726 0.000625594
123.235 0.000641224
123.511 0.000240773
125.238 0.000646493
123.345 0.000637451
122.12 0.000606123
128.916 0.000676006
125.721 0.000621562
124.862 0.000645414
126.644 0.000670376
123.226 0.000648158
125.054 0.000645464
127.974 0.00065222
117.589 0.000646886
129.149 0.000623921
120.809 0.000656292
122.237 0.000631576
124.308 0.000658943
124.386 0.000615957
126.842 0.000647211
124.526 0.000711117
122.149 0.000665105
124.948 0.000597857
126.682 0.00062186
126.548 0.000624265
123.245 0.000634994
123.331 0.000648321
123.001 0.000624398
125.398 0.000641239
124.809 0.000620401
125.643 0.00062904
122.959 0.000612968
122.762 0.000670195
125.467 0.000586034
124.603 0.000624257
119.137 0.000669744
128.183 3.06816e-05
123.425 0.000738217
121.95 0.000626723
123.303 0.000656559
122.722 0.000629454
123.653 0.000618551
126.754 0.000629911
126.259 0.000570982
121.331 9.55526e-05
123.552 0.000624697
123.462 0.000678527
121.457 4.64638e-05
121.22 0.000709269
127.699 0.000296596
124.823 0.000646867
121.336 0.000360908
123.231 0.000629493
120.947 0.00061364
120.934 0.000666192
123.347 0.000185721
127.301 0.000646765
123.268 0.000718309
124.928 0.000639297
126.057 0.000298631
125.112 0.000630215
123.822 0.000617919
120.848 0.000659654
121.366 0.000615173
127.246 0.000710172
122.212 0.000524936
127.001 3.06375e-05
125.157 0.000625327
122.031 0.000643385
120.136 0.000608254
127.473 0.000595385
124.255 0.000620169
124.729 0.000584973
118.063 0.000690003
116.066 0.000618202
127.738 0.000625631
124.38 0.000686344
126.142 0.000701108
124.195 0.000617112
122.468 0.000623412
124.94 0.000659955
121.983 0.000533381
123.814 0.000626149
123.935 0.000622848
121.436 0.000720003
122.107 0.000347366
124.564 0.000696919
125.521 0.000705818
123.375 0.000532943
125.715 0.000646005
120.339 0.000611915
127.536 0.000624408
122.882 0.00064552
121.129 0.000711492
123.733 0.00064897
122.15 0.000713047
123.73 0.000359087
126.012 0.000624531
122.105 0.000619158
122.545 0.000619544
125.415 0.000649547
126.476 0.000635388
125.846 0.000624251
130.251 0.000699077
125.102 0.000622045
123.855 0.000626437
126.665 0.000704665
117.245 0.000353729
124.041 0.000618709
122.359 0.000617115
123.683 0.000485514
123.399 0.000703706
116.826 0.000657606
124.369 0.000622043
125.559 0.000182588
123.394 0.000614563
126.126 0.000624466
124.788 0.000706574
127.307 0.000623009
126.769 0.000624033
125.945 0.000618836
124.677 0.00048895
124.431 0.000620719
123.8 0.000630591
126.327 0.000645187
126.391 0.00068119
125.301 0.000630182
123.582 0.000648548
121.172 0.000649872
125.023 0.000633296
125.217 0.00063532
120.944 0.000709758
125.766 0.000706056
124.037 0.000620982
115.171 0.000621993
122.486 0.000610227
125.97 0.000722694
130.411 0.000620526
125.866 0.000643297
124.691 0.000535036
123.132 0.000656969
123.448 0.000707409
124.568 0.000634494
124.118 0.000616997
126.504 0.000654129
125.482 0.000620444
125.005 0.000613177
123.481 0.000722795
122.749 0.000584321
125.023 0.000711946
126.036 0.000619688
123.424 4.54809e-05
125.966 0.000620894
125.206 0.00062802
124.296 0.000580606
124.122 0.000618098
126.445 0.000694525
124.747 0.00070431
124.042 0.000648413
124.02 0.000651209
124.51 0.000662636
126.02 0.00040589
126.18 0.000675605
122.929 0.000620679
126.009 0.000635222
121.661 0.000361546
123.867 0.000708334
117.216 0.000626289
127.512 0.000622491
124.084 0.000624425
119.747 0.000638904
124.257 0.000623311
122.438 0.000630378
124.163 0.000298275
126.195 0.000628604
124.599 0.000643244
124.366 0.000617805
124.521 0.00064667
127.169 0.000631807
121.636 0.000641237
127.253 6.82451e-05
123.89 0.000635965
116.782 0.000716035
120.114 0.000302552
128.471 0.00055656
124.866 0.000693879
122.167 0.00062902
125.6 0.000616229
126.219 0.000292941
122.842 1.87796e-05
122.987 0.000675944
123.646 2.88799e-05
125.139 0.000239054
127.555 0.000616007
124.568 0.000629299
126.245 0.000626487
123.421 0.000616037
126.395 0.000620699
120.995 0.000607343
122.581 0.000665802
122.872 0.000716162
123.207 0.000671585
125.25 0.000759066
134.577 0.000624343
124.515 0.000647259
125.044 0.000621117
125.004 0.000618117
126.298 0.000631112
124.795 0.000238842
125.731 0.000642846
123.635 0.000632602
121.696 0.000622578
123.948 0.000672889
120.623 0.000600318
125.364 0.000622023
125.031 0.000688692
122.176 4.44375e-07
122.347 0.000614172
124.779 0.000661976
119.512 0.000656707
122.845 0.000657889
118.902 0.000699048
126.057 0.000620918
125.517 0.000668422
122.15 0.000627426
123.575 0.000628223
121.882 0.000627514
125.396 0.000627873
122.065 0.000630146
127.634 1.87788e-05
123.554 0.000565766
115.67 0.000704858
123.312 0.000665005
122.464 0.000699223
123.619 0.000704789
128.071 0.000634826
119.452 0.000702762
124.742 0.000654366
124.069 0.00041951
115.334 0.000700645
127.352 0.000727279
125.768 0.000703965
122.924 0.000630555
121.528 0.000692495
124.449 0.000628021
123.645 0.000647093
125.519 0.000632436
126 0.000644067
118.862 0.000646017
122.536 0.00061583
122.61 0.000710427
121.521 0.000661041
120.183 0.000702727
119.317 0.000645871
126.526 0.000629775
125.602 0.000620238
122.829 0.000618663
121.364 0.000241577
125.585 0.000630203
124.053 0.000614069
122.582 0.000628405
127.178 0.000638841
128.815 0.000702919
126.187 0.000671644
121.881 0.000647588
121.838 0.000672666
117.66 0.000626518
117.629 0.000694009
123.714 1.21134e-05
125.129 0.000716308
127.053 0.000701984
127.56 0.000617228
119.51 0.000670068
131.789 0.000631425
123.398 6.80138e-05
122.199 0.000625582
126.259 0.000628907
126.3 0.000636178
116.333 0.000640587
125.092 0.000619535
124.684 0.000623856
127.624 0.000621216
123.544 0.000648484
117.451 0.000647398
120.933 0.000642368
124.018 0.000656496
121.406 0.000644081
125.218 0.000653002
122.209 0.000629299
125.817 0.000616102
125.279 0.00062092
123.303 6.66029e-05
125.338 0.000724
121.87 0.000640888
128.592 0.000718341
124.025 0.000657012
124.255 0.000624821
124.168 0.000626395
125.393 0.000613193
122.605 0.000618761
125.691 0.000712711
123.826 0.000684313
121.63 0.000623299
123.7 0.000624148
123.059 0.000623789
123.604 0.00060729
125.002 0.000590104
123.557 0.000623299
126.886 0.000714146
124.325 0.000666024
127.425 0.000580046
126.401 0.000626358
123.431 0.000650705
122.227 0.000704465
123.963 0.000681668
124.327 0.000618773
125.868 0.000639894
126.517 0.000701331
126.169 0.000640161
121.214 0.00062366
120.571 0.000631988
124.407 0.000627214
124.595 0.000636048
129.751 0.00018206
120.413 0.000619451
123.786 0.000620389
123.994 0.000746601
124.718 0.000567237
119.74 0.000720397
125.246 0.000661855
125.344 0.000686077
124.563 0.000634043
123.637 0.000628061
126.488 0.00059167
128.03 0.000720574
125.142 0.00064453
122.692 0.000668771
122.62 0.000651546
124.481 0.000709484
124.027 0.000720351
124.001 0.000720876
124.13 0.000711545
125.149 0.000628635
119.8 0.000625296
127.071 0.000625533
126.401 0.000187214
126.855 0.00062704
121.747 0.000627418
123.739 0.000600804
124.017 0.000660872
124.403 0.000642081
121.138 0.000305244
118.565 0.000241997
125.284 0.000721095
122.74 0.000644202
125.527 0.000634069
124.257 0.000632573
123.248 0.00062683
129.437 0.000616361
122.413 0.000359027
125.321 0.000699051
123.891 0.000645561
121.885 0.000623945
124.239 0.000627953
125.954 0.00063606
124.232 0.000623237
118.562 0.000670025
119.657 0.000622137
125.159 0.000710691
126.925 3.02358e-05
119.122 0.000653858
125.372 6.738e-05
126.207 0.000703089
119.034 0.000784056
123.026 0.000628626
124.479 0.000712106
118.469 0.000620339
123.594 0.000704423
123.626 0.000685148
126.396 0.000628074
123.251 0.000617676
125.782 0.000625392
124.342 0.000692294
125.374 0.000622518
122.064 0.000656803
119.84 0.000711119
120.46 0.000646575
124.761 0.000693162
124.061 0.00071236
122.035 0.000648087
126.14 0.000666771
130.244 0.000638266
125.255 0.000725537
125.779 0.000628415
125.362 0.000649079
124.405 0.000612131
124.714 0.000703775
122.766 0.000532453
127.574 0.000658005
124.008 0.000663629
125.53 0.000627859
124.331 0.000708689
126.619 0.000602175
124.18 0.000711831
121.755 0.000702533
125.384 0.000536586
123.786 0.000669708
120.752 0.000699254
125.329 0.000625881
120.41 0.000620129
123.624 0.000633881
127.042 0.000585834
121.226 0.000697413
125.336 0.000632133
119.489 0.000672591
125.975 0.000656474
127.047 0.000665074
119.721 0.000609041
124.661 0.000694314
125.646 0.00063716
125.126 0.000636875
124.092 0.000620807
125.569 0.000619698
124.313 0.000619362
122.954 0.000692252
125.105 0.000617019
129.598 0.000698346
122.642 0.00066796
119.106 0.000640167
125.368 0.000630518
119.941 0.000657289
124.298 0.000618218
126.933 0.000666595
127.791 0.000621506
124.171 0.000623111
125.161 0.000621433
119.698 0.0006298
123.313 0.000633973
120.351 0.000307562
126.104 0.000683819
124.244 5.78722e-07
124.04 0.000657478
119.929 0.000632482
122.91 0.00063483
126.25 0.000609338
126.624 0.000634124
125.859 0.000622561
122.125 0.000657782
124.442 0.000570911
123.773 0.000636274
117.696 0.000670219
122.392 0.000620502
129.739 0.000703501
122.14 0.000643515
125.176 0.00063453
127.34 0.000636231
124.499 0.000641733
124.477 0.000633296
129.67 0.000618031
126.357 0.000615305
119.216 0.000633482
118.634 0.000718734
126.313 0.000656025
116.973 0.000492726
124.978 0.00069029
126.412 0.000624903
121.5 0.000577343
123.565 9.61524e-05
122.319 0.00062308
124.884 0.000629365
124.507 0.000632701
125.804 0.000717696
122.589 0.000582079
127.964 0.000644077
130.142 0.000634582
125.041 0.000644757
129.055 0.000503822
124.054 0.000619837
125.176 0.00070728
123.775 0.000656244
125.589 0.000694414
124.325 0.000682405
120.661 0.000585559
123.757 0.000634614
122.567 0.000614406
122.662 0.000652125
123.316 0.000640496
122.819 0.00063526
120.934 0.00070942
118.483 0.000659359
120.363 0.000655836
124.806 0.000631041
130.639 0.000657717
126.339 0.000661898
125.305 0.00065053
126.375 0.000679528
128.937 0.000667169
122.46 0.000613174
126.156 5.87381e-07
126.121 0.000676354
127.788 0.000482197
124.837 0.000615645
124.856 0.000628883
125.984 0.000612082
127.979 0.000629062
125.61 0.000574929
123.817 0.000704602
126.141 0.00062722
120.877 0.000643697
122.119 0.000712378
124.293 0.000629983
123.197 0.000686344
123.597 0.000620252
124.209 0.000716911
124.814 0.000634189
125.971 0.00070449
122.451 0.000622092
124.33 0.000641959
122.37 0.000650901
125.219 0.000516235
124.046 0.000711211
118.151 0.000617669
126.994 0.000620496
123.358 0.000686655
121.083 0.000594152
124.596 0.000627062
124.715 0.000615073
126.202 3.00719e-05
123.187 0.000692877
124.674 0.000646305
123.659 0.000625826
125.877 0.000642653
124.893 0.000644969
125.693 0.000693012
129.33 0.000711825
123.75 0.00062152
123.96 0.000663127
119.688 0.000611482
126.185 0.000646605
125.405 0.000638235
124.882 0.000632382
127.051 0.000647121
123.605 0.000670911
126.592 0.000697674
123.383 0.00061592
123.693 0.000629889
123.102 0.000626979
125.86 3.06464e-05
124.929 0.000617992
128.647 0.000624697
126.974 0.000633244
123.874 4.3509e-06
125.414 0.000682551
125.209 0.000657359
124.388 0.000716979
125.196 0.000617937
120.421 0.000485038
125.177 0.000598042
126.188 0.000683192
124.021 0.000619934
125.623 0.000685144
125.794 0.000705206
122.851 0.00064458
124.382 0.000567037
125.668 0.000643737
129.049 0.000638711
122.669 0.000631581
126.027 0.000297922
123.859 0.00063482
122.39 0.000621978
121.355 0.000181122
119.678 0.000243206
130.11 0.000752281
121.55 0.000636048
117.478 0.000724199
124.896 3.01178e-05
120.58 0.000432312
124.338 0.000637348
126.764 0.000624797
121.966 0.000625355
124.72 0.000644085
125.891 0.000585694
126.451 0.000680229
125.409 0.000769378
126.332 0.000628753
126.563 0.000611736
127.419 0.000645888
123.99 0.000643671
124.242 0.000619249
121.594 0.000421612
123.386 0.000667466
119.529 0.00064648
120.39 0.000652016
125.333 0.000356991
120.849 0.000649005
115.362 0.000626111
125.822 0.0006175
124.616 4.74375e-05
124.296 0.000625796
123.143 0.000644236
123.038 0.000639549
126.17 0.000699593
121.806 0.000359632
125.935 0.000638844
127.802 0.000184215
123.353 0.000617856
118.736 0.000605965
124.516 0.000673866
121.393 0.000624289
131.361 0.000678268
126.332 0.000618414
124.19 0.00061203
128.446 0.000651115
124.968 0.000635248
121.468 0.000620554
124.853 0.000648567
123.057 0.000712141
122.821 0.000621055
123.159 0.000616976
120.877 0.000608344
124.495 0.000703489
125.425 0.00067042
123.605 0.000713493
120.55 0.000676976
119.754 0.000720169
122.963 0.000624033
124.348 0.000642334
125.359 0.00065201
123.439 0.000630329
124.278 0.00062268
124.658 0.000617753
124.836 0.000636389
118.646 0.000619897
127.846 0.00062395
129.063 0.000698037
124.451 0.000740768
122.541 0.000608278
127.25 0.000661257
117.702 0.000662773
124.818 0.000623838
121.669 0.00069495
126.187 0.000640859
126.564 0.00062594
124.443 0.000420281
127.65 0.000727026
117.214 0.000579601
124.158 0.000619017
125.538 0.000698365
122.615 0.000738739
124.24 0.000672324
118.009 0.000624757
124.955 0.000646773
121.212 0.000687902
125.585 0.000602018
127.734 0.00071195
127.555 0.000648807
126.375 0.000662506
124.225 0.000605875
121.689 0.000635239
125.293 0.00070229
123.95 0.000714045
126.945 0.000620012
117.605 1.19911e-05
123.54 0.000670995
122.112 0.000620964
126.882 0.000365447
126.578 0.000622317
124.725 0.000710071
119.387 9.86307e-05
123.538 0.000659699
124.01 0.000419783
125.694 0.000616073
124.922 0.000641204
127.019 0.000600044
116.511 0.000627906
126.505 0.000704176
125.811 0.000665573
124.574 0.000280986
125.202 0.000620279
123.536 0.000641213
124.238 0.000617736
124.12 0.000645096
127.442 0.000621097
124.813 0.000641272
120.14 0.000135109
124.857 0.000625081
123.89 0.000438248
126.89 0.000599943
122.128 0.000636332
125.951 1.18605e-05
124.454 0.000635662
123.208 0.000603221
124.691 0.00069512
126.181 0.000624936
127.511 0.000631363
122.808 0.000724738
120.68 0.000625116
124.567 0.000646948
124.802 0.000644692
123.215 0.000632313
127.043 0.00062494
124.123 0.00058663
126.542 0.00063685
125.377 0.000628732
126.201 0.000623906
129.572 0.000718335
124.245 0.000685104
122.498 0.000663132
124.905 0.000615409
125.764 0.000622142
124.718 0.000657378
121.497 0.000638003
123.766 0.000641656
123.784 0.000705777
125.065 0.000672173
124.449 0.000638111
121.889 0.000612494
125.407 0.000623622
126.524 0.00061353
125.778 0.000610321
125.617 4.22435e-05
126.808 0.0006493
124.194 0.000665659
119.919 0.000622611
125.532 0.000617099
120.529 0.000614737
123.274 0.000635392
128.533 0.000641868
123.726 0.000712591
124.554 0.000600307
124.461 0.000621015
125.307 0.000653913
121.321 0.000625362
120.347 0.000628371
122.506 0.000646166
125.553 0.000632838
124.999 0.000644716
125.713 0.00064599
123.278 0.000632186
129.98 0.000420221
123.805 0.000632755
120.214 0.000646382
125.604 0.000630452
120.765 0.000646296
127.058 0.000592303
123.691 0.000620227
125.822 0.000636982
123.434 0.000699758
126.088 0.000699644
123.246 0.000614287
126.541 0.000712537
124.918 0.00063799
119.061 0.000608269
126.205 0.000675522
125.307 0.000622164
130.088 0.000698401
125.493 0.000295564
119.522 0.000184636
126.024 0.000634626
125.473 0.000294938
131.5 0.000590698
122.514 0.000604412
121.386 2.56294e-06
124.81 0.000642861
125.153 0.000632823
117.588 0.000584509
122.61 0.000716432
127.052 0.000622969
125.313 0.00071412
121.415 0.000654345
124.41 0.000658307
123.466 0.000622864
125.878 0.000644679
122.403 0.000610683
120.048 0.000707552
122.699 0.000632412
122.078 0.00059324
121.962 0.000631569
121.541 0.000650354
122.252 0.00065278
120.262 0.000586169
120.676 0.000610964
123.994 0.000635739
128.894 0.000634564
115.712 0.000684945
125.047 0.00061569
122.061 0.00061722
124.222 0.000634458
122.039 0.000649375
123.268 0.000721807
127.863 0.000622128
125.157 0.000530048
124.854 0.000624551
123.8 0.000621482
124.76 0.000649241
122.755 0.000584769
125.498 0.000592909
124.88 0.000654838
117.079 1.89974e-05
123.48 0.000644209
126.352 0.000572574
124.715 0.000626735
123.341 0.000482042
127.393 0.000184163
125.451 0.000712315
123.144 0.000626303
122.17 0.000644747
123.582 0.000664603
125.585 0.00071209
125.513 0.000628279
124.542 0.000672324
125.135 0.000627627
122.467 0.000628971
124.774 0.000706724
122.393 0.000652859
117.623 0.000623918
123.256 0.000709538
118.996 0.00069787
126.279 0.00062838
118.394 0.000588405
127.071 0.000643091
121.461 0.000637113
120.344 0.000625502
123.717 0.000615857
122.181 0.000361884
123.668 0.000649515
123.717 0.000638967
119.293 0.000652155
124.672 0.000632193
127.843 0.000620854
120.2 0.000586455
124.435 0.000539262
123.593 0.000618152
125.978 0.000736838
121.319 0.000625381
120.863 0.00029904
117.997 0.000701977
122.145 0.000610393
129.594 0.000721396
125.445 0.000361662
122.923 0.000632658
120.52 0.000606107
124.065 0.000705351
128.23 0.000653908
129.614 0.000700563
122.755 0.00061323
126.272 0.000656622
127.029 0.000649651
120.416 0.000648687
119.82 0.000649733
122.318 0.0006478
124.391 0.000617311
123.359 0.000653336
123.303 0.000625619
121.752 0.000621338
121.62 0.000627177
122.881 0.000676811
122.431 0.000624147
126.452 0.000630876
126.714 0.000622174
124.613 0.00064248
124.046 0.000489909
122.879 0.00060382
120.404 0.000637519
124.253 0.000694087
125.263 0.000645018
125.399 0.000619599
125.868 0.000625853
121.044 0.000622637
121.944 0.000642679
123.293 0.000646535
126.838 0.000619706
125.136 0.000622257
125.784 0.00063495
126.025 0.000653273
122.614 0.000591577
118.302 0.000621204
126.811 1.08857e-05
117.711 0.000714076
122.473 0.00062604
126.961 0.000641076
121.516 0.000640457
125.069 0.000706481
124.635 0.000628347
124.748 0.00069289
122.405 0.000705632
123.859 0.000703139
120.361 0.000712016
128.377 0.000656195
128.867 0.000740173
126.844 0.000618821
126.928 0.000648363
122.173 0.000696497
127.675 0.000623651
118.252 0.000692723
125.173 0.000664751
127.767 0.000627723
128.618 0.000633248
124.186 9.74437e-05
124.214 0.00064363
122.758 0.000632715
124.939 0.000647193
125.561 0.000652016
124.751 0.0006396
122.272 0.000633296
123.811 0.000352403
125.885 0.000239357
124.168 0.000645072
128.32 7.26239e-06
123.427 1.8861e-05
122.732 0.000635371
120.164 0.000577209
120.377 0.000582699
123.03 0.000423397
122.811 9.70266e-05
122.411 0.000649153
122.562 0.000238926
126.297 0.000622205
126.7 0.000608101
124.879 0.000704558
128.021 0.000132962
124.865 0.000699139
127.535 0.000626158
123.092 0.000614261
124.43 0.00064575
118.785 0.000617367
123.624 0.000623042
124.722 0.000612327
124.716 0.000696544
124.161 0.000637185
126.372 0.000673124
125.887 0.000647305
116.881 0.000616448
120.03 0.000634963
121.065 0.000357151
125.339 0.000682218
128.945 0.000541463
123.176 0.000624232
125.697 0.000658958
126.717 0.000627357
123.141 0.000623749
123.831 0.000649815
122.996 0.000642009
121.281 0.000657972
125.329 0.000580979
126.414 1.87485e-05
123.786 0.000637516
122.87 0.000645034
122.88 0.000625947
122.686 0.000646196
124.118 0.000703948
125.799 0.000650492
115.059 0.000655956
124.525 0.000615027
125.72 0.000628066
126.088 0.000637686
124.431 0.000700887
120.202 0.000644497
124.187 0.000633277
125.882 0.000624687
138.77 0.000636864
126.913 0.000134794
125.293 0.000692178
124.621 0.000706275
117.985 0.000658553
120.78 0.000620377
121.532 0.000641829
130.029 0.000566091
126.407 0.00069813
126.631 0.000614793
122.159 0.00062861
121.543 0.000619812
126.753 0.00070854
123.41 0.000648325
122.387 0.000584756
118.522 0.000656326
121.633 0.000625675
120 0.000686264
123.53 0.000604003
122.587 0.000492532
125.738 0.000632554
122.356 0.000630437
121.939 0.000641637
121.178 0.000632062
124.89 0.000620836
120.481 0.000681188
125.526 0.000642148
124.372 0.000633684
126.944 0.000672212
119.938 0.000526724
126.625 0.000618476
125.291 0.000624484
126.117 0.000651884
126.387 0.000708184
128.434 0.00028655
120.769 0.000703375
128.896 2.25967e-06
125.362 0.000665113
126.259 0.000707321
124.305 0.000658608
120.21 0.000708727
123.239 0.000650288
124.451 0.000626334
125.314 0.000623104
123.389 0.000621941
122.517 0.000652079
120.69 0.000630479
122.627 0.000482467
125.666 0.000625849
126.424 0.00048849
121.57 0.00064799
126.591 0.000543728
125.7 0.000481775
125.332 0.000513042
123.778 0.000657939
118.868 0.000518741
127.346 0.000682535
124.072 0.00072079
126.578 0.000718684
125.994 0.000671053
125.39 0.000312363
125.693 0.000627958
123.272 0.000707608
127.352 0.000650127
125.967 0.000652029
125.425 0.000643184
126.794 0.000623735
123.643 0.000619588
117.864 0.000691778
121.37 0.000690857
125.893 0.000717556
124.167 0.000534531
120.617 0.000620474
123.687 0.000631312
122.722 0.000621065
124.563 0.000540088
122.145 0.000619312
128.294 0.000543192
122.575 0.000713151
124.684 0.000627528
123.105 0.000705003
124.689 0.000690509
124.836 0.000627021
124.367 0.000702664
124.942 0.000632221
116.352 0.000633941
126.882 0.000617912
126.533 0.000683684
125.989 0.000717511
124.635 0.000483662
123.86 0.000296393
123.771 0.00063598
118.92 0.000616007
120.808 0.000615874
121.032 0.000682657
123.335 0.000609849
125.837 0.000649749
122.155 0.000725872
121.963 0.000625467
122.871 0.000296038
126.308 0.000595035
126.604 0.000621237
123.695 0.000709261
121.041 0.000624432
121.809 0.000640277
125.563 0.000635602
124.845 0.000624164
128.434 0.000710861
124.713 0.000618126
119.152 0.000612451
124.273 0.000622283
126.161 0.000634737
125.252 4.54374e-05
123.542 0.000661384
126.033 0.000615658
127.204 0.000738789
124.74 0.000707603
125.581 0.000632273
124.341 0.000633128
125.658 0.000630337
121.62 0.000645678
119.384 0.000620767
126.64 0.000491438
124.853 0.000657017
125.201 0.000668326
125.008 0.000622489
120.875 0.000645062
121.977 0.000712501
121.466 0.000647119
126.079 6.78065e-05
123.816 0.000185728
123.598 0.000716841
123.662 0.000629061
124.377 0.000667189
124.988 0.000628075
126.549 0.000646384
123.751 0.000626655
124.743 0.000715512
128.511 0.000622646
124.967 0.000706471
118.791 0.000718773
124.964 0.000631771
125.886 0.000237726
119.905 0.000608024
125.327 0.000642271
120.188 0.000242386
124.995 0.000699298
124.847 0.000356761
123.699 0.000619684
121.14 0.000671302
124.417 0.000627336
124.765 0.000708029
123.898 0.000671745
125.077 0.000663897
124.525 0.000637431
120.452 0.000476512
126.271 4.56917e-05
125.325 0.000700184
124.724 0.000751174
122.506 0.000417884
127.363 0.000641963
122.884 7.16161e-06
122.4 0.000299546
125 0.000622922
127.596 0.000592827
122.762 0.0006411
123.928 0.000631314
121.947 0.000655878
123.593 0.00065491
122.327 0.000623126
125.213 0.000695221
132.281 0.000624901
119.463 0.000632058
126.349 0.000668783
123.037 0.000619048
123.479 0.000622301
121.982 0.000624677
126.903 0.000618771
126.02 0.000701258
123.15 0.000685821
124.595 0.000627133
121.207 0.000633941
126.433 0.000709251
122.25 0.000622559
121.892 0.000628967
126.102 7.21131e-06
123.03 0.000652098
123.603 0.000635193
123.366 0.000712877
123.351 0.000621159
122.975 0.000662478
120.734 0.000726095
121.862 0.000630075
122.405 0.00064716
123.64 0.000543979
126 0.000656506
125.885 0.000618
121.036 0.000600452
124.243 0.000699343
125.126 0.000705188
124.603 0.000645334
121.745 0.000240073
122.534 0.000705204
115.999 0.000710375
125.176 0.000714903
124.405 0.000670936
126.39 0.000668521
125.986 0.000638467
121.932 0.000628804
123.516 0.000638139
127.175 0.000662312
115.859 0.000623827
127.778 0.000652861
126.018 0.000638561
124.254 0.000620627
126.489 0.000627725
126.851 0.000654436
125.241 5.49228e-07
125.907 0.000622398
123.086 0.000670707
123.585 0.000622872
126.226 0.000660404
124.628 0.000618773
119.989 0.000394814
130.29 0.000701165
122.74 0.000707873
125.292 7.29465e-06
118.39 0.000636085
125.256 0.000639892
124.332 0.000640745
123.95 0.000617683
128.288 0.000673639
127.205 0.000627666
123.646 0.000626634
122.278 0.00065288
120.919 0.000647833
125.495 0.000616387
118.517 0.000632856
123.819 0.00048475
124.64 0.000624045
127.576 0.000642596
127.096 0.000636704
123.352 0.000647884
126.941 0.000686768
121.725 0.000636223
122.514 0.000706355
115.027 0.000614924
124.469 0.000627244
127.141 0.000543416
125.503 0.000619899
126.162 0.000623748
124.926 0.000626907
124.998 0.000630423
122.936 0.000672344
123.563 0.000586887
124.063 0.000546071
119.767 0.00069852
125.418 0.00065039
125.937 0.000700245
126.799 0.000697781
125.382 0.000484295
126.598 0.000621423
126.143 0.000619653
123.924 0.000736608
119.761 0.00058633
124.763 0.00064486
122.115 0.000420647
123.283 0.000641032
124.855 0.00062071
126.156 0.00063299
123.811 0.000641933
126.571 0.000715692
122.512 0.000679663
121.653 0.000622601
124.623 0.000664025
124.19 0.00064368
122.463 0.000642551
126.243 0.000681842
124.739 0.000641063
125.032 0.000631849
120.457 0.000622791
120.711 0.000495972
125.959 0.000621005
124.278 0.000714351
118.645 0.000583517
120.998 0.000620496
126.58 0.000623243
122.932 0.000622429
121.356 0.000577703
126.747 0.000700338
125.619 0.000621573
123.948 0.00058129
125.477 0.000581957
123.063 0.000583532
124.081 0.000639784
119.944 0.000623949
123.187 0.000676008
123.804 0.000588271
125.293 0.000654527
124.816 0.000712001
121.546 0.000732237
123.108 0.000642749
127.243 0.000599534
130.374 0.000659702
123.769 0.000618126
127.895 0.000590105
115.87 0.000636911
116.662 0.000611857
122.054 0.00070271
123.343 0.000622665
123.458 0.000649749
125.283 0.000648875
124.917 0.000623712
123.516 0.00062817
125.589 0.00066158
122.791 0.000617301
126.917 0.000726535
121.754 0.000642914
125.53 0.000639756
122.089 0.000601646
123.662 0.000620638
122.476 0.000298664
120.256 0.000533957
126.129 0.000592391
125.676 0.000698326
120.801 0.000538135
122.514 0.000593409
125.071 0.00062522
121.159 0.000608183
116.99 0.000575314
126.334 0.000239591
124.751 0.000239989
125.913 0.000622275
122.907 0.000642191
124.908 0.000619986
117.721 0.000607669
125.676 0.000656462
123.652 0.000613902
125.937 0.000641972
123.366 0.000609331
125.064 0.00061983
121.902 0.000618487
123.552 0.00061678
120.68 0.000586995
124.537 0.000646548
124.787 0.000626702
127.692 0.000674006
126.281 0.000701092
122.634 0.000707873
126.017 0.000615645
121.192 0.000612741
125.016 0.000634836
122.751 0.000622011
122.351 0.000697401
119.185 9.21552e-07
126.222 0.000620027
126.463 0.000629398
124.633 0.000656227
126.071 0.000643
122.525 0.000683745
125.787 0.000634783
127.674 0.000631751
129.435 0.00071364
123.014 0.000696147
127.102 0.000630478
124.063 0.000424895
126.496 0.000638922
123.903 0.000663437
127.936 0.000826259
124.08 0.000632952
122.633 0.0005847
125.028 0.000714541
126.864 0.000618749
123.591 0.000693604
123.293 0.000673341
122.171 0.000670255
124.336 0.000735846
125.351 0.000618659
119.001 0.000720835
119.887 0.000714171
124.762 9.66171e-05
125.365 0.00062142
125.119 0.000677495
122.855 0.000647265
121.952 0.000704965
128.003 0.000678387
121.012 0.000712442
121.198 0.000489909
124.196 0.000649192
121.549 6.78952e-05
126.004 0.000596837
125.673 0.000624551
125.142 0.000643112
126.208 0.000706762
124.971 0.000630605
125.417 0.000622623
124.127 0.000663038
125.608 0.00048528
124.4 0.000623371
125.89 0.000611849
125.438 0.00068469
125.664 0.000627453
124.485 0.00069219
125.238 0.000690309
125.664 0.000583947
124.625 0.000630771
126.353 0.000645142
123.449 0.000611812
124.537 0.000624247
125.807 0.000711857
123.714 0.000629927
125.69 0.000648262
123.201 0.00063227
125.442 0.000578347
129.295 0.000593607
123.289 0.00060297
123.819 0.000631665
124.813 0.000611289
126.46 0.000609583
126.012 0.000587113
123.093 0.000704757
124.144 0.000632239
124.14 0.000706887
122.452 0.000642087
124.735 0.00065534
124.729 0.00070704
122.122 8.67316e-07
120.114 0.000654587
125.615 0.000630161
128.654 0.000649246
118.054 0.000693522
124.639 0.00063801
127.133 0.000685558
127.469 0.000640775
127.903 0.000615788
122.806 0.000426423
115.31 0.00064373
123.194 0.000623283
126.698 0.0007104
122.612 0.000693566
125.885 0.000623377
125.766 0.000705643
124.851 0.000359778
121.311 0.000717289
125.349 0.000639117
127.603 0.000658583
122.746 0.000609023
124.765 0.00065541
124.131 0.000638324
124.423 0.000707968
124.045 0.00062023
126.727 0.000185148
124.253 0.000649903
119.244 0.000638565
124.502 0.000565338
125.997 0.000534943
127.237 0.000677916
124.434 0.000648823
124.979 0.000703481
125.14 0.000620787
127.296 0.00072316
126.044 0.00063504
115.481 0.00064922
119.866 0.000707923
125.624 0.000678265
122.106 0.000732068
124.371 0.000658114
123.792 0.000703849
123.603 0.000627227
125.63 0.000620361
123.122 0.000624407
125.976 0.000649329
121.3 0.000622662
124.072 0.00068639
123.008 0.000701571
123.599 0.000617353
122.774 0.000617828
123.291 0.000733095
123.137 0.000624424
122.728 0.000647476
118.518 0.000620911
123.501 0.000620766
129.156 0.000633856
119.728 0.000641792
128.804 0.000678527
122.869 0.000702065
126.16 0.000642387
126.735 0.000695263
125.41 0.00063697
124.055 0.00065285
126.901 0.000657212
123.753 0.000624689
124.912 0.000690489
123.612 0.000673985
125.534 0.000642611
123.113 0.000637185
121.31 0.00067718
123.865 0.000632426
123.45 0.000655406
127.835 0.000675238
122.146 1.86942e-05
126.081 0.000637444
123.761 0.000627607
124.383 0.000581953
124.861 0.000700076
122.322 0.000623513
125.309 0.000623118
125.836 0.000670978
126.301 0.00067242
126.068 0.000674121
125.566 0.000639972
126.339 0.000627941
129.566 0.000658106
124.922 0.000615
126.663 0.000640347
119.953 0.000617671
123.91 0.000634811
126.006 0.000616885
124.226 0.000627111
124.39 0.000651046
123.921 0.000727087
121.635 0.000633772
124.671 0.000644101
124.412 0.000649833
122.123 0.000654489
120.701 0.00062351
124.07 0.000618517
126.87 0.000706063
124.775 0.000637937
127.499 0.00063842
124.296 0.000723146
125.207 0.000615144
124.462 0.000617114
117.68 0.000617563
124.746 0.000577136
117.549 0.000581244
124.909 0.000617025
119.439 0.000615504
126.78 0.000642995
121.621 0.000661337
125.641 0.000667376
121.061 0.000535036
125.932 0.000655258
124.74 0.000623479
122.953 0.000713645
126.49 0.000746102
119.777 0.000650754
124.68 0.000705663
126.491 0.000701796
122.358 0.000625855
125.168 0.00067045
124.18 0.000615373
126.804 0.000646163
129.93 0.000681831
125.079 0.000647065
122.528 0.000710123
124.447 0.000705169
125.64 0.000619714
129.02 0.000233801
123.842 0.000629904
115.363 0.000724941
124.964 0.000621417
125.046 0.000626686
125.587 0.00060297
129.869 0.000653861
125.162 0.000647134
115.729 0.000630312
125.055 0.000411333
118.931 0.000694081
120.604 0.000296293
123.698 0.000621655
124.53 0.000698911
126.592 0.000550982
122.121 0.000617746
124.712 0.000618836
124.546 0.000632427
125.311 0.000367872
123.231 0.000628504
126.354 0.000619086
123.324 0.000627832
124.744 0.000630894
123.879 0.000627781
123.715 0.000703538
126.79 0.00061745
126.408 0.000642246
124.529 0.000423654
123.229 0.000717438
125.958 0.000668663
123.255 0.000693647
125.436 0.00070478
123.485 0.000633296
125.55 0.000673538
125.433 0.000708204
120.191 0.000647898
125.444 0.000633843
122.499 0.000627198
124.934 0.000703594
124.864 0.000640694
127.594 0.000614487
124.24 0.000711123
126.457 4.54643e-05
124.692 0.000654176
125.543 0.000625801
124.325 0.000673934
122.59 0.000591654
126.644 0.000599057
123.713 9.8143e-05
124.224 0.000613319
122.823 7.22491e-06
126.318 0.000630093
122.469 0.000674631
122.199 4.49405e-06
121.946 0.000613967
123.719 0.000697919
124.247 1.87707e-05
125.444 0.000644123
124.783 0.000484704
124.683 0.000713988
131.108 0.000611208
124.293 0.000626436
122.818 0.000621252
123.145 0.000613181
118.613 0.000608738
127.72 0.000628749
125.562 0.000644797
127.862 1.86658e-05
122.927 0.000715032
125.313 0.00065834
124.077 0.000643458
119.745 0.0006222
124.957 0.000714316
117.689 0.000540043
123.641 0.000666062
127.207 0.000650147
125.177 0.00062926
125.826 0.00061169
125.003 4.5397e-05
122.236 0.00061901
125.879 0.000622482
123.715 0.000623273
124.681 0.000616507
124.371 0.000615525
115.446 0.000631964
126.985 2.60961e-06
125.71 0.000620995
121.592 0.000639733
122.94 0.000720942
118.574 0.000717054
126.003 0.000610752
125.282 0.000690408
126.837 0.000300833
125.916 1.90217e-05
123.335 0.000618686
123.088 0.000701773
115.43 0.000651432
126.394 0.000712053
128.135 0.000657233
132.741 0.000618006
120.896 0.000697538
118.973 0.000649325
124.049 0.000644488
127.891 0.000712942
120.31 0.000706843
127.128 0.000572751
121.096 0.000615278
126.224 0.00064379
124.695 0.000296115
124.875 0.0002952
127.14 0.000640483
123.92 0.000710795
119.916 0.000631844
121.78 0.000587861
129.253 3.01408e-05
121.944 0.000665295
125.597 0.000643404
125.825 0.000621943
124.642 0.000632488
125.797 0.000239546
128.651 0.000594046
118.482 0.000646101
124.405 0.000698657
126.376 0.000679246
122.676 9.84205e-05
124.409 0.000613203
125.081 7.23487e-06
126.022 0.000620708
123.406 0.000573513
122.713 0.000635172
121.837 0.000645984
123.189 0.000527356
118.809 0.000698161
119.899 0.000675977
125.13 0.000718548
128.828 0.000660112
123.044 0.000614028
124.212 0.000636206
123.98 0.000702831
123.405 0.000595119
125.388 0.000614617
122.34 0.000300463
125.584 0.00067843
124.061 0.000530562
122.6 0.000714659
125.843 0.000619158
117.652 0.000655214
126.44 0.000639852
124.201 0.000636635
125.57 0.000650931
119.539 0.000637185
125.407 0.000633522
124.708 0.000625909
133.176 0.000670569
126.439 0.000650234
121.259 0.000604582
125.474 0.000653307
122.817 0.000642755
127.088 0.00066496
127.546 0.000618736
126.432 0.000620838
120.535 0.00062143
116.884 0.000681597
122.155 0.000628397
126.19 0.00062892
125.646 0.000665863
126.785 0.000684383
125.284 0.000623622
124.913 0.000627959
123.411 6.74841e-05
124.251 0.000628469
123.342 0.000704574
127.653 0.000626468
122.659 0.000678103
121.244 0.000615546
121.842 0.00061583
128.018 0.000726293
123.26 0.000695463
124.157 0.000639718
120.289 0.000625519
124.316 0.000621093
128.659 0.000644289
124.293 0.000622642
125.426 0.000642352
123.779 0.000632158
123.34 0.000652779
128.141 0.000553233
124.001 0.000625146
132.682 0.000708398
126.186 0.000630241
117.53 0.000657523
124.486 0.000636864
121.352 0.000733557
127.527 0.000705632
124.88 0.000612796
124.555 0.000358433
125.915 0.00063395
125.45 0.000714166
119.212 0.000631157
126.463 0.000627196
121.848 0.000667006
121.297 0.000623378
123.616 0.000298962
118.068 0.000624147
123.176 0.000615713
125.336 0.000655392
121.325 0.000577932
121.348 0.000654733
126.728 0.000616531
125.196 0.000645925
124.635 0.00058274
124.586 0.000625872
120.896 0.000712547
124.278 0.000636345
119.515 0.000631458
120.662 0.000640376
125.458 0.000713484
123.683 0.000621252
124.2 0.000706168
123.598 0.000656221
124.768 0.000638111
122.894 0.000593637
124.212 0.000619108
124.228 0.000535033
123.677 0.00042134
125.533 0.000618319
124.749 0.00069555
124.237 0.000625722
119.152 0.000727001
121.385 0.000615778
127.056 9.7528e-05
126.007 0.000647633
123.349 0.000483462
126.38 0.000651518
126.435 0.000656743
118.428 0.000637118
119.083 0.000622014
124.63 0.000633684
115.002 0.000635873
126.412 0.000666227
126.504 0.00048141
124.284 0.00070711
122.517 0.000598518
128.644 0.000620899
123.11 0.000631253
122.017 0.00063851
125.373 0.000620309
122.371 0.00068884
125.154 0.000638989
127 0.000624526
124.859 0.000689877
119.31 0.000628966
122.419 0.000585183
123.539 0.000636004
125.211 0.000654852
126.433 0.000626501
125.605 0.000635822
123.684 0.000703909
115.946 0.000689938
121.661 0.000675742
122.733 0.000707128
121.903 0.000639911
122.723 0.000543798
124.156 0.000300817
129.141 0.000625426
127.987 0.000679916
126.863 0.000671332
116.066 0.000729275
127.034 0.000633242
124.11 0.000624414
125.152 0.000654589
124.467 0.000709886
124.265 0.000644326
124.424 0.000660036
129.78 0.000702045
125.414 0.000711111
125.602 0.000630891
123.629 0.000655715
124.27 0.000617073
126.709 0.000641963
120.355 0.000641316
126.001 0.000628587
126.984 0.000655936
126.176 0.000651331
124.388 0.000631227
122.326 0.000670869
124.831 0.000658457
122.298 0.000650618
125.682 0.000236396
117.154 0.000660035
125.022 0.00066573
126.138 0.000624702
123.241 0.000646305
122.13 0.000612801
123.082 0.000361574
126.052 0.000619385
121.708 0.000332476
125.211 0.000720537
121.548 0.00062299
119.16 0.000615011
119.98 0.000712819
124.075 0.000544938
120.761 0.000712753
133.117 0.000593454
124.365 0.000595257
125.508 0.00065374
124.949 0.000609061
123.856 0.000650754
126.802 0.000673384
126.661 0.000711034
124.851 0.0005903
124.203 0.000678622
124.346 0.000625654
128.191 0.000541342
125.979 4.35113e-06
122.494 0.000663437
125.871 0.000185063
117.297 0.000618914
124.262 0.000626399
125.665 0.000617791
117.104 0.000717381
124.763 0.000636041
115.067 0.000600535
120.901 0.000640789
120.49 0.000542897
123.219 0.000616665
126.775 0.000710409
125.827 0.000631486
124.813 0.000636209
124.97 0.00066958
125.262 0.000649928
122.106 0.000648012
126.355 0.000722596
122.012 0.000648514
124.228 0.000635872
115.904 0.000724268
125.432 0.00069738
127.683 0.00061531
116.056 0.00061746
125.314 1.87533e-05
125.058 0.000613891
120.059 0.00063114
125.151 0.00071131
126.773 0.000714521
122.255 6.49488e-05
124.21 0.000693189
124.297 0.000683732
123.965 4.55297e-05
125.954 0.000624185
128.379 0.000650521
125.996 0.000619725
126.243 0.000635104
126.071 0.000624579
120.242 0.000659847
125.95 0.000629641
124.021 0.000712711
122.642 0.000619106
123.917 0.000623778
117.075 0.000629344
118.21 0.00068527
125.312 0.000606043
125.569 0.000638209
123.175 0.000652745
116.725 0.000674926
120.585 0.000679781
126.627 0.000303342
126.566 0.000626649
124.624 0.000618973
123.168 4.34401e-05
126.074 0.000609256
121.453 0.000697551
122.566 0.000631212
123.203 0.000661944
123.389 0.000628379
122.383 0.00018334
126.856 0.000639076
125.018 0.000626483
122.955 0.000608386
124.572 0.000548885
124.175 0.000624055
124.25 0.000615447
123.629 0.000643131
124.932 0.000700247
120.827 0.000642642
122.148 0.000613219
122.501 0.000712686
121.997 0.000642371
120.047 0.000607637
119.399 0.000636839
121.566 0.000616357
124.254 0.000644669
122.962 0.000613202
123.157 0.000695303
124.005 0.000652756
115.699 0.000673047
126.438 0.000721738
121.817 0.000676071
125.447 0.000707825
127.381 0.000296635
124.873 0.000616957
123.619 0.000617424
125.313 0.000616533
125.001 0.00049111
123.508 0.00059598
127.287 0.000620582
126.386 0.000486477
126.739 0.000579302
123.578 0.000618531
126.926 0.000720908
127.656 0.000643946
123.301 0.000294217
123.17 0.000726903
119.37 0.000614349
128.385 0.000639381
124.464 0.000707053
118.745 0.00064036
124.376 0.000660246
128.76 0.000700096
124.749 0.000626723
115.804 0.00065799
126.685 0.000636053
127.134 0.000421726
125.912 0.000677024
124.231 9.77563e-05
125.149 0.00062861
119.103 0.000622104
123.492 0.000646725
126.967 0.000666616
125.412 0.000849398
126.071 0.00063728
124.052 0.000620189
124.649 0.000623477
122.391 0.000241006
132.12 0.000641497
130.261 0.000638857
130.303 0.00070085
124.509 0.000524478
123.092 0.000425591
127.869 0.000667586
115.832 0.00062473
128.638 0.000650686
128.297 0.000679078
121.817 0.000615133
117.961 0.000299607
126.867 0.000538721
121.513 0.000643178
124.458 0.000651336
117.956 0.000717175
116.57 0.000708137
127.915 0.000663969
117.785 0.000619808
124.834 0.000641721
123.909 0.00062808
116.57 0.000641314
123.195 0.000707263
124.35 0.000649975
126.502 0.000637143
125.532 0.000636553
125.465 0.000692812
129.979 0.000420267
117.094 0.000572331
122.13 0.000186468
118.604 2.62791e-06
125.567 0.000674751
122.893 0.000613269
128.351 0.000639698
125.61 0.000632091
126.681 0.000613883
119.423 0.000589039
121.097 0.00063859
119.834 0.000632046
127.59 0.00070862
125.702 0.000700807
121.292 0.000631991
132.744 0.000399947
123.589 0.00071892
121.659 0.00064542
121.295 0.000637592
125.714 0.000674653
125.01 0.000619961
125.82 0.000641313
126.151 0.000627236
120.65 0.000609545
124.413 0.00069904
124.961 0.000715647
126.862 0.000728244
123.037 6.78831e-05
124.014 6.7788e-05
125.295 0.000624213
125.038 0.000640148
117.681 0.000635712
121.508 0.000628437
123.753 0.000647194
121.732 0.000650193
125.253 0.000620434
122.832 0.000710003
120.703 0.000624004
121.086 0.000628456
123.425 0.000698331
125.861 0.000614778
124.241 0.00064163
123.634 0.000645391
115.581 0.000691954
125.813 0.000425035
125.022 0.000620778
125.575 0.000617489
122.696 0.000614704
124.171 0.000645696
