124.734 0.000630644
123.772 0.000742693
124.026 0.000676967
125.189 0.000695602
122.666 0.00062483
124.734 0.000683096
127.565 0.000709653
123.857 0.000665068
125.545 0.000649091
124.523 0.000641569
119.244 0.000658323
121.932 0.000600478
126.79 0.000622219
123.565 0.000242643
123.375 0.000350299
127.325 0.000583589
125.835 0.000622628
123.867 0.000694707
126.983 0.000625976
126.047 0.00071888
125.755 0.000614912
127.674 0.000700045
121.831 0.000619565
122.809 0.000678239
126.255 0.000603873
120.866 0.000617061
124.321 0.000480561
128.506 0.000657739
127.43 0.000722325
127.314 0.000633567
123.436 0.000241707
121.921 0.000604953
120.383 0.00062642
125.98 0.000617519
127.235 0.000619879
126.587 9.60067e-05
127.653 0.000617312
122.326 0.000650015
124.641 0.00064065
122.22 0.000672672
122.4 0.000655634
119.542 0.000610104
124.602 0.000627164
129.221 0.000653715
124.261 0.000680546
123.483 0.000520636
124.534 0.000680465
125.817 0.000686905
123.145 0.000689871
122.989 0.000618601
131.14 0.000655318
123.031 0.000617806
123.031 0.000610544
121.569 0.000629826
124.292 0.000715012
122.713 0.000631894
124.604 0.000482714
120.444 0.000642974
124.94 0.000629213
124.154 0.00062193
118.251 0.000617754
127.213 0.000646039
128.046 0.000655726
125.522 0.000695445
124.168 0.000652416
124.59 0.000715084
122.706 0.000642253
124.236 0.000628199
130.189 0.000628909
124.546 0.000665815
124.158 0.000625675
118.949 0.000180004
120.225 0.0004698
119.92 0.000642777
126.795 0.000614626
119.727 0.000601387
126.453 0.000620065
125.69 0.000601282
123.875 0.000625668
123.329 0.000646106
124.849 0.000674707
123.326 0.000704294
124.64 0.000627907
125.679 0.000634757
126.049 0.000602922
124.733 0.000627538
122.215 0.000581421
127.83 0.000704888
123.971 0.000700875
123.646 0.000627741
121.537 0.000671187
121.571 0.000634453
125.812 0.000632712
125.632 0.00062793
117.612 4.50524e-06
121.999 0.000531413
124.582 0.000635029
125.105 0.000615365
124.146 0.00053984
122.036 0.000655156
123.444 0.000620966
126.07 0.000647617
124.515 0.000675566
130.321 0.000674039
121.37 0.000629586
125.381 0.000608856
122.423 0.000597065
125.128 0.000672019
123.588 0.000647079
124.952 0.000621678
122.482 0.000584493
127.794 0.00049278
127.511 0.000423013
129.643 0.000661058
124.493 0.00063504
118.634 0.000633255
124.557 0.000630257
124.906 0.000597568
126.018 0.00070816
151.176 0.000659804
123.252 0.000627158
124.498 0.000641916
126.715 0.0007088
123.164 0.000639451
125.159 0.000633881
125.107 0.000642388
126.979 0.000279726
123.051 0.000628514
119.688 0.000709205
118.491 0.000670263
124.407 0.000700604
124.004 0.000639308
122.066 0.000616577
122.458 0.000613457
124.414 0.000595319
120.695 0.000613789
123.169 0.000644742
124.048 0.000588242
127.145 0.000744198
120.615 0.000676969
123.177 0.000242161
121.589 0.000641182
125.311 0.000617749
119.7 0.000543287
124.896 0.000533203
128.693 0.000539443
123.625 0.000632098
126.299 0.000635359
124.858 0.000665147
125.597 0.000665841
125.337 0.000575884
121.187 0.000588918
119.946 0.000612914
125.251 0.000536723
124.229 0.000710217
123.726 0.000654783
125.181 9.65661e-05
125.455 0.000695779
121.126 0.000655894
123.991 0.000635841
125.838 0.000697987
125.606 0.000668969
123.969 0.000636151
123.246 0.000719189
123.608 0.000649488
124.08 0.000580837
124.388 0.000703621
125.98 0.000633279
127.474 0.000623778
116.476 0.000638287
124.269 0.000637262
131.885 0.000617085
124.477 0.000623861
128.137 0.000668755
125.37 9.71134e-05
124.613 0.000136639
125.568 0.000660375
122.97 0.000617641
123.899 0.000638493
121.59 0.000628261
121.6 0.000701111
122.475 0.000653852
123.973 0.000641628
127.03 0.00068302
122.369 0.000594531
124.799 0.000644689
121.479 0.000640131
128.222 0.000620665
122.47 0.000679703
120.148 0.000684097
124.829 0.000612661
125.04 0.000673256
121.191 0.000724561
125.539 0.000657327
124.611 0.000632451
115.98 0.000709176
124.077 0.000590068
118.092 0.000560874
126.836 0.00071156
127.186 0.000682388
120.69 0.000645198
127.204 0.00013439
116.228 0.00070426
124.239 0.00071301
123.173 0.000678559
127.407 0.000634389
117.935 0.00063619
122.011 0.00063551
119.095 0.00036027
125.158 0.000576017
124.727 0.000621493
124.533 0.000705104
126.659 0.000626404
125.751 0.00063403
124.569 0.000609224
123.799 0.000721599
122.719 0.00067804
124.692 0.000608511
125.257 0.000632894
122.596 0.000610349
125.752 0.000623272
127.264 0.000658636
127.907 0.000646303
127.859 0.00060326
122.426 0.000624022
125.647 0.000498359
124.225 0.000738559
122.012 0.000598077
124.852 0.000598387
122.847 0.00063041
124.089 0.00066062
127.939 0.000654796
122.641 0.000602189
123.093 0.000622953
125.954 0.000701075
124.992 0.000635279
124.524 0.000652938
124.535 0.000316453
129.688 0.000725671
125.307 0.00071889
123.656 0.000703473
116.566 0.000710135
131.89 0.000669988
129.964 0.000629583
125.515 0.000626517
125.328 0.000706535
126.26 0.000724273
126.671 0.000709321
126.218 0.000684983
124.959 0.000634129
121.218 0.000660566
129.086 0.000717343
124.629 0.000642037
125.943 7.22941e-06
124.71 0.000651867
121.741 0.000665509
123.447 0.000623581
125.74 0.000646574
121.572 0.000716972
123.934 0.000605501
120.16 0.000672907
118.428 0.000605376
123.899 0.000664469
124.944 0.000702488
123.247 0.000182859
124.945 1.45658e-06
120.467 0.000633198
123.575 0.000697173
123.969 0.00069504
124.672 0.000641388
128.536 0.000621189
121.198 0.000603758
127.794 0.000630404
121.868 4.54307e-05
127.505 0.000641036
123.477 0.000667602
127.705 0.000640741
121.681 0.000629424
123.381 0.000630501
119.815 0.000716188
128.2 0.000684554
122.054 0.000279181
121.691 0.000726
131.817 0.000664008
124.07 0.000719124
123.234 0.000421462
129.948 0.000608625
131.193 0.000639644
122.023 0.000622529
125.123 0.000651427
124.877 0.000657659
126.421 0.000662899
127.794 0.000625296
124.64 0.000638854
129.362 0.000297069
123.12 0.000646637
123.628 0.000634324
121.524 0.000380471
125.059 0.000614117
117.627 0.000706927
123.975 0.000674806
126.425 0.000658552
122.322 0.000631359
123.157 0.000637859
123.508 0.000493629
122.486 0.000683741
127.44 0.00071042
124.674 0.000638196
124.132 0.000722965
121.911 0.000616018
125.258 0.000667728
124.452 0.000699923
125.637 0.000543379
121.603 0.000636613
126.302 0.000359594
125.47 0.0006279
125.846 0.000673524
121.298 0.000467705
124.652 7.37981e-06
121.149 0.000643952
123.731 0.000129075
124.792 0.000612593
125.475 0.000605131
120.205 0.000713078
124.805 0.00061373
125.575 0.000619793
128.911 0.00064762
125.128 0.000717691
125.677 0.000621147
125.459 0.000700258
125.236 0.00065866
123.881 0.000719329
124.603 0.00056579
125.657 0.000639713
122.688 0.000622437
119.389 0.000670818
129.924 0.000616189
128.341 0.000444717
120.746 0.000652766
126.506 0.000472756
125.345 0.000648605
124.351 0.000705489
125.068 0.000370405
122.152 6.80511e-05
123.479 0.000716581
120.516 0.000630019
123.821 0.000734336
126.208 0.00013451
121.543 0.000638498
120.987 0.000134621
128.151 0.000632852
121.997 0.000645083
124.167 0.000704461
127.029 0.000601057
121.075 0.000704649
123.799 0.000703767
125.642 0.000696868
125.901 0.000725672
128.72 0.000632892
115.564 0.000439034
122.296 0.000746478
124.434 0.000617447
122.1 0.000644452
129.166 0.00063958
122.771 0.000701373
126.415 0.000614778
125.41 0.00062436
122.685 0.000697496
125.037 0.000631122
119.981 0.000718392
128.646 0.000703424
123.342 0.000670921
123.497 0.00065303
122.066 0.000654801
124.98 0.000622178
127.516 0.000651376
124.359 0.000589096
131.8 0.000686744
122.911 0.000663804
122.802 0.000629855
121.773 0.000683533
124.24 6.87092e-05
126.437 0.000671471
123.887 0.000526738
121.296 0.000616603
120.755 0.000612123
124.845 0.000655915
122.397 0.000621165
122.439 0.000635351
126.436 0.000633774
122.463 0.000614339
117.84 0.000647963
125.36 0.000629579
125.702 0.000616223
125.31 0.000647241
125.349 0.00061769
125.069 0.000647414
126.125 0.000566071
120.92 0.0006439
126.327 0.00055673
125.033 0.000638774
123.498 0.000641409
125.37 0.00062727
118.727 0.000716479
129.635 0.000661188
126.09 0.000703223
125.958 0.000650453
128.031 0.000703718
121.65 0.000632349
126.745 0.000679903
122.99 0.000656427
124.112 0.000619352
127.381 0.00069902
126.874 0.000639669
125.995 0.000621766
119.37 0.000623826
122.427 0.00068897
129.48 0.000648842
126.169 0.000625298
125.843 0.00063836
122.269 0.000683807
124.673 0.000574527
127.43 0.000705806
125.941 0.000586098
125.343 0.000634862
124.929 0.000535814
123.818 0.00072032
124.115 0.000618196
126.332 0.000425483
125.372 0.000638035
124.215 0.000679032
132.202 0.000620771
125.351 0.000637489
119.923 0.000438916
125.938 0.000619274
124.767 0.000605956
124.614 0.000351285
122.308 0.000617763
124.113 6.68827e-05
125.567 0.000650929
125.137 0.000617275
121.914 0.000528246
118.747 0.000625872
122.247 0.000689529
121.772 0.000610689
124.334 0.000185487
124.267 0.000596327
122.158 0.000646069
124.414 0.000676887
123.876 0.000631412
123.127 0.000622913
124.128 0.000709805
128.308 0.000599641
126.307 0.000664418
119.418 0.000637231
125.16 0.000626064
128.252 0.000737363
125.656 0.000637304
122.57 0.000698932
124.082 0.000485176
123.382 0.000675238
128.6 0.000488121
126.787 0.000678085
121.783 4.32214e-06
124.683 0.000624366
121.303 0.000709552
124.066 0.00066128
127.237 0.000713071
126.13 0.000424532
125.783 0.000629664
124.286 0.000642809
123.499 0.000627976
124.877 0.000666815
120.616 0.000721548
124.702 0.000623906
120.452 0.000720456
122.479 0.000677484
124.387 0.000647465
118.662 0.000646657
124.138 0.000607363
124.276 0.000307806
122.678 0.000623472
125.271 0.000644816
123.887 0.000592621
127.639 0.000296237
125.034 0.000632073
125.209 0.000719871
124.467 0.000690719
125.534 0.00064685
125.747 0.000635744
125.812 0.000655451
126.544 0.000706515
121.834 0.000561058
120.041 0.000637227
120.415 0.000675577
119.99 0.000677289
127.013 0.000670326
127.731 6.29995e-05
117.523 0.000701258
122.277 0.000621628
126.314 1.90674e-05
126.116 0.000632915
125.208 0.000623131
122.65 0.000796343
122.55 0.0006349
128.256 0.000674699
120.723 0.000624509
124.401 0.000302184
126.207 0.000629189
124.769 9.90961e-05
127.288 0.000666079
117.29 0.000634704
124.499 0.000240315
126.441 0.000705198
121.315 0.000135263
124.543 0.000654355
128.24 0.000627881
124.237 0.000674674
124.364 0.000711779
125.671 0.000409599
125.007 0.000622027
115.721 0.000654828
123.91 0.000637607
125.513 0.000186685
129.78 0.000627142
127.591 0.000651774
124.981 0.000623707
125.833 0.000135389
125.703 0.000679009
121.667 0.000591647
123.725 0.000641646
125.998 0.000629424
125.242 0.000588794
131.848 0.00067363
123.394 0.000488538
124.159 0.0006816
116.654 0.000625622
119.894 0.000625931
124.749 0.000647608
123.375 0.00067678
128.092 0.000620854
120.518 0.000689449
122.605 0.000613508
121.738 0.000627545
124.756 0.000666889
122.974 0.000590496
125.587 0.00063042
126.493 0.000428558
126.754 0.000682729
121.118 0.000619934
127.307 0.000618564
124.741 0.000686605
123.051 0.000717447
126.111 0.000722389
124.743 0.000632438
117.073 0.000771888
125.612 0.000628921
127.489 0.000581803
129.288 0.000646603
134.823 0.000436841
124.636 0.000646558
125.677 0.000640057
123.393 0.000622835
123.867 0.000285396
126.441 0.000595118
127.247 0.000642117
122.529 0.000630444
125.341 0.000702007
126.372 0.000623419
127.529 0.000651843
123.375 0.000650078
121.545 0.000629473
125.407 0.000641315
124.669 0.000627028
124.346 0.000671031
125.502 0.000662742
124.185 0.000703223
125.419 0.000592882
122.723 0.000649842
119.078 0.00064328
122.242 0.00059227
126.029 0.000665475
124.957 0.000642894
117.724 0.000633573
127.461 0.000680214
127.612 0.000713792
123.971 0.000639746
115.759 3.12338e-05
120.617 0.000678243
117.916 0.000649751
124.811 0.000663607
123.718 0.00062598
126.648 0.000657581
122.723 0.000616376
125.557 0.000641097
121.463 2.6361e-06
121.156 0.000692241
131.727 0.000684566
125.133 0.000713923
124.164 0.000663099
125.177 0.000645145
122.848 0.000634122
116.654 0.000652978
125.869 0.000627978
124.815 0.000616624
125.944 0.000649414
123.516 0.000687289
121.081 0.000605917
127.002 0.000678821
124.631 0.000643775
123.391 0.000361214
122.218 0.000623951
121.524 0.000637843
125.178 0.000604578
122.921 0.000720731
122.308 0.00042566
125.229 0.000660027
127.137 4.33779e-06
123.58 0.000624399
124.855 0.000694872
123.166 0.000709091
120.829 0.000608686
125.492 0.000634369
123.002 0.000696486
122.531 0.000604077
122.072 0.000647375
126.314 0.000616525
124.303 0.0006699
121.619 0.000583176
124.611 0.000702785
125.487 0.000632881
124.814 0.000642169
123.235 0.000610355
126.172 9.77358e-05
125.53 0.000623039
123.264 0.000719146
122.683 0.0007044
129.417 0.0006236
123.013 0.000650396
126.068 0.000604115
125.287 0.000622984
124.715 0.000699523
119.907 0.000619799
116.756 0.000695236
124.309 0.000635239
124.007 0.000592049
124.71 0.000680677
123.794 0.000617919
124.317 0.000622029
122.402 0.000632897
121.487 0.000678066
121.495 0.000713221
122.044 0.000697273
125.996 0.000621259
124.851 0.000646482
122.896 0.000622798
127.276 0.000649522
124.454 0.000718074
126.541 0.000641155
124.502 0.000619843
119.963 0.000667878
124.916 0.000709181
123.799 0.000708186
118.672 0.000664499
120.154 0.000651803
124.005 0.000629982
124.241 0.000638406
124.601 0.000673571
126.34 0.000621872
125.105 0.000630233
125.994 0.000625541
124.34 0.000626323
123.38 0.000625446
126.63 0.000657165
125.578 0.000644064
127.204 0.000702145
123.811 0.000637541
126.095 0.000608917
124.951 0.00062664
126.557 0.00059664
121.454 0.000624653
123.592 0.000663536
130.605 0.000672675
124.523 0.000627946
121.805 0.000491569
128.601 0.00064288
125.251 0.000628821
123.691 0.000649429
119.104 0.000593538
123.156 0.000543351
125.513 0.0005965
123.754 0.000584848
121.864 0.000650866
121.27 0.000528461
118.191 0.000691666
124.213 0.000645598
121.978 0.000619784
118.413 0.000663309
123.476 0.000712684
126.099 0.000642101
122.645 0.000637743
123.725 0.000638545
126.353 0.000672006
123.79 0.000616986
127.821 0.000655412
115.361 2.50499e-06
126.448 0.000624938
124.74 0.000613248
122.208 0.000636274
126.604 0.000705583
118.126 0.000693522
125.785 0.00061518
123.758 1.18306e-05
124.231 0.000702539
124.619 0.000657599
123.999 0.000706806
121.465 0.000602218
120.898 0.000641923
124.261 0.000676892
125.87 0.000639636
125.959 0.000662288
128.076 0.000624322
127.882 0.000716589
116.592 0.000699011
124.584 0.000659511
122.13 0.000620263
123.19 0.00018249
128.924 0.000668655
125.983 0.000586437
121.936 0.000621716
123.356 0.000617538
126.401 6.78937e-05
122.214 0.000597826
121.083 6.73368e-05
124.836 0.000647125
129.475 0.000590222
124.787 0.000597432
125.995 0.000185067
121.848 0.000642314
115.944 0.000626055
122.911 0.000416344
125.258 0.000608878
125.459 0.000634171
123.122 0.00061898
124.254 0.00065582
130.178 0.000576764
124.831 0.000626712
115.714 0.000648689
122.954 0.000640718
118.971 0.000617854
124.642 0.000407576
125.889 0.000627814
131.976 0.000698402
121.399 0.000627671
122.779 0.000666121
121.337 0.000588456
116.088 0.000619629
124.698 0.000717726
125.398 0.000644125
122.948 0.000603635
119.802 0.000650015
125.002 0.000629785
117.07 0.000614679
125.911 0.000662559
125.943 0.000535777
122.912 0.000652748
125.064 0.000642298
115.616 0.000701529
117.971 0.000632249
126.191 0.000629616
126.435 0.000731702
124.985 0.000658451
124.665 0.000635498
125.866 6.61489e-05
120.739 0.000692214
122.848 0.000236534
124.885 4.67014e-05
128.217 0.000615332
123.522 0.000630311
122.684 0.000715686
128.029 0.000573166
125.546 0.000638736
122.317 0.000677963
121.446 0.000629543
126.8 0.000668549
125.735 0.000670807
123.223 0.000703576
118.3 0.000626881
125.031 0.000632305
122.13 0.000133914
123.26 0.000576046
125.239 0.000715388
120.296 0.000677698
124.03 0.000304759
125.096 0.000588655
126.776 0.00066296
125.616 0.000134955
125.253 0.000636196
122.072 0.000641114
125.066 0.000482227
123.034 0.00070196
123.801 0.00064511
124.749 0.000659607
115.514 0.000634815
127.05 0.000653375
130.87 0.00065422
122.027 0.00067301
123.36 0.000684758
120.46 0.000610401
125.139 0.000630807
124.935 0.000608929
116.637 0.000675071
124.679 0.000618766
125.372 0.000615494
116.302 0.000641892
124.32 0.00064999
118.798 0.000635501
124.854 0.000591273
122.282 0.000625443
122.113 0.000631347
124.058 0.000676803
117.068 0.000678362
123.376 0.00070661
124.606 0.000667641
118.43 0.000368385
125.97 0.000746664
124.164 0.000624328
124.214 0.000671282
120.915 0.000633589
121.247 0.000660081
121.154 0.000666847
121.777 0.000660801
123.644 0.000622884
125.463 0.000716627
122.849 0.00062648
127.31 0.0010366
124.784 0.000354246
122.36 0.000655455
126.156 0.000697218
127.322 0.000642824
127.725 0.000655312
126.563 0.000628176
127.218 0.000689474
127.185 0.000644921
125.64 0.000612887
127.067 0.000641289
119.695 0.00056867
126.646 4.73329e-05
127.696 0.000630967
122.062 0.000673507
123.787 3.02014e-05
126.234 0.000705237
125.066 0.000635248
126.926 0.000574419
124.354 0.000490504
117.968 0.000596065
116.545 0.000759251
130.011 0.000637962
117.64 0.000663874
126.73 0.000644047
127.398 0.000637996
130.855 0.000591649
127.131 0.000646742
123.037 0.00062036
121.918 0.000625383
121.883 0.000699152
124.943 0.000637573
123.891 0.000669773
124.138 0.000642496
119.047 0.00062308
123.855 0.000587227
120.746 0.000708187
122.921 0.000596065
116.862 0.000658741
123.82 0.000625721
124.317 0.000625885
125.188 0.000692177
122.995 0.000630141
123.592 0.000710015
120.749 0.000639285
127.063 0.000736074
122.219 0.000641079
127.596 0.000631173
122.172 0.000707464
123.586 0.000728047
123.947 0.000674947
118.687 0.000643841
121.972 0.000665892
124.582 0.00059965
121.039 0.00067213
126.78 0.000645864
125.529 0.000643966
126.78 0.000714616
126.067 0.000627369
123.275 0.000680548
125.759 0.00062798
122.549 0.000646082
116.366 0.000700219
123.459 0.000630932
124.46 0.0007203
124.512 0.00061619
124.72 0.000668399
124.983 0.000678132
123.729 0.000656743
124.619 0.000632924
119.221 0.000646701
120.943 0.000643812
119.888 0.000631581
123.393 0.000621098
124.753 0.000644475
126.57 0.000635964
127.021 0.000658351
120.662 0.000624039
124.115 0.00061757
125.2 0.000733562
122.075 0.000136372
124.588 0.000629993
126.68 0.000662259
123.598 0.000710014
122.545 0.000708015
124.817 0.000681459
125.67 0.000565943
119.979 0.000631861
121.406 0.000589935
125.797 0.000633371
121.91 0.00063823
122.26 0.00070939
117.668 0.000587144
125.972 0.000635369
125.515 0.000666104
117.931 0.000628493
123.972 0.00065098
122.166 0.000585693
122.094 0.000631862
117.704 0.000710193
126.772 0.000754381
121.965 0.000650283
123.295 0.000626106
127.1 0.000555322
123.515 0.000138039
124.987 0.000638654
123.021 0.000606954
127.558 0.000663148
126.698 0.00071575
121.911 0.000627191
122.51 0.000648122
125.582 0.000602726
125.428 0.000586638
122.724 0.000649634
123.579 0.000136132
124.17 9.00883e-05
123.236 0.000517526
124.144 0.000634489
125.645 0.000607683
125.864 0.000681856
116.492 0.000642735
121.989 0.000704558
125.246 0.000637079
119.404 0.000566726
120.27 0.00063056
126.899 0.00065961
123.438 0.000641385
122.705 0.000621979
124.105 0.00063155
125.466 0.000648365
126.294 0.000638944
124.144 0.000700685
124.437 0.000642826
122.39 0.000639791
125.397 0.000647202
123.741 0.000626293
123.32 0.000672832
126.2 0.000649056
126.962 0.000641295
126.838 0.000721672
124.415 0.000613636
124.806 0.000629241
123.42 0.000655111
126.252 0.000643833
119.694 0.000630131
127.742 0.000614225
124.898 0.00061525
125.679 0.000659796
121.547 0.000709606
116.556 0.000616853
124.914 0.000712888
123.473 0.000713995
124.336 0.000604276
122.691 0.000647968
123.515 0.000615327
120.706 0.000690594
125.129 0.000701944
123.814 0.000627496
126.212 0.000583408
131.056 0.000884415
122.132 0.000654877
127.162 0.000627861
126.219 0.000613795
118.418 0.000618079
120.002 0.000703078
125.828 0.000631445
126.151 0.000625746
130.014 0.000707219
124.375 0.000575701
123.778 0.000636499
125.722 3.11213e-05
123.425 0.000616739
123.188 0.000645801
119.472 0.00065318
123.903 0.000302809
124.516 0.000620215
125.588 0.000690569
124.063 0.000626604
125.77 0.00064826
122.35 0.000647811
124.796 9.68847e-05
127.559 0.000626767
123.388 0.000633516
126.239 0.000644286
122.056 0.000594609
119.609 0.000659352
125.738 0.000710303
121.047 0.000357444
124.138 0.000723374
126.4 0.000626616
125.927 0.000631759
126.203 0.000616653
126.594 0.000647723
125.483 0.000577165
125.102 0.000628352
124.84 0.000623904
126.01 0.000591127
122.416 0.000596608
123.513 0.000622325
117.907 0.000612601
124.073 0.000660379
122.894 0.000720261
124.553 0.000620613
127.496 0.000669643
123.986 0.000652933
121.174 0.000668978
126.541 0.000627109
121.923 0.000679423
125.832 0.000695993
125.716 0.000614208
126.168 0.000667862
124.452 0.000641912
129.338 0.000608345
128.884 0.000682009
123.77 0.000184752
123.241 0.000648025
123.776 0.00071439
124.189 0.000613333
123.505 0.00065986
130.386 0.000639003
124.092 0.000677609
124.013 0.00022845
121.565 0.000668462
125.303 0.000654106
127.603 0.000715811
124.941 0.000653518
125.962 0.00046794
124.083 0.000367173
122.422 0.000668303
123.894 0.000721955
123.514 0.000623822
125.467 0.00067643
122.946 0.000638243
124.749 0.000708576
128 0.000658436
127.861 0.000628952
127.632 0.000690598
123.766 0.000659966
124.158 0.00067491
117.168 0.000530298
121.312 0.000134505
127.411 0.000620827
123.023 0.000693093
125.716 0.000643998
126.387 0.000631451
130.488 0.000668348
127.057 0.000699172
119.612 0.000655008
123.199 0.000642002
121.277 0.000659385
125.477 0.000628231
124.022 0.000646844
127.667 0.000699143
120.69 0.000644837
118.249 0.000609916
122.711 0.00061801
121.873 0.000625049
119.507 0.000540124
123.082 0.000689808
121.064 0.00060709
124.125 0.00048573
126.605 0.000651324
127.226 0.000634338
124.694 0.000707872
125.859 0.000629123
124.78 0.000641823
122.283 0.000616017
125.972 0.000677436
120.426 0.000626729
124.832 0.000621996
118.703 0.000663866
125.274 0.000633951
130.003 0.000692179
119.934 0.000710592
122.935 0.000622518
123.425 0.000487392
125.897 0.000654421
125.434 0.000617113
127.999 0.000644466
123.278 0.000570339
125.975 0.000634635
125.18 0.000708881
123.914 0.000633612
124.981 0.00061476
124.686 0.000643334
126.245 0.000655654
124.346 0.000626288
119.884 0.000623763
125.931 0.000597825
123.777 0.000595383
124.99 0.000657965
119.859 0.000597734
126.927 0.000606901
129.007 0.00059311
126.732 0.000630392
124.163 0.000583403
121.249 0.00060982
125.395 0.000659933
124.463 0.000241833
124.164 0.000626011
123.597 0.000659363
124.328 0.000698559
121.445 0.000581736
121.853 0.000600529
122.336 0.000746762
126.853 0.000681986
116.76 0.000618449
124.102 0.00068048
127.691 0.000640884
124.107 0.000655223
120.282 0.000674397
120.384 0.00062207
118.763 0.000622057
123.613 0.000625595
122.497 0.000698045
126.9 0.000631067
129.131 0.000627326
123.658 0.000559881
127.777 0.000631688
122.941 0.000620747
119.682 0.000742249
118.719 0.000659637
123.588 0.000634912
124.98 0.0007049
125.973 0.000595651
128.731 0.000668628
123.56 0.000696306
123.378 0.000675532
124.072 0.0006445
123.678 0.00068235
119.641 0.000689604
118.78 0.000612339
125.628 0.000704335
121.255 0.000587837
118.601 0.000688888
127.935 0.000639353
126.223 0.000601005
127.631 0.000652626
127.854 0.000604873
132.358 0.000616979
115.74 0.00064722
124.48 0.000577186
123.29 0.000626375
124.863 0.000636333
125.426 0.000650345
124.854 0.000715954
120.033 0.000632786
123.648 0.000628216
124.883 0.000650979
125.836 0.000709731
125.228 0.000651969
125.362 0.00065157
128.181 0.000716498
125.066 0.000648857
121.225 0.000674869
132.099 0.000652111
123.058 0.000640359
124.07 0.000604774
119.022 0.000699938
122.398 0.000596294
127.021 0.00062232
117.035 0.000547623
120.334 0.000495048
120.682 0.000648728
125.429 0.000432078
125.339 0.000613238
124.85 3.07174e-05
126.665 0.000621823
125.07 0.000646584
124.223 0.000646231
126.9 0.000660518
125.707 0.00063219
131.088 0.000602423
124.816 6.70269e-05
123.644 0.000632214
124.462 0.000634685
129.954 0.000627003
123.958 0.000628562
127.605 0.00040012
124.732 0.000681518
125.791 0.000629703
123.221 0.000638704
120.329 0.000755051
127.2 0.00062443
126.918 0.000653194
125.082 0.000703176
125.593 0.000639193
119.383 0.000627271
126.334 0.000631426
125.5 2.99445e-05
120.162 0.000583014
126.449 0.000125084
155.153 0.00071637
124.298 0.000630683
123.456 0.000638518
122.696 0.000685855
124.562 0.000580124
124.298 0.000632591
122.426 0.000627002
128.228 0.000590831
125.383 0.000704265
123.091 0.000578345
126.049 0.000612136
120.803 0.000676183
124.675 0.00062027
125.366 0.000669819
122.762 0.000627231
122.076 0.000630819
122.22 0.00053682
123.125 0.000621097
123.89 0.000642748
124.827 0.000666276
127.611 0.000626975
122.532 0.000618129
124.464 0.000660722
125.322 0.000654989
125.236 0.000731637
129.739 0.000625351
131.636 0.000716981
124.483 4.51177e-05
127.368 0.000650617
122.782 0.000222709
123.092 0.000622843
122.961 0.000671033
125.152 0.000641739
124.941 9.78316e-05
122.029 0.000639312
120.076 7.46214e-06
123.882 0.0006684
121.816 0.000761234
125.208 0.00069813
125.263 0.000653315
116.477 0.00066551
122.534 0.000717514
119.995 0.000429708
122.453 0.000615045
124.158 0.000620239
124.31 0.000635072
127.389 0.000635435
124.48 0.000629315
125.018 0.000705702
124.533 0.000627637
127.855 0.000599363
123.051 0.000686085
125.622 0.000646307
122.613 0.000657605
128.796 0.00065268
122.588 0.000627862
127.003 0.000696485
117.94 0.000686385
130.213 0.000639248
123.336 0.000617274
121.454 0.000721684
124.526 0.000626401
129.802 0.000648225
126.409 0.000592136
125.284 0.000683803
124.439 0.000622336
124.501 0.000645913
126.583 0.000706671
129.08 0.00063361
123.1 0.000599404
122.504 0.000672632
125.199 0.000655636
124.054 0.000478474
127.894 0.000428078
117.66 0.000646338
117.329 0.000625688
124.97 0.000618089
122.227 0.000619821
118.571 0.000622282
119.19 0.000642837
124.738 0.000435413
125.478 0.000618323
121.986 0.000706337
125.244 0.000722287
124.181 0.000618673
126.41 0.000404098
121.569 0.000582265
120.806 0.000636155
124.953 0.000620316
120.202 0.000717926
122.345 0.000602827
123.158 0.000637999
120.992 0.000601915
123.956 0.000682325
123.31 0.000618029
128.985 0.000656084
123.448 0.000717143
122.726 0.000632251
123.604 0.000620218
116.084 0.000608784
121.213 0.000701133
126.47 0.000642256
125.478 0.000648361
126.53 0.000691945
128.701 0.000742995
123.521 0.000659054
122.628 0.000645768
124.116 0.000624476
123.116 0.000632237
125.037 0.00059762
124.277 0.000611139
123.229 0.000709634
124.719 0.000650632
124.178 0.000619641
123.36 0.000640768
126.441 0.000567211
119.886 0.000653528
126.422 0.000655605
121.913 0.000648659
121.761 0.000920593
124.926 0.00063523
120.025 0.000485922
123.237 0.000624223
128.114 0.000739991
122.495 0.000652784
121.365 0.000658999
123.894 0.000590811
121.249 0.000422379
126.355 0.000700107
123.212 0.000621397
123.9 0.00062971
126.849 0.000648245
120.146 0.000699564
128.82 0.000653994
124.682 0.000639924
115.651 0.000630522
125.612 0.000651126
125.161 0.000444211
125.961 0.000619617
124.808 0.000302638
131.58 0.000145153
128.101 0.000601814
123.004 0.000298668
120.469 0.000641167
126.87 0.000699458
121.619 0.000640483
124.937 0.000655007
126.452 0.000628626
126.773 0.000622789
125.523 0.00060343
119.135 0.000239934
124.798 0.000239168
120.098 0.000625992
126.101 0.000658808
126.098 0.000626805
124.911 0.000671465
125.754 0.000296605
120.184 0.000734008
123.904 0.000657286
124.504 0.00065671
123.95 0.000642653
124.738 0.000652045
121.91 0.000652253
123.448 0.000643747
115.18 0.000631481
126.314 0.000651167
125.55 0.000637094
124.178 0.000634773
125.204 0.000629571
121.83 0.000626802
121.827 0.000666988
118.946 0.000615042
124.69 0.000712572
124.156 0.000699352
123.71 0.000660866
119.406 0.00061073
120.53 0.000690841
125.239 0.000737322
124.807 0.000599484
122.14 4.40487e-07
124.584 0.000630874
126.122 0.00065808
127.203 0.00067929
123.097 0.000660621
123.264 0.000649689
126.071 0.000589166
130.022 0.000624436
124.62 0.000695223
126.427 0.000716362
124.293 0.000594068
124.16 0.000599259
118.417 4.74095e-05
124.558 0.000676971
128.158 0.000671073
125.492 0.000617026
124.886 2.96528e-05
126.312 0.000646313
124.235 0.0006147
127.668 0.000618813
126.773 0.000650638
125.824 0.000568426
120.171 0.000699133
124.348 0.000718277
124.952 0.000660717
123.755 0.000621798
123.08 0.000648761
127.282 0.000715108
126.045 0.000353104
125.63 0.000618861
123.503 0.000545153
127.682 0.000609045
120.951 0.000179285
124.688 0.000631094
124.368 0.000186249
127.926 0.00062771
120.741 0.000675826
124.619 0.000703269
128.554 0.000602042
126.937 0.000648489
125.93 0.00062284
126.104 0.000347666
119.113 0.000643334
117.948 0.00064764
124.077 0.000624572
126.638 0.000644107
117.466 0.000669801
124.954 0.000642328
127.133 0.000622059
126.648 0.00061658
122.751 0.000643541
120.229 0.000609478
123.829 0.000187395
126.665 0.000659391
125.33 0.000618991
125.212 0.000627764
124.956 0.000610502
125.379 0.000489052
123.392 0.00030309
123.03 0.000625352
128.094 0.000669011
117.594 0.000632769
124.87 0.000715466
121.167 0.000653742
130.426 0.000617063
127.764 0.000636547
124.153 0.000637241
119.764 6.98725e-06
125.28 0.000575958
124.547 0.000612882
125.971 0.000636131
127.061 0.000620192
125.72 0.000587498
124.884 0.000586194
120.156 0.00073671
128.186 0.000599667
126.48 0.000613695
123.575 0.000663173
123.33 0.000721446
121.37 0.000673666
126.32 0.000673858
124.532 0.000669091
121.534 0.000712884
133.114 0.000704262
122.815 0.000618505
126.511 0.000627399
127.274 0.000659426
123.278 0.000365482
116.02 0.000658834
125.056 0.000703338
123.318 0.000631309
121.267 0.000645133
119.457 0.000662672
125.997 0.0006576
125.482 1.89543e-05
122.711 0.000570204
124.625 0.000653221
126.256 0.000582277
124.587 0.000643493
121.601 0.000625558
127.403 0.000585958
126.686 0.000722172
121.769 0.000638228
123.405 0.000436837
126.095 0.000661657
125.024 0.000625642
121.433 0.000554747
125.246 0.00064527
124.743 0.000637246
124.869 0.00029971
123.688 0.000135704
124.785 0.000614336
125.25 0.000634466
126.461 0.000648079
121.233 0.000671569
123.069 0.000676846
124.916 0.00063062
124.53 0.000721987
124.979 0.000609412
125.248 0.00071261
123.135 0.000649014
121.661 0.000562355
125.107 0.000637084
125.78 0.000604418
125.804 7.229e-06
126.51 1.8961e-05
125.189 0.000715301
127.713 0.000707957
123.736 0.000240118
123.151 0.000487889
127.806 0.000720321
118.763 0.000578388
125.981 0.000621097
125.313 0.000620109
126.925 0.000623176
122.022 0.000650659
127.223 0.000618545
118.576 0.000697327
123.675 0.000647241
122.482 0.000632948
122.748 0.000777614
121.95 0.000615336
116.461 0.000636408
125.316 0.000622025
126.032 0.000709876
125.574 0.00061836
125.257 0.000650731
122.776 0.00062576
122.974 0.000293712
123.651 0.000638149
126.98 0.000606115
125.802 0.000645272
122.804 0.000709884
121.023 0.000624616
123.747 0.000619542
125.462 0.000487204
124.419 0.000616624
128.584 0.000661719
125.823 0.000628737
125.812 0.000622954
117.792 0.00066879
122.523 0.000658075
121.126 0.000127024
125.826 0.000695955
123.72 0.000666119
122.438 0.000617609
122.284 0.000644953
128.505 0.00069749
123.433 0.000682448
125.992 0.000615865
124.017 0.00018336
124.064 0.000707414
123.385 0.000648458
124.782 0.000641945
124.628 0.000735298
127.499 0.000898791
127.448 0.000296928
128.338 0.000492933
121.116 0.000629631
123.195 0.000705212
129.141 0.00074828
123.066 0.000304071
125.641 0.000583025
123.174 0.000613099
123.178 0.000604014
117.119 0.000738999
124.031 0.000631812
122.212 0.000363338
122.144 0.000630249
122.629 0.000243349
126.349 0.000624488
123.803 0.000705519
129.087 0.000709232
126.357 0.000732747
123.768 0.000635907
129.167 0.00064195
122.752 0.000686142
126.183 0.000713204
125.334 0.000649694
124.126 0.000623504
122.295 0.000614907
121.403 0.000694122
124.663 0.000703851
121.327 0.000628154
122.873 0.000683212
124.518 0.000624691
129.65 0.000608156
125.032 2.9343e-05
125.101 0.000573452
126.829 0.0005328
132.176 0.000634467
117.443 0.000716994
125.087 0.000701554
122.714 0.000717733
119.49 0.000634773
124.339 0.000653553
125.589 0.000654349
123.72 0.000629922
117.254 0.000684559
120.314 0.00062718
122.957 0.000621974
122.921 0.000670721
125.657 0.000657874
125.329 0.000712044
118.023 0.000597757
126.002 0.00068324
125.906 0.000612782
124.731 0.000664515
124.288 0.00059726
124.198 0.000640348
124.757 0.000628358
120.74 0.000627044
126.654 0.000648019
124.655 0.000642157
118.84 0.000615951
127.395 0.00071249
124.922 0.000638589
122.299 0.000600845
124.936 0.000739339
128.005 0.000138942
122.302 0.000669353
124.912 0.000501159
126.506 0.00065533
127.25 0.000628347
122.169 0.000634453
123.976 0.000618726
118.838 0.00065148
126.377 0.000645163
126.851 0.00066879
124.883 0.000626523
125.569 0.000656953
125.38 0.00059716
126.816 0.000570362
121.266 0.000657458
127.469 0.000636664
119.642 0.000717121
124.113 0.000628719
121.643 0.000670748
124.883 0.000657781
124.842 0.000702321
123.847 0.000442828
125.782 0.000170075
127.714 0.000731753
123.654 0.000728498
120.739 0.000638888
125.797 0.000621925
122.001 0.000610469
123.281 0.00064492
122.506 0.00062528
124.322 0.000643595
126.073 0.000638705
131.903 0.000617183
123.853 0.000607341
128.299 0.000582437
125.839 0.000621598
119.911 0.000717296
128.116 0.000648349
125.781 0.000598508
128.775 0.00066535
124.864 0.000624313
126.902 0.00066113
123.242 0.000646587
124.651 0.00063825
123.335 0.000693525
120.01 0.000635142
117.524 0.000652907
121.143 0.000656211
126.103 0.000620596
127.374 0.000599084
121.976 0.000102422
125.958 0.000674016
123.577 0.000694196
129.552 4.59271e-05
120.416 0.000699782
124.725 0.000406067
121.963 0.00061127
125.907 0.000477575
124.214 0.000641731
118.988 0.000628987
124.589 0.000297313
127.136 0.000692691
126.174 0.000635911
124.104 0.000701207
121.693 0.000631615
125.83 0.000719674
126.377 4.43437e-07
125.996 0.000659868
123.406 0.000627236
122.142 0.000630835
127.18 0.000604428
128.888 0.000715649
121.738 0.000651941
121.166 0.000682984
126.873 0.000703871
122.576 0.000635379
128.492 0.000602305
122.913 0.000622561
117.829 0.000629046
129.701 0.000134457
125.594 0.000699149
125.371 0.000714955
127.881 0.000277915
115.825 0.000600707
125.482 0.000701813
124.02 0.000645828
130.315 0.000658641
126.251 0.000540827
128.812 0.000713136
127.936 0.000640485
125.02 0.000736464
126.368 0.000675033
130.35 0.000649564
122.647 0.000613089
123.728 0.000636332
125.76 0.000612582
123.462 0.000579386
124.034 0.000722669
121.364 0.000700697
126.124 0.000650506
124.109 0.000613111
125.432 0.000631708
125.119 0.000624328
115.651 0.000185997
126.806 0.00060917
124.234 0.000701053
121.923 0.00071412
126.2 0.00072223
115.381 0.000681165
126.141 0.000535352
120.571 0.000621938
125.255 0.000647833
124.985 0.00063176
120.777 0.000632873
123.014 0.0006938
124.246 0.000636067
124.518 0.000698194
123.211 0.00070676
119.253 0.00070931
123.075 4.70007e-05
122.619 0.000719592
116.007 0.000299016
126.227 0.000638916
123.225 0.000698618
125.504 0.000621723
123.842 0.000623559
125.581 0.000593104
125.006 0.000642708
126.178 0.000624356
125.516 0.000637397
124.281 0.000653956
126.718 2.95905e-05
125.204 0.000705491
125.879 0.000570015
122.618 0.000628006
127.919 0.000628405
124.623 0.000623648
122.073 0.000697439
121.75 0.000678387
121.505 0.000596086
122.534 0.000605242
123.603 0.000541767
127.493 0.000590892
124.869 0.00065572
123.32 0.000617573
120.652 0.00072698
120.387 0.000628514
126.398 6.80223e-05
128.791 0.000642813
124.557 0.000540009
121.75 0.000705694
123.917 0.000665448
127.708 0.000618359
125.09 0.000621444
124.94 0.000655781
126.029 0.00065508
124.664 0.000720449
124.237 0.000619935
140.407 0.000669572
124.129 0.000633669
118.679 0.000595126
123.799 0.000373661
122.773 0.000632866
126.781 0.000650353
126.282 0.000629255
127.858 0.000651867
127.579 0.000542662
120.429 0.000734801
121.219 0.000674733
124.904 0.000650594
123.722 0.000648248
124.779 0.000619131
122.34 0.000688179
121.771 0.000500284
128.042 0.0006337
126.743 0.00063552
125.465 0.000298048
122.611 0.000585424
123.992 9.21286e-07
126.73 0.000638124
123.277 0.000646935
122.512 0.000614701
124.299 0.000721052
122.411 0.000301124
126.425 0.000572464
124.22 0.000619947
122.974 0.000647404
124.492 0.000639979
126.818 0.000242068
124.459 0.000625222
121.673 0.000645038
127.933 0.000610964
128.783 0.000627676
123.035 0.00054296
121.324 0.000687157
118.848 0.000638044
122.624 0.000668405
127.131 0.000628178
122.544 0.000624081
126.416 0.000647728
121.584 0.000719279
123.8 0.000606361
122.336 0.000646779
124.651 0.000645076
118.716 0.000622195
124.471 0.000616376
125.904 0.000617674
120.266 4.37476e-05
126.307 0.000663063
126.505 0.00061145
130.016 0.000723289
122.318 0.000701611
123.114 0.000715267
127.997 0.000647061
125.525 0.000614614
131.982 0.000677778
163.658 0.000713922
128.957 0.000575242
121.924 0.000423511
126.556 0.000651119
126.185 0.000709556
124.89 0.000184623
126.095 0.000712568
123.041 0.000697683
122.774 0.000626975
126.853 0.000642755
122.777 0.000622398
128.537 0.000643516
121.886 0.000648101
124.588 0.000627989
124.289 0.000660279
125.769 0.000620417
125.857 0.000641631
123.373 0.000134901
122.922 0.000601848
117.306 0.000625362
121.35 0.000605842
119.813 0.00064542
126.698 0.000632345
121.317 0.000135115
121.378 0.000660099
124.135 0.000676727
124.556 0.00061939
119.617 0.000486981
124.263 0.000715269
124.514 0.000623183
129.359 0.000678565
124.205 0.000632581
123.121 0.000622189
122.084 0.000639151
121.107 0.000665171
121.843 0.000729541
128.311 0.000652883
123.757 0.000662559
121.472 0.000674893
124.131 0.000661405
122.12 0.000606861
123.565 0.000702604
124.226 0.000655215
125.747 0.000450407
122.044 0.000622136
124.043 0.00067216
123.456 0.000615372
123.588 0.000628056
122.268 0.000614574
127.06 0.000641376
118.693 7.19141e-06
126.084 0.000586077
123.946 0.000743156
123.956 0.000642998
125.926 0.000623389
125.508 0.000643927
124.492 0.000672664
125.892 0.000706373
126.316 9.61424e-05
122.608 0.000614092
125.399 0.000605901
127.612 0.000617865
124.116 0.00065847
127.39 3.14224e-05
123.683 0.000619354
126.089 0.000684282
119.521 0.000621875
120.35 0.00061133
122.639 0.000651438
122.25 0.000590608
122.46 0.000622307
127.666 0.000614239
122.464 0.000621068
118.929 0.000599253
125.237 0.00070485
123.651 0.000644889
118.644 0.000611976
125.636 0.000418468
123.704 0.000632129
123.376 0.000646862
122.522 0.000645492
124.55 0.000713649
122.503 0.000641619
129.744 0.000630757
125.407 0.000651471
124.058 0.000731251
125.494 0.000624325
123.033 0.00055742
123.065 9.61899e-05
124.884 0.000612579
127.866 0.000629344
125.162 0.000397399
126.472 0.000672158
125.962 0.000240127
123.914 0.000649522
124.498 0.000704477
121.206 0.000501963
124.466 0.000538964
122.982 0.000623783
121.239 0.00068351
124.415 0.000619568
124.768 0.000566703
124.281 0.000626203
125.133 0.000619438
123.439 0.00063069
126.093 0.000444435
129.453 0.000629923
127.732 0.000636073
121.097 0.000632606
124.385 0.000625556
126.147 0.000653575
125.486 0.000646145
123.873 0.000615624
121.649 0.000743111
123.984 0.000623584
117.304 0.000654496
120.853 0.000532768
126.357 0.000623455
123.761 0.000648389
116.506 0.000640662
119.933 0.000649672
123.846 0.000624646
125.858 0.000632199
122.444 0.000648782
123.944 0.000707584
123.894 0.000648938
124.319 0.000618762
125.55 0.000573173
123.657 0.000648701
123.256 0.000618659
123.307 0.000669692
124.113 0.000606072
126.097 0.000696545
125.648 0.000130076
127.032 0.000649925
124.888 0.000645888
118.646 0.000619028
123.328 0.000614395
125.237 0.000663568
123.752 0.000703114
125.963 0.000607545
119.401 0.000643351
125.651 0.00070545
126.284 0.000133721
120.959 0.0006918
125.334 0.000656953
121.963 0.000639458
126.566 0.000717577
118.601 0.000723607
120.923 0.00063268
124.246 0.000618468
125.025 0.0006733
118.018 0.000613577
123.922 0.000655137
124.694 0.000676904
124.341 0.000695132
124.001 0.000595293
126.088 0.000640513
123.854 0.000632658
121.074 0.000641901
127.048 0.000674413
127.415 0.000705961
130.356 0.000635144
125.894 0.000370136
124.901 0.000628746
125.341 0.00062528
124.636 0.000666835
127.357 0.000409359
123.735 0.000617247
128.754 0.000642594
124.528 0.000633337
128.059 0.000489433
120.383 0.000670486
126.849 0.000607868
124.982 0.000717485
122.927 0.000100524
124.878 0.000544069
126.065 0.000718839
124.025 0.000617316
122.767 0.000705165
123.164 0.000708227
124.868 0.000712836
121.43 0.000522033
121.498 0.000621811
122.11 0.000657131
126.966 0.000536623
122.915 0.000626963
123.132 0.00061591
126.904 0.000637973
124.255 0.000617557
123.532 0.000243708
122.138 0.000642949
125.232 0.000653443
129.502 0.00055577
125.54 0.000639428
126.617 0.000651435
124.254 0.000624598
120.188 0.000660859
123.651 0.000657016
126.206 0.00024308
125.284 0.000239915
117.104 0.000596275
122.392 0.000630884
125.208 0.000100662
132.011 0.000696775
124.089 0.000631785
121.181 0.000633984
126.842 0.00063312
123.317 0.000595336
124.835 0.000638012
124.838 0.000634871
123.378 0.00063002
124.493 0.000578464
127.235 0.000809151
125.255 0.000604878
123.11 0.000591429
119.723 0.000574492
125.64 0.000636883
126.026 0.000714426
122.814 0.000651731
126.631 0.000734388
122.903 0.000663495
126.081 0.000628533
119.96 0.000583978
120.562 0.000615185
126.036 0.000546987
123.676 0.000646759
121.876 0.00069682
121.77 0.000733967
123.452 0.000657455
126.524 0.000620523
124.14 0.000615718
125.095 0.000618596
127.164 0.000672354
123.506 0.000637424
124.008 0.000179181
128.316 0.000607116
124.292 0.00065053
127.426 0.000644891
121.961 0.000624738
130.97 0.000656971
126.061 0.000627682
128.471 0.000633864
126.909 0.000178377
126.929 0.000654649
126.232 0.000618614
126.89 0.000636056
120.351 0.000720307
121.895 0.000637428
124.868 0.000652484
122.128 0.000620409
118.083 0.00062525
126.859 0.000638474
124.092 0.000616963
122.963 0.000626588
122.491 0.000628185
121.486 0.000656581
123.589 0.000575546
118.233 0.000622253
121.419 0.000628814
126.551 1.87344e-05
124.29 0.000627329
120.34 0.000707135
121.17 0.000720978
122.673 0.000636788
127.031 0.000641587
122.872 0.000716109
125.722 0.000714104
122.195 0.000645615
120.033 0.000698349
131.649 0.000656705
127.401 0.000618427
120.986 0.000650594
125.689 0.000606195
124.957 0.00068172
124.459 0.000621694
122.883 0.000647687
125.054 0.000649387
124.944 0.000623659
124.929 0.000641434
120.391 0.000634686
125.462 0.000660296
126.909 0.00071684
126.145 0.000610516
119.009 0.000674244
123.622 0.000537996
128.471 0.000557431
125.472 0.000665009
125.801 0.000606365
125.933 0.000717131
124.958 0.000664131
124.01 0.000654581
122.538 4.59074e-05
124.752 0.000649461
117.477 0.000643806
127.955 1.7619e-05
119.227 0.000666029
123.951 0.000594853
124.343 0.000642997
129.042 0.000650037
126.439 0.000602919
124.146 0.000547795
124.452 0.000631245
126.316 0.000613673
131.137 0.000182178
120.023 0.00068821
119.415 0.000593421
122.939 0.000618646
124.415 0.000542264
120.826 9.78021e-05
118.261 0.000742841
117.794 0.000249991
124.333 0.000648731
124.686 0.000556435
127.309 0.000573039
121.07 0.000627848
123.666 0.000643293
127.131 0.000628925
124.596 0.000624959
125.432 0.00062552
117.5 0.000716841
126.424 0.00062027
124.957 0.000539339
126.23 0.000625001
118.007 0.000629767
125.55 0.000637976
123.914 0.000670591
122.279 0.000605934
124.078 0.000635091
129.652 0.000701165
127.512 0.0006359
124.364 0.000725009
125.884 0.000625518
126.723 0.000607772
123.548 0.000682756
124.46 0.00071083
125.417 0.00066446
125.282 0.000620315
125.587 0.000715145
127.35 0.00066689
123.36 0.000626452
126.832 0.000622209
127.854 0.000710792
124.279 0.000729992
124.907 0.000700833
122.178 0.000626681
124.321 0.000641097
122.284 0.000619233
122.092 0.00063445
122.167 0.000655349
125.046 0.000749922
122.569 0.000657367
130.023 0.000611212
116.482 0.000624314
125.187 0.000698098
126.075 0.000622443
125.181 0.000629199
125.791 0.000648992
127.763 0.000652581
123.576 0.000572205
123.791 0.000653765
121.322 0.000637277
123.221 0.000627236
122.998 0.000596151
120.539 0.000682231
125.106 0.000694018
124.142 0.000613324
123.152 0.000632091
125.14 0.000661254
121.602 0.000611854
123.375 0.000661969
122.304 0.00063669
125.546 0.000615503
122.869 0.000628911
128.014 0.000674141
124.813 0.000645215
122.154 0.000669739
123.7 0.000592072
123.632 0.000670278
122.075 0.000621087
124.724 0.000740507
123.115 0.000711526
125.396 0.00062473
122.98 0.000608237
125.706 0.000595157
123.294 0.000677327
129.686 0.000626618
123.625 0.000639389
125.379 0.000649184
125.364 0.000484106
124.594 0.000624028
122.785 0.000614051
126.185 0.000645261
127.973 0.000405964
125.073 0.000535213
123.096 0.000734231
123.357 0.00062402
120.704 0.000686563
121.729 0.000583458
123.379 0.000643487
124.841 0.000696642
124.027 0.00065449
126.251 0.000719307
124.876 7.20988e-06
121.462 0.000639288
124.358 0.000694296
124.734 0.000653072
121.028 0.000240947
120.359 0.000626054
126.434 0.000711959
123.039 0.000183489
120.022 0.000692889
115.812 0.000602562
126.184 0.000693811
118.087 0.0007273
126.816 0.000693614
122.351 0.000704638
121.775 0.000576131
126.415 0.000594409
124.352 0.000623154
126.793 0.00062129
123.559 0.000637999
118.592 0.000565117
123.499 0.000626764
123.621 0.000627723
121.162 0.000629494
123.781 0.000658793
120.336 0.000638472
124.136 0.000676172
125.302 0.000580428
126.251 0.000702353
130.233 0.00062288
124.785 0.000572053
124.059 0.000634442
120.227 0.000654047
119.963 0.000649115
126.431 0.000729454
123.386 0.000618108
129.483 0.000697385
121.323 6.77599e-05
128.058 0.000490446
123.836 0.000612833
123.267 0.00058937
125.658 0.000644794
123.212 0.000665728
117.278 0.000632006
118.338 0.000688781
125.181 0.000665461
130.479 0.000642252
128.439 0.000609926
123.027 0.000619115
124.227 6.76799e-05
126.06 0.000578999
120.982 0.000626157
122.01 0.000687245
127.383 0.000620742
119.534 0.000618696
125.413 7.29698e-06
121.425 0.000641097
122.994 0.000682727
125.37 0.000637098
121.77 0.000627986
118.999 0.000574209
126.004 0.000642518
126.304 0.000578457
125.627 0.000632789
124.865 0.000662947
125.721 0.000642009
123.782 0.000626687
125.154 0.000684378
129.197 0.000655376
124.839 0.000376061
123.515 0.000621111
120.124 0.000632061
125.692 0.000641621
127.42 0.000624258
125.363 0.000660102
124.236 0.000712422
120.953 0.000630109
126.43 0.000699893
121.499 0.000684386
125.109 9.41402e-05
121.833 0.000595076
123.423 0.000612895
120.618 0.000620253
126.131 0.000640161
120.971 0.000677961
115.13 0.000637874
122.829 0.000693901
126.09 0.000713287
120.37 0.000644025
126.814 0.000620812
115.74 0.000609779
117.769 0.0007343
125.485 0.000701257
116.637 0.000609383
122.145 0.000611112
125.235 0.000710939
128.528 0.000666893
127.56 0.000652683
122.003 0.000715029
125.465 0.000620632
117.733 0.00067124
117.558 0.000623184
124.172 0.000709667
125.271 0.000583331
125.883 0.000655257
122.143 0.000670048
121.112 0.00070283
127.103 0.000576977
124.522 0.000664689
125.957 0.000612048
121.951 0.000632183
126.077 0.000614416
124.176 0.000603739
124.857 0.000624445
122.79 0.000185499
123.425 0.000623723
125.141 0.000651003
123.961 0.000639691
120.409 0.000617013
125.017 0.000646789
123.462 0.000614848
127.653 0.000613799
119.062 0.000658835
118.481 0.000710875
123.843 0.000592825
125.809 0.000582157
124.056 0.000643631
125.988 0.000618137
123.448 0.000618244
125.855 0.00061332
122.695 0.000635979
125.766 0.000616697
119.735 0.00064364
125.427 0.000584598
124.91 0.000684589
122.185 0.000620114
124.288 0.000621287
125.959 0.000646282
124.631 0.00066599
123.047 0.00071463
118.621 0.000613547
123.622 0.000622686
125.673 0.000621911
123.102 0.000616001
125.447 0.000644608
125.08 0.000640251
119.248 0.000636351
124.306 0.000638179
127.416 0.000614727
124.823 0.000421428
124.261 0.000545517
123.797 0.00070008
126.08 0.000627581
123.898 0.000644776
118.217 0.000623944
120.456 0.000671835
120.303 0.000651949
126.923 0.000625922
129.249 0.000619014
120.555 0.000600616
122.624 0.000734808
121.933 0.00059478
121.793 0.000667801
120.655 0.000714852
115.545 0.000624095
122.974 0.000508756
124.126 0.000615173
124.047 0.000649434
123.611 0.000706369
125.121 0.000620917
126.465 0.000563118
121.36 0.000603077
121.387 0.000672328
125.704 0.000710835
124.829 0.000673944
125.533 0.000653471
115.3 0.000631805
127.459 0.000611179
126.371 9.94175e-05
124.833 0.000653048
122.42 0.000672535
124.158 0.000625873
125.637 0.000654513
121.439 0.000644112
121.759 6.72604e-05
127.834 0.000718311
126.462 0.0008604
121.932 0.000641319
126.418 0.000654225
124.467 0.000720863
123.858 0.000646008
121.134 0.000665305
122.215 0.000652045
125.941 0.000644834
119.115 0.000703893
120.502 6.88687e-06
120.357 0.000627803
127.833 0.000652115
121.06 0.000645841
123.029 0.000710765
125.365 0.000654187
123.744 0.000293992
126.863 0.00061395
122.982 0.000699961
121.825 0.000712169
126.793 0.000496883
123.099 0.000700321
123.893 0.000671259
125.413 0.000674995
121.636 0.000649491
122.466 0.000675932
123.54 0.000723294
128.555 0.000641999
129.719 0.000361755
126.59 0.000637997
125.058 0.000239315
121.587 0.000634557
120.315 0.000650872
122.247 0.000705444
125.45 0.000618392
124.296 0.000576248
124.331 0.000727518
121.591 0.00067314
125.162 0.000626138
125.728 0.000649508
126.32 0.000674533
115.419 4.59823e-05
128.667 0.00063222
121.783 0.000696541
129.232 0.000677586
122.037 0.000637572
126.009 0.00068753
125.612 0.000674361
127.486 0.000740014
122.861 0.000709012
125.999 0.000700166
125.509 0.000630892
127.802 0.000590421
119.024 0.00059123
116.967 0.0006127
121.645 0.000640599
124.028 0.000684938
123.364 0.000653497
127.116 0.000617658
124.04 0.000734942
122.382 0.000667077
127.869 0.000620153
118.915 0.000649043
127.4 0.000718479
126.152 0.000636195
119.078 0.000183804
123.08 0.000705757
120.794 0.000653949
124.592 0.000710363
123.047 0.000652415
126.451 0.000574397
128.064 0.000623791
121.54 0.000627036
123.649 0.000724164
122.844 0.000620699
121.258 0.000615687
124.883 0.000624984
126.257 0.000630081
123.551 0.000596043
125.212 0.000592525
125.679 0.000592998
123.067 0.000685585
120.763 2.72014e-05
123.563 0.000677414
121.524 0.000621992
121.975 3.03656e-05
126.917 1.55772e-06
125.192 0.000637328
121.246 0.000688358
126.839 0.000710413
124.429 0.000419684
128.501 0.000658189
117.006 1.90283e-05
125.113 0.000649629
122.748 0.000696238
123.303 0.000618467
128.658 0.000638808
121.616 3.03432e-05
124.214 0.000592801
124.949 0.000420741
119.222 1.90496e-05
126.231 0.000619405
123.624 0.000649586
126.742 0.000626441
125.301 0.000136553
124.429 0.000626155
122.879 0.000650828
124.117 0.000642048
125.761 0.000609429
120.779 0.000631653
124.764 0.000636645
122.762 0.000652882
125.587 0.000679299
128.616 0.000641764
123.288 0.000664077
125.322 0.000714474
125.839 0.000648867
123.219 0.00070038
123.434 0.000721185
128.086 0.00062406
123.705 0.000676376
119.647 0.000708417
123.947 0.000693426
126.616 0.00064813
123.218 0.000679731
122.909 0.000135743
126.703 0.000648104
120.366 0.000484319
126.756 0.000706657
116.518 0.000665534
121.641 0.000621831
126.537 0.000630597
124.712 0.000626655
125.925 0.000715241
126.891 0.000656818
127.166 0.000615658
123.433 0.000642853
122.904 0.000677671
115.871 0.000618451
123.601 0.000239881
124.573 0.000628204
125.568 0.000699024
124.983 0.000657454
121.245 0.000644591
125.626 0.000611725
120.748 0.000712651
118.752 0.00062125
125.02 0.000629982
122.974 0.000655476
123.156 0.00061401
123.17 0.000604288
125.198 0.000623941
125.045 0.000616221
124.671 0.000642688
124.263 0.00063862
118.214 0.000642014
122.374 0.000668434
129.886 0.000651857
123.665 0.000682195
124.102 0.000600815
123.783 0.00064668
122.585 0.000591191
123.874 0.000621899
122.762 0.000618179
123.757 0.000665093
119.822 0.00065754
125.746 0.000650627
128.347 0.000587925
128.158 0.000587705
124.374 0.000715125
126.654 0.00067463
123.705 0.000481783
120.266 0.000644357
127.714 0.000184531
118.679 0.000623194
122.782 0.00063244
121.329 0.000648782
122.084 0.000652572
122.294 0.000583628
125.434 0.0006243
125.91 0.000621076
121.654 1.13781e-05
123.923 0.000470784
124.127 0.000668765
125.982 0.000638663
129.981 0.000547053
122.904 0.000671313
125.547 0.000623254
124.626 0.000614141
122.5 0.000135047
122.09 0.000359082
121.119 4.26874e-05
117.28 0.000617233
126.114 0.000682935
124.811 0.000670878
124.201 0.000135265
126.926 0.000642454
126.625 0.000635254
122.315 0.00071967
125.709 0.00065137
122.494 0.000632456
115.154 0.000549397
121.668 0.000632477
127.043 0.000426277
123.554 0.000355748
124.403 0.000612558
122.15 0.000593363
123.28 0.000629502
125.089 0.000676574
126.313 0.000639973
122.962 0.000644058
128.815 0.000621836
126.004 0.000717336
126.266 0.000621543
120.332 0.000597834
124.848 1.89007e-05
122.286 0.000669251
124.646 0.000712106
126.333 0.000628935
115.338 0.000477739
125.351 0.000747235
119.749 0.00064585
124.941 0.000711292
120.843 0.000672147
121.605 0.00057877
120.715 0.00064207
124.927 0.00061676
127.256 0.000684794
123.478 0.000132047
129.677 0.000631748
127.627 0.000630145
119.722 0.000664544
125.591 0.000667591
126.09 0.000653377
125.372 0.00062273
123.435 0.000612228
126.905 0.000734242
125.112 0.000616623
130.047 0.000629785
123.001 0.000715122
133.269 0.000656626
123.636 0.000718617
125.745 7.20776e-06
130.576 0.000614639
118.901 0.000706125
124.38 0.000682842
122.091 0.000624105
122.425 0.000733442
124.91 0.000658209
126.702 0.000649344
121.349 0.000634583
127.667 0.000733966
122.913 0.000702541
122.774 0.000718588
126.233 0.000701407
123.549 0.000536852
122.495 0.000641688
126.369 0.000620619
124.784 0.000722508
125.259 0.000619009
124.613 0.000638316
123.381 0.000697208
125.571 0.000707785
125.781 0.000674838
124.698 0.000752211
129.557 0.000645968
120.846 0.000649412
126.527 0.000656443
118.728 0.000622547
124.226 0.000622673
125.247 0.000617426
129.12 0.00036998
124.993 0.000643161
126.29 0.000610894
126.646 0.000531975
117.047 0.000622988
125.84 0.000702077
119.77 0.000625622
118.391 0.000718437
124.567 0.00054858
121.152 0.000620945
125.156 0.000678577
124.815 0.000134825
125.392 0.000638484
115.602 0.000632172
123.932 0.000668689
122.964 0.000296433
124.973 0.000652062
126.094 0.000610778
123.79 0.000626
121.913 0.000483405
125.342 0.00071018
124.978 0.000184226
123.809 0.000721179
126.257 0.000610569
124.879 0.000612389
124.01 0.000648925
126.511 0.000673852
126.806 2.99055e-05
123.878 0.0006208
115.022 0.000645364
154.91 0.000592796
127.959 0.000192511
125.054 0.000620348
124.054 0.000101432
123.696 0.000680605
119.901 0.000652038
125.515 0.000651605
122.823 0.000135512
126.225 0.00070161
125.811 0.000621139
127.46 0.000636849
121.987 0.000619282
128.962 0.000626918
124.009 0.000623943
119.608 0.000681082
123.272 0.000644584
123.298 0.000575008
123.125 0.000665963
125.853 0.000708516
128.455 0.000672124
125.855 0.000651327
125.346 0.000658964
127.727 0.00064165
123.664 0.000664893
123.305 0.000630821
128.836 0.000615917
124.033 0.000605478
125.233 0.000721208
117.455 0.000699586
124.98 0.000648818
126.892 0.000709661
127.233 0.000711803
124.863 0.000633824
117.455 0.000681782
122.035 0.000642782
124.302 0.000658883
122.893 0.000613339
125.158 0.000612705
122.68 0.000649176
122.674 0.000632031
127.075 0.000667395
120.576 0.000705604
124.115 0.000661701
123.913 0.000650806
124.263 0.000590247
126.534 0.000677327
121.628 0.000708139
129.202 0.000728892
123.763 0.000618879
120.148 0.000644723
119.75 0.000592678
122.246 0.000631838
124.267 0.000654416
125.152 0.000622416
124.554 0.000614494
125.516 0.00064834
120.572 0.000613158
122.257 0.000631126
127.426 0.000644314
125.662 0.000645018
125.2 0.00072111
125.91 0.00064791
122.835 0.000749839
125.277 0.000641366
125.279 0.000635666
120.057 0.000557966
120.958 0.000650855
124.501 0.00067139
123.877 0.000136259
126.506 0.000716997
117.9 0.000634167
122.829 0.000658536
126.843 0.000638764
123.782 0.00070234
118.427 0.000693963
124.313 0.000588875
123.413 0.000636838
121.86 0.000595556
124.72 0.00067442
124.282 0.00029502
127.611 0.000609437
122.085 0.000658907
127.551 0.000616161
125.035 0.00068837
123.2 0.00063154
123.529 0.000614943
126.615 0.000693608
122.247 0.000519954
119.894 0.000620938
134.31 0.000627006
122.631 0.00067222
126.447 0.000654589
125.438 6.66755e-05
122.751 0.000716833
122.988 0.000656524
119.411 0.000707387
122.355 0.000699077
120.85 0.000686289
116.881 0.000628533
124.537 0.000659167
123.425 0.000596309
123.709 0.000585766
119.701 0.00066628
124.199 0.00062642
126.379 0.000701773
125.068 6.92415e-05
120.476 0.000618314
127.904 0.000655528
127.426 0.000646821
125.227 0.000737173
123.871 0.000652588
124.615 0.00064765
119.093 0.000674256
125.868 0.000627368
124.766 0.000630388
120.616 0.000635823
124.291 0.000691528
123.776 0.000624251
125.963 0.000696946
123.791 0.00066082
117.064 0.000654149
123.821 0.000698342
120.292 0.000420382
124.425 0.00068894
124.388 0.000645499
125.992 0.000616858
124.044 0.000718726
123.835 0.000639188
126.239 0.00062874
124.996 0.00013879
120.392 0.000599881
130.333 0.000621203
124.702 0.000579798
124.4 0.000623893
122.65 0.000643215
130.666 3.00742e-05
118.839 0.00063302
117.111 0.000715668
126.034 0.000651448
125.668 0.000628321
126.847 0.000644435
124.322 0.000624706
123.346 0.000641698
123.657 0.000698537
123.597 0.000134652
126.416 0.000632646
124.326 0.000617326
122.204 0.000663784
151.828 0.000185853
123.994 0.000612827
126.491 0.000621711
123.293 0.000624922
125.39 0.000688958
123.628 0.00065726
124.407 0.000631225
122.13 0.000673474
120.195 0.000621757
126.295 0.000623239
126.901 3.0403e-05
126.11 0.000652179
118.873 0.00071736
120.291 0.000711655
127.219 0.000620806
117.203 0.000598864
122.642 0.000668038
124.156 0.000595924
124.862 0.000101058
126.509 6.93693e-05
123.748 0.000244422
124.827 0.000628047
121.709 0.000606175
127.047 0.000635722
125.432 0.000656827
123.934 0.000637721
124.67 0.000628959
124.623 0.000183043
128.526 6.77425e-05
127.006 0.000665787
121.935 0.000634106
128.994 0.000735933
126.998 0.00061711
122.94 0.000655817
123.101 0.000622237
127.493 0.0007208
126.852 0.000635785
125.254 0.000624369
125.513 0.000669903
123.822 0.00061421
125.551 0.00069062
120.846 0.000595881
124.685 0.000618149
123.915 0.000656496
125.055 0.00070519
130.435 0.000589504
123.672 0.000624918
121.898 0.000672402
116.682 0.000608662
121.958 0.000485771
122.26 0.000720187
123.687 0.000643829
122.951 0.000603493
123.759 0.000633305
125.693 0.000708083
125.736 0.000634337
123.984 0.000658032
123.604 0.000613217
126.697 4.60139e-05
129.132 0.000380124
122.531 4.37969e-06
126.391 0.000706133
124.402 6.77678e-05
123.187 0.000584643
120.798 0.000676635
123.38 0.000647789
123.952 0.000680016
128.501 0.000624149
122.687 0.000621153
123.66 0.00042068
124.273 0.000607484
121.262 0.000604205
125.849 0.000625659
123.517 0.000683138
123.245 0.000733473
124.703 0.000706106
124.487 0.000703694
119.009 0.000711489
122.229 0.000619346
127.357 0.000647742
126.893 0.000587567
122.645 0.000657798
128.02 0.000666407
123.075 0.000614273
124.13 0.000688723
126.249 0.000636148
129.613 0.000636509
126.238 0.000679528
121.056 0.000656882
126.764 0.000185659
125.253 0.000612439
129.739 0.000656886
125.35 0.000619952
124.34 0.000640192
124.994 0.000707873
126.921 0.00059574
124.151 0.000709743
126.182 0.000617541
122.922 0.000692667
118.93 0.000800659
122.874 0.000613241
123.859 0.000592422
127.309 0.000633928
123.808 0.000633713
125.409 0.000418927
125.059 0.000638243
123.736 0.000648317
118.964 0.000673418
122.734 0.000669006
119.228 0.000625388
118.197 0.000607031
126.062 0.000658206
124.847 0.000621104
125.544 0.000677405
125.764 0.00062599
128.167 0.000609774
119.245 0.000601237
123.422 0.000583318
123.579 0.000635428
122.521 0.000718161
120.229 0.000499713
120.808 0.000706816
125.653 0.000536144
124.411 0.000427211
120.067 0.0006115
129.464 0.000622908
122.405 0.000716161
124.582 0.000703851
124.733 0.000688567
126.701 0.000658463
124.747 0.000364799
124.656 0.000652423
125.097 0.000642722
124.973 0.000626605
121.67 0.000630209
124.378 0.000646604
132.352 0.000734168
119.911 0.000667604
125.444 9.37732e-05
124.446 0.000633011
121.698 0.000654218
123.305 0.0006331
125.574 0.000621521
122.857 0.000656774
124.788 0.000642797
125.158 0.000746162
125.222 0.000722291
122.931 0.000685664
123.033 0.000674446
128.633 0.000715911
125.363 0.000625689
118.918 0.000368713
125.609 0.000625275
125.264 0.000615305
122.022 0.000691588
119.321 0.000677875
122.168 0.000592298
122.695 0.000708163
124.524 1.89584e-05
122.96 0.000605126
121.653 0.000626543
122.166 0.000645472
121.193 0.000735131
131.651 0.000651681
124.895 0.000621845
124.738 0.000687179
126.899 0.000611917
123.355 0.000556833
122.369 0.000626976
124.472 0.000630819
124.195 0.000184817
124.292 0.000419241
127.46 0.000758073
123.776 0.000649903
126.332 0.000647148
123.972 0.00065204
124.717 0.000299429
124.831 0.000687281
124.227 0.000591201
125.146 0.000626069
125.076 0.00070493
123.509 0.000661969
128.214 0.000652896
124.19 0.000687352
130.207 0.000656892
125.466 0.000657012
126.415 0.00063202
120.751 0.000302003
125.574 0.000654104
124.778 0.000483225
125.569 0.000673379
123.576 0.000180546
122.222 9.72191e-05
120.166 0.000180861
118.962 0.000709518
125.151 0.000591649
122.881 0.000592055
120.921 0.000624403
124.43 0.000622805
120.096 0.000711092
115.913 0.000694384
125.584 0.000615402
127.025 0.000639123
124.103 0.00018318
121.511 0.000667255
123.659 0.000620282
121.623 0.000588966
123.076 0.000642011
124.809 0.000706953
127.465 0.00061617
122.906 0.000629149
126.831 0.000718072
123.557 0.000720924
124.11 0.000629871
126.007 0.000645032
124.348 0.000700642
124.372 0.000639962
122.074 0.000713532
125.169 7.02097e-05
125.322 0.000648545
121.853 0.00063301
127.49 0.000640259
125.666 0.000623751
117.998 0.000607209
123.704 0.000691314
125.99 0.000655582
120.049 0.000714044
126.041 0.000640397
125.476 0.000695859
122.526 0.000431856
126.226 0.000636976
123.909 0.000867779
124.893 0.000619845
125.171 0.000430089
123.363 0.000652152
128.041 0.000590066
126.197 0.000567316
126.374 0.000609099
124.425 0.000706603
129.945 0.000623796
121.689 0.000661886
121.999 0.000625078
121.265 0.000601292
125.335 0.000671024
121.664 0.000691081
125.583 0.00061959
120.565 0.000589188
116.092 0.000641516
124.771 0.000499679
126.182 0.000628715
125.185 0.000650729
121.154 0.000630315
119.976 0.000603234
121.41 0.000649235
125.549 0.000642626
122.988 0.000653155
123.688 0.000617602
120.244 0.000586995
123.323 0.000735974
125.935 0.0006537
126.297 0.000649926
124.572 0.000297416
127.771 0.00062373
126.866 7.34174e-06
124.858 0.00069018
126.511 0.000707139
125.219 0.000617085
127.045 0.000608023
124.01 0.000709837
118.534 0.000679994
125.021 0.000590828
128.127 0.000648878
121.982 0.000630214
118.78 0.000711357
121.767 0.000567121
121.396 0.00060737
126.366 0.00042398
123.864 0.000620073
122.357 0.000646238
120.212 0.000188221
123.689 0.000641709
118.533 0.000715666
126.795 0.000715528
123.842 0.000607317
123.052 0.000639093
124.398 0.000666665
119.543 0.000659111
121.79 0.000630977
119.335 0.00063671
126.469 0.000618131
123.591 0.000634024
127.547 0.000599865
117.306 0.000647913
125.36 0.000758911
122.151 0.000615707
120.801 0.000654778
121.6 0.000649117
116.776 0.0006537
123.168 0.000674303
123.457 0.000623209
125.896 0.000646748
125.721 0.000621145
121.345 0.000506974
120.645 0.00061827
124.489 0.000643581
122.758 0.000622412
124.335 0.000667471
124.881 0.000624652
121.108 0.000654881
126.141 0.000540025
127.454 0.000646699
126.55 0.00064506
130.317 0.000647796
125.02 0.0005748
126.846 0.000631739
121.263 0.000697125
126.269 0.000613901
120.88 0.00065582
122.667 0.000667229
126.931 9.85556e-05
122.302 0.000686054
122.174 0.000649605
123.138 0.000661336
124.202 0.000620571
142.753 0.000647539
124.916 3.01345e-05
119.024 0.000704232
125.513 0.000669602
121.857 0.000703832
127.903 0.000669956
115.464 0.000637953
123.566 4.04507e-06
127.407 0.000607688
123.594 0.000709463
119.998 0.000624302
125.933 0.000625506
126.125 0.000614693
125.849 0.000720239
120.707 0.000621817
125.512 0.000647132
125.148 0.000613291
124.448 0.000643119
126.07 0.00061955
123.924 0.000709859
117.297 0.00071256
126.809 0.000535391
128.21 0.000620459
124.301 0.000623361
123.205 0.000655658
125.269 0.000517503
125.38 0.000622506
123.93 0.000137273
128.854 0.000513243
125.873 0.00070666
124.134 0.00070696
125.162 0.000644363
117.307 0.00063212
119.695 0.00062229
123.98 0.000643071
125.285 0.00059902
125.499 0.000670106
126.584 0.000648089
125.329 0.000710986
125.223 0.000578518
123.441 0.000717607
126.514 0.000628322
126.72 0.000629128
135.614 0.000631831
123.311 0.000479238
119.692 0.000640391
126.369 0.000664431
121.161 0.000703793
126.509 0.000362814
125.579 0.000643821
123.89 0.000604983
123.306 0.000661785
122.722 0.000654981
123.92 0.00063688
127.124 0.000616184
116.073 0.000622454
126.07 0.000639857
121.823 0.000656769
123.135 0.000620465
124.592 0.000679682
121.696 0.000702806
125.236 0.000703954
124.837 0.000139439
125.108 0.000712078
126.333 0.000694344
122.695 0.00061923
123.653 0.000630525
125.33 0.000621895
125.51 0.000714069
122.067 0.000641233
126.274 0.00064541
128.285 0.000592673
123.835 0.000629558
129.537 0.000618605
127.46 0.000492334
121.374 0.000618261
122.906 0.000539463
126.371 0.000644236
125.217 0.000616944
117.957 0.000564938
122.029 0.000649357
119.087 0.000625595
125.616 0.000633581
126.276 0.000598787
118.804 0.000610692
124.604 0.000640847
125.754 0.000687066
122.739 0.000630355
124.894 0.00064883
124.244 0.000654544
129.918 0.000622391
124.747 0.000603807
123.44 0.000723984
126.525 0.000710154
127.165 0.000616372
124.678 0.000635189
123.742 0.000240664
122.998 0.000627174
125.003 0.000622291
122.528 0.000644766
124.3 0.000645283
121.293 0.000652096
123.255 0.000653659
128.219 0.000621433
122.416 0.000627394
123.506 0.000673641
121.614 0.00065174
123.825 0.000668274
124.465 0.000185527
118.33 0.00069943
126.708 0.000617946
126.974 0.000629612
128.091 0.000646006
123.205 0.000644829
126.375 0.000706076
126.436 0.000630027
121.648 0.000669418
120.288 0.000718342
122.484 0.000623739
125.551 0.000274737
124.336 0.000663505
126.427 0.000732433
124.406 4.27177e-06
126.166 0.000656113
126.01 0.000652275
121.712 0.000683718
120.567 0.000456702
122.006 0.00064854
125.618 0.000656052
121.631 0.000601678
127.102 0.000645304
118.36 0.000623137
125.989 0.000553767
121.175 0.000652515
123.583 0.000718092
118.082 0.000691455
124.46 0.000648793
123.751 0.000641828
123.312 0.000707563
124.109 0.000703984
125.58 0.000573264
124.05 0.00035754
127.423 3.96415e-07
125.348 0.000648941
118.688 0.000612608
125.516 0.000630425
117.775 0.000649936
115.667 0.000700237
125.635 9.74253e-05
124.153 0.000633381
126.2 0.000634074
118.208 0.000648079
123.18 0.000671502
126.246 0.000651565
124.603 0.000694294
125.343 0.000713736
125.172 0.000650026
125.956 0.000626497
116.016 0.000640968
124.638 0.000163259
126.731 0.000639643
122.063 0.000629373
127.003 0.000720936
121.843 0.000626032
126.442 0.000619295
125.973 0.000187951
120.442 0.000652827
121.458 0.000607477
124.183 0.000642298
126.066 0.000623111
121.28 0.000694009
121.502 0.000641858
126.444 3.01723e-05
126.792 0.000651924
128.489 0.000619266
128.13 0.000717938
119.894 0.000707655
124.133 0.000654893
125.183 0.000655173
121.701 0.000630353
126.928 0.000572862
125.768 0.000641574
132.638 0.000588913
122.842 0.00069771
126.342 0.000651384
123.922 0.000652689
124.839 0.000569745
123.651 4.60696e-05
126.4 0.000657545
125.17 0.000597054
125.026 0.000684276
125.27 0.000635542
121.679 0.000579438
123.427 0.000614712
123.941 0.000644261
119.787 0.000624901
130.225 0.000654042
124.741 0.000621261
120.817 0.000738602
125.018 0.000732614
125.609 0.00070712
125.277 0.00062617
123.708 0.000659474
126.327 0.000661159
123.788 0.000675783
124.283 0.000650752
124.72 0.000584089
124.06 0.000618229
120.89 0.000298421
123.571 0.000591271
123.032 0.000643325
120.036 0.000727248
122.636 0.000596898
123.311 0.000656723
125.573 0.000690922
118.337 0.000609716
122.166 0.000706212
116.924 0.000602095
124.056 0.000636209
117.689 0.000637566
123.987 0.000708351
129.566 0.000715643
120.07 0.000855721
126.895 0.000584701
126.007 0.000626846
126.762 0.000622727
118.297 0.000625296
126.141 0.000249386
125.061 0.000138451
117.236 0.000648867
124.395 0.00064729
121.796 0.000636647
127.469 0.000707463
123.983 0.000629068
120.97 0.000587987
126.172 0.000703305
123.64 0.000623325
126.266 0.000648783
122.35 0.000684117
123.303 0.000135884
125.223 0.00072243
131.58 0.000625711
122.298 0.000621861
118.574 0.000423709
123.641 0.000593462
122.385 0.000632261
124.947 0.000649668
122.062 4.41242e-05
118.963 0.00063356
116.876 0.000632007
126.52 0.000616068
115.185 0.000722647
125.339 0.000561165
124.625 0.000639574
124.125 0.000646177
124.659 4.41984e-05
119.238 0.000627186
125.496 9.7273e-05
126.46 0.000632386
125.13 0.000698681
126.416 0.000640207
125.37 0.000361272
121.23 0.000601616
116.736 0.000479521
126.02 0.000647133
117.753 0.000632349
126.72 0.000641735
117.465 1.60893e-06
123.187 0.000639394
124.111 0.000695879
126.871 0.000618002
124.935 0.000636009
123.854 0.000645019
123.526 0.00062262
128.271 7.33315e-06
128.082 0.000659158
127.927 0.000637456
123.83 0.000646084
126.069 0.000632005
124.898 0.000708102
121.325 0.000680485
121.823 0.000617267
127.081 0.000631961
126.24 0.000578315
126.153 0.000624102
122.547 0.000673262
121.203 0.000641593
121.184 0.000638171
121.694 0.000714925
124.457 0.000300817
126.751 0.000653302
118.767 0.000709557
123.648 0.000548781
123.161 9.67741e-05
127.038 0.000613475
126.005 0.000645198
123.8 0.000576046
115.858 0.000704223
128.739 0.000631051
126.834 0.000587884
126.595 0.000626094
126.197 0.000568906
125.985 0.000645381
125.761 0.000632554
126.159 0.000657586
124.524 0.000181154
119.256 0.000728177
124.044 0.000613554
126.102 0.000646716
123.753 0.000621085
123.399 0.000622527
122.423 0.000627649
122.958 0.000649734
123.372 0.000642148
124.14 0.000621437
119.167 0.00062828
124.337 0.000696321
121.908 0.000707133
129.005 0.000539299
126.939 0.000594682
123.373 0.000625956
125.134 4.08183e-06
124.688 0.00069738
123.245 0.000622727
121.082 0.000642914
126.765 0.000643629
118.827 0.000621262
123.619 0.000728624
119.962 0.000681518
130.856 0.000704097
125.952 0.000691934
120.967 0.00069909
120.05 0.000652156
124.079 0.000662483
125.961 0.000700554
126.731 0.000624789
125.893 0.000620004
125.759 0.00060232
121.301 0.000674503
121.902 0.00068705
130.552 0.000647737
125.067 0.000647756
130.028 0.000516505
126.356 0.000617944
132.726 0.000637273
124.442 0.000730654
124.521 0.000493089
125.34 0.000646864
122.693 0.000653159
115.348 0.000696751
120.048 0.000614792
122.236 0.000625627
125.619 0.0004945
130.004 0.000392057
124.316 6.98479e-05
128.156 0.000666494
123.547 0.000691537
122.596 0.000701279
123.533 0.000627583
125.429 0.000182476
124.802 0.000635121
124.77 0.000636733
123.964 0.000701861
125.192 0.000639758
124.823 0.00062537
123.611 0.000618657
127.358 0.000669736
119.699 0.000749306
123.905 0.000702761
122.557 0.000604123
125.388 0.000627098
120.971 0.000650731
118.408 0.000610367
121.826 0.000680606
125.128 0.000611587
122.369 0.000625455
126.657 0.000633298
124.673 0.000645419
124.852 0.000623976
125.759 0.000627248
127.236 0.000631805
116.31 0.00061359
123.117 0.000631521
129.23 0.000599916
119.78 0.000678805
129.781 0.000621714
124.157 0.00066509
120.755 0.000656303
120.849 0.00063657
124.462 0.000634762
122.79 0.0006609
123.996 0.000608715
120.785 0.00038752
116.424 0.000301434
123.856 0.000135419
126.483 0.000611659
127.385 0.000641328
126.8 0.000630627
123.746 0.0006785
125.87 0.000632623
116.23 0.000641347
118.82 0.000581818
116.126 0.000787042
127.113 0.000630922
121.662 0.000615266
124.704 0.000699601
123.613 0.000724167
124.901 0.000662364
121.108 0.00065978
126.998 0.000758804
127.141 0.000614289
123.191 0.000661153
122.51 0.000639755
122.846 0.000634574
123.982 0.000646864
123.375 4.35439e-06
124.903 0.00065966
126.075 7.47114e-06
122.858 0.000623935
122.888 0.000723492
124.667 0.000597195
125.809 0.00068706
127.987 0.000628669
122.081 0.000661219
122.522 0.000712236
122.827 0.000667385
124.737 0.000618509
122.492 0.000646909
124.814 0.000635996
127.806 0.000624981
124.544 0.000644174
126.228 0.000672257
122.683 0.000602493
120.745 0.000684782
124.833 0.000694127
127.111 0.000646668
124.668 0.000724454
124.703 0.000238584
126.693 0.000664613
118.76 0.000588255
122.856 0.000630142
124.899 0.000694043
124.912 0.000652037
124.787 9.61667e-05
118.737 6.62592e-05
121.573 0.000623082
127.991 0.000583442
124.754 0.000699357
127.029 0.000255707
124.432 2.61078e-06
123.718 0.000384337
124.692 0.000741466
125.674 0.000289902
123.452 0.000616105
126.997 0.000636547
126.13 0.000643367
124.251 0.000622754
122.954 0.000682404
116.737 0.000681744
121.122 0.000672051
123.974 0.000630763
123.902 0.00023955
122.641 0.000602023
123.787 0.000652944
124.028 0.000637734
129.535 0.000620995
133.944 0.000653068
119.633 0.000625371
125.158 0.000630163
123.035 1.23641e-05
124.062 0.000641703
125.012 0.000621257
121.401 0.000462312
126.471 0.000709078
124.433 0.000713343
123.23 0.000564226
124.504 0.000705954
124.726 0.000636567
125.378 0.000652034
125.668 0.000682862
126.393 0.000365137
123.461 0.000616001
123.175 0.000619936
123.431 0.00062866
125.812 0.000663172
121.713 0.000686586
122.409 0.000677052
126.232 0.000654546
123.177 0.000661414
125.365 8.72251e-07
123.445 0.000711205
123.651 0.000689836
130.378 0.000620309
127.813 0.000723605
125.146 0.000660611
127.602 0.000636756
123.826 0.000634451
123.575 0.000565601
125.876 0.000622876
121.838 0.000623949
123.4 0.000632315
126.032 0.000627838
125.568 0.000623577
123.987 0.000612839
123.969 0.000656534
126.249 0.000660043
123.965 0.000651876
118.774 0.000631159
122.722 0.000649898
123.223 0.000591457
130.068 0.000695934
123.493 0.00065276
125.074 0.000184938
129.731 0.000623539
125.117 0.000651259
125.819 0.000701813
126.666 0.000599476
122.906 0.000719048
124.001 0.000640513
126.007 0.000649984
118.2 0.000606052
123.67 0.000555016
128.742 0.000600446
125.185 0.000653744
119.488 0.000640362
124.673 0.000613265
123.705 0.000615018
123.565 0.000694954
122.741 0.000664979
123.861 0.000682124
120.437 0.000605112
122.164 0.000699315
127.669 0.000676519
125.269 0.000719661
126.035 0.000766107
131.026 0.000603974
121.2 0.00067914
124.383 0.000683856
127.711 0.000680321
120.042 0.000585163
122.367 0.000641783
124.702 0.000656596
117.282 0.000605946
123.499 0.000669444
124.987 0.000668304
124.553 0.000690038
120.927 0.000609832
125.997 0.000718536
125.147 0.000754354
123.136 0.000625696
125.632 0.000649891
117.801 0.000582474
125.672 0.000632089
122.707 0.000608212
123.699 0.000642618
125.876 0.000676242
120.176 0.000714342
121.46 0.000653964
118.39 0.000597357
120.797 0.000603593
123.49 0.000676705
123.607 0.000631086
125.803 6.72574e-05
124.392 0.000313824
122.273 0.000692617
122.78 1.90751e-05
125.832 0.000630736
123.925 0.000608122
126.216 0.000631993
124.061 0.000674107
117.787 0.000638998
125.725 0.000634475
123.314 0.000645891
123.535 0.000642979
122.069 0.000593761
125.682 6.84984e-05
125.157 0.000626807
123.975 0.000691835
120.342 0.000699385
124.871 0.000604962
117.713 0.0006484
124.512 0.000628918
127.104 0.000635105
124.223 0.000682433
122.183 0.000580414
122.49 0.000580808
125.121 0.000628155
119.982 0.000641112
125.292 4.55758e-05
124.247 0.000136079
124.597 0.000587565
126.3 0.000682594
124.713 0.000478953
127.476 0.000634866
118.516 0.000701128
124.516 0.000632323
123.03 0.000653176
127.025 0.000727439
122.323 0.000649307
123.667 0.000739981
125.144 0.000621534
121.288 0.000620579
124.323 0.000655173
119.42 0.000624463
124.045 0.000590535
121.403 0.000620561
123.713 0.000671743
127.275 0.000652063
126.077 0.000482493
123.207 0.000539475
124.366 0.000627142
121.15 0.000660121
124.364 0.0006221
125.577 0.000651461
123.654 0.000705241
122.78 0.00067574
123.807 0.000654906
124.912 0.000619431
125.388 0.000676995
117.42 0.000668992
123.24 0.000707563
126.91 0.000634148
124.374 0.00064729
127.151 0.000650057
122.512 9.44975e-07
122.573 0.000578505
125.449 0.000626796
121.644 0.000574325
124.133 0.000693534
