129.831 0.000246359
132.263 0.000244052
126.517 0.000215234
120.596 0.00026439
125.577 0.000271088
132.063 0.000263554
128.505 0.000264051
133.649 0.000237182
131.598 0.000223022
129.794 0.00026213
128.935 0.000203719
127.632 0.000250686
132.158 0.000240536
119.869 0.000263594
128.519 0.000232576
126.928 0.000254342
131.172 0.000249948
127.753 0.000233504
127.205 0.000223593
133.271 0.000232254
130.208 6.95226e-05
130.558 0.000241774
127.463 0.000229241
129.059 0.000233796
130.764 0.000247081
130.212 0.000235035
124.846 0.000240309
128.325 0.000232034
129.162 0.000263585
127.843 0.000242982
129.281 8.86789e-05
123.527 0.000241105
129.228 0.000250676
121.232 0.000240026
129.469 0.000232335
130.319 0.000231675
125.155 0.000268107
130.064 0.000239658
125.779 0.000168211
128.683 0.000249738
124.794 0.000231697
127.125 0.00023281
129.684 0.000241065
128.272 0.000233661
127.989 0.00035569
127.734 0.000265828
126.853 0.000219705
123.055 0.000134514
146.864 0.00026003
130.518 0.000243417
122.911 5.14886e-05
129.098 0.000247026
130.95 0.00019647
128.996 0.000231745
124.99 1.14206e-05
127.368 0.000224006
121.645 0.000236715
128.838 0.00024081
128.905 0.000243465
134.854 0.000186957
118.426 4.73722e-05
128.815 0.000140456
125.508 0.000266187
132.683 0.000232568
129.179 0.00023126
130.921 0.000215166
131.293 0.000250262
128.714 0.000244664
129.06 0.00023555
125.681 0.000242541
117.78 0.000261884
128.593 2.58419e-05
128.749 0.000232801
131.52 0.000205592
129.464 0.000240416
129.748 0.000227583
128.134 0.00022466
128.124 0.000241249
128.61 0.000234092
127.626 0.000239299
127.588 0.000224342
129.358 0.00027552
133.877 0.000307383
130.197 0.00026275
131.681 0.000264721
123.748 0.000285555
127.016 0.000240023
128.692 0.000249209
131.858 0.000255757
120.655 0.000242728
131.875 0.000255566
131.268 0.000268667
126.333 0.000251444
125.958 0.0002507
130.808 0.00025584
123.66 0.000251263
130.334 0.00026002
122.24 0.000238204
129.604 0.000246573
126.113 0.00022035
153.479 0.000251227
130.567 0.00026127
124.733 0.000237839
127.581 0.000254496
129.514 0.000233332
129.989 0.00023501
130.234 0.000212234
124.202 0.000248206
128.742 3.6183e-05
125.149 0.000235122
137.212 0.000321846
127.276 0.000180974
125.245 0.000262636
127.151 0.000267371
129.411 0.000264562
135.355 4.92669e-05
128.876 0.000246998
129.812 0.00026056
129.877 0.000247701
128.847 0.00011414
131.529 0.000237381
130.757 0.000267002
130.81 0.000207428
132.968 0.000174797
130.258 0.000242434
127.658 0.000242082
127.675 0.000223477
128.178 0.000239271
129.224 0.000230278
129.458 0.000237963
128.61 0.000227715
130.904 0.000255063
128.965 0.000219343
125.798 0.000233358
126.71 0.000237038
129.737 0.000259362
125.526 0.000241582
128.734 0.000240443
130.832 0.000239745
131.325 0.000265352
130.561 0.000236092
125.483 0.000240207
128.436 0.00026563
129.087 0.000217095
128.131 0.000224472
123.954 0.000252573
127.967 0.000214881
124.688 0.000232086
129.783 0.000183735
121.924 0.00028029
125.237 0.000115511
128.801 0.000223556
128.96 0.000228397
129.776 2.71485e-06
131.082 0.000256037
128.622 0.000263984
132.135 0.000238388
127.739 0.000218492
124.177 0.000249797
123.62 3.72659e-05
127.622 0.000230061
129.735 9.87221e-07
129.227 0.000267962
129.936 0.000233344
127.166 0.000220413
134.045 7.04149e-06
122.989 0.000273777
128.354 0.000231897
126.288 0.000232789
127.015 0.000152224
131.069 0.000216702
130.741 0.000267704
125.963 0.000264413
129.53 0.000234993
123.056 0.000272137
129.497 0.000260957
132.587 0.000111603
123.915 0.000235388
129.255 0.000265351
134.567 1.01166e-06
128.483 0.000217122
128.802 0.000234854
125.942 0.000256321
126.842 0.000242503
126.965 0.000240384
131.163 0.000222213
129.582 0.00025691
117.371 0.000249829
129.672 0.000232473
129.994 0.000236419
126.912 0.000267305
136.138 0.000249057
124.347 1.78547e-05
125.499 0.000234186
125.253 0.000239468
132.529 0.000242708
128.951 0.000232956
128.872 0.000238708
135.743 0.000234786
124.946 0.00025258
128.195 0.000262507
120.553 0.000210975
129.703 0.000270026
128.188 0.000235713
131.565 0.000250313
133.104 3.73933e-05
131.659 0.000236064
128.581 0.000232196
124.361 0.000205898
127.059 0.000236802
124.793 0.000238174
133.088 0.00022855
130.63 0.00023276
126.107 6.92238e-05
122.295 0.000204772
122.762 0.0002654
122.44 0.000277076
117.608 0.000225516
130.851 0.000240367
124.393 0.000241695
124.519 0.000244112
133.742 0.000273101
116.104 0.000231404
131.796 0.000235523
128.892 0.000264784
130.574 0.00027083
119.085 0.0002424
129.929 0.000254246
131.384 0.000273185
131.357 0.00024238
128.813 0.000234679
127.945 0.000246745
128.305 6.82614e-05
128.14 0.000257928
126.119 0.000230753
129.56 0.000230893
130.946 0.00016176
129.536 0.000246092
129.623 7.05e-05
117.941 0.000262223
131.179 0.000233384
129.823 0.000244603
130.008 0.000228681
129.854 0.000237277
128.225 0.000263306
130.768 0.000251499
127.639 0.000241996
130.745 0.000244595
129.717 0.000218313
131.9 0.000158815
128.322 0.000244391
129.79 0.000269162
131.858 8.914e-05
126.342 0.000253624
128.307 0.000235549
129.506 0.00023417
123.254 0.000179424
126.301 0.000231092
128.093 0.000137265
128.505 3.61777e-07
137.803 0.000227137
129.652 0.000240563
130.934 0.000256887
124.499 0.000218165
127.117 6.88376e-05
136.638 0.000255486
121.2 0.000267814
130.76 0.000241769
121.847 0.000236279
126.512 0.000234932
130.918 0.000236676
127.76 0.000275676
131.899 0.000239229
131.715 0.000276033
128.385 0.000259454
128.367 3.49288e-05
116.1 0.000231791
130.114 0.000239705
120.904 0.000242947
127.933 0.000231
129.237 0.000235149
127.284 0.000239359
123.217 0.000237754
124.333 0.000244044
124.864 0.000231364
127.304 0.000258908
132.283 0.00023909
129.609 0.000229299
118.039 0.000234224
127.372 0.000233178
130.998 0.000224453
128.642 0.000241663
131.897 0.000264899
127.288 0.000249158
127.336 0.000241903
130.788 0.000232916
130.201 0.000256969
133.249 0.000217704
129.718 0.000242562
130.586 0.000242819
122.585 0.000222435
130.049 0.000229991
132.096 0.000188032
124.667 0.000244339
129.888 0.00021797
123.424 0.000242255
126.696 0.000218089
126.746 0.000234341
123.018 0.000232342
130.907 2.53237e-05
130.422 0.00023538
125.955 0.000233102
125.297 0.000190023
129.984 0.000314123
127.595 0.000232824
122.016 0.000104813
130.519 0.000247032
125.885 0.000224261
125.939 0.000234322
123.201 0.000249536
135.143 0.000240717
132.888 0.000263749
131.009 0.000242026
130.983 0.000219904
129.484 0.000245192
126.144 0.000236639
129.581 9.02617e-05
123.037 0.000256837
130.526 0.00024715
128.77 0.000204201
125.698 8.97484e-05
126.801 4.70699e-05
130.559 0.000232486
130.585 0.000232352
126.038 0.000260842
129.885 0.000266877
126.844 0.000231157
129.555 0.000249969
127.022 0.000242388
127.46 0.000228122
122.926 0.000235908
127.372 0.000262775
131.432 0.000266362
128.481 0.000255334
130.154 0.000229465
129.635 0.000233032
120.937 0.000236654
128.747 0.000190288
129.888 0.000231083
132.522 0.000281186
130.294 0.000142047
127.381 0.000215897
129.229 0.00024841
130.856 0.000243185
129.978 0.00024125
116.217 0.000197538
128.822 0.000236438
128.907 0.000111948
130.193 0.000244066
126.957 0.000240786
128.421 0.000262535
124.76 0.000197883
129.602 0.000243307
128.865 0.000239687
134.915 0.000241941
128.417 0.000244624
125.292 0.0002362
123.349 0.000242981
122.997 0.000242773
132.852 2.40664e-05
127.214 0.000232182
130.129 0.000264408
152.861 0.000265973
131.582 0.000112492
126.514 0.000267297
129.51 0.000160084
132.812 0.000230122
127.892 0.000242023
128.131 0.00023793
115.8 0.000232642
126.395 0.00019919
129.904 2.70975e-06
128.85 0.000242662
127.801 0.000246571
129.44 0.000265393
117.424 0.000252517
128.668 0.000233457
126.785 0.000250259
126.289 0.000239227
126.742 0.000214987
130.535 0.000161518
131.085 0.000235453
121.472 0.000227153
125.19 0.00023537
125.125 0.000190729
126.981 0.000181506
126.668 0.000234485
127.924 0.000233869
130.286 0.000240015
130.486 0.000253298
130.39 0.000239962
128.347 0.000250096
131.229 0.000262485
128.358 0.000247642
127.809 0.000227704
128.646 0.000256925
125.003 0.000270294
131.332 0.000235053
130.567 0.000241704
130.075 0.000251322
129.479 0.000237354
128.617 0.000256472
126.687 0.000234265
123.486 0.000266158
126.94 0.000227413
126.766 0.000238259
130.292 0.000233269
129.909 0.000250864
131.51 0.00025421
127.616 0.000217448
128.448 0.000214494
126.999 0.000232641
128.048 0.000228878
131.639 0.000254138
138.548 0.000250646
133.506 0.000247451
128.267 0.00024611
128.878 0.000258559
130.072 0.000237415
126.735 0.000240551
127.054 0.000228939
136.702 0.000223569
130.777 0.000250699
132.635 0.000234033
128.763 0.000231684
135.138 0.000239363
128.763 0.000231524
128.859 0.000251427
130.744 -8.87612e-05
129.656 0.000255466
126.178 0.000233338
130.261 0.000237471
134.302 0.000235391
134.229 0.000244185
125.052 0.000268777
125.779 0.000242316
129.572 0.000233011
127.505 0.000243832
129.447 5.09003e-05
