131.918 0.000278009
131.041 0.000114342
129.558 0.000239537
127.381 0.000237579
129.194 0.000279347
128.737 0.000242912
127.55 0.000268771
122.393 5.28535e-05
128.216 0.00023666
129.516 0.000242986
131.551 0.000276129
130.183 0.000275042
120.568 0.000249553
127.852 1.70208e-06
129.589 0.000237414
128.575 0.000224397
127.599 0.000254595
130.242 0.000239881
130.403 0.000248604
131.899 0.000263864
128.973 0.000244205
131.044 0.000248024
130.517 0.000238629
124.715 0.00022515
130.557 0.000276549
131.17 0.000271714
130.078 0.000239234
131.339 0.00025575
124.434 0.000224955
127.49 0.000240839
130.393 0.000240932
129.849 0.000237097
128.081 0.000189209
128.311 0.00025429
130.197 0.000243798
128.625 0.00023712
129.051 0.000239606
128.749 0.000242274
131.231 0.000204981
130.149 0.000243077
129.888 0.000255399
131.855 0.000233769
127.896 0.000272217
126.956 0.000240366
123.481 0.000264465
131.977 0.000253903
131.609 0.000271099
130.414 0.000255689
128.111 0.000240308
129.624 0.000244667
129.87 0.000197148
129.848 0.000243799
132.254 0.000233394
128.965 2.41368e-05
135.434 0.000259723
123.335 0.000243065
119.923 0.000189773
131.118 0.00024183
128.424 0.000247819
130.55 0.000238523
131.045 0.000242547
127.755 0.000244617
126.988 0.000247953
126.147 1.16691e-05
131.387 0.000241009
128.843 0.000243744
128.972 0.000247614
129.107 0.000237273
127.524 0.000252402
131.016 0.000261626
130.77 0.0002691
129.72 0.000245128
129.801 0.000254062
130.256 0.000242845
128.603 0.000243077
126.886 0.000278273
130.673 0.000247053
126.149 0.000250149
132.712 0.000253128
130.083 0.000224699
130.296 0.000236814
130.835 0.000252168
124.928 0.000276344
128.499 0.00024114
130.083 0.000248749
129.097 0.000237612
130.738 0.000243252
133.269 0.000262053
131.007 0.000115118
131.789 0.000247301
130.419 0.000257552
129.793 0.000244472
130.299 0.000237891
131.726 0.000238611
130.462 0.000247731
131.508 0.000235798
130.797 0.000239415
130.6 0.000261577
129.246 0.000276433
128.218 0.000247048
128.472 0.000258822
129.128 0.00024221
131.99 0.000258919
130.207 0.000244064
129.433 0.000274901
130.382 0.000238993
130.218 0.000254854
131.04 0.000243999
130.325 0.000272748
127.893 0.000249663
121.23 0.000243122
126.598 0.000252434
128.626 0.000243559
127.742 7.19498e-05
129.896 0.000273698
128.923 0.000189401
133.472 0.000251495
130.881 0.000245659
128.985 0.000270341
130.853 0.000245904
128.008 0.000241779
132.592 0.00022277
123.417 0.000267948
130.122 0.000247167
116.619 0.00027641
128.944 0.000235789
122.933 0.000254477
128.33 0.00025192
129.326 0.00025673
131.184 0.000209411
129.51 0.000274874
129.287 0.000254964
126.901 0.000242816
129.385 0.000247667
129.789 0.000242418
131.289 0.000241394
130.15 0.000205484
129.212 0.000237991
129.568 0.000249905
130.626 0.000243378
132.488 0.000271686
128.212 0.000258115
126.987 0.000237486
130.512 0.000239697
127.909 0.000259449
129.591 0.000239582
129.742 0.000239623
129.097 0.000248447
133.025 0.000242852
132.263 0.000249739
128.693 0.000251288
130.278 0.000267759
131.079 0.000249347
130.696 0.0002378
129.749 0.000247125
129.299 0.000240196
130.718 0.000248648
130.551 0.000250452
130.538 0.000287283
128.404 0.000241734
130.205 0.000244568
129.637 9.17464e-05
128.932 0.000116948
124.167 0.000246022
128.026 7.16931e-05
117.424 0.000260635
128.7 0.000273913
128.95 0.000162979
128.522 0.000242055
126.442 0.00024674
133.147 0.000231154
133.225 0.000229325
130.437 0.000242005
131.718 0.000278164
129.166 0.000253351
127.652 1.18733e-05
128.871 0.00025596
128.444 0.000239782
129.438 0.000245581
129.97 0.000240874
125.88 0.000265474
128.059 2.65618e-05
129.863 0.000248531
131.102 0.000270866
117.822 0.000248985
129.167 0.000240753
130.394 0.000226719
130.424 0.000268326
129.075 0.00026767
121.644 0.000243965
129.979 0.00024851
120.416 0.000250771
127.879 0.000277593
126.933 0.000248332
125.863 7.26136e-06
132.407 0.000240669
127.989 0.00024141
126.752 1.83976e-05
130.367 0.000251563
115.817 0.000224586
127.741 0.000258821
129.82 0.000279297
130.813 0.000242218
128.928 0.000245789
128.88 0.00024298
130.116 0.000251933
129.263 0.000240033
128.118 6.02287e-07
130.951 0.000243335
130.317 0.000247087
129.674 0.000116194
128.515 0.000245154
129.803 0.000277859
132.482 0.000245419
129.28 0.000238932
131.275 0.000249032
121.054 0.00027743
117.387 0.000255806
128.578 0.000240803
126.739 0.000275022
128.424 0.00023233
129.748 2.63749e-05
129.203 0.000248021
131.26 0.00024574
128.78 0.000273715
128.459 0.000245129
131.443 0.000246527
131.95 0.000257177
130.77 0.000249591
131.289 0.00024258
119.405 7.0873e-05
128.069 0.000241016
128.572 0.000249859
128.975 0.000240689
126.294 0.000282398
130.121 5.24228e-05
129.912 0.000243355
127.816 0.00022253
127.963 0.000265173
129.962 0.000253927
131.07 2.63588e-05
129.493 0.000251516
115.434 0.000240928
127.432 0.00024334
127.182 0.000261125
127.507 0.00024716
128.695 0.000260947
130.102 0.000245836
129.779 0.000266917
129.931 0.000244865
130.774 0.000257761
128.96 0.000243028
131.222 0.000251821
129.894 0.000277075
136.156 0.000232825
130.097 0.000239127
128.651 0.000257058
129.825 0.000241134
130.219 0.000272486
130.048 0.000254476
129.513 0.000254117
127.567 0.000278793
124.186 0.000164581
128.521 0.000245168
132.345 1.76855e-05
117.15 0.000233253
127.621 0.00013956
128.236 0.000235622
127.452 0.000249499
130.89 0.000238968
127.671 0.000250787
131.586 0.00024374
130.18 0.000243993
129.782 0.00025682
130.264 0.000250892
130.816 0.000209664
129.436 0.000241674
125.33 0.000240206
128.734 0.000274595
130.742 0.000210749
127.996 0.000222679
124.76 0.000225086
126.062 0.000252648
123.315 0.000267425
131.327 0.000265147
126.268 0.000237707
128.419 0.000245393
129.981 0.000243849
120.482 5.17741e-05
128.891 0.000238389
130.417 0.000241995
127.959 0.000251388
121.046 0.000264586
130.819 0.00024591
128.041 0.000279477
121.456 0.000246289
131.822 0.000249405
131.73 0.00023761
131.007 0.000256758
116.55 0.0002524
130.287 0.000254569
128.562 0.000272297
125.885 0.00020822
129.696 0.000242812
129.591 0.000113176
128.79 0.000242547
129.82 0.000260637
126.32 0.000241375
129.482 0.000247977
130.259 0.000234625
129.092 0.000239767
129.948 0.00020946
130.67 0.000274698
131.415 0.000271376
129.179 0.000239172
128.615 5.20618e-05
130.898 0.000240556
130.622 0.000239163
121.622 0.000224361
129.179 0.000278428
128.481 0.000278627
131.07 0.000241391
125.6 2.63005e-05
129.506 0.000283505
129.467 0.000272693
130.296 0.000211282
129.446 0.000241624
130.412 0.000241231
129.973 0.000205449
129.431 0.000238895
131.517 0.000240585
130.082 0.000251627
136.215 0.000240428
130.327 0.000229312
128.874 0.000144449
127.409 0.000247176
131.076 0.00024425
130.876 0.000161215
126.778 0.000224718
128.516 0.000248248
129.433 0.00024964
128.779 0.000245016
130.434 0.000186968
135.096 0.000249247
129.706 0.000246858
130.418 7.26264e-06
130.786 0.000239608
131.777 0.000272035
129.99 0.000254775
128.813 0.000246689
130.503 0.000239322
125.604 7.07568e-05
128.887 0.000209019
129.726 0.000246329
130.727 0.00025134
130.105 0.000255939
128.709 0.000238507
128.604 0.000249136
130.349 0.000162109
128.605 0.000275027
126.912 0.000274356
129.948 0.000249058
132.049 0.000276561
129.78 0.000237448
129.995 0.000260021
130.636 0.000242922
128.686 0.000242501
129.316 0.000243419
130.335 0.000246242
131.288 0.000181324
129.427 0.000246167
129.656 0.000277531
131.227 0.000137982
129.075 0.000275792
129.246 0.000253905
126.606 9.23525e-05
129.597 2.65389e-05
129.23 0.000227514
131.702 0.000277936
122.749 0.000278185
131.329 0.000280067
129.556 0.00027536
134.675 0.000233591
128.636 0.000239115
130.534 0.000273535
130.63 0.000243112
128.637 7.09574e-05
129.629 0.000266335
127.662 0.000228955
131.249 0.000275431
131.518 0.00025315
128.663 0.000249022
129.618 0.000245957
127.324 7.02835e-05
127.047 0.000188634
130.902 0.000248616
128.975 0.00024074
125.732 0.000238734
132.117 0.000256134
129.28 0.000237806
132.143 0.000231215
127.868 0.00024246
130 0.000208718
127.039 0.000249102
130.725 0.000237931
129.062 0.000201647
130.488 0.000190615
127.771 0.000249297
125.344 0.000277503
123.94 0.000246612
131.483 0.000250306
127.573 0.000239688
129.882 0.000249065
130.618 0.000244194
116.339 0.000249487
132.374 0.000113996
132.788 0.000241611
127.72 0.000257814
127.054 0.000243282
128.662 0.000241174
125.579 0.000229091
131.979 0.00024826
116.454 0.000215294
124.183 0.000238412
132.74 0.000273589
130.386 0.000274488
128.705 0.000243059
128.124 0.0002401
131.149 0.000189042
130.937 0.000245393
127.949 0.000188839
130.871 0.000244378
130.395 0.000242933
128.319 0.000278338
140.252 0.000248971
129.347 0.000237968
130.732 0.000253615
129.101 0.000263405
130.562 0.000239981
129.109 0.000236797
129.447 0.000210836
130.437 0.000237821
128.074 0.00023923
130.686 0.000261632
129.376 0.000245125
129.331 1.74942e-05
130.356 0.00026765
130.594 0.000232166
127.886 0.000222869
130.976 0.000253818
131.593 0.000241689
129.785 0.000254226
127.435 0.000279662
131.328 0.000238246
130.664 0.000240954
132.29 0.000274178
126.661 0.000240584
128.535 0.000241402
127.351 0.000241965
131.102 0.000276102
132.335 0.000243655
129.803 0.000242015
131.79 7.23236e-05
128.568 0.000273749
129.103 0.000259326
127.71 0.00024853
130.281 0.000245734
125.845 0.000261507
130.33 0.000238634
129.317 0.000240637
130.876 0.000245967
132.953 0.000248256
127.574 0.000254987
127.156 0.000275285
131.906 0.000244241
132.032 0.000253435
131.458 0.000239874
127.629 0.000241356
132.076 0.000239403
