119.638 0.00056327
116.647 0.000466797
119.496 0.00105254
116.099 0.000969335
118.587 0.000980022
119.84 0.00110264
118.189 0.000992189
118.947 0.00103517
122.588 0.000857825
121.834 0.000569849
119.988 0.000991314
120.257 0.000981149
117.834 0.00105324
120.496 0.00110249
120.174 2.88011e-05
119.99 0.0002957
120.721 0.00111993
116.452 0.000295293
118.873 0.000992599
119.813 0.00110679
120.516 0.000989398
118.015 0.00101522
120.857 0.00111173
120.894 0.0010222
119.3 0.000964842
119.941 0.00106719
118.767 0.000952149
118.31 0.000155306
120.707 0.00110032
120.934 0.00108457
118.825 0.000102972
120.73 0.0010198
119.003 0.000993896
119.991 0.000288168
122.036 0.000972847
119.364 0.000687987
120.988 0.000908516
118.838 0.000988586
118.801 0.00109852
117.753 0.00105972
119.602 0.00101629
119.678 0.00107069
115.98 0.000872488
120.926 0.000976813
119.164 0.000967012
120.494 0.000914735
118.104 0.00102891
120.106 0.00103515
120.151 0.000105701
120.944 0.00101115
119.687 0.00103044
115.904 0.000982507
119.788 0.0010404
118.279 0.000899413
121.056 0.00106077
118.527 0.000981673
120.245 0.00111648
115.506 0.00101829
119.488 0.00106584
119.585 0.000996087
120.773 0.00100246
119.248 0.000963898
116.438 0.000981457
118.7 0.000950702
119.277 0.00096216
120.198 0.00117135
119.291 0.00102743
118.244 0.00106764
121.7 0.00101694
117.173 0.00103558
118.884 3.0089e-05
119.279 0.000923524
121.819 0.000983054
119.59 0.000762789
121.327 0.00100347
121.114 1.15315e-05
119.467 0.000995281
121.498 0.000979166
120.432 0.000984106
120.763 0.00102462
117.988 0.00104111
118.81 0.00105359
124.975 0.00102322
121.759 0.000910238
119.001 0.00107296
120.602 0.00103215
119.307 0.00106788
121.069 0.00104002
120.251 0.00103951
119.273 0.000824013
117.729 0.00117213
120.032 0.00111846
119.862 0.000994644
124.291 0.000918498
119.641 0.00109347
115.524 0.00100477
119.011 0.0010063
119.572 0.00107917
120.779 0.00101262
120.222 0.000286798
119.069 0.00102988
120.46 0.00101241
121.236 0.000973324
118.805 0.000936789
119.1 0.00108008
120.333 0.000949533
115.759 0.00100459
118.666 0.000993631
117.701 0.000973119
119.269 0.00106648
118.656 0.000215447
119.041 0.0010361
123.387 0.00105175
121.384 0.00102124
120.865 0.000752678
120.629 0.000971242
119.028 0.00105719
121.888 0.00100869
115.877 0.000995102
120.67 0.000928498
121.943 0.0011241
119.013 0.000930863
118.292 0.000944403
119.585 0.00111612
121.693 0.00105386
122.976 0.000986355
118.841 0.00107371
117.635 0.00103703
118.572 0.00114264
118.141 0.00100169
121.744 0.00104815
119.337 0.00114221
118.767 0.000983447
119.546 0.000980379
119.212 0.00100432
119.938 0.000379243
120.501 0.000988787
119.84 0.00113951
116.33 0.00102865
120.339 0.00101132
118.523 0.0010439
116.178 0.000976415
119.45 0.000997221
119.815 0.000956192
119.979 0.0010385
120.073 0.0011752
119.56 0.00103728
121.207 0.000666588
118.289 0.00105754
115.86 2.64367e-05
119.956 4.77869e-05
119.642 0.000919297
119.805 0.00109054
118.604 0.000980449
119.822 7.12726e-05
119.068 6.5088e-06
120.037 0.00083725
120.893 0.000995565
118.792 0.00111096
118.719 0.000971537
122.107 0.000988605
120.738 0.00111475
116.23 0.000814452
120.585 0.000551559
119.045 0.000935594
119.293 0.0011091
119.518 0.00112321
120.64 0.00100678
116.76 0.00104884
116.494 0.000956679
119.399 0.00108076
119.282 0.00109064
117.886 0.00113537
118.932 0.000972899
119.23 0.000995866
119.964 0.000569336
118.116 0.00099885
119.159 0.000151835
117.938 0.000971225
120.928 0.000990625
118.873 0.000985263
121.548 0.000856158
121.47 0.000151236
121.166 0.000983527
118.477 0.000154857
115.17 0.000989611
119.591 0.000899111
121.806 0.000980485
119.263 0.00097076
119.108 0.000992193
119.484 0.000664447
119.275 0.000953525
120.041 0.00102749
120.654 0.00111831
120.515 0.0010176
121.564 0.00101142
121.896 0.000994942
121.88 0.000973406
117.881 0.00102406
119.823 0.00100619
119.23 0.000288723
119.815 0.00104244
118.969 0.00111283
120.826 0.001046
119.451 0.001101
120.529 0.000969265
116.542 0.00101922
119.863 0.00101217
119.616 0.00100324
122.147 0.000981262
121.803 0.00100178
121.23 0.000152931
120.483 0.00101214
119.338 0.000989988
119.48 0.000919211
119.953 0.00092626
116.566 0.000213259
121.602 0.00114412
118.809 0.000989267
118.559 0.00102553
121.336 0.000985566
123.493 0.000867207
116.47 0.00107282
122.425 0.00103354
119.646 0.000998732
122.099 0.00112908
118.929 0.00101328
121.191 0.00099355
118.789 0.00107709
117.927 0.000967
120.65 0.000864753
118.067 0.000154983
118.728 0.00114117
115.962 0.000977907
118.746 1.19178e-05
118.016 0.000977552
117.988 7.23682e-05
120.103 0.00101143
121.584 0.000956531
129.543 0.000915838
120.306 1.90131e-05
117.222 0.000977656
117.69 0.000972787
120.135 0.00107261
121.922 0.000988032
118.704 0.00110241
120.649 0.0010071
120.906 0.000994368
118.737 0.000970557
119.947 0.000976836
115.014 0.000571985
119.533 0.00113894
121.468 0.00100203
118.494 0.00104546
119.916 0.00103416
118.671 0.000914068
117.863 0.000955766
120.344 0.000885136
119.405 0.000993842
119.458 0.00100424
121.466 0.00105035
120.833 0.000974831
122.68 0.000980818
118.789 0.0011055
120.045 7.28477e-05
117.859 0.00103172
117.851 0.00107923
118.251 0.000880257
120.58 0.000677762
121.029 0.000989247
120.516 0.000382867
115.778 0.000983982
121.158 0.000859648
119.019 0.00107204
121.11 0.000362005
120.721 2.93344e-05
117.341 0.0011358
118.997 0.000657115
122.563 0.000991007
123.388 0.00100028
122.26 0.00101616
120.676 0.000979223
122.258 0.000962834
121.671 0.000945844
119.895 0.000960022
121.333 0.000989301
121.879 0.00100078
118.905 0.00107458
115.522 0.000896769
119.635 0.00102056
118.575 0.00112014
119.024 0.000965476
119.849 0.0010149
120.441 0.000971286
119.559 0.000984026
120.591 0.00112894
119.825 0.00111222
117.159 0.000964517
118.878 0.000854788
119.432 0.00108876
120.614 0.000582669
119.495 0.00109605
118.101 0.000978689
119.788 0.00102861
118.373 0.000823703
115.42 0.000935665
119.788 0.00101409
117.134 0.00103466
122.239 0.000919391
120.064 0.00112446
120.958 0.000974319
120.305 0.00104019
116.771 0.00101125
123.064 0.000885154
119.147 0.00100062
119.297 0.000998277
118.447 0.00101166
118.468 0.00103556
121.285 0.0005889
119.844 0.00111507
119.788 0.00100295
119.39 0.0009977
119.171 0.00112652
119.285 0.000374334
117.425 0.000670374
119.105 0.000980662
119.445 0.000957987
119.537 0.000892341
118.761 0.00101052
119.608 7.22785e-05
121.119 0.00113049
121.247 0.000990924
121.294 0.00103593
116.226 0.00104234
120.786 0.00104337
118.356 0.00106048
121.551 0.00107148
118.472 0.000996809
120.874 0.0011226
120.741 0.00099788
117.621 0.00110837
118.676 0.00106351
120.885 0.00107941
121.189 0.0011103
118.79 0.000984743
118.636 0.000970313
120.667 0.00100669
119.773 0.00096807
119.986 0.00097931
119.984 0.00107764
115.649 0.00114144
122.901 0.000979675
119.352 0.00105044
120.286 0.00100825
119.735 0.000993165
121.156 0.000985979
119.682 0.00100287
120.499 0.00105986
117.979 0.000999527
119.055 0.000974185
121.207 0.00105657
120.665 0.000911692
120.983 0.00113386
120.104 0.000986917
121.291 0.000972683
118.073 0.000959292
116.468 0.000960151
118.904 0.000464487
117.261 0.00113479
122.22 0.00104643
121.015 4.75652e-05
121.023 7.26384e-05
118.822 0.00111732
121.018 0.000923396
115.774 0.00111495
119.357 0.00100425
119.299 0.000988107
121.493 0.000908754
119.533 0.00108517
122.056 0.00100011
120.52 0.000847553
118.362 0.0010432
119.45 0.000995216
117.782 0.000972286
117.685 0.000993954
117.715 0.00112798
117.832 0.000989328
119.672 0.000970762
120.088 0.00102649
121.91 0.000941847
119.811 0.000148235
120.781 0.000843495
120.469 0.00103917
118.95 0.00111806
119.578 7.5087e-05
119.001 0.000987782
121.937 0.000475315
120.226 0.00111269
120.485 0.00110603
118.185 0.00103874
119.847 0.00103747
119.667 0.0009104
116.395 0.000956503
119.272 0.00109767
119.677 0.000963011
119.833 0.00100261
119.054 0.000994171
119.015 0.00110885
117.077 0.000963437
116.206 0.00100599
116.366 0.000943777
119.581 0.000991355
124.471 0.000987603
120.574 0.000993854
118.725 0.00110022
123.214 0.000280149
119.601 0.000751071
119.87 0.0010168
120.948 0.00102037
116.137 0.00101904
120.013 0.0010572
119.054 0.00103932
117.399 0.000971753
122.165 0.000994455
121.68 0.000849401
120.634 0.00102064
121.447 0.00103006
121.025 0.00098176
118.419 0.00105774
122.212 0.000382392
115.744 0.000980582
119.98 0.00108223
121.131 0.00100319
119.22 0.000986244
119.936 0.00112759
119.796 0.000150138
119.863 0.00100508
119.601 0.00102961
120.119 0.000454772
120.644 0.000699407
122.074 0.00100787
118.204 0.00102639
116.356 0.00102945
117.523 0.00100677
121.159 0.00109996
118.416 0.0010324
121.745 0.000987809
120.646 0.000970687
119.038 0.000988838
120.526 0.00101279
120.226 0.000150719
118.011 0.00102207
125.718 0.00104498
120.972 0.0010416
119.875 0.00103089
119.713 0.000977201
118.092 0.001001
120.312 0.00110144
120.39 0.00100036
118.864 0.00100733
118.643 0.00110495
118.119 0.00104922
120.97 0.00100747
119.952 0.00106261
119.236 0.00108978
120.256 0.00114816
118.624 0.00111863
119.499 0.00112276
121.694 0.000842817
120.591 6.83604e-06
116.881 0.00095245
118.995 0.000991959
118.602 0.00100564
118.6 0.000956983
117.439 0.00100208
120.697 0.000979109
118.288 0.000974705
118.714 0.00098741
120.768 0.00112266
120.028 0.000986093
120.551 0.000996237
117.826 0.000964321
119.844 0.000962485
119.579 0.000999475
121.645 0.000981985
119.556 0.00101956
120.779 0.000986496
120.083 0.000971322
121.798 0.0011421
118.802 0.00114851
119.199 0.00106935
115.012 0.00106562
121.868 0.000152657
118.237 0.000832117
118.399 0.00111281
119.833 0.000987562
119.845 0.000465864
118.301 0.000973669
122.026 0.00113415
118.798 0.00113853
119.842 0.000963157
120.2 0.000448022
119.589 0.0010915
115.86 0.000993647
119.44 0.000982718
122.298 0.000992308
118.824 0.000880632
118.333 0.00096061
119.955 0.000759104
121.251 0.000977617
121.023 0.00106351
119.492 0.00109419
121.347 0.000582389
119.558 4.74304e-05
119.134 0.00100212
119.914 0.000995774
120.455 0.000879372
119.525 0.00108756
117.639 0.000996923
120.406 7.28155e-05
119.049 0.00102049
116.74 0.000936261
116.922 0.00104947
121.018 0.00106288
121 1.34213e-06
117.089 0.00106072
118.518 0.00111938
121.804 0.00101634
119.806 0.000974846
119.61 0.000986882
119.475 0.000998075
118.952 0.00114103
120.799 0.000782232
123.545 0.00101946
116.368 0.00100619
121.868 0.000979876
120.92 0.00100974
118.838 0.00106584
119.217 0.00103276
119.943 0.000949922
118.45 0.00101831
119.331 0.00101052
119.993 0.00105024
119.413 0.000983271
119.472 0.000962909
117.274 0.000884284
116.981 0.00110595
117.113 0.000982426
121.188 0.000982281
119.419 0.0011179
119.249 0.00103975
118.812 0.000970626
120.28 0.00100842
120.761 0.00101226
122.032 4.79616e-05
120.875 0.000681071
116.41 0.00103292
118.196 4.79611e-05
121.089 0.000664933
118.706 0.000969848
119.85 0.000983508
116.403 0.00113296
119.909 0.0010649
119.993 0.000980291
119.253 0.000997401
124.842 0.00109695
120.003 0.000991336
120.106 0.000992046
119.605 0.00105152
119.312 0.000656845
119.378 0.000973117
120.595 0.00101387
116.74 0.00113275
121.153 0.00103565
119.687 0.000843417
121.429 0.0011258
116.728 0.00101291
120.387 0.00111811
120.761 0.00105194
116.133 0.0010094
120.031 0.00103008
118.806 0.000982714
122.007 0.00117239
120.79 0.000977885
119.496 0.000979782
120.812 0.00101747
120.19 0.00101363
120.282 0.00100361
123.712 0.000921356
120.911 0.00099572
119.392 0.00111891
120.786 0.00109652
119.605 0.000991414
117.254 0.00100716
121.293 0.000849559
119.47 0.0010329
120.907 0.000993489
121.099 0.000803612
117.629 0.0010671
120.87 0.00111846
118.206 0.00103696
119.348 0.000567899
120.631 0.000932954
121.011 0.000929857
116.902 0.00101824
120.884 0.00110014
121.083 0.000975047
119.103 0.00092494
117.878 0.000212254
120.516 0.00104021
122.159 0.00103258
120.02 0.000978807
119.888 0.00100997
119.754 0.000988016
119.986 0.0010341
119.479 0.000999179
118.903 0.000974584
116.998 0.000983494
119.014 0.000968219
119.126 0.00100009
119.714 2.97898e-05
116.27 0.00104738
118.905 0.00111684
121.161 0.00112342
116.247 0.00104209
120.716 0.000937721
120.349 0.000996955
121.362 0.00101463
116.322 0.0010199
116.371 0.00100321
119.106 0.000985473
119.134 0.000988128
118.451 0.000151584
121.755 0.000993389
117.039 0.00102729
122.38 0.00102971
118.738 0.00102782
117.355 0.000971992
121.285 0.00101067
116.098 0.00100775
118.596 0.0005667
119.098 0.000987299
118.47 0.000983928
123.301 0.000345316
120.36 0.000979106
121.948 0.00112888
120.981 0.00112139
118.089 0.00106223
117.915 0.000964112
117.978 0.00101623
119.613 0.00079816
118.717 0.00109803
121.376 0.00101731
117.757 0.00107161
121.343 0.00110767
119.288 0.000964617
118.929 0.00101329
120.777 4.52999e-05
119.336 0.000978642
121.282 0.0010371
120.643 0.00115332
119.606 0.00108191
118.017 0.0010106
116.532 0.000965422
119.035 0.000978027
120.687 0.000979931
120.395 0.000731382
120.61 0.000917031
120.094 0.000671778
120.659 0.00092582
117.051 0.00105914
118.684 0.0010333
121.565 0.00102524
118.204 0.000294416
120.64 0.000947471
123.278 0.00108719
120.846 7.56494e-05
120.143 0.00102902
121.771 0.00034602
118.8 1.90387e-05
121.44 0.000989284
119.634 0.00112084
118.012 0.000983967
120.937 0.000986759
117.907 0.00109011
119.774 0.00111813
119.143 0.00111876
118.736 0.000978191
120.558 0.000990155
119.398 0.00100875
120.778 0.00100952
118.797 0.00111086
120.369 0.000994379
121.857 0.00106992
120.425 0.00105868
120.998 0.00098875
120.37 0.00101386
120.211 0.00102782
117.86 0.00099184
118.748 0.00109081
120.111 0.00102078
121.846 0.000212243
116.804 2.99175e-05
120.759 0.000990685
118.667 0.000868176
121.155 0.00101308
119.978 0.00100364
118.001 0.00114937
115.047 0.00113569
119.971 0.00101204
120.438 0.00101701
117.731 0.00113523
120.649 0.000974438
119.425 0.000973292
119.024 2.84329e-05
118.529 0.0010291
116.656 0.000839444
118.651 0.000984774
119.181 0.000835078
116.287 0.00113179
121.806 0.00105821
116.01 0.000961387
118.968 0.000926524
115.838 0.00105545
120.203 0.000986398
120.92 0.000999026
117.856 1.46016e-06
120.516 0.00113532
121.882 7.26374e-05
118.343 0.000979873
120.182 0.000978534
118.623 0.000105438
121.515 0.00105373
121.151 0.000980797
118.414 0.00103755
119.748 0.000950122
120.609 0.00101032
119.676 0.000379967
119.315 0.00113432
121.953 0.000996885
115.465 0.00105999
119.663 0.000983628
119.104 0.000966197
117.405 2.46334e-06
116.836 7.13967e-05
124.971 0.000898526
119.911 0.00103264
119.991 0.00102365
118.16 0.00107352
119.475 0.00097572
121.429 0.00102142
116.533 0.00102238
120.168 0.00101298
119.95 0.00102889
118.295 0.00101351
118.896 0.00112776
118.732 0.00102487
119.313 0.00101018
122.444 0.00100338
117.748 0.00101634
119.258 0.00099149
117.91 0.00115621
121.686 0.000978959
119.171 0.000929853
118.772 0.00105784
119.642 0.00111556
119.157 0.000965607
121.513 7.20806e-05
118.471 0.00111188
118.695 0.000758199
120.121 0.000996424
120.077 0.00102305
120.016 0.0010598
118.736 0.000987717
118.601 0.000152013
118.189 0.00101562
119.54 0.000978152
120.698 0.00108995
120.203 4.63786e-05
120.571 0.00105483
121.979 0.000774127
120.645 0.00110194
119.247 0.00102988
119.878 0.000663603
120.875 0.00106656
119.111 0.00110367
120.081 0.000979193
119.654 1.88968e-05
119.573 0.00105159
118.43 0.000963872
117.836 0.0010037
121.456 0.00112779
120.968 0.000872736
119.401 0.000924317
118.363 0.000996108
117.318 0.000998746
120.516 0.000564673
118.889 0.00108948
121.324 6.99476e-07
122.21 0.00105745
120.59 0.00100338
119.442 0.00111707
121.569 0.000105475
119.096 0.000987636
118.257 0.00099725
119.657 0.00104355
119.866 0.00106243
124.142 0.000830817
122.512 0.00100114
120.391 0.000760642
120.815 0.000999461
115.704 0.0010847
119.409 0.00107367
120.064 0.00106883
119.714 0.0010062
120.405 0.00101058
119.597 0.000988502
120.442 0.000973266
118.78 0.000587107
119.027 0.000990356
117.19 0.000884167
118.93 0.00112028
119.352 0.000559737
120.693 0.00107037
120.122 0.00100011
119.224 0.00104676
121.716 0.000154511
118.789 0.000914575
119.516 0.00109026
118.849 0.00103508
121.441 0.000846668
119.328 0.00101961
122.837 0.00015638
118.575 0.00107029
119.654 0.00100953
122.46 0.000993844
122.102 0.00102235
121.908 0.00106722
153.995 0.000977872
120.637 0.00114554
119.369 0.00121738
119.241 0.00101137
120.542 0.00100022
117.045 0.00113642
117.863 0.00106855
119.516 0.000958084
123.563 0.000893486
118.169 0.0010399
119.997 0.00102549
118.526 0.00101871
121.314 0.00103266
118.035 0.000987043
118.012 0.00102156
118.604 0.00101987
118.659 0.000767549
119.163 0.000990346
118.503 0.00112617
120.883 0.00104733
120.523 0.00104886
117.756 0.00099856
119.432 0.000799008
119.902 0.000993295
118.73 0.00085401
121.03 7.201e-05
119.483 0.000950095
122.254 0.00100443
116.478 0.00100389
120.279 0.000999968
120.542 0.000982492
120.222 0.000989264
119.03 0.00112604
120.463 0.000214064
117.332 6.95297e-06
119.579 0.000993818
121.515 0.00101046
121.064 0.000976237
119.453 0.000389039
118.895 0.000994403
118.425 0.000869159
115.387 0.000333516
118.645 0.00104982
115.496 0.00109206
120.941 0.00101408
120.711 0.00099089
122.445 0.00099488
119.95 0.000979108
118.972 0.00100528
121.37 0.00111522
121.269 0.0011089
121.241 0.00100996
119.167 0.000980716
116.903 0.000776716
116.975 0.000972329
120.14 0.000565106
120.196 0.00112442
117.107 0.000964104
119.3 0.000921269
118.654 7.19862e-05
120.132 0.00101121
119.846 0.00107047
120.826 0.00104008
119.72 0.00102225
119.915 0.000992595
121.605 0.000993237
122.943 0.000984342
120.707 0.00102422
119.168 0.00029195
120.603 0.000985456
116.037 0.000999339
117.851 0.00105101
123.887 0.00103882
117.909 0.000993673
116.731 0.000998555
122.534 0.00114786
121.15 0.00105558
118.622 0.00100139
121.075 0.000939364
120.278 0.00100616
119.748 0.0010183
115.924 0.00101278
119.412 0.00110512
118.409 0.00100452
120.504 0.00111177
117.515 0.00093172
118.12 0.000988988
121.177 0.00102759
121.754 0.00105443
119.792 0.00114833
119.277 0.00106029
121.33 0.000964874
120.797 0.00112082
116.967 0.000980538
118.443 0.00103736
120.108 0.00097361
117.83 0.000989091
115.808 0.00104272
121.556 0.00101846
121.72 0.00103776
120.006 0.00108297
117.791 0.00107637
122.451 0.00103208
118.39 1.47011e-06
119.623 0.00107594
121.595 0.00105393
118.024 0.00113
118.804 0.000283365
121.164 0.000988473
121.001 0.000993688
119.664 0.000965525
118.512 0.000974506
119.953 0.000529808
116.064 0.00112296
120.353 0.00101266
120.653 0.00104394
117.458 0.000986513
120.721 0.000991785
119.122 0.00100596
120.351 0.00112577
117.909 0.000909067
116.877 0.000992235
123.73 0.000958919
118.701 0.00107917
131.528 0.00104137
117.386 0.00113769
119.123 0.00100335
115.228 0.000989896
119.831 0.00100745
121.489 0.000928402
121.404 0.00113712
118.537 0.00108342
119.58 0.000100478
118.489 0.000994887
120.17 0.00102969
119.708 0.000990691
122.19 0.000986549
118.609 0.000980839
121.121 0.000969977
120.447 0.000981814
119.09 0.00112006
117.492 0.000971016
118.164 0.00101289
116.932 0.00076521
118.961 0.000105063
121.239 0.00109383
117.87 0.000984441
118.884 4.79302e-05
121.999 0.000861764
122.894 0.00094938
121.133 0.000901723
120.347 0.00101244
122.486 0.00112254
117.438 0.0010189
121.042 0.00100496
117.433 0.000777056
118.35 0.000991917
120.334 0.000981089
119.284 2.99462e-05
123.435 0.000990134
119.415 0.00100858
119.826 0.000659269
120.555 0.000971016
116.894 0.00101687
120.132 0.000979345
118.77 0.00104466
121.286 0.00104231
117.819 0.00102615
120.682 0.00100044
120.448 0.000759579
121.085 0.00106245
119.911 0.000983977
120.533 0.000985149
124.279 0.0011523
117.995 0.000995142
120.206 0.000108548
119.997 1.90417e-05
121.841 0.0010079
119.552 0.000975895
117.119 0.00102467
119.65 0.00066576
117.917 0.00100328
118.797 0.000931269
122.163 0.000911088
119.777 0.000922022
118.423 0.00100225
117.852 0.000991202
119.353 0.000995279
119.666 0.000383431
115.623 0.00103234
120.779 0.000991308
121.604 0.000771815
123.227 0.000969153
119.816 0.00113427
119.51 0.00105188
115.619 0.000993568
118.435 0.000993987
120.467 0.00100728
117.553 0.000992376
120.757 0.000989939
120.137 0.000983091
119.482 0.00105082
115.89 0.00076285
119.184 0.000975708
115.657 0.000995846
119.127 0.00105638
119.671 0.000945191
120.441 0.000109528
122.318 3.00635e-05
119.719 0.000990069
119.874 0.00100487
121.328 0.000991545
120.741 0.0011499
121.282 0.000284522
120.026 0.00102107
118.006 0.00104825
117.633 0.000912247
115.988 0.00101551
119.832 0.00102037
123.092 0.00099622
121.647 0.00111912
119.292 0.00112062
115.109 0.000990245
119.774 0.000989192
117.551 0.0010132
119.431 0.00100878
119.009 0.000981641
119.187 0.000979888
118.608 0.00100005
117.018 0.000151137
120.451 0.000980925
120.531 0.000989111
119 0.00100646
120.738 0.00102565
119.903 0.00102425
121.044 0.000981494
119.688 0.000981164
119.801 0.000146903
115.142 0.000156489
124.485 0.000992961
119.706 0.000987366
122.402 0.00105167
119.356 0.00103021
115.219 0.00108493
116.193 0.000992494
120.812 0.00101235
120.973 0.00103639
120.574 0.000994216
120.17 0.00103522
119.297 0.000665168
120.998 0.000479067
118.36 0.00113426
119.708 0.000932993
120.89 0.00104599
118.712 0.00103082
116.341 0.00101807
120.143 0.000989912
118.126 0.000985879
121.434 0.00112172
119.683 0.00102662
121.565 0.00046839
115.316 0.00109927
122.049 0.000106867
121.482 0.000976798
120.377 0.00097208
120.815 0.000938383
118.526 0.00100795
119.945 0.00102029
121.258 0.000152525
117.609 0.000997691
118.777 0.000539736
119.765 0.000966662
119.843 0.000772205
118.843 0.000981444
119.702 0.000969486
119.612 0.000947572
118.553 0.00103563
121.075 0.00104528
118.881 0.000212489
119.063 0.000988786
120.926 0.00109099
115.149 0.000301063
119.828 0.00110959
120.416 0.000663257
121.862 0.00111649
119.326 0.000762402
118.368 0.00109548
120.087 0.00102479
121.993 0.00110798
120.578 0.00106389
120.704 0.000979395
119.274 0.00101152
120.635 0.00113736
119.012 0.000996505
119.072 0.000386176
119.436 0.00113321
118.469 0.000988941
122.131 0.000972424
119.199 0.00108922
120.383 0.000917919
120.857 0.00103469
117.046 0.000852338
119.523 0.00111867
119.534 0.000994546
116.279 0.000918492
119.412 0.00111489
119.172 0.000991055
120.181 0.00101457
120.176 0.000974518
118.485 0.00100022
116.946 0.00100419
117.768 0.00106558
119.812 0.00111163
119.068 0.00102783
119.264 0.000575291
120.553 0.00101005
120 0.00112268
118.543 0.000985514
121.002 0.00100787
123.112 0.0010156
120.359 0.000988357
118.239 0.00111813
121.529 0.000898711
121.638 0.00101044
119.432 0.00106834
120.057 7.29218e-05
122.171 0.00103694
121.259 0.000995707
125.101 0.000990868
120.346 0.00111403
120.154 0.00111882
116.984 0.00100755
118.658 0.000990151
121.491 0.00105261
120.954 0.000988612
121.117 0.0010275
118.944 0.0010076
120.822 0.000979675
119.874 0.00100857
120.818 0.000989913
117.568 7.0993e-05
118.59 0.000963427
121.127 0.00113576
120.644 0.000968069
120.333 0.00100268
118.76 0.00107704
119.926 0.000995109
119.953 0.00102175
118.527 0.00100791
117.016 0.000381835
120.139 0.000987451
115.047 0.00103863
117.396 0.00098568
118.015 0.000102282
119.705 7.27029e-05
116.636 0.00109403
119.624 0.00111298
118.518 0.000922782
116.651 0.00112793
121.05 0.000992544
118.579 0.00108197
117.884 0.00102297
119.942 0.000968484
116.369 0.00106948
119.944 0.000665637
120.893 0.000666497
120.302 0.00110909
118.747 0.000942197
116.439 0.000982443
119.533 4.18308e-06
120.651 0.00102072
116.448 0.00110587
124.31 0.00101911
120.436 0.00100082
119.56 0.00104598
118.124 0.00105532
119.804 0.00113996
119.526 0.00100443
120.079 0.000994904
116.862 0.000956679
121.25 0.00111732
119.73 0.000984088
122.776 0.00107427
116.621 0.000941041
118.485 0.00098748
119.724 0.000833006
116.689 0.001004
118.698 0.00105041
117.764 0.00101697
117.314 0.00106279
120.825 0.000578594
118.3 0.000942506
120.245 0.00097428
118.889 0.00102988
119.302 0.000998038
122.654 0.00107139
117.187 0.00101991
120.914 0.000974985
121.505 0.000998396
120.163 0.0011211
122.171 0.00093485
115.762 0.000998984
118.02 0.000467705
121.252 0.00057385
120.702 0.0010437
116.263 0.000800772
118.748 0.00101687
121.526 0.000874766
118.709 0.00112611
125.125 0.000944832
122.748 0.000981381
116.054 0.00103105
119.51 0.00101819
119.07 0.00102169
119.401 0.000843438
119.468 0.00100325
117.475 0.00099428
119.481 0.000991449
118.902 0.00092719
118.984 0.00103498
120.189 0.00102852
120.84 0.00109862
119.104 0.000105365
119.236 0.000989896
119.911 0.000987086
120.67 0.000983359
118.053 0.0010256
120.936 0.000947299
120.619 0.000948566
117.47 0.00110874
118.05 0.00108215
122.715 0.000973487
119.038 0.000994468
120.382 0.00107609
118.939 0.00101086
117.176 0.000916418
120.577 0.000979966
120.207 0.000823505
117.217 0.00107174
118.379 0.000987796
116.75 0.000987389
119.303 2.32501e-06
122.535 0.000665978
120.645 0.00098979
117.431 0.0010377
118.328 0.00100698
120.016 0.00098601
119.202 0.000910026
119.529 0.00105114
120.67 0.000839315
119.221 0.000979951
121.209 0.00109722
121.76 0.00100142
119.564 0.000990871
122.345 0.00103836
119.734 0.00113728
122.04 0.000967905
119.178 0.00103822
121.096 0.00097711
118.447 0.000568759
118.31 0.00100665
118.3 0.000988629
119.656 0.00104378
120.224 0.00103677
121.314 0.000992128
119.431 0.00112578
119.107 0.000969212
118.823 0.000991801
120.942 0.000662997
120.85 0.000902506
119.027 0.00105141
119.262 0.000921742
120.355 0.00111036
118.578 4.46278e-05
119.236 0.000986103
119.61 0.00104434
118.535 0.0011287
118.24 0.00108463
120.746 0.000988978
118.796 0.00100319
121.294 0.00109481
121.159 0.00101871
118.27 0.000840986
120.077 0.00098724
119.191 0.000937447
119.986 0.000972002
122.046 0.00113879
120.103 0.00114109
116.269 0.00105013
118.492 0.00111472
116.56 0.00102679
128.567 0.00113546
120.464 0.00100218
120.481 0.00108868
121.086 0.00100253
118.963 0.000989826
118.516 0.00100472
117.595 0.00100775
118.501 0.00112216
117.955 0.000974924
118.052 0.000990769
117.729 7.47185e-05
122.179 0.000858668
118.42 0.00103368
120.709 0.00101939
119.233 0.00101469
120.12 0.000966604
120.193 0.00100752
120.017 0.00103079
121.761 0.000368373
120.519 0.000758668
120.459 0.000987512
118.286 0.00109725
118.49 0.00113529
120.627 0.00105025
118.915 0.0010316
119.627 0.000380054
117.543 0.000662724
117.69 0.00101034
119.567 0.000980748
118.151 0.00109875
119.06 0.00110226
120.204 0.00101242
118.751 0.00100888
116.772 0.000907232
119.621 0.00111103
119.833 0.00106341
115.926 0.000954454
119.067 0.000973929
120.538 0.000817103
117.931 0.00114148
121.468 0.00100691
116.432 0.00028846
119.171 0.000989147
119.999 0.00116137
120.576 0.00102224
117.054 0.000213732
117.757 0.00100788
119.445 0.00103163
120.612 0.000973567
122.193 0.00104166
119.151 0.00110054
118.373 0.000762129
119.579 0.00100593
122.108 0.000858719
121.699 0.00100107
121.767 0.000843099
118.555 0.00103883
120.446 0.00107526
120.083 0.000993701
118.4 0.00109765
124.727 0.00102518
122.237 0.000969137
118.549 0.00111779
116.237 0.00102594
116.198 0.00114441
118.423 0.000268705
120.789 0.00112988
117.807 0.000982953
118.939 0.00112118
119.817 0.000992902
121.643 0.000563196
119.38 0.000852758
119.375 0.000987848
117.927 0.0010682
119.363 0.0011345
120.236 0.00103356
119.656 0.000978746
117.31 0.000844018
116.442 0.00111648
119.643 0.00098466
119.787 0.00101887
119.916 0.000937356
120.691 0.00110901
118.771 0.00111153
120.219 0.00113335
117.282 0.000970321
118.663 0.00102112
118.58 0.000823988
119.576 0.000145906
122.588 0.00113728
120.323 0.00100489
120.259 0.000991136
119.255 0.00101036
118.144 0.000987364
121.51 0.000920595
119.531 0.000483693
121.058 0.000989826
118.248 0.00102326
122.742 0.00098162
116.421 0.00102708
120.347 0.000988771
120.292 0.000570749
118.963 0.00110945
119.224 0.000935767
120.595 0.000977144
118.342 0.0010565
122.336 0.000890415
121.446 0.00100758
129.587 0.00102541
120.351 0.000967139
119.751 0.0011123
120.748 0.00102413
119.661 1.91707e-05
120.332 0.000988448
119.153 0.00102555
121.071 0.000995179
121.014 0.00103931
118.046 0.00100963
119.781 0.00109113
121.274 0.000995612
120.105 0.00100066
117.354 0.00105851
120.314 0.000662635
120.871 0.00114262
119.816 0.0010227
117.848 0.000985857
117.663 0.000971187
120.951 0.00106088
123.38 0.00106513
119.564 0.00104458
117.313 0.00109496
118.644 4.72488e-05
121.55 0.00102579
119.532 0.000973015
121.778 0.000993321
121.619 0.000974507
119.301 0.000891983
120.6 0.000947709
121.076 0.000974605
117.153 0.00111081
120.193 0.000567697
117.624 0.00100222
120.17 0.000563988
119.21 0.000107747
121.03 0.000980657
121.655 0.000994959
121.68 0.00100475
120.495 2.89943e-05
120.491 0.00113705
120.864 0.00104032
117.988 0.00102322
120.307 0.00100969
117.983 0.000911894
121.127 0.00114126
118.416 0.00103359
118.057 0.000924778
117.881 0.000981447
121.661 0.000904757
116.327 0.000957085
