128.931 0.00140464
129.323 0.00145009
128.272 0.00168057
132.725 0.00146428
128.656 1.66976e-05
129.05 0.00138159
130.915 0.000105323
122.004 0.00166881
130.403 0.0015215
130.146 0.00138801
124.08 1.67509e-05
131.215 0.00150076
126.382 0.00161126
128.293 0.00151024
129.931 0.00166165
129.359 0.00158232
137.594 0.0015935
131.005 0.00162989
130.879 0.00143414
128.007 4.39396e-05
129.161 0.00141077
132.554 0.00158565
131.087 0.00161674
128.928 0.00156489
115.605 0.00144206
129.464 0.00150659
131.176 0.00147943
128.683 0.00124993
130.516 0.00151534
130.346 0.00157269
128.208 0.00154749
127.74 0.00165394
128.412 0.00139654
128.815 0.00151437
128.147 0.00145714
129.478 0.000855458
131.342 0.00152432
128.8 0.00150986
126.942 0.00167628
128.395 0.00147858
132.044 0.00146417
126.482 0.0016586
128.341 0.001607
127.945 0.00144471
126.551 0.00126515
128.735 0.00145627
130.916 0.00163344
130.287 0.00153351
129.983 0.00162338
130.776 0.00150404
126.363 0.00164623
129.924 0.00135509
128.84 0.0014404
122.198 0.00170646
130.048 0.00145867
130.379 0.00166822
129.059 2.7702e-05
128.653 0.00158082
130.082 0.001386
131.449 9.92211e-06
129.67 0.00156166
130.038 0.000561127
129.193 0.00154803
129.412 0.001352
127.917 0.00155099
128.263 0.00158574
130.364 0.00153503
131.104 0.00170045
127.271 0.00142919
129.661 0.0014691
128.763 0.00150817
124.326 0.00155748
126.6 0.00141617
124.47 0.000957649
127.262 0.00148639
129.148 0.000982217
124.437 0.00148659
128.834 0.00145779
129.542 4.36126e-05
130.829 0.000229255
128.944 0.00151559
127.955 0.00149544
127.913 0.00161883
123.796 0.00143691
127.371 0.00148725
126.383 0.00140822
130.069 0.0016282
126.758 4.32872e-05
118.815 0.00158998
132.37 0.00161133
126.446 0.00141295
130.762 0.00144479
130.078 0.00149735
129.968 0.00147357
136.319 0.00145163
126.129 0.00164431
130.835 0.00153967
130.154 0.0016413
129.202 0.00147155
128.746 0.00145582
132.01 0.00126893
126.44 0.000846522
128.827 0.00149027
127.59 0.00154832
130.644 0.00145356
131.126 0.00151801
130.766 0.00145231
131.673 0.00160961
132.351 0.0015622
128.645 0.00145472
127.654 0.00148352
129.583 0.00133531
128.78 0.00146895
130.645 0.00152328
124.618 0.0016226
126.642 0.0015179
130.225 0.00144696
130.785 0.00143519
119.607 0.000158629
128.849 0.00168006
129.317 0.00162246
123.941 0.00153524
126.935 0.00146791
129.265 0.00125583
127.929 8.79339e-07
129.027 0.00149714
130.899 0.00117505
127.234 0.00158225
128.873 0.00165089
129.653 0.00144603
131.402 0.00146033
130.912 0.00151817
128.497 0.00136991
130.541 0.00148894
129.169 0.00148775
132.292 0.0015086
125.929 0.00150269
121.335 0.00149898
129.235 0.00147971
132.914 0.00147088
125.482 0.00143119
116.904 0.00151029
128.061 0.000995029
124.37 0.00128307
127.805 0.00148228
123.37 0.00125007
123.735 0.00145111
132.987 0.0015807
122.944 0.00153233
126.596 0.00151883
127.341 0.00145
131.096 0.00157533
119.951 0.00142443
127.805 0.00152274
134.724 0.000566224
130.24 0.00169391
129.817 0.0016654
131.5 0.00147285
129.737 0.00149455
128.901 0.00142982
128.755 0.00149962
126.531 0.00114465
133.943 0.00162609
121.182 0.00147662
129.796 0.000694236
127.965 0.00145885
131.319 1.00793e-05
128.506 0.00149387
125.695 0.00145614
132.727 0.00147405
128.033 0.00143869
124.422 0.00158044
135.104 0.001303
116.864 1.69382e-05
131.043 0.00159611
133.331 0.00143739
130.768 0.00167259
129.262 0.00149933
130.378 0.00144211
128.606 0.00136601
132.764 0.00118391
128.845 0.00147241
128.525 0.00151497
127.529 0.001496
129.394 0.00150573
129.623 0.00147963
130.735 0.000316561
131.962 0.00149124
130.745 0.00135959
130.729 0.00146969
129.976 0.00147783
127.985 0.00145865
123.325 0.00146038
129.158 0.00144535
130.875 0.00141514
129.119 0.000986715
131.081 6.95098e-05
133.927 0.00144625
129.817 0.00148021
130.783 0.00146867
127.857 0.00166569
133.876 0.00157888
130.155 0.00147771
133.12 2.71039e-05
130.761 0.00149406
127.632 1.56829e-05
117.117 0.00155122
124.87 0.00145774
126.065 0.000988933
129.415 0.00146603
130.862 0.00152161
129.796 0.00150063
129.029 0.00145901
127.284 0.00166297
128.6 0.000566782
122.521 0.00148241
122.814 0.0014645
131.26 0.00164863
127.102 0.00148992
128.372 0.00135888
126.675 0.00083502
126.678 0.00148958
124.907 0.00113603
137.839 0.00157453
128.942 0.00140464
131.711 0.0013783
130.716 0.00155321
132.671 0.00147757
130.424 0.00099177
128.065 0.0017716
130.614 0.000311261
126.586 0.00153819
131.058 0.00113426
130.04 0.00157382
131.382 0.00144137
123.716 0.00144265
115.451 0.00144372
127.976 0.00152879
131.576 0.00141027
133.998 0.00144996
123.97 0.00155106
131.68 0.0016325
128.222 0.0014891
128.227 0.00143252
127.521 0.00146404
127.992 0.00136352
129.139 0.00145105
128.474 0.00135458
129.311 0.00143451
120.039 1.32775e-06
136.34 0.00126715
128.148 0.000227146
130.232 0.00150947
132.866 0.00137403
130.2 0.00146741
125.507 3.7516e-06
127.641 0.00149418
128.505 0.00148907
129.409 0.000841131
129.962 0.00136714
129.907 0.00144039
130.672 0.00147151
130.533 0.00145828
131.694 0.00146787
130.125 0.0016672
131.565 0.00167418
131.851 0.00141857
128.281 0.00152511
129.282 0.00149765
130.256 0.00147718
128.293 0.00137104
130.925 0.00144798
130.046 0.000841632
129.972 0.00145047
124.97 0.00172749
123.005 0.00125614
127.051 0.000873434
130.733 0.00165525
128.236 0.00156527
132.262 0.000849079
131.186 0.0010123
128.193 0.00149181
120.435 0.00163253
131.618 0.00152675
126.703 0.00126581
130.255 0.00148636
131.396 0.00153614
128.564 0.00167
129.696 0.00145862
132.451 0.00151779
129.233 0.000559655
131.282 0.00150746
128.208 0.00145647
127.795 1.01175e-05
125.293 0.00134535
127.429 0.00138062
127.709 0.00175001
122.144 0.00150212
126.168 0.0014698
124.892 0.00137233
138.745 0.00145257
131.352 0.00145511
126.563 0.00169746
128.293 0.00122924
132.394 0.00146548
128.629 0.00147925
125.056 0.00161911
131.206 0.00144191
134.058 0.00171586
130.04 0.00150152
130.278 0.00116909
132.271 0.00166937
129.788 0.00151619
131.661 0.00150624
126.067 0.00151903
119.834 0.0014762
124.897 0.00148335
128.73 0.00157343
126.537 0.00154882
131.208 0.00156857
131.555 0.0014458
129.877 0.00137188
127.914 0.00131863
126.176 0.00150401
130.39 0.00136084
129.579 0.00161311
130.263 0.0014444
129.316 0.00160046
129.672 0.00156511
129.93 0.00144441
124.343 0.00145617
128.945 0.00152831
130.624 0.00129659
129.949 0.0016409
130.958 0.00149146
131.324 0.00144826
129.013 0.0016828
127.771 0.00142771
116.971 0.000425784
129.102 0.00148995
128.996 0.00124294
135.526 0.00152659
130.965 0.00113576
122.311 0.00126415
131.641 0.00156344
132.317 0.00148585
130.302 0.00151456
127.156 0.00150016
132.55 0.00152739
130.402 0.00174991
128.596 0.00148733
127.728 0.0014547
123.898 0.00143308
127.041 0.00144023
130.709 0.00144215
129.123 0.00149773
129.897 0.00133928
129.804 0.00148763
129.597 0.00148171
131.312 0.00148142
130.407 0.00147135
127.879 0.00145977
129.915 0.00150819
129.99 0.00149339
130.519 0.00146847
126.353 0.00143017
128.411 0.00162016
129.947 0.00151484
132.271 0.00162885
130.099 0.00174151
127.362 0.00140665
127.308 0.00145618
128.013 7.0942e-05
130.907 0.00145831
130.484 0.00164801
121.283 0.00148549
126.587 0.00148505
124.096 0.00140083
128 2.79539e-05
124.089 0.00136188
126.506 0.00149425
129.673 0.00144487
127.596 0.00144646
131.307 0.00135253
127.984 0.0015061
133.462 0.00152216
128.257 0.00156886
126.325 0.001475
126.102 0.000155657
129.673 0.00168663
128.654 0.000987133
130.793 0.00145523
127.99 0.000300599
129.707 0.00150074
127.445 0.00150579
128.008 0.00150503
125.658 0.00164587
131.872 0.00164492
127.587 0.00151262
129.233 0.00146074
124.667 0.00152235
129.248 0.00156004
130.184 0.00151565
129.652 0.00165139
129.716 0.00142476
128.648 0.00162672
127.851 0.00152507
132.022 0.00172647
126.801 0.000224267
126.431 0.00147489
127.688 0.00145467
130.85 0.00147543
136.239 0.00158379
129.215 0.0014668
131.854 0.00151092
127.323 0.00147017
130.582 0.00146508
127.838 0.00153846
127.687 0.00151905
130.035 0.00147357
130.917 0.00158
127.949 0.00158098
131.458 0.00162412
130.59 0.00146844
128.654 0.00153371
129.375 0.0014619
129.88 0.00164534
131.049 0.0015805
126.675 0.00132847
127.41 0.00156588
126.55 0.00152798
129.2 0.00148514
129.545 0.00147889
131.117 0.00147095
128.16 0.00144897
122.647 0.00132962
116.416 0.00155795
130.515 0.00145713
123.779 0.00144815
129.998 0.00145482
126.79 0.0015873
126.391 0.00144033
127.533 0.0014966
131.684 0.00148065
128.013 4.2996e-05
129.204 0.00162677
126.405 0.00156087
126.144 0.000583159
128.841 0.00144186
116.605 0.00151467
130.413 0.00149772
127.517 0.00164615
126.146 0.000427463
128.499 0.00166667
131.003 0.00165225
125.944 0.00167874
127.878 0.00151343
131 0.00159645
123.638 0.00147079
132.957 0.00166758
132.471 0.00157591
128.085 0.00142126
129.03 0.00145288
131.794 0.00159246
130.226 0.00159486
125.455 0.00144173
127.307 0.00144082
128.399 0.00162929
129.814 0.00170606
127.164 0.000984736
132.346 0.00163531
129.393 0.00158206
126.166 0.00191802
130.389 0.00150902
128.494 0.00144968
128.929 0.00140628
129.956 0.00149027
131.812 0.00144261
130.406 0.00164343
130.191 0.00146637
130.353 0.00144797
134.407 0.00171977
129.529 0.00151321
133.89 0.0014901
131.731 0.0014733
128.924 0.000795399
130.618 0.00150617
127.603 0.00153722
129.822 6.10851e-06
125.096 0.00157669
128.102 0.00174124
129.905 0.00144689
131.155 0.00161584
127.293 0.000107743
123.086 0.00204296
130.817 0.00165436
121.904 0.0015057
130.299 0.00149269
127.08 0.00151326
131.397 0.001683
129.639 0.00136816
126.866 0.00142789
121.123 0.000714163
132.97 0.00138871
131.507 0.00147636
128.068 0.00150141
126.933 0.00157857
128.383 0.00145879
128.879 0.00101386
130.501 0.00164163
128.311 0.00144305
130.194 0.00144707
127.396 0.00147414
132.521 0.00172076
129.092 0.00143567
129.473 0.00144168
130.546 0.0013486
130.096 0.000317752
128.944 0.00147975
128.598 0.0015489
129.854 9.83866e-07
129.993 0.00151655
127.267 0.00147699
130.144 0.00146126
130.51 0.00147922
128.033 0.00148741
127.425 0.00146277
128.546 0.00152688
129.115 0.00145215
129.467 0.00143955
126.71 0.0016387
129.959 0.0016755
130.384 0.00143426
129.178 0.00158014
122.894 0.00167096
122.299 0.00151329
128.996 0.00144309
130.944 6.31118e-06
129.428 0.00143096
127.968 0.00164651
120.974 0.00147339
124.785 0.00117663
130.786 1.02619e-05
130.873 0.001618
129.294 0.00164695
133.377 0.00147092
129.399 0.00164228
128.321 0.00149819
127.977 0.00143817
131.959 0.00147682
130.374 0.00162029
131.449 0.00146103
127.622 0.0013666
129.095 0.00149926
130.545 0.00146724
129.402 0.00148311
123.315 0.00149114
127.476 0.00162155
120.557 0.00150486
130.058 0.00144603
128.971 0.00158804
130.745 0.0014905
121.138 0.00150945
130.818 0.00172354
134.066 0.00147553
126.593 0.00148729
130.64 0.00145457
133.65 0.0014656
127.018 0.00160083
130.947 0.000317124
128.352 0.00146436
136.638 0.00140982
126.422 0.00142489
129.381 0.00165227
122.704 0.0014525
129.097 0.00152088
124.227 0.00156272
131.245 0.00154743
123.178 0.00167468
130.059 0.0015434
128.801 0.000699302
129.06 0.0016361
128.503 0.00165
130.91 0.00153972
132.309 0.00146517
125.415 0.00147114
129.92 0.000688241
126.689 0.00147625
128.295 0.00167165
116.899 0.00146005
129.898 0.00171314
130.516 0.00164693
130.943 0.00160359
131.065 0.00147851
126.045 0.00152289
128.011 0.00144731
125.744 0.00146862
127.321 0.000229194
130.601 0.00167352
130.664 0.00137134
127.572 0.00147549
128.77 0.00150653
129.572 7.10894e-05
124.367 0.00169587
130.622 0.00149787
135.027 0.00133008
127.714 0.0016851
134.516 0.00134849
129.842 0.00145864
125.694 0.00154587
130.799 0.00137086
124.327 0.0011438
126.983 0.00146318
128.674 0.00140135
129.639 0.00152323
129.282 0.00150606
125.279 0.0014661
128.945 0.00145125
134.88 3.7022e-06
129.188 0.00149509
128.657 0.00127124
128.121 0.00042577
129.352 0.00153807
129.525 0.00155341
131.508 0.00149272
125.678 0.00149624
131.028 0.00174171
131.655 0.00127897
129.799 0.00145944
128.162 0.0015272
125.238 0.0014438
131.669 0.00160309
129.695 0.00151752
129.153 0.00152058
128.463 0.00162551
130.259 0.00170119
130.925 0.00150067
125.61 0.00144301
119.821 0.00146724
124.735 0.00163519
131.758 0.00157585
127.788 0.00150024
128.988 0.00146354
132.166 0.00153243
129.916 0.00149908
133.896 0.00144022
132.074 0.00136263
129.981 0.00144484
123.16 0.00145936
125.836 0.0014937
129.598 0.00154251
130.963 0.00162702
128.591 0.00152293
128.258 0.00148373
130.625 0.00145008
129.092 0.00165019
126.824 0.0016529
131.199 0.001434
130.593 0.00158535
130.84 0.00135499
130.466 0.00152312
131.568 0.00167765
129.48 0.00147308
128.592 0.0014468
130.495 0.00149491
129.898 0.00146317
128.336 2.78882e-05
127.771 0.00149154
128.197 0.00164181
131.729 0.00164669
127.8 0.00151515
130.278 0.00148976
129.698 0.00143223
128.315 0.0014526
134.056 0.00137461
128.379 0.00157991
127.976 0.00145011
131.058 0.000424654
128.108 0.00162972
125.394 0.00142785
130.694 0.00146596
127.938 0.00165761
129.618 0.00148857
117.324 0.00143962
130.906 0.00152006
131.536 0.00142884
129.391 0.00150274
126.044 0.00112896
127.931 0.001582
131.209 0.00150523
124.865 0.00146648
127.621 0.0015874
123.434 0.00163626
131.125 0.0014959
122.411 0.00157435
126.317 0.00148835
125.835 0.000102123
129.66 0.00135669
129.604 0.00143282
126.033 0.00154274
129.333 0.00152197
129.803 0.00147566
129.045 0.00163916
127.089 0.00153378
128.677 0.00161662
121.662 0.00145181
126.149 0.00182145
121.292 0.0015239
131.494 0.00155574
127.401 0.00152977
129.776 0.000428349
120.432 0.00144499
123.08 0.00156257
131.048 0.00153367
131.565 0.0014447
129.497 0.00137233
126.261 0.00160677
123.565 0.00162789
125.776 1.02424e-06
128.746 0.0014053
131.625 0.00161523
134.138 0.00144539
128.245 0.0014965
127.411 0.0015123
131.944 0.00153415
126.078 0.00147608
132.916 0.00150601
129.747 0.00150827
127.961 0.0014434
126.38 0.00165282
130.834 0.00139715
130.946 0.0015379
130.769 0.00150586
128.712 0.00144873
119.747 0.00169301
127.713 0.00145121
129.951 0.00135119
128.343 0.00135109
130.276 0.00143186
122.797 0.00142749
127.898 4.4055e-05
133.278 0.00151891
129.55 0.00149203
128.464 0.00148593
128.023 0.00113269
117.365 0.00153574
132.353 0.00150239
127.226 0.00146611
131.978 0.00147105
116.038 0.00165793
127.706 0.00149911
128.883 0.00136925
129.042 0.00157323
132.642 0.000223684
126.033 0.0015043
125.812 0.00156709
121.947 0.00147494
128.253 0.00146428
128.634 0.00146942
129.415 0.00145248
128.954 0.0015419
122.392 0.00145017
126.924 0.00162686
128.916 0.00161447
130.406 0.00143716
123.571 0.000555827
118.268 0.00149669
128.274 0.00142981
126.728 0.00161216
131.528 0.00141039
124.821 0.00164624
127.825 0.00147102
130.403 0.00158226
126.292 2.82774e-05
130.012 0.00156578
128.878 0.00151932
126.94 0.0012058
126.699 0.000985135
131.259 0.00146691
130.919 0.00146553
128.551 0.00160203
133.625 0.00152324
127.888 0.00139879
127.954 0.00148391
125.08 0.00148076
132.281 0.00142561
130.382 0.00137676
130.669 0.00163535
129.478 0.00142049
128.818 0.00136278
129.516 0.000986748
128.819 0.00138597
130.542 0.0016504
131.914 0.00148684
128.809 0.00150087
128.776 0.00147647
121.512 0.00156741
126.207 0.00141476
125.686 0.00147715
129.324 0.00153768
133.03 0.00137868
125.219 0.00146417
129.6 0.00143965
130.411 0.00144308
127.859 0.00156771
124.94 0.00153734
131.021 0.00149387
126.23 0.00165404
130.503 0.00143575
137.683 0.00143861
127.394 1.74727e-05
123.979 0.00144694
130.404 0.00152323
129.537 0.00148142
128.405 0.00152295
127.946 0.00149319
130.345 0.00142912
127.281 0.00161173
129.602 0.00166816
130.496 0.00153286
127.355 0.0016162
118.715 0.00144456
127.541 0.00155201
128.054 0.00136568
131.324 0.00143691
129.096 0.00149936
125.06 0.00149958
129.674 0.000229567
122.039 0.0014293
124.782 0.00155887
128.234 0.00158409
129.661 0.00167994
126.986 0.00144612
133.478 0.00151967
130.896 0.000157035
133.309 0.00150323
128.566 0.00144894
129.629 0.00151754
128.412 0.00165009
130.337 0.00167321
128.643 0.00140715
125.84 0.00126844
129.089 0.00041898
124.864 0.00172074
131.249 0.00015261
128.362 0.00151172
131.709 0.00152349
127.398 0.00167198
130.364 0.00151548
128.785 0.00158851
130.928 0.00056865
129.315 0.00152854
130.508 0.00164618
128.371 0.00147215
131.606 0.00148444
130.493 0.00143357
129.288 3.60161e-06
132.038 0.00155934
130.852 0.00137022
127.52 0.00153237
128.127 0.00168603
122.633 0.0016438
128.227 0.00146596
133.526 0.00147151
128.459 0.00162871
125.141 0.000986531
128.656 0.00140148
123.893 0.00155139
130.879 0.00153884
129.867 0.000692997
132.987 0.00149788
130.402 0.00144535
126.711 0.00149217
126.711 0.00145277
124.089 0.00142308
130.44 0.00154659
131.8 0.000989999
128.955 0.000993214
128.386 0.0015885
127.064 0.00147534
128.086 0.00150129
124.629 0.00137598
128.348 0.000562067
128.473 0.000227364
129.122 0.00163567
127.611 4.09038e-05
129.374 0.00141235
132.353 0.0016737
122.644 0.000917324
126.708 0.00142483
127.99 0.00147349
132.443 0.00146384
128.35 0.00164583
129.555 0.00144552
127.003 0.000706287
132.143 0.000832403
139.17 0.00128326
132.1 0.001667
132.255 0.00145466
134.594 0.00149245
125.801 0.0014513
123.49 0.00138729
128.613 0.00163825
121.69 0.00151432
133.759 0.00151775
127.343 0.00160602
127.642 0.0014336
129.145 1.69265e-05
131.122 0.00165967
129.814 0.00166538
127.628 1.71861e-05
128.424 0.00147908
129.322 0.00124238
127.352 0.000995633
131.399 0.00148364
132.315 0.00084981
121.385 0.00139073
134.094 0.00147026
130.938 0.00136963
127.925 0.00162333
126.015 0.00146945
127.749 0.00162709
132.094 0.00156671
126.264 0.0013209
134.176 0.00157124
124.416 0.00155439
125.453 0.00150482
133.147 0.00133569
129.363 0.00161242
131.666 0.00148256
129.454 0.00148128
130.776 0.00146756
127.443 0.0015321
129.847 0.00143563
131.157 0.00145701
128.694 0.00143048
130.806 0.00153476
129.644 0.00149779
129.102 0.000423906
124.529 0.00156675
133.059 0.00145375
126.389 0.00147733
124.939 0.00146661
129.684 0.00145144
129.073 0.0014481
122.809 0.000429974
128.012 0.00146091
123.819 0.000331949
129.997 0.000551887
131.033 0.00154826
128.027 0.00170651
130.234 0.00169967
127.11 0.00150605
131.301 0.00145396
129.959 0.00163281
129.648 0.00162325
131.011 0.00162733
129.53 0.00150408
126.604 0.00141641
136.221 0.00140835
128.846 0.00162703
128.479 0.000556064
127.428 0.00144952
130.063 0.00150302
126.263 0.00144464
132.229 0.00162603
128.903 0.00148524
128.365 0.00152936
126.921 0.00146808
131.46 0.00166069
131.796 0.00148678
131.098 0.0014419
126.908 0.00149983
135.784 0.0016142
127.413 0.00145352
130.908 0.000858639
132.222 0.00116497
130.144 0.00149449
130.721 0.000554391
132.245 0.00150763
129.365 0.00145826
130.32 0.00148608
130.051 0.00165533
131.699 0.00151015
125.112 0.00152963
129.26 0.00147404
123.508 0.00164643
129.509 0.00143496
125.548 0.00142757
132.356 0.00147324
131.239 0.00153915
130.235 0.00152768
131.169 0.00150612
120.966 0.00108086
126.876 0.0016234
129.938 0.0014389
127.854 0.00146029
133.427 0.00149975
129.232 0.00148135
129.443 0.00164053
125.506 0.00143698
124.352 0.00145653
128.46 0.0014608
129.453 0.000690354
128.111 0.00152297
130.185 0.00152557
126.342 0.00151977
130.779 0.00165837
131.893 0.00146077
127.256 0.0015132
126.28 0.00168871
131.308 0.00153165
132.759 0.00136345
116.027 0.00169455
133.106 0.00125786
127.764 0.0014091
128.305 0.00135545
131.158 0.00143695
134.629 0.0014128
128.569 0.0014361
125.219 0.00146421
132.257 0.00146519
129.356 0.00134996
132.707 0.00149271
130.336 0.000324824
127.354 0.00165157
131.25 0.0016561
131.464 0.00143737
122.913 9.8641e-05
128.039 0.001582
118.016 0.00153056
128.708 0.00140785
132.627 0.00139694
125.808 0.00146259
131.096 0.00145246
118.615 0.00145438
127.878 0.00146206
132.117 0.00152107
125.652 0.00149737
127.905 0.00142471
123.842 0.00147199
121.436 0.000980749
127.116 0.000562021
125.169 0.00166953
125.355 0.00144027
127.933 0.00132951
129.469 0.00132278
129.382 0.00149784
128.502 0.00158926
128.566 0.00151076
123.222 0.00170022
129.435 0.000578279
128.225 0.00147668
128.415 0.00164484
132.038 0.00150531
131.688 0.00144287
129.949 0.00136429
126.358 0.0013955
128.032 0.00153509
130.285 0.00164838
128.264 0.00145191
130.555 0.000103856
127.677 0.00160543
127.62 0.00167872
133.887 0.00165101
130.071 0.00160146
132.536 0.00155354
124.878 0.00157181
130.775 0.00148293
125.896 0.00144026
120.301 0.00143891
129.141 0.00139768
129.196 0.00161221
128.541 0.00146827
129.725 0.00148577
130.6 0.00161425
129.35 0.00147157
131.392 0.00148849
124.943 0.0015564
129.621 0.000318519
125.352 0.00145735
128.99 0.00152162
127.544 0.00144489
127.668 0.00151718
123.4 0.00159761
127.221 0.00146138
130.032 0.00152369
129.068 0.00164058
128.724 0.00145405
130.207 0.00158838
131.129 0.00165318
128.343 0.00149902
131.102 0.0014438
126.18 0.00135345
131.236 0.00145123
131.193 0.00148279
130.663 0.00145541
130.051 0.0014529
129.464 0.00147727
130.887 0.000110496
129.688 0.000999071
128.019 0.0015112
129.686 0.00146003
129.433 0.00146981
130.331 0.0015051
123.192 0.00146125
128.862 0.00155793
126.438 0.00149673
128.959 0.00151767
121.265 0.00147338
126.896 0.00129002
131.64 0.0015998
129.438 0.00175548
127.722 0.00156752
129.32 0.00146369
129.523 0.00149126
131.209 0.00160052
127.134 0.00143959
127.726 0.00146136
129.268 0.00149046
132.509 0.0016971
129.195 0.0011446
129.549 0.00140218
128.407 0.00106045
125.841 0.00145119
126.512 0.00123954
130.359 0.00144553
133.985 0.00167163
134.739 0.0014315
127.804 0.00151111
130.445 0.0020327
127.893 0.001544
126.201 0.00148227
129.294 0.00147472
129.842 0.00145672
128.121 0.00165568
127.815 0.00166199
128.659 0.00167973
132.226 0.00142085
131.617 0.00144229
127.901 4.23278e-05
128.819 0.00113852
131.005 0.00152119
130.512 0.00147197
131.77 0.00148656
130.953 0.00144539
130.17 0.00111681
131.318 0.00162138
130.889 0.00031786
130.871 0.00146719
132.528 0.00146529
127.606 0.00145447
127.457 0.00149518
122.608 0.00145777
115.458 0.00147324
126.474 0.00143966
133.335 0.00142275
130.29 0.00153065
132.057 0.00151145
127.595 0.00144089
130.192 0.00143977
126.919 0.00149105
127.449 0.00157411
126.399 0.00151729
129.56 0.00149868
127.138 0.00145702
129.296 0.00152399
130.084 0.00170851
132.321 0.00151223
115.627 0.00159992
131.061 0.0014914
124.878 0.00155422
124.768 0.00147253
129.277 0.00011031
116.078 0.00169318
126.155 0.0015965
131.11 0.00150717
128.935 0.00159378
129.505 0.00169425
116.736 0.00112484
129.191 0.00164748
128.875 0.00150116
129.417 0.000225295
131.746 0.00146376
129.947 0.00123192
131.147 0.00145295
130.462 0.00144678
131.844 0.00148763
133.336 0.00147372
132.826 0.000769477
132.274 0.00148222
132.513 0.001576
132.938 4.4167e-05
116.356 0.00146927
131.139 0.00150121
130.145 0.000561653
130.013 0.00152454
129.72 0.00154596
123.34 0.00160345
128.607 0.00149536
127.73 0.0014548
128.984 0.00166374
129.903 0.00152455
133.262 0.00149499
124.983 0.00142808
130.078 0.00151028
126.21 0.00153683
130.025 0.00166834
126.849 0.00144745
121.202 0.00147685
117.276 0.00153287
126.283 0.00168685
131.81 0.00145109
123.757 0.00145246
130.33 0.00150028
130.24 0.00105529
131.334 0.00164318
128.678 0.00147424
128.857 0.00124701
131.003 0.00155007
129.554 0.00148114
130.819 0.00146177
130.358 2.79207e-05
127.703 0.0015835
130.479 0.00145584
127.508 0.00157957
130.704 0.00147287
127.636 0.00139199
123.408 0.00155648
130.451 0.00136839
129.63 0.0015494
129.139 0.00149924
126.709 0.00156245
129.331 0.00162222
129.095 4.39279e-05
129.735 0.00162493
128.36 0.00149644
130.571 0.00145127
130.521 0.00144107
128.892 1.06845e-05
123.684 0.00162502
128.77 0.000226797
129.009 0.00133676
132.349 0.000314852
128.572 0.00169974
130.253 0.000105768
128.045 0.000154512
127.909 0.0014983
125.188 0.00171258
126.756 0.00165019
121.164 0.00148249
124.141 0.00163554
123.593 0.0016475
133.077 0.00172847
128.376 0.0014699
129.279 0.00149967
127.478 0.00148337
121.805 0.00149279
130.437 0.0014628
123.147 0.00154106
130.38 0.00153107
127.879 0.00127415
127.45 0.00158623
119.252 0.00141713
127.078 0.00148723
131.219 0.00148731
130.536 0.00145205
127.065 0.00131147
129.475 0.00156534
129.734 0.00147804
129.68 0.00146928
137.289 0.00163586
134.131 0.0014771
123.808 0.00154717
131.225 0.0011554
124.793 0.00149483
129.752 0.00131945
125.618 0.00137563
127.716 0.00142771
126.346 0.00162943
124.419 0.00144853
122.5 7.08732e-05
124.961 0.00148979
120.788 0.000430449
133.448 0.00144295
128.292 0.00156231
125.612 0.00153406
134.572 0.0013849
130.246 0.00142544
128.493 0.0014412
130.475 0.00151488
129.327 0.00147699
129.352 0.00145674
131.888 0.00141004
126.386 0.00147626
128.198 0.0015985
129.489 0.00149304
131.341 0.00147974
133.051 0.000853182
128.897 0.00158636
128.979 0.00152328
129.229 3.61393e-06
133.238 0.00151946
126.418 0.00166827
128.425 0.00146755
133.397 0.00150396
131.862 0.00164747
130.843 0.00149074
127.342 0.00148912
126.585 0.00144353
125.227 0.00165537
132.505 0.000856762
129.184 0.00153221
126.066 0.0011273
134.752 0.00100996
127.857 0.00147644
131.604 0.00162314
125.883 0.00149509
133.358 0.000106591
134.579 0.00145491
127.106 0.00146299
129.659 0.00145496
125.52 0.00144244
128.43 0.0014457
130.487 0.00166385
132.236 0.0016458
126.104 0.00143105
132.808 0.00145231
132.246 0.00137567
127.745 0.00149155
119.623 0.00132956
133.366 0.00068845
129.24 0.00158043
131.239 0.00150157
130.534 0.00145946
129.505 0.00135484
128.846 0.00142643
130.196 0.0016473
133.212 0.00152434
129.912 0.00145967
129.092 0.00167289
129.501 0.00158469
130.511 0.00153403
131.159 0.00151361
126.239 0.00123842
129.287 0.00165875
130.342 0.00144392
127.467 0.00159539
125.52 1.42309e-06
130.886 0.00146861
119.559 0.000425853
125.558 0.00123406
129.052 0.00147588
125.706 0.00164929
132.612 0.00145591
126.684 0.00152282
129.91 6.10851e-06
125.619 0.00150178
132.482 0.00137908
127.335 3.65743e-06
131.262 0.00172859
132.748 0.00155169
128.368 0.000844868
133.023 0.00148451
129.025 0.0016476
127.197 0.00167173
120.36 0.00142695
126.914 0.000106446
126.805 0.00135154
133.96 0.00149684
132.342 0.00146801
125.406 0.00125865
129.192 0.00150851
122.595 0.00149774
130.131 0.00135348
128.77 0.00148391
131.138 0.00132871
128.542 0.00146715
123.962 0.00157537
129.568 0.00136464
126.92 0.00152847
129.028 0.000564853
130.408 0.00118215
131.238 0.00153315
129.081 0.00161121
119.997 0.00148589
128.485 0.00146193
130.072 0.00146639
129.869 0.00153821
130.215 0.00163773
131.301 0.00146937
124.897 0.00141853
130.025 0.000223285
124.581 0.000557217
116.106 0.00140722
127.835 0.0013798
129.93 0.00148498
133.029 0.00144745
129.018 0.00145879
127.949 0.00151135
131.839 0.00149919
134.148 0.00136299
128.252 4.41666e-05
129.865 0.00166043
129.31 0.00143762
129.474 0.00144652
128.844 0.00154916
134.776 0.00146957
126.931 0.00165681
129.678 0.00149583
129.272 0.00146373
126.372 0.00145255
135.505 0.00152258
123.749 0.00154287
131.185 0.00150353
131.304 0.00167317
128.409 0.00146782
128.305 0.00154447
130.246 0.00145711
128.618 0.00150581
132.541 0.00152742
128.258 0.00152885
125.327 0.0015597
130.561 0.00166108
133.424 0.00150518
129.747 0.00144712
131.186 0.00151695
128.116 0.00146079
127.201 0.00151181
122.412 0.000441911
127.812 0.00144223
131.593 0.0014996
129.534 0.0013094
130.438 9.6976e-05
128.715 0.0015235
128.082 0.00147018
129.947 0.00146476
131.503 0.00148861
129.842 0.00151538
