128.904 0.000659821
135.599 0.00057874
129.177 0.000512344
123.898 0.0006384
132.053 0.000609824
125.878 0.000588646
121.841 6.44992e-06
125.008 0.000549716
167.134 0.000546393
142.969 0.000663127
123.362 0.00013182
146.131 0.000603053
133.356 0.000573699
122.441 0.000568718
120.949 0.000572851
130.348 0.000523088
134.91 0.000161975
127.555 0.000606264
125.102 0.000647628
140.681 0.0005546
128.402 0.00055094
129.486 0.000580973
127.488 8.4572e-05
133.286 0.000554141
147.014 0.000611461
131.263 0.000630239
131.399 0.00086981
128.897 0.000111824
132.428 0.000565836
129.743 0.00062589
127.586 0.000569571
121.796 0.000611394
132.609 0.000636865
130.675 0.000585571
129.988 0.000635477
129.512 0.00059813
124.79 -0.00059553
125.082 0.000598014
126.638 0.000559488
127.021 0.000580529
116.815 0.00065508
128.479 0.000585365
128.651 0.000557634
126.525 0.000554807
118.198 0.000637264
133.382 0.000565848
129.665 0.000588407
145.994 0.000636364
128.302 0.000625762
156.972 0.00048957
127.14 0.000575544
127.005 0.000583093
132.316 0.000577591
128.44 0.00057989
128.971 0.00062691
132.151 0.000493015
128.843 0.0006422
132.288 0.000623098
135.394 0.000535105
121.427 0.000560305
127.818 0.000164686
127.136 4.13027e-05
126.599 0.000547655
122.022 0.000598131
133.83 0.000561376
129.956 0.000643105
122.63 0.000560325
127.329 0.000636847
129.558 0.000565242
122.139 0.000400276
118.907 0.000657817
125.538 0.000640787
130.27 0.000564057
130.235 0.000562637
125.42 0.000586039
130.261 0.000556874
137.092 0.000566606
145.201 0.000584802
126.402 0.000541169
121.283 0.000125982
130.043 4.11361e-05
121.581 0.000563151
130.091 0.000552407
149.06 0.000308582
128.243 0.000581897
138.03 0.000498941
150.132 0.000572366
130.949 0.00061102
126.887 0.000638117
127.956 0.000636249
162.963 0.00057358
132.206 0.000596298
125.852 0.000598115
128.969 0.000216002
129.059 0.000572004
127.611 0.000648563
130.543 0.000558776
147.717 6.09013e-05
143.352 0.000520417
137.858 0.000556065
123.105 0.000615428
131.309 0.000570277
130.786 0.00063987
123.041 0.000583005
117.613 0.000636408
115.679 2.72895e-05
134.414 0.000617177
165.252 -0.000576603
128.088 0.000218532
127.227 0.00064438
129.724 0.000566506
117.351 0.000560426
129.745 0.000613441
129.123 0.000570829
125.876 0.000550306
123.373 0.000563851
137.279 0.000581335
126.972 0.00059205
130.73 0.000595849
126.442 0.000606871
128.5 0.000623173
134.616 0.000577418
128.429 0.000552479
124.535 0.000599708
126.213 0.00050587
116.356 0.000558672
142.09 0.000631571
118.648 0.000548887
130.999 0.000562677
128.275 0.000577378
125.064 0.000580336
