125.789 0.000141962
120.624 0.000149141
115.975 0.000148553
119.312 0.000145808
121.591 3.64263e-07
119.921 0.000164894
117.68 0.000164413
120.077 0.000148319
119.257 0.000160662
117.311 0.000143874
121.27 0.000153037
124.555 0.000152508
118.191 0.000144472
123.569 0.000141474
116.929 0.000142514
119.069 0.000146902
119.595 9.61615e-05
119.188 0.000146863
119.085 0.000155543
120.458 0.000151901
118.781 0.000143153
118.051 8.27367e-05
120.813 0.000143444
119.668 2.27088e-05
118.269 0.000142656
119.361 0.000142761
120.376 0.000142829
120.946 0.000152872
123.415 2.78672e-06
118.157 6.80454e-05
122.955 5.49041e-05
119.962 0.00014319
124.358 0.00012411
120.433 0.000162864
117.454 0.000144482
118.187 0.000162216
118.027 6.684e-05
121.855 0.000161
118.629 0.000146191
119.727 0.000145427
118.634 0.000159637
121.604 0.00015113
120.627 0.000149486
119.683 0.000136164
125.395 0.000145452
118.788 0.000149719
120.028 2.75331e-06
120.653 3.08663e-05
120.089 0.000142626
120.692 0.000143566
120.377 0.000148437
118.998 0.000148924
120.974 1.66337e-06
119.291 0.000164506
