119.083 0.000428444
119.885 0.000400074
124.043 0.00039027
119.741 0.000397677
122.898 0.00037303
120.423 0.000396287
135.992 0.000211332
120.108 0.000306435
117.933 0.000397199
127.147 0.000448238
119.142 0.000436166
119.22 0.000395497
118.793 0.000388591
118.026 0.000388406
139.379 0.000389742
119.717 0.000390356
118.564 0.00042133
120.645 0.000389565
117.981 0.000409778
120.776 0.000392301
120.954 0.000400414
121.223 0.000374704
118.915 0.000386953
121.091 0.000360591
122.785 0.000456908
120.736 0.000450699
124.239 0.000410392
118.409 0.000403182
122.005 0.000425851
120.691 0.000393903
121.946 0.000406848
129.627 0.000402079
119.134 0.000458498
120.478 0.000383146
119.26 0.000415497
120.339 0.000390097
116.712 0.000386854
119.421 0.000410287
122.345 0.000406368
117.944 -0.000415536
118.076 0.000443353
120.807 0.000408328
119.503 0.000191544
125.784 0.000434707
120.476 0.000442952
120.592 0.000366014
119.336 0.000394759
118.779 6.07951e-05
117.245 0.000439982
119.001 0.000432104
119.551 0.000397641
118.557 0.000392841
119.456 0.000410805
118.5 0.000230018
120.1 0.000305629
119.792 0.000407443
119.778 0.000395795
146.501 0.000400529
120.007 0.000393287
124.1 0.000444434
118.733 0.000414555
118.441 0.000398613
117.848 0.000389538
118.898 0.000383365
120.578 0.000414792
119.535 0.000402265
120.718 0.000115462
120.09 0.000426954
121.522 0.000395376
