121.346 0.000249604
118.59 0.000244609
120.702 0.00025514
120.868 0.000251991
118.811 0.000124313
123.506 0.000251527
127.127 0.000262071
116.96 5.49588e-05
117.263 0.000260428
119.933 0.00027785
116.65 0.0003635
119.999 3.94288e-05
119.959 0.000316902
115.79 0.000391511
119.62 0.000415659
119.371 0.000395709
120.263 0.000393084
120.877 0.000379352
117.394 0.000369382
125.634 0.000384836
116.128 0.000373267
120.274 7.31128e-06
122.098 0.000410725
117.54 0.000377035
119.578 0.000388792
121.292 0.000378381
121.711 0.00036593
119.547 0.000416536
115.664 0.000377151
