122.809 0.000218993
124.797 0.000256694
120.692 0.000232097
120.561 0.000223609
116.979 0.000187207
117.95 0.000229153
119.499 0.000221577
120.485 0.000251072
119.211 0.000226174
122.399 0.000246906
119.062 0.000228492
116.662 6.64364e-05
118.692 0.000224576
119.792 0.000232373
119.132 0.000231282
119.248 0.000231338
119.094 0.000128769
118.565 0.000222578
119.476 0.000226069
119.901 0.00023031
120.336 0.000224758
121.588 0.000223195
118.387 0.000106594
118.557 0.00022454
118.887 0.000259008
120.681 0.000221921
158.38 0.000224265
120.066 0.000225513
122.155 0.000225456
117.177 0.000222817
120.067 0.000236351
120.952 0.00021137
118.749 0.000222334
121.42 1.66355e-05
121.73 0.000224038
119.701 0.000209613
121.398 0.000208312
128.582 0.000190992
119.389 0.000240183
115.055 0.000213006
120.394 3.37185e-05
116.549 0.000222909
118.566 0.00022316
120.027 0.000224535
119.453 0.000232611
120.7 0.000222399
119.282 0.000225054
123.679 0.000100018
128.418 0.000231777
119.728 0.000230371
121.081 0.000249643
116.428 0.000234134
120.356 0.000215795
119.364 0.000251755
119.82 0.000255388
120.45 0.000250429
119.379 3.50775e-05
121.51 -0.000224355
119.693 -0.000224341
115.527 0.000254464
121.167 0.00012783
139.785 0.000234128
120.325 0.000227501
129.364 0.000227941
120.484 3.47213e-05
119.751 1.0941e-05
116.786 0.00019967
123.307 0.00022574
119.813 0.000227614
121.006 0.000232936
119.479 0.000223117
119.186 0.0002205
120.953 0.000233246
117.782 0.000269461
121.978 0.000228825
120.201 0.000213767
118.015 0.000234436
119.919 0.000256695
121.296 0.000255388
118.64 4.89876e-05
122.369 0.000224311
122.023 0.000195285
116.663 0.000264113
142.102 0.000150654
120.78 1.62318e-05
121.367 0.000250124
119.535 0.000242977
116.378 0.000219412
118.725 0.000229612
122.68 0.000233527
118.223 0.00022598
118.9 6.25095e-05
121.055 2.37627e-05
119.538 0.000262565
120.776 0.000235513
119.003 0.00023353
136.434 0.000216094
162.594 0.000176271
118.93 0.000220425
115.817 0.000213489
151.7 0.000219835
120.001 0.000222023
118.427 0.000228356
124.989 0.000233177
118.366 1.09111e-05
120.24 0.000223415
120.783 0.000243095
115.869 0.00022645
117.917 1.06034e-05
117.036 8.17224e-05
118.321 0.000243454
120.899 0.000232688
119.006 0.000254282
119.627 0.000254055
120.28 5.55053e-07
134.55 0.000226868
120.516 8.51005e-05
120.975 0.000223595
118.352 0.000228494
119.157 0.00022552
119.614 0.000230243
119.827 3.47541e-05
118.592 0.000156783
121.592 0.000158479
120.773 0.000223427
118.789 0.000243439
119.968 0.000231537
117.816 0.000237416
123.346 0.000249868
120.405 0.000224848
120.973 0.000227541
119.713 0.000221081
128.719 0.000152495
118.771 0.000227144
121.262 0.000229415
119.479 0.000222491
121.995 0.000234714
118.408 0.000244876
118.797 0.000249415
120.509 0.000224193
119.437 8.59721e-05
121.392 0.000211197
120.646 0.000222536
118.189 0.000217851
164.879 0.000247348
156.15 0.000234492
119.836 0.000226603
120.158 0.00026107
119.256 0.000233167
118.872 0.000227428
120.691 0.000231937
118.408 0.00019514
120.095 0.000229467
115.49 0.000223436
117.267 0.000194987
122.086 0.000233101
117.204 0.000235923
118.619 0.000221631
117.035 0.000226104
118.217 6.71762e-06
120.201 0.000252173
120.156 0.000224143
120.777 0.000250958
117.331 0.000248281
120.224 0.000231472
118.039 0.000230406
121.573 0.000216434
121.396 0.000240976
118.194 9.80571e-05
118.112 0.000226703
118.185 0.000228441
120.006 0.000224057
120.853 0.000214252
120.791 0.000241079
119.245 0.000236019
119.531 0.000224433
119.873 0.000230062
153.296 0.000217674
119.817 0.000220286
119.096 0.000226219
117.925 0.000233427
117.649 0.000218881
119.289 0.000229811
120.995 0.000223761
118.78 0.000207893
122.968 0.000228668
120.612 0.000252019
120.35 9.839e-05
143.212 0.00022593
121.5 0.00020676
118.211 0.000237109
119.704 0.00025251
120.569 0.000233552
121.025 0.000228187
122.512 0.000226102
116.532 9.41452e-07
120.621 0.000209073
143.376 0.000224545
120.82 0.000222554
120.826 0.000233299
119.834 0.000227913
120.494 0.000225678
120.931 0.000230972
119.032 0.00023138
121.379 0.000254663
119.099 0.000229117
120.245 0.000244348
167.329 0.000225568
119.442 0.000237482
121.054 -0.000207138
120.656 0.000233723
120.943 0.000106712
121.794 0.000239168
120.876 0.000237414
121.377 0.000211259
121.206 0.000265194
118.975 0.000240386
121.175 0.000151835
121.718 0.000248592
118.818 0.000225341
146.499 0.000219429
120.213 0.000152805
122.043 0.000230241
120.684 0.000239981
116.584 0.000234072
118.639 0.000219507
119.917 0.000221265
127.726 0.000107388
119.601 0.0002074
119.03 0.000229483
120.886 0.000243174
118.274 0.000231472
121.585 0.00022504
119.634 0.000218983
136.832 0.000254809
118.683 0.000223758
120.35 0.00024637
118.144 0.000237902
119.99 0.000223377
160.271 0.000235341
119.154 0.000209136
120.999 0.000235514
125.892 0.000218821
120.553 0.000233057
148.373 0.000243636
119.931 0.000247679
120.201 0.00025544
121.234 0.000248374
122.168 0.000254186
118.252 0.000217659
121.953 0.000239369
121.695 0.000230023
116.232 0.0002307
121.879 2.42993e-05
120.515 0.000227464
127.043 0.000225232
119.949 0.000205569
116.965 0.000213875
117.472 0.00021765
159.834 0.000223018
121.002 0.00022914
120.669 0.000148168
119.059 0.000236127
120.264 0.000229079
118.991 0.000225637
119 0.000129004
119.799 0.000219068
120.606 0.000220972
120.801 0.00022375
120.134 0.000217849
119.383 0.000229183
120.625 0.000229618
119.203 0.000220611
120.756 0.000224936
119.719 0.000237286
118.992 0.000230473
118.241 0.000183997
121.081 0.000254215
123.967 0.000225365
118.382 0.00022523
117.944 0.00025207
118.146 0.000224138
118.879 0.000229886
120.302 0.000239308
118.08 0.000235434
119.198 0.000217879
119.944 0.000257867
117.449 0.000205695
119.283 0.00022685
118.584 0.000221969
130.947 0.000229843
122.057 0.000226288
120.815 0.000228206
120.535 0.000245277
122.918 0.000243898
119.797 0.000224337
119.964 0.000259614
121.486 0.000254995
123.196 0.000223487
145.75 0.000222995
124.151 0.000264061
119.561 0.000207664
120.645 0.000257637
117.113 0.000224546
119.33 0.000251557
119.085 0.000233644
121.008 0.000225162
118.522 0.000223972
118.307 -6.00846e-05
120.313 0.000223004
120.87 0.000249192
118.532 0.000223704
121.348 0.000252412
117.441 0.000107086
120.466 0.000227131
117.772 0.000227673
118.447 0.000235206
118.462 0.000234996
120.758 0.000223233
120.657 0.000252206
119.727 0.000223921
118.97 0.00020704
119.007 0.000231256
116.817 0.00020869
120.715 0.000224666
119.956 2.39949e-05
137.996 0.000203053
118.207 0.000121407
117.068 0.000243866
119.305 0.000222074
119.537 0.000226069
119.784 0.000219129
119.931 0.000225531
120.692 0.000213211
121.259 0.000210802
117.229 0.000199904
119.993 0.00021885
119.84 0.000230214
118.465 0.000229004
116.627 0.000231662
120.02 0.000223234
119.403 0.000175184
121.925 0.000244957
122.255 0.000259834
121.42 0.000216826
122.177 0.000259277
119.248 0.000217367
118.908 2.41013e-06
121.27 0.000222826
118.491 0.000260328
119.777 0.000245136
118.387 0.000222142
121.937 0.000261469
120.683 0.000232113
134.524 0.000230413
119.571 0.000204457
120.552 0.000232303
119.545 0.000224343
119.962 0.000223123
119.754 0.000229971
116.738 0.000258437
121.002 0.000259125
118.302 0.000254108
118.718 6.54521e-05
119.698 0.000227308
119.557 0.000225228
134.716 0.000255851
124.502 0.000221822
121.303 0.00022241
117.818 0.000223753
120.266 0.000229374
119.308 0.000222035
116.502 0.000247306
120.17 0.000253888
120.025 0.000225951
118.788 0.000174896
121.344 0.000252152
117.918 0.000230556
120.602 0.00022369
117.246 0.000222527
160.216 0.000255685
121.387 0.000222712
120.108 0.000240416
116.635 0.000211187
115.152 0.000226272
117.321 0.000210024
119.892 0.000230086
119.377 0.000244898
120.294 0.000226075
122.085 0.000221898
121.141 0.000254712
121.568 0.000258217
117.401 0.000246336
121.078 0.000223307
122.3 0.000192994
121.943 0.000247133
115.623 0.000226147
121.466 0.00022327
117.437 0.000228767
120.147 0.000225434
121.457 0.000241357
132.138 0.000236143
119.539 0.000226887
132.785 0.000151789
120.576 0.000226729
120.901 0.000221891
