118.689 0.00101281
115.259 0.00027581
117.119 0.000930698
117.983 0.000727154
120.484 0.000989539
118.125 0.000950504
120.198 0.000969433
117.398 0.000992393
117.538 0.000925291
120.861 0.000829142
119.238 0.00108541
117.392 0.000943374
119.566 0.00105586
116.013 0.00111564
121.482 0.00100446
124.917 0.000888881
115.45 0.00108051
120.664 0.000954259
121.927 0.000970322
117.83 0.000979781
118.609 0.000926828
121.404 0.00108278
121.327 0.000878981
121.697 0.00108251
119.534 0.00098751
120.694 0.000949533
119.301 0.00107869
117.852 0.000956652
119.807 0.000949007
120.196 0.000942291
120.301 0.000934514
121.234 4.62284e-05
122.124 0.00109723
118.851 0.00102794
119.985 0.000997146
120.344 0.00100584
118.588 0.000978508
116.043 0.000994904
117.818 0.00104262
117.564 0.000993488
119.599 0.000947215
118.592 0.000992402
120.231 0.00108777
120.591 0.00100298
120.679 0.000987639
121.266 0.000931012
120.715 0.000281077
116.648 0.000970817
116.146 0.000987185
117.2 2.85166e-05
121.091 0.000960186
121.989 0.000449821
119.527 0.00101402
119.709 0.00101693
116.476 0.000979368
119.567 0.00109178
118.336 0.000978016
119.058 0.000990968
120.536 0.000936769
119.059 0.000916254
122.17 0.000933961
115.997 0.00110429
115.175 0.00100673
116.369 0.00103796
120.051 0.00102085
118.022 0.00096797
119.003 0.000432748
115.287 0.00104494
119.791 0.000392409
119.059 0.000971417
115.888 0.000990869
117.639 0.00074377
119.831 0.00105025
119.103 0.00094972
119.292 0.00107311
120.263 0.000969291
116.848 0.000939652
116.777 0.000379518
120.685 0.000456032
118.094 0.00102879
123.638 2.86485e-05
117.181 0.00106837
118.324 0.00100507
120.003 0.000934787
121.827 0.000972675
118.513 0.000943391
115.822 0.00103046
116.018 0.00103372
120.018 0.00108484
120.117 0.0010259
117.673 0.000908504
118.736 0.00101692
117.99 0.00101043
125.331 0.000960145
119.425 0.00111097
116.98 0.000964912
118.986 0.000980777
122.726 0.0010777
118.186 0.000762168
118.113 0.00110147
118.117 0.000983368
118.82 0.00093061
115.11 0.000949218
121.042 0.000993837
118.131 0.00110299
119.405 0.00102119
117.664 0.000986262
119.597 0.000963641
118.555 0.00108892
126.312 0.000823021
118.815 0.000989435
120.438 0.00107434
119.783 0.00104989
121.068 0.000973919
116.606 0.00106188
116.419 0.000551075
122.089 0.000991691
123.108 0.000991867
115.36 0.000915864
119.223 0.000960447
119.209 0.000942353
122.573 0.00099336
116.525 0.00101228
115.783 0.00101237
120.685 0.00100537
120.312 0.00102242
119.802 0.000551464
120.068 0.00100887
122.099 0.00102724
116.473 0.00109193
119.934 0.00101755
118.461 0.000987901
122.247 0.00100663
120.143 0.000552368
118.548 0.000953642
119.437 0.000970347
118.365 0.00107739
118.503 0.000961619
116.928 0.000988188
122.681 0.000271557
119.961 6.96378e-05
120.068 0.00107569
119.739 0.000986479
119.307 0.0010773
119.142 0.00106406
121.961 0.000989857
120.63 0.000994702
121.744 0.00105586
117.811 0.000875708
116.634 0.00109176
116.198 0.00107555
117.706 0.00098688
123.975 0.000932896
117.055 0.000943944
118.646 0.0011108
116.952 0.000948081
119.867 0.00109406
118.571 0.0010674
115.684 0.00106123
120.954 0.00107984
121.271 0.00103009
118.238 0.000828007
115.746 0.00091574
119.02 0.000200068
119.465 0.00106277
119.556 0.00096535
118.121 0.00111425
118.771 0.000959253
117.575 0.00101656
120.628 0.000953639
117.593 0.000983654
119.842 0.00087143
118.045 0.000459911
118.103 4.60414e-05
120.378 0.000939587
120.896 0.000948704
118.814 0.00109282
120.09 0.00108933
117.762 0.00103698
119.527 0.000367745
119.801 6.63814e-06
119.081 0.000973443
119.48 0.000969129
126.779 0.000933727
121.004 0.000943172
119.155 0.000984228
120.786 0.000939278
123.167 0.000910961
118.885 0.000893964
118.19 0.000954265
116.753 0.000983727
120.013 0.00107203
116.803 0.00102238
118.139 0.000970253
120.738 0.00110639
119.767 0.000949109
118.379 0.000517502
130.09 0.000977205
115.631 0.000963411
120.614 0.00096847
123.076 0.000862597
120.266 0.000944409
118.816 0.00105165
118.691 0.000958213
121.438 0.000948625
119.944 0.00100376
119.498 0.000959749
115.492 0.00103076
121.988 0.000963981
116.039 0.00094996
120.146 0.000914735
121.311 0.00101735
121.168 0.00108961
115.876 0.000982834
119.412 6.94287e-05
124.533 0.000964912
116.261 0.000944967
120.981 0.00103868
118.864 4.61542e-05
118.906 0.00107766
117.696 0.00101061
116.637 0.00106534
119.027 0.000964305
120.431 0.000869992
118.929 0.000964585
115.558 0.00108265
118.486 0.000984965
121.41 0.00108814
118.504 0.000981427
120.392 0.00102663
118.584 0.00106375
119.695 0.0010279
119.974 0.000984789
123.773 0.000969279
119.603 0.00104871
115.793 0.00092662
117.934 0.00107297
121.302 0.000954366
120.407 0.000947166
118.157 0.000987064
120.114 0.000960773
116.985 0.00113138
121.994 0.00101501
118.186 0.00110003
118.844 0.000936712
118.521 0.000955701
120.074 0.00106954
122.506 0.00094747
121.379 0.00107508
119.008 0.000945444
122.594 0.0010046
117.382 0.00096204
119.041 0.000974378
119.884 0.00108587
116.44 0.000960571
118.674 0.000931787
119.378 0.000985541
119.442 0.00098075
117.054 0.0010381
118.912 0.00119919
121.743 0.000108434
122.881 0.00101449
123.487 0.00093048
120.523 0.000769817
119.481 0.00107042
118.038 0.000980615
119.444 0.00100403
120.645 0.000988373
119.463 0.000995606
116.401 0.000994235
118.858 0.00100411
120.993 0.000995137
120.679 0.000969048
122.256 0.000986095
116.266 0.000152913
115.31 0.000959642
121.083 0.00110705
117.81 0.00102954
117.726 0.000948436
126.611 0.000986249
119.512 0.000972686
116.127 0.0010954
116.467 0.000854263
117.299 0.00109785
119.994 0.000944734
120.49 0.000532158
121.226 0.000928529
119.275 0.00100086
120.478 0.00122279
120.086 0.000971657
116.696 0.00110478
118.463 0.00109993
123.052 0.000366622
116.486 0.000995038
117.415 0.000963621
118.086 0.00106377
117.697 0.000209495
117.982 0.000286311
119.671 0.000997561
118.458 0.000958486
122.407 0.00101311
117.95 0.00109423
120.29 0.000747166
122.567 0.0011032
116.512 0.00101466
122.706 0.000977967
117.077 0.0011008
117.911 0.00103795
118.897 0.000934655
119.488 0.000956277
117.556 0.000915178
119.939 0.000999669
121.293 3.92143e-06
116.236 0.000900858
119.723 0.000997434
121.412 0.000945566
117.653 0.000954918
121.435 0.000993948
118.295 0.000958167
118.549 0.000945968
124.741 0.000954219
118.734 0.00107846
123.474 0.00107292
116.346 0.0010869
120.939 0.000962797
119.831 4.37992e-05
120.33 0.00109833
117.946 0.00097042
122.765 0.000949291
118.711 0.000810669
120.991 0.000974624
115.967 0.000979663
126.271 0.00102001
118.986 0.00111686
121.814 0.000726283
116.371 0.00099047
117.038 0.00112158
120.44 0.000942898
120.941 0.000968561
122.244 0.00107414
120.797 0.00108373
117.212 0.000912237
119.83 0.00105685
120.079 0.000990045
116.928 0.0010232
122.208 0.00113479
119.951 0.000950916
119.915 0.00111445
118.11 0.00108584
115.737 0.000953736
120.07 0.000966957
123.006 0.000924508
120.156 0.000979366
119.082 0.000985786
118.616 0.000991856
120.011 0.000898623
119.257 0.00102346
120.921 0.000932758
118.932 0.00104729
119.713 0.000955773
123.393 0.0010569
121.426 0.000888886
121.396 0.00106392
123.498 0.00094409
119.24 0.00100704
117.982 0.0010402
118.458 0.00101784
115.548 0.000926826
122.085 0.00101454
121.075 0.000946958
117.441 0.000951592
119.002 0.000963877
116.807 0.00103798
120.983 0.00110029
115.345 0.00105833
117.699 0.000154063
123.329 0.00101745
117.301 0.000944716
120.626 0.000983346
119.259 0.000953318
118.923 4.13823e-05
121.209 0.00102414
121.32 0.00108691
120.388 0.00109533
117.122 0.000984836
119.42 0.000995653
119.767 0.00064556
120.12 0.00109667
122.453 0.000947883
125.86 0.000959153
119.772 0.00094754
118.745 0.00111026
122.171 0.000944824
120.128 0.000981087
122.99 0.00100599
117.19 0.000961638
115.548 0.00096865
120.216 0.00106047
120.81 0.00110136
119.596 0.000821107
119.102 0.00108184
118.968 7.45479e-05
117.082 0.000986366
118.472 0.00100701
118.71 0.0010286
116.591 0.000975565
117.018 0.00094153
118.204 0.00108068
120.443 0.00093713
122.201 0.000965982
120.828 0.000975337
120.427 0.000985811
121.465 0.00100582
120.595 0.000981793
118.256 0.00107293
119.709 0.000962382
118.622 3.97625e-06
120.402 0.00102732
119.022 0.000961656
119.534 0.000895466
121.739 0.00100349
118.213 0.00107066
123.449 0.000883125
119.978 0.000763614
124.469 0.00093274
119.776 0.000924196
121.371 0.000459884
115.323 0.000968657
117.196 0.000986589
123.038 3.998e-06
120.526 0.000930671
116.232 0.00112597
120.25 0.00073015
124.127 0.000966695
115.026 0.000957806
122.899 0.00100277
117.111 0.000945163
118.385 0.00109166
115.714 0.000752385
120.194 1.39418e-06
119.999 0.00101839
119.898 4.83285e-06
118.111 0.00087049
120.783 0.000930967
120.196 0.000952015
122.873 0.00102508
119.792 0.000963775
118.271 0.000946406
119.773 1.09798e-05
122.162 0.000964268
118.69 0.000956122
120.149 0.000943216
120.129 0.0011124
119.341 0.000992445
118.51 0.00107723
117.685 0.00095693
121.523 0.000981092
119.4 0.000945891
124.399 0.000917919
115.027 0.000967531
119.795 0.0010742
115.171 0.000893633
123.297 0.00103026
118.14 2.88459e-05
118.904 0.00101289
121.873 0.000992642
122.892 0.000639827
123.214 0.000997554
119.28 0.00108177
119.76 0.000942239
118.729 0.000973058
120.526 0.000981245
115.829 0.00107519
115.847 0.000941654
122.219 0.00100622
116.766 0.000951753
121.18 0.000908187
121.151 0.000922591
120.094 0.000949669
119.391 0.000462947
117.426 0.000998942
117.84 0.00109845
115.49 0.000943162
120.053 0.000942296
119.254 0.000951087
119.694 0.000998033
120.423 0.000942588
116.791 0.000899417
121.575 0.000998048
119.835 0.000954068
123.679 0.000958531
121.32 0.00105839
119.017 0.000942826
121.979 0.0009639
121.202 0.000964825
118.469 0.000931646
119.712 0.00104503
119.422 0.00109041
116.587 0.0010065
117.138 0.00109804
118.355 0.000972224
120.195 0.000376808
115.297 0.00081716
118.201 0.00097176
119.206 0.0010094
117.569 0.000969118
117.785 0.000967268
119.209 0.000948785
119.869 0.000959413
115.698 0.000665416
120.077 0.000950539
117.899 0.000964205
118.689 0.000991854
115.816 0.00100109
120.182 0.000892593
118.537 0.00101082
121.259 0.00108984
119.741 0.00099497
118.254 0.000341537
123.722 0.000982906
117.591 0.00095135
118.646 0.000943194
118.351 0.000967487
121.367 0.000929095
118.878 0.0011427
118.562 0.000962519
120.473 0.00106241
118.199 0.00102201
119.549 0.000946841
117.232 0.00106442
121.713 0.00101114
119.672 0.000966239
119.287 0.000975593
117.03 0.00107046
116.968 0.00103822
118.404 0.00100214
123.52 0.000950519
122.385 0.00104718
119.009 0.00106664
116.239 0.000990093
118.058 0.000947719
122.196 0.000568011
117.472 0.00101724
121.907 0.00111031
123.512 0.000938873
119.104 0.000924975
121.475 0.00110604
119.951 0.00106869
119.202 0.000942367
120.364 0.000982101
119.593 0.000944252
120.431 0.00107553
120.867 0.000960883
119.57 0.000958359
121.429 0.000946284
119.39 0.00105954
119.414 0.00109773
126.451 0.00102936
119.589 0.000941913
118.292 0.000738939
118.604 2.88591e-05
120.289 0.000370096
120.612 6.65418e-06
121.443 0.000955693
117.318 0.00096132
118.231 0.000984073
117.398 0.000962515
121.039 0.000934276
121.599 0.00102348
120.714 0.00103666
123.833 0.000942466
119.681 0.000924867
124.552 0.000964309
116.49 0.000149298
119.18 0.000916447
117.053 0.00100291
119.825 0.00114078
116.791 0.00106171
119.071 0.000992445
125.98 0.000981401
119.65 0.00093547
119.784 0.000932466
117.925 0.000993065
115.084 0.000986867
120.515 0.00104825
116.904 0.000473173
122.076 0.00108931
118.524 0.00105962
123.231 0.000959254
120.188 0.00110724
121.005 0.00102144
121.169 0.000903129
120.726 0.000651475
121.66 0.000988484
118.527 0.00106783
118.656 0.00108549
117.818 0.000927111
118.558 0.00108208
115.956 0.000953908
121.035 4.6915e-05
116.233 0.00102214
120.392 0.000941364
116.66 0.000956601
117.716 0.00102601
121.764 0.00106036
119.164 0.000967388
119.456 0.000955572
116.599 0.000962056
118.698 0.0010288
115.555 0.000934375
117.838 0.00100378
118.341 0.00101477
121.203 0.00122567
118.424 0.000965243
121.661 0.000981426
120.23 0.00101643
120.925 0.00110636
116.99 0.000983329
118.728 0.00094815
119.814 0.0010175
121.739 0.000923754
119.359 0.00108385
118.766 0.000962437
119.279 0.00110773
121.865 0.000975123
117.983 0.000568125
118.597 0.00096426
120.775 0.00020436
118.559 0.000143157
122.371 0.00107214
120.444 0.000980317
115.397 0.000995466
121.056 0.00095725
119.116 0.000969563
117.94 0.00112573
119.273 0.00109568
117.665 0.00106983
116.966 0.000898676
116.26 0.000995458
119.417 0.00101885
117.787 3.80981e-06
115.471 0.00104792
117.615 0.00103593
117.665 0.000884924
121.419 0.000954634
120.152 0.000847345
121.479 0.000864842
116.947 0.00073749
118.564 0.000954299
119.87 0.000950716
119.984 0.000880259
116.924 0.000955146
119.698 0.000962628
120.711 0.00101424
118.622 0.00105989
118.873 0.000933848
119.062 0.00095141
115.939 0.000991546
115.582 0.000919297
120.62 0.000982794
120.857 0.000989274
116.129 0.000942512
125.232 0.000991752
119.29 0.00096004
118.373 0.000952876
117.724 0.00109846
120.617 0.000149466
117.89 0.000982807
126.99 0.00109855
117.954 0.000952688
118.18 0.000962546
117.328 0.000946517
119.023 0.00103357
121.702 0.00108633
124.214 0.000955792
116.398 0.000964423
116.751 0.000976123
116.932 0.000968366
120.758 0.00100869
117.117 0.00104243
120.856 0.000819769
120.307 0.00097232
120.536 0.00104347
117.36 0.000944927
120.203 0.00098035
122.15 0.00103392
120.681 0.00101332
125.188 2.44111e-06
117.911 0.00107934
117.699 0.000998442
120.958 0.000959913
116.255 0.000990736
117.175 0.000924862
119.528 0.000948664
121.709 0.000985104
120.342 0.000949567
119.17 0.000975299
116.281 0.000698921
118.552 0.00105098
122.636 0.000968036
119.739 0.000641648
118.213 0.000989388
117.636 0.000980874
120.021 0.00107983
120.225 0.00103599
121.1 0.00101401
121.999 0.00110434
121.828 0.00100852
119.866 0.000930631
123.371 0.00064029
121.458 0.000977706
119.553 0.00105589
117.41 0.000954757
118.847 0.000927001
120.402 4.57552e-05
118.871 0.00103324
115.735 0.000846516
120.933 0.000548996
119.576 0.00094717
121.707 0.00103172
120.714 0.000931519
121.809 0.000953711
120.328 0.000947292
121.763 0.00109664
126.504 0.000953295
116.851 0.000967697
115.552 0.000995227
117.232 0.00089966
119.418 0.00107721
116.824 0.00108266
120.438 0.000997235
119.848 0.000955961
120.594 0.000937218
121.118 0.000922719
118.516 0.000913419
118.702 0.000974287
120.269 0.00101807
120.001 0.000965578
118.087 0.00108194
120.224 0.000646677
119.56 0.000791136
118.415 0.000943045
118.658 0.000947699
119.428 0.000905331
138.873 0.000995332
120.927 0.000959258
121.085 0.0010862
115.302 0.000876179
121.647 0.00104373
123.069 0.000965289
119.949 0.000883016
115.214 0.000961827
120.583 0.000974829
120.428 0.00102721
119.763 0.00108938
119.405 0.000963002
118.204 0.000959149
119.906 0.0010314
120.661 0.000943355
117.702 0.00112477
118.397 0.00105305
120.801 0.00104063
121.059 0.00107764
119.897 0.00098795
118.518 0.000991978
120.119 0.000990779
122.356 0.000665838
118.574 0.00105185
117.342 0.00096832
119 0.00099115
121.088 0.000971164
118.884 0.000916981
118.91 0.000960922
119.893 0.000843173
119.712 0.000943283
118.045 0.00110445
120.3 0.000974644
120.298 0.0010356
121.392 0.000963302
119.734 0.00102787
121.19 1.10797e-05
119.272 0.0010084
118.154 0.000999957
127.076 0.00101537
118.779 0.000986998
117.525 0.000943082
116.693 0.000946257
120.38 0.0010003
119.834 0.000896042
119.455 0.00101116
118.025 0.000953018
117.048 0.000939469
119.217 0.000973699
115.139 0.000854328
117.529 0.000282001
117.743 0.00107348
120.24 0.00106134
116.956 0.000670893
115.872 0.000971278
118.77 0.000979449
115.576 0.000553008
116.72 0.000903745
119.443 0.000949188
119.327 0.000991766
118.833 0.00109266
116.987 0.000787975
120.736 0.000880433
118.945 0.000918361
124.465 0.000933901
121.801 0.00113885
121.267 0.00103709
116.182 0.00107021
117.68 0.000942895
122.925 0.000961077
116.631 0.000932524
118.788 0.000986868
115.244 0.000914919
120.603 0.00104754
119.415 0.000957486
119.302 0.00111263
120.284 0.000985937
122.912 0.000964765
121.015 0.000979158
117.747 0.000961032
117.573 0.00097739
118.49 0.000943635
119.23 0.000937758
121.982 0.00098126
122.06 0.000972874
119.906 0.000956185
124.66 0.000946117
117.416 0.000974452
117.488 0.000996587
119.063 0.000890417
119.219 0.000548839
120.349 0.00102727
118.613 0.00095106
118.159 0.000996144
116.775 2.88285e-05
119.093 0.0011085
118.493 0.000950285
120.334 0.00112083
126.578 0.00102428
119.485 8.86344e-07
116.163 0.00101428
120.123 0.00105852
118.165 6.95275e-05
119.639 0.000906159
118.694 0.000978767
118.888 0.000959323
123.031 0.000948894
118.59 0.000942068
116.288 0.0010777
120.283 0.00107969
119.638 0.000900998
120.806 0.00096582
121.495 0.000958305
117.308 0.000978175
124.918 0.00105372
117.095 0.000776103
115.881 0.000994785
116.607 0.000637574
115.396 0.000948955
121.682 0.000968987
117.23 0.00104111
118.678 0.00102962
117.72 0.000893562
118.221 0.000955687
120.882 0.000991747
117.787 0.00108703
119.208 0.00100173
124.882 0.00107178
117.959 0.000992152
117.18 0.000918547
120.054 0.000983294
117.866 0.0010625
121.805 0.000986224
117.602 0.00106952
120.659 0.000648589
120.014 0.000991868
121.3 0.00106357
115.28 0.000983098
116.414 0.000893479
119.848 0.00107233
120.647 0.00113658
120.592 0.000922057
121.137 0.00045166
116.671 0.000968054
119.358 0.00115164
116.819 0.000208872
117.714 0.00108675
121.176 0.000704942
120.941 0.000104015
120.181 6.94564e-05
124.105 0.000884224
118.07 0.000951933
120.265 0.00100751
115.456 0.000963828
118.269 0.000995444
116.293 0.00102291
120.778 0.000885107
116.108 0.00102447
120.484 0.0010764
120.16 0.000821018
119.625 0.00101054
119.241 0.000756368
121.355 0.00106701
120.974 0.000974663
124.262 0.000880658
122.236 0.00100805
118.88 0.001078
118.7 0.00103894
117.601 0.00107538
118.282 0.000970474
119.442 0.000817385
118.887 0.00104398
120.855 0.000148953
116.618 0.00099074
119.155 0.00106721
118.672 0.00102523
118.086 0.000884722
120.478 0.00020623
122.222 0.000991844
118.599 0.00106691
115.971 0.00112042
122.131 0.00107715
118.209 0.00095518
115.675 0.000956771
118.326 0.00105967
118.125 0.000987782
115.483 0.00109821
121.064 0.00102909
119.257 0.000814298
116.246 0.000950925
117.721 0.000915726
116.19 0.000142919
117.681 0.000980884
118.334 0.00103262
123.076 0.000102307
119.204 7.07196e-05
119.695 0.00100987
118.934 0.000945212
119.365 0.00106937
116.347 0.000551054
120.01 0.00106462
119.021 0.00103841
115.911 0.00108085
117.195 0.00107165
124.659 0.000882676
119.469 0.000572449
116.088 0.000991988
119.239 0.00102338
117.845 0.00103093
120.693 0.000959913
117.9 0.00100957
118.413 0.000944177
119.634 0.000956749
118.336 0.00103643
120.342 0.00100692
123.878 0.000944119
120.445 0.000937035
117.256 0.000969373
119.338 0.00108365
119.215 6.98848e-05
120.768 0.000972926
116.816 0.000962241
118.715 0.00100482
115.811 0.0010746
122.063 0.00107261
121.814 0.000953326
119.062 0.00100444
120.516 0.00102236
120.476 0.000921468
117.76 0.000974283
118.569 0.00108297
119.975 0.000954241
119.507 0.000442862
118.667 0.00109893
118.687 0.00103069
120.225 0.000867688
118.77 0.000984789
117.724 0.00100822
118.52 0.000962187
117.439 0.00101008
119.474 0.000949692
121.865 0.00097131
120.263 0.00101173
122.322 0.000959998
115.469 0.00108042
121.89 0.000964211
119.029 2.84246e-05
117.091 0.0010859
117.806 0.000989103
117.39 0.000977923
119.032 0.000941973
118.329 1.82241e-05
117.879 0.00103249
120.33 2.83094e-05
117.572 0.000972633
117.426 0.00110643
121.045 0.0009646
115.162 0.00098236
121.018 0.00110074
120.126 0.000924678
121.399 0.00096193
120.078 0.00080333
119.023 0.000872596
118.895 0.000946253
116.672 0.000138794
116.333 0.000935367
122.033 0.00107924
120.434 0.000938565
121.283 0.00100465
118.12 0.00111396
121.559 0.000889854
121.29 0.000969241
120.988 0.000847504
120.046 0.000773925
116.432 0.00112147
121.835 0.000102608
123.765 0.000963601
121.512 0.000670993
117.34 0.00097493
119.317 0.00104851
120.931 0.00107912
120.306 0.000944653
120.113 0.00100591
116.767 0.00102651
117.791 0.000948323
119.615 0.00099465
119.657 0.000930252
117.956 0.00108197
119.596 0.000966313
117.96 0.00107942
119.775 0.000954451
120.014 0.00106415
119.265 0.000989396
121.428 0.000938552
119.023 0.00107722
120.626 0.000752601
119.992 0.000939905
126.229 0.00103094
117.451 0.000784745
117.037 0.000935232
117.506 0.00104947
119.199 0.00100447
117.097 0.000947089
121.435 0.000204143
119.224 0.000952855
116.882 0.0010677
120.153 4.6364e-05
120.362 0.000966876
118.192 0.00106992
120.518 0.000979713
115.463 0.000918955
119.177 0.000971082
119.867 0.00107252
118.624 0.000874825
121.027 0.000970276
116.911 0.000946815
121.337 0.00110805
119.636 0.000959816
118.671 0.00081526
117.071 0.000142067
121.87 0.000942748
121.5 0.00108829
119.576 0.000959213
116.33 0.000946772
117.979 0.000985996
116.062 0.000982778
118.607 0.000955589
117.859 0.000988065
123.385 0.000556142
117.835 0.00095231
120.551 1.80549e-05
123.487 0.00104522
123.71 0.000999957
116.617 0.00089364
120.81 0.0010184
117.698 0.000371033
117.589 0.000914049
121.115 0.00107216
119.932 0.000974727
120.807 0.00104543
119.395 0.000980739
118.076 0.00100632
118.531 0.000946062
124.468 0.00099921
116.824 0.000998773
118.598 0.000977179
116.375 0.00109344
117.41 0.000919998
116.952 0.00108215
119.668 0.000892927
117.28 0.00098621
121.44 0.000990551
120.16 0.000746361
119.631 1.85672e-05
118.482 0.00106335
115.702 0.000851141
117.746 0.000961053
119.326 0.000819624
119.426 0.000988432
119.331 0.00108245
120.109 0.000967654
120.162 0.000949434
120.957 0.00103613
120.371 0.00103914
120.697 4.59813e-05
120.764 0.000950815
119.664 1.42404e-06
116.444 0.000893294
119.848 0.00107556
123.002 0.000910209
117.272 0.000925967
116.595 0.00101605
119.614 0.000954273
117.669 0.000987886
117.441 0.000937775
118.269 0.000954101
119.08 0.00106253
121.096 0.00099173
122.136 0.000986945
120.744 0.00102587
120.216 0.00106578
120.96 0.000839321
119.447 0.000364156
119.46 0.000989422
121.582 0.000987016
118.884 0.000876711
118.65 0.000942434
117.823 0.00108794
118.422 0.00096527
118.603 0.0010171
116.302 0.00108385
120.075 0.000898622
118.998 0.000943082
118.051 0.00111847
122.35 0.000977428
117.208 0.000983488
117.698 0.000962307
120.629 0.000997102
119.141 0.00105916
120.091 0.000876381
117.955 0.00109619
118.116 0.00101146
115.96 0.000955937
122.857 0.00103437
117.86 0.00103508
126.525 0.000924086
115.278 0.000975455
116.765 0.00101392
119.972 0.000368962
118.33 0.000378735
119.209 0.000749463
121.858 0.0010791
119.675 0.000942699
123.324 0.000993465
116.709 0.000148724
118.657 0.000992791
117.626 0.00094983
121.64 0.000950614
116.55 0.000929178
115.281 0.000820277
118.235 0.000953574
118.837 0.00110195
118.922 0.000965659
118.602 0.000907666
118.518 0.0010078
123.752 0.000891169
118.556 0.000957151
122.148 0.000987984
118.596 0.00014555
116.507 0.000972427
119.069 0.00108628
120.463 3.97702e-06
119.269 0.000887129
121.761 0.000984547
116.454 0.00106619
121.182 0.000899663
117.017 0.000952938
115.865 0.000966112
119.405 0.000964974
120.456 0.00098864
115.564 0.0011058
120.497 0.000949649
124.153 0.000875478
120.009 4.59146e-05
120.218 0.000918832
119.291 0.000986772
118.192 0.00102273
120.01 0.00102513
125.147 0.00107503
121.537 0.000954569
120.455 0.000962702
117.762 0.0011217
122.049 0.000902644
119.439 0.00101867
118.653 0.00100103
118.016 0.00100821
118.097 0.00103103
121.681 0.000938317
121.869 0.000973133
118.299 0.000966469
120.722 0.000954619
121.642 0.000907794
118.599 0.000948479
118.622 0.00112141
123.14 0.000944221
120.889 0.000973035
118.386 0.000642851
121.991 0.00109269
119.236 0.000932282
118.716 0.00100803
116.679 0.000860017
120.096 0.0010005
120.41 0.00108109
118.414 0.00100905
117.563 0.00108363
119.956 0.000945352
119.723 0.000304111
122.139 0.00113566
119.474 0.00108646
117.599 0.000966353
118.454 0.000977375
122.492 0.000958629
120.854 0.000982309
118.045 0.000960903
119.286 0.000456176
121.197 0.000993913
119.434 0.000920792
120.877 0.000953307
122.577 0.000982211
120.447 0.000850835
117.836 0.000938576
116.384 0.000927603
120.411 0.000980143
121.839 0.000740602
119.371 0.00079727
121.72 0.00106363
118.833 0.000954351
118.748 0.000961428
118.325 0.000949083
118.945 0.000932111
116.378 0.000999654
122.22 0.000978381
117.173 0.00101293
115.741 0.00109085
121.404 0.00106744
119.327 0.00105012
120.751 0.00109688
119.733 0.00104842
118.578 0.00110196
120.215 0.0010197
121.819 0.000986521
118.203 0.00099957
117.892 0.00103322
115.568 0.000943188
117.014 0.00105461
121.939 0.000914841
116.472 0.00104519
119.5 0.000914411
119.834 0.0010439
118.919 0.000985165
120.002 0.000996514
118.25 0.000944603
118.047 0.000922621
119.657 0.000971992
121.222 0.00093396
119.418 0.000445107
116.19 0.000268146
115.681 0.000947366
124.023 0.000929622
119.652 0.00108032
119.943 0.00014682
119.312 0.00114307
119.715 0.000982005
120.117 0.00101977
121.053 0.00102073
120.403 0.000966413
120.431 0.000945263
118.495 0.000989697
118.417 0.00107979
116.447 0.000970959
120.718 0.000993598
117.902 0.00108043
120.737 0.00107058
117.774 0.00101033
117.378 0.0010385
122.005 0.00099797
120.832 0.000951998
117.49 0.00101004
118.539 0.00105961
121.709 0.000991805
119.737 0.00100278
119.838 0.00084973
118.45 0.000979633
117.164 0.00122389
117.122 0.000981096
117.147 0.000967611
123.162 0.00101888
126.631 0.000947507
118.322 0.000949206
118.902 0.000926981
118.639 0.00104205
118.542 0.000662267
118.144 0.00108359
120.306 0.000917098
117.973 0.000967433
117.772 0.000686662
122.072 0.000977777
117.687 0.000998573
121.98 0.000995319
117.304 0.00094347
119.171 0.000959313
120.619 0.000205983
116.584 0.000984604
118.324 0.00099877
120.752 0.000952488
119.217 0.00100853
115.217 0.000970223
119.861 0.000882217
126.484 0.000978898
117.374 0.00106738
117.824 0.000973476
121.127 0.000810997
119.538 0.0010077
118.959 0.000983096
122.274 0.00103488
117.864 0.000990827
117.188 0.0010799
118.592 0.000951601
117.789 0.00110032
121.122 0.000966778
116.229 0.00110185
117.891 0.000101205
118.062 0.000994055
125.873 0.00107965
119.852 0.000981686
115.691 0.000949269
123.219 0.00102509
123.892 0.000632178
119.647 0.00110588
118.941 0.00108484
117.591 0.000979066
118.561 0.000910911
117.815 0.000907508
116.596 0.00105462
118.585 0.00107304
120.725 0.00113916
115.288 0.00108342
119.247 0.00108767
119.748 0.00107392
115.354 0.00095385
120.275 0.00100144
117.476 0.0009854
115.731 0.000982798
121.775 0.000961473
120.512 0.000966944
120.856 0.000907381
120.322 0.000963417
118.849 0.00090378
120.772 0.000940986
119.361 0.00097908
122.377 0.000981299
122.148 0.000950054
120.624 0.00102735
119.845 1.82047e-05
117.705 0.000961484
116.016 0.000948731
118.076 0.00108791
121.742 0.000958485
119.109 0.00107884
120.857 0.00107812
120.37 0.00107574
121.69 0.000953162
115.032 0.00100657
119.554 0.000932425
120.079 0.000946349
116.004 0.00109443
116.361 0.000995535
121.05 0.000959863
120.413 0.000741072
120.016 0.000956168
118.929 0.000965259
115.603 0.000751311
118.063 0.00107242
116.352 0.000877879
121.637 0.000898079
117.221 0.00104039
122.284 0.00100471
122.479 0.000941137
121.212 0.00104497
119.808 0.000960809
116.839 0.000939417
117.376 0.000901768
119.84 0.000944247
121.653 0.00107671
119.372 0.000972836
118.951 0.000943101
119.977 0.000985552
116.563 0.000891107
122.343 0.00096514
118.115 0.00091391
118.714 0.000939791
119.591 0.00105832
121.918 0.00112448
118.57 0.000973185
118.699 0.000938857
117.993 0.000877859
115.999 0.000976479
120.731 0.000947384
121.515 0.000945559
119.5 0.00100764
120.748 0.00100701
121.25 0.000945887
120.785 0.000958726
118.61 0.00107747
119.804 0.000282086
117.526 0.000933602
122.974 0.00113039
122.701 0.000962591
118.692 0.000984114
122.045 0.000939994
120.798 0.000440391
117.553 0.000945506
121.11 0.000908925
120.328 0.000325508
117.965 0.00106512
119.54 0.00110615
122.099 0.000956826
121.497 0.000921438
120.223 0.00100982
116.367 0.000981227
121.34 0.000953891
123.144 0.00104526
115.855 0.00108939
118.534 0.000986399
121.173 0.000876567
119.152 0.00027772
119.593 0.000950863
120.777 0.0010858
116.587 0.00108041
121.691 0.0010267
119.939 0.000939587
121.471 0.000992829
119.045 0.000948219
116.418 0.000987157
122.608 0.000966803
117.953 0.000883399
126.17 0.000781699
120.548 0.000998014
121.152 0.000989488
120.99 0.00110717
118.144 0.000970952
118.672 0.000903771
118.036 0.000833306
122.106 0.00108587
118.997 0.00088206
119.913 0.000457135
121.571 0.000904969
116.847 0.00100218
121.883 4.35736e-05
117.383 0.000948492
119.563 0.00128009
121.4 0.00102832
120.99 1.1065e-05
118.937 0.00103753
119.977 0.000938038
119.051 0.000983257
124.107 0.0011066
118.578 0.00097105
118.725 1.10459e-05
121.508 0.000280298
116.455 0.00108557
119.366 0.000936126
125.665 0.000957803
116.84 0.000953346
119.895 0.000960583
119.859 0.00104089
118.29 0.000980634
121.416 0.000142088
122.189 0.0010322
119.945 0.000971992
120.221 0.000983107
123.092 0.000454043
121.663 0.00099872
120.332 0.00108785
117.291 0.00095862
115.313 0.00110709
118.044 0.00101955
117.891 0.000975521
122.426 0.000911836
120.564 0.00108586
119.35 0.00102164
119.678 0.00096423
115.078 0.000940098
120.686 0.0010649
115.735 0.000943495
120.796 0.000912635
117.661 0.00108148
120.443 0.000953131
118.92 0.000907167
120.519 0.000944667
118.916 0.000146628
118.06 0.00102555
121.402 0.00107939
118.613 0.000972063
119.818 0.000668158
120.542 0.0010083
117.976 1.39884e-06
122.708 0.0011238
121.626 0.000877571
117.935 0.000877341
118.642 0.00100275
115.258 0.00103681
119.909 0.000942564
119.203 0.00100553
120.595 0.000818962
118.123 0.00101673
118.41 0.000371423
125.092 0.000945255
116.387 0.0010325
118.151 0.000976434
117.863 0.000980878
120.814 0.000833616
119.166 0.000949571
117.161 0.000647101
115.573 0.000965791
117.746 0.000991757
121.684 0.000937259
124.648 0.000346801
120.257 0.000970064
118.949 0.000506851
121.355 0.00095136
120.117 0.000995504
118.368 0.00110108
116.382 0.000823145
119.931 0.00109751
120.759 0.000943382
117.8 0.000959784
125.452 0.000759983
116.716 0.00109434
121.03 0.000913436
118.943 0.000977556
115.746 0.00100882
120.038 0.000964973
123.453 0.00103383
122.729 0.00108447
120.999 0.00104799
123.654 0.000983076
119.374 0.00106754
122.164 0.000991308
119.558 0.0010476
123.419 0.000976634
122.709 0.000945873
123.322 0.00111324
120.676 0.000992997
117.308 0.00110129
117.719 0.00104592
119.955 0.00096451
120.432 0.000949525
119.047 0.000978668
123.334 0.00097965
117.621 0.00112699
118 0.000994076
118.704 0.000973363
120.445 0.00103148
119.779 0.000962528
115.393 0.000663116
117.953 0.00103805
116.002 0.000871548
120.775 0.00096873
119.799 0.000967331
120.111 0.000752752
119.41 0.00102365
118.321 0.000952545
119.936 0.000996521
117.756 0.000911196
120.585 0.000888441
120.406 0.00107271
120.338 0.000977071
121.501 0.00097473
119.828 0.000973371
118.748 0.000936617
120.013 0.00106791
117.94 0.00108067
115.275 0.00102238
121.493 0.000975396
119.146 0.00020414
118.376 0.00099492
120.304 0.000948021
119.76 2.87308e-05
117.927 0.000988006
119.467 0.000990865
122.272 0.000895946
120.467 0.000897216
115.1 0.00112599
118.06 0.000944255
119.416 0.000941771
119.693 0.000982058
121.701 0.000949346
120.716 0.00094957
118.852 0.00106073
117.982 0.00094652
120.405 0.00098895
118.888 0.000975093
120.315 0.000911856
123.238 0.000997582
119.106 0.000943174
118.992 0.000975303
119.202 0.000920883
116.793 0.00100159
120.271 0.000831958
116.816 0.00109769
119.705 0.00106272
117.718 0.000938563
120.394 0.00102535
122.648 0.000873403
126.623 0.00105582
115.854 0.000905898
121.954 0.00097485
119.343 0.00104241
121.258 0.00106458
122.261 0.00100676
121.928 0.00103258
116.26 0.000918003
118.799 0.000454762
119.898 0.00100529
118.869 0.000967974
122.5 0.000947685
119.331 0.00098094
120.294 0.00095463
118.336 0.000459955
117.056 0.00090792
120.61 0.00101873
116.902 0.000750377
116.149 0.000978087
119.912 0.000875494
122.255 0.000959992
120.201 0.000369109
119.054 0.000954788
118.048 0.0010612
119.275 0.000979384
118.932 0.00102689
118.801 0.00102258
123.76 0.000895847
121.557 0.000130335
116.369 0.000979669
118.673 0.000982367
119.709 0.00101064
120.219 0.000959262
115.624 0.000960367
120.763 0.000955384
116.57 0.00102104
119.449 0.000980157
121.078 0.000984914
119.989 0.00104544
119.363 0.000996998
119.45 0.000965045
117.066 0.000944705
118.002 0.000996259
122.196 0.000988894
118.472 0.000372115
118.448 0.000931656
122.115 0.000988963
118.973 0.00108528
122.209 0.000982167
115.583 0.00108565
122.527 0.00108542
123.398 0.00101095
118.374 0.000991793
121.334 0.000978485
120.799 0.00102676
122.029 0.0010139
120.537 0.00103483
122.257 0.000915955
123.363 0.00106257
121.21 0.000944015
120.003 0.000956581
119.268 0.000954026
121.666 0.000945586
124.685 0.000902755
120.751 0.00102133
120.575 0.00108244
116.449 0.0010958
118.415 0.00108333
126.013 0.00103352
120.492 0.000964371
120.435 0.00105076
117.928 0.000999639
117.413 0.000991376
118.678 0.00102362
118.541 0.000933616
123.363 0.000923547
119.359 0.000980017
117.225 0.00100803
119.076 0.000951415
120.305 0.000975671
119.475 0.000971719
117.366 0.00105515
123.242 0.0010654
119.129 0.000972297
117.486 0.000947443
117.69 0.000971748
119.417 0.00105914
123.725 0.000808878
121.072 0.000986521
119.211 0.00102956
115.731 0.000994519
118.351 0.00094259
121.51 0.000952218
117.349 0.00100607
117.329 0.00038102
120.824 0.000764126
118.757 0.000986042
117.166 0.00107524
119.657 0.00106948
118.3 4.73953e-05
118.055 0.00054241
120.56 0.000963088
118.532 0.00105248
120.59 0.000962581
119.813 0.000967455
118.337 0.00108493
115.152 0.001126
116.99 1.10394e-05
121.429 0.00110515
119.859 0.000992569
129.005 0.00103358
115.439 0.000559426
120.93 0.00108247
115.553 0.00101974
120.738 0.00110511
122.144 0.000206007
118.44 0.00108323
120.79 0.000977586
118.685 0.000959354
118.628 0.000149129
115.971 0.000928396
117.982 0.000984474
117.502 0.000831302
118.016 0.000952126
118.25 0.00105404
118.2 0.000959526
121.092 0.000987521
119.709 0.000858858
118.021 0.000941164
122.462 0.00094245
119.526 0.000992562
119.048 0.000942338
123.094 0.00104242
119.285 0.000871048
119.826 0.000951963
123.847 1.84005e-05
117.955 0.00104089
119.605 0.00100094
115.862 0.00108348
121.485 0.0010916
122.504 0.000744232
117.642 0.000951657
137.758 0.000995639
122.845 0.000971585
124.207 0.000977338
119.797 0.000984082
119.792 0.000962797
120.066 0.000925608
125.67 0.000885605
116.729 0.00102378
118.937 0.00095423
117.384 0.00110384
118.74 4.61785e-05
119.749 0.000984715
120.212 0.000974707
121.234 0.00106171
117.278 0.00110181
124.647 0.000277646
121.731 0.000965449
121.265 0.00101172
120.95 0.00103559
120.213 0.000955524
121.265 0.00096365
120.595 0.000963624
119.077 0.00109231
122.039 0.0009576
125.742 0.00104062
120.682 0.000977251
117.981 0.000982475
121.18 0.00106966
118.471 0.000945267
119.533 0.000947117
119.952 0.000264342
119.661 0.000947803
120.076 0.000987424
120.211 0.00101535
120.815 0.000952867
120.8 0.00099987
116.637 0.00098905
121.097 0.000987902
119.874 0.000934207
120.046 0.0010568
117.827 0.000980921
120.257 0.00114236
118.842 0.000908447
118.907 4.75558e-05
119.831 0.000104033
119.345 0.000916491
121.703 0.00117737
120.275 0.000941318
123.922 0.000567329
122.251 0.00100025
119.595 0.000984174
118.077 0.00112289
121.187 0.000986775
118.711 0.00101629
121.246 0.000975086
119.656 0.000953676
121.522 0.000967727
118.255 0.000958034
123.189 0.00105132
121.119 0.00101059
119.381 0.000951768
117.949 0.00101021
120.02 0.00125858
121.543 0.0011021
118.999 0.00065478
115.549 0.000208951
117.057 0.000969095
120.063 0.00095308
121.96 0.000773418
119.229 0.000919147
118.606 0.00105516
119.366 0.00108705
115.676 0.00101096
120.484 0.000964376
120.575 0.000645639
120.493 0.000995037
128.012 1.78134e-05
115.285 0.000961646
121.055 0.000977156
119.818 0.000952471
121.104 0.000969235
115.94 0.00102598
119.86 0.000950231
118.088 0.000996597
116.656 0.00108586
117.352 0.00107785
116.352 0.000974785
119.097 0.00114305
120.84 0.000931716
117.335 0.000206767
121.888 0.000961188
122.427 0.000958436
119.247 0.000901144
123.953 0.00092637
119.782 0.000946862
125.273 0.000745395
118.441 0.00116798
118.552 0.000984002
120.102 0.000996048
119.6 0.000961823
121.684 0.000927174
118.053 0.000954013
122.894 0.000979088
118.273 0.000952075
116.851 0.000959423
118.1 0.00105574
121.968 0.000860573
119.401 0.000968706
122.482 0.000959123
122.57 0.00112595
117.748 0.00103224
120.903 1.82928e-05
120.044 0.000929023
122.256 0.00109437
118.692 0.00108583
120.333 0.00105951
116.891 0.00106591
117.564 0.000999032
119.564 0.00102345
118.97 0.000967745
118.954 0.000954089
117.135 0.000550136
118.687 0.00095431
117.331 0.00101777
118.988 0.000978062
118.519 0.000999665
121.757 0.00100873
117.454 0.000985743
124.607 0.00100683
120.541 0.000965182
116.652 0.000959642
118.375 0.000979126
117.473 0.000885273
121.2 0.000954234
119.781 0.00107904
116.355 0.00101261
120.943 0.0010303
120.418 0.000943439
118.714 0.00114037
115.215 0.00113366
120.414 0.000552606
116.644 0.000858257
117.089 0.000977582
119.301 0.000958776
115.77 0.000962825
119.185 2.75694e-05
118.203 4.67874e-05
118.254 0.00100119
120.52 0.000975565
116.997 0.00102593
118.981 0.000874297
118.873 0.000971179
121.158 0.000986557
120.224 0.000950971
119.821 0.00101876
119.849 0.000946661
117.017 0.000877807
122.616 0.00100163
119.195 0.000943203
119.991 0.00105714
119.231 0.000921003
119.646 0.000992125
118.846 0.000922387
120.066 0.000979485
119.376 0.000969665
117.357 0.00101826
115.335 0.000944409
122.728 0.00103649
116.328 0.000995549
115.093 0.000950036
120.882 0.000956842
120.556 0.00101973
118.458 0.000973163
117.347 0.00103594
122.294 0.000942682
116.01 0.000358155
118.784 0.000952384
121.882 0.00107202
120.309 0.000824045
120.784 0.00108836
125.229 0.000993275
123.743 0.0011004
118.579 0.00103752
118.169 0.000846798
115.262 0.000997837
115.653 0.000982146
120.503 0.000371757
118.985 0.000950609
116.859 0.00112122
116.878 0.0011483
121.24 0.0011088
120.755 0.000940021
115.859 0.00101159
121.326 0.00097557
121.52 0.000995986
118.947 0.00105398
116.602 0.00105242
120.346 0.000953126
120.399 0.00101483
116.8 0.00109854
119.681 0.00100473
118.155 0.00109257
116.553 0.000984906
122.561 0.000934711
124.61 0.000997316
119.177 0.000683638
117.246 0.00111115
123.184 0.000947657
118.352 0.00103054
117.21 0.000376339
117.582 0.000955294
119.305 0.000888771
119.923 0.0010023
122.703 0.00108702
116.048 0.00112109
121.861 0.00108926
116.248 0.000984303
120.548 0.000102147
117.129 0.000995778
119.316 0.00093653
121.562 0.000942398
121.38 0.000983966
120.856 0.000982017
118.428 0.000968532
118.424 0.000968448
117.684 0.00101897
122.868 0.000950498
119.619 0.000964871
120.979 0.00110627
119.611 0.00110317
119.592 0.000945388
118.566 0.00107642
124.001 0.000993654
122.657 0.000979506
122.447 0.000208008
116.359 0.00102762
116.243 0.00104347
119.664 0.000886482
121.701 0.00101809
116.965 0.000859121
122.744 0.0010921
123.636 0.00112888
121.146 0.000956131
117.028 0.000948304
122.629 0.000987629
121.673 0.000952414
120.85 0.000833368
118.699 0.00107885
118.634 0.000989444
116.066 1.09227e-05
121.621 0.00105958
118.738 0.000970442
116.271 0.000932364
121.781 0.000954111
117.733 0.000734095
117.817 0.000948455
117.051 0.00106126
120.123 0.000972218
118.813 0.00109767
119.283 0.000972213
121.875 0.00106368
118.289 0.00106433
119.349 0.000985058
117.29 0.00101876
119.173 0.000205026
115.618 0.00106374
118.708 0.000986202
115.5 0.000977911
123.879 2.76644e-05
116.414 0.000846184
120.641 0.00099843
124.92 0.000970676
119.145 0.000946048
116.285 0.000918509
119.285 0.000951618
121.782 0.00096753
121.883 0.000947966
120.077 0.000870023
121.829 0.000905593
119.632 0.000992025
121.535 0.00112427
119.591 0.000987802
120.633 0.0010706
122.802 0.00107139
119.216 0.000952543
117.831 0.000977428
118.394 0.000558778
120.667 0.00100553
119.142 4.59031e-05
120.661 0.000941654
120.83 0.000802985
116.144 0.00106408
116.663 0.00102809
118.711 4.60256e-05
117.071 0.000999243
115.328 0.000958652
116.488 0.000918445
116.328 0.000354377
121.132 0.000948774
118.933 0.000962606
116.035 0.000885526
117.687 0.000951378
120.372 0.000965515
116.393 0.000456019
117.842 0.000950285
120.107 0.00110946
125.206 0.000890104
118.973 0.0010047
120.042 0.000648731
115.847 0.000987472
118.32 0.000943693
119.079 0.00102998
123.343 0.000958883
116.18 0.00110551
118.837 0.000355501
120.815 0.00108584
120.673 0.000954752
122.828 6.41244e-06
121.342 0.00107291
118.432 0.000920194
116.876 0.000987828
115.462 0.00102984
118.667 0.000879915
121.528 0.00101383
118.788 0.000893487
115.779 0.000904793
119.131 0.000979702
121.559 4.5799e-05
119.355 0.000986881
121.81 0.00103318
118.597 0.000948019
119.285 0.000979875
117.571 0.00103165
116.037 0.000953658
118.698 0.000981453
120.855 0.000998178
116.32 0.000914811
120.863 0.00102794
116.905 0.000949257
120.066 0.00138875
117.294 0.000950148
118.879 0.000972076
116.771 0.00107362
116.577 0.00106647
116.647 0.000974003
115.332 0.000985191
116.067 0.00111162
122.421 0.000206378
119.41 0.000926805
116.125 0.00102025
116.151 0.00104149
120.718 0.000949456
118.166 0.000992387
119.057 0.000997315
120.3 0.00099207
119.295 0.00109568
117.366 0.00111675
121.737 0.00109348
120.529 0.000983307
119.369 0.00107814
123.085 0.00113625
122.636 0.00110228
124.371 6.88831e-06
120.261 0.000920688
115.496 0.000992161
119.476 0.000868464
115.807 0.0011254
117.626 0.00108753
116.913 0.00100365
117.316 0.0010395
116.422 0.00108489
115.685 0.00101425
121.438 0.000958015
118.416 0.000553717
121.18 0.000967897
116.987 0.000955908
123.076 0.00104114
118.812 0.000987469
119.748 0.00106281
122.748 0.00100478
120.541 0.000963655
116.473 0.000985684
117.341 0.00102124
116.532 0.000942147
119.742 0.000828864
118.438 0.00101103
119.224 0.000540148
117.686 0.000983346
119.186 0.000944443
120.536 0.000892359
119.397 0.000962247
120.904 0.00104165
118.624 0.000980509
116.856 0.00103521
120.553 0.0010847
119.179 0.000939187
121.56 0.00102114
117.863 0.00103272
117.165 0.00100451
118.46 0.000941023
117.324 0.000143327
119.679 0.000951702
120.439 0.000977311
117.183 0.00108064
118.154 0.000962797
120.216 0.000960684
119.666 0.000964938
119.369 0.00108968
121.801 0.0010286
117.398 0.00110537
117.365 0.00108231
120.407 0.000978697
121.6 0.000914262
123.295 4.75664e-05
117.253 0.000941126
119.951 0.000927337
120.299 0.000575189
117.236 0.000983788
120.266 0.000949067
122.645 0.000966112
118.553 0.000934248
118.425 0.000962805
118.634 0.000953807
123.47 0.00092067
122.261 0.000555192
122.08 0.00108524
123.801 0.000980807
118.126 0.000991271
117.307 0.00092259
120.258 0.000871167
119.001 6.94358e-05
121.145 0.00100296
119.166 0.00108944
116.56 0.000900645
121.989 0.00100271
116.466 0.000978012
115.578 0.00100521
117.777 0.000985329
122.934 0.000959981
123.141 0.000935789
118.409 0.000948984
122.293 6.99373e-05
118.086 0.000988027
117.597 0.00103139
117.288 0.000959312
118.075 0.00104354
119.526 0.000982226
122.845 0.000974187
120.647 0.000992296
121.45 0.000790485
120.985 0.000890317
115.71 0.00107203
118.483 0.000103982
121.86 0.00106542
123.477 0.000828201
119.016 0.000969167
118.671 0.000982056
119.052 0.0010576
117.229 0.000961255
117.843 0.00107518
117.282 0.00105352
118.093 0.000979084
117.648 0.000957164
120.368 0.000987902
117.406 0.00102595
119.753 1.09837e-05
119.518 0.000969214
119.673 0.000923889
121.875 0.000953802
115.849 0.0010635
119.666 0.00107073
115.851 0.000962758
118.415 0.000965252
118.736 0.00075624
116.682 0.000844165
120.556 0.000955966
118.485 0.000932283
118.464 0.000881455
116.563 0.00107917
119.91 0.00108235
116.278 0.000934701
116.433 0.000990636
120.753 0.000954675
120.676 0.000953477
120.662 0.000863575
118.826 0.0008117
120.778 0.000870464
116.265 0.000973253
121.496 0.00105122
115.462 0.00105074
122.631 0.00100185
115.287 0.00110376
121.184 0.00107525
121.809 0.000944787
116.732 0.000957026
116.673 0.000922748
123.937 0.00101429
124.023 0.000952538
119.611 0.00107785
118.22 0.00109069
116.742 0.000489663
119.02 0.00097217
121.201 0.00102149
116.035 0.000951398
118.335 0.00111867
119.016 0.000921354
118.702 0.000855548
118.048 0.000995939
118.539 0.00106319
125.159 0.000950517
118.894 0.000991868
120.158 0.000971757
115.371 4.60199e-05
125.206 0.00108154
116.044 0.00117134
118.23 0.000367764
118.331 0.000568767
118.79 0.000941824
119.464 0.000965216
119.988 0.000943888
120.013 0.000738251
117.867 0.000927863
120.997 0.000968733
122.155 0.000979366
119.242 0.000980648
120.744 0.000976703
121.456 0.000951643
118.614 0.000994049
119.459 0.000980461
116.991 0.000959449
117.228 0.001003
116.529 0.000999918
119.469 0.00107706
116.295 0.00095866
120.212 0.000971487
116.311 0.000952536
121.325 0.000936305
118.651 0.000953188
117.674 0.00108384
118.639 0.000993566
119.346 0.00109938
119.193 0.000956855
119.214 0.000206607
118.418 0.000864536
119.229 0.000948706
116.821 0.000964211
118.44 0.000895463
120.215 0.0010367
119.708 0.0010694
119.559 0.00107511
120.213 0.000968014
120.061 0.000983951
120.062 0.000960871
120.962 0.000949605
119.828 0.00100496
119.416 0.00108766
117.015 0.00107717
120.666 0.000943586
117.526 0.000997304
120.156 0.000558224
117.006 0.000824731
118.022 0.000873745
117.857 0.00108783
120.402 0.00105396
115.794 0.00100776
118.029 0.000949678
120.29 0.00103595
120.8 0.00105757
120.734 0.000944655
118.651 0.000956225
118.365 0.000903989
118.918 0.000937953
123.505 0.00107453
119.229 0.00088172
124.089 0.000965078
119.34 0.00105778
120.119 0.000954988
120.422 0.00108344
120.545 0.000993354
120.619 0.000958191
122.936 0.000828701
120.073 0.000998218
121.306 0.000987115
119.509 0.000951948
121.743 0.000897526
117.306 0.000553077
119.556 0.000744304
121.093 0.000950004
119.951 0.00103805
121.958 0.00095429
121.222 0.00103056
119.877 0.0010751
120.301 0.000980278
120.683 0.00107911
119.709 0.00096344
119.457 0.000985488
121.252 0.00108608
118.855 0.000857755
119.996 0.000945212
119.956 0.00106172
121.677 0.000961295
121.29 0.000557888
120.775 0.000944653
121.127 0.00107842
119.924 0.000957366
116.346 0.00100281
121.158 0.000921801
118.251 0.000977139
121.223 0.000956822
120.472 0.000912335
120.486 0.000968002
117.936 0.000860465
119.515 0.00100492
118.611 0.000992161
120.384 0.000940711
120.204 0.000847796
118.862 0.00101846
116.567 0.000887649
118.73 0.000885824
122.68 0.000957123
123.767 0.000819401
119.883 0.00110803
123.527 0.000961257
116.006 0.00095216
119.041 0.00102491
120.361 0.00110497
123.73 0.000947092
115.582 0.000987809
120.014 0.000942471
116.51 0.00109525
120.579 0.000148022
115.697 0.00105683
118.996 0.000950715
117.017 0.000981614
119.693 0.000951132
119.635 0.00102777
119.49 0.000107584
119.312 0.000965334
116.256 0.00107331
120.165 0.000215873
117.913 0.00108544
118.202 0.000970669
121.728 0.000645975
122.214 0.00099981
117.657 0.00098268
121.573 0.000984997
119.618 0.000955873
122.002 0.000963879
120.084 0.000944407
118.032 0.00106214
122.404 0.000714467
117.156 0.000948849
119.244 0.000971807
118.095 0.00105757
118.689 0.0010758
117.473 0.000903233
120.814 0.00102749
118.146 0.000279691
120.796 0.0009464
117.945 0.000942633
121.603 0.000950634
119.273 0.000983769
118.355 0.000452162
117.941 0.0010697
120.1 0.000967126
119.539 0.00101897
120.945 0.000976901
122.182 0.000962628
117.74 0.000973919
119.95 0.0010135
118.066 0.000934641
122.01 0.000195719
119.211 0.00100415
119.468 0.000983133
116.802 0.000876193
123.818 0.000968363
118.345 0.000996772
117.371 0.000982684
120.451 0.000972398
118.567 0.000968966
121.46 0.000931997
120.736 0.000369622
115.916 0.000151334
121.102 0.00092429
121.705 0.00108927
121.56 0.000961725
119.136 0.00107829
119.148 0.000964953
122.116 0.000978677
122.707 4.5909e-05
116.884 0.000876301
119.847 0.000985753
122.348 0.000957711
119.94 0.000980094
116.927 0.00099579
121.179 0.000950637
118.86 0.00100273
122.196 0.0009995
119.54 0.000991421
120.233 0.000148539
121.542 0.00117089
119.013 0.000981157
121.21 0.000989335
119.546 0.000981595
120.484 0.000983152
117.251 0.000922128
119.749 0.000993499
117.784 0.000949078
121.276 0.000963749
119.144 0.000987268
118.389 0.000927174
120.357 0.000955825
120.281 0.000996883
119.907 0.000552973
119.425 0.000993596
120.318 0.00101283
119.891 0.000967016
116.158 0.000975543
120.01 0.000940898
121.064 0.000991653
115.818 0.00109611
116.479 0.000938747
117.681 0.000947831
116.139 0.000674062
116.955 0.00101735
118.93 0.00112889
118.651 0.000993501
121.921 0.00110239
116.94 0.000923842
120.884 0.000974939
118.763 0.000968627
122.681 0.00108017
115.41 0.000992762
119.468 0.00103947
119.714 0.0010561
122.856 0.000959258
122.379 0.000958338
117.9 0.00107223
120.125 0.000950896
120.155 0.000946322
117.327 0.000967697
121.608 0.000984754
116.807 0.000978873
121.68 0.00109561
118.783 0.000913523
117.693 0.00102205
117.43 0.000970322
121.904 0.00095865
122.276 0.0010276
117.527 0.000975065
118.431 0.00108848
118.542 0.000995666
119.144 0.00109757
116.795 0.000716056
121.652 0.000961735
116.893 0.00094718
121.134 0.000973933
119.765 0.00094424
115.247 0.00100364
116.926 0.000265984
117.846 0.000939754
118.966 0.000962808
121.927 0.000360464
120.891 0.000982703
120.926 0.0010033
121.283 0.000966233
120.116 0.00103929
117.763 0.000822881
118.439 0.000965416
120.885 0.000832224
117.128 0.000460057
119.078 0.000949703
115.815 0.000898863
119.408 0.00102519
118.121 0.000952126
116.683 0.000970628
119.525 0.000953646
120.558 0.00102981
120.858 0.00102456
116.052 0.000945494
120.082 0.000863736
121.228 0.000980393
121.22 0.000908755
116.66 0.00101619
117.775 0.000814726
120.994 0.000996279
121.269 0.000882508
119.238 0.000562541
120.775 0.000367651
117.222 0.000952865
121.6 0.00111371
118.16 0.000963207
116.337 0.000929636
119.523 0.000949082
115.798 0.00106269
120.8 0.000986948
123.435 0.000961839
120.539 0.000945797
119.237 0.000147838
120.558 0.000995062
121.345 0.000137849
118.112 0.000986326
119.557 0.000955369
117.041 0.00105984
117.638 0.000976028
124.358 0.000951526
116.614 0.00102878
118.312 0.00108038
116.631 0.000910522
120.366 0.000944973
122.966 0.000830688
119.64 0.00103873
119.914 0.000825233
121.492 0.00108393
118.782 0.00112996
121.169 0.000372885
121.347 0.00109407
120.547 0.0009597
119.563 0.00104336
116.977 0.000975538
119.107 0.00107984
119.34 0.000960776
116.707 0.000979829
121.685 0.00101978
117.965 0.00103733
121.474 0.000892936
118.956 0.00103688
119.595 0.000282616
119.037 0.000147524
123.298 0.000902708
117.578 0.000922892
120.776 0.000958305
117.978 0.000936428
120.337 0.000939325
120.81 0.000962194
118.668 0.0010339
115.318 0.000953912
121.632 0.000989889
120.935 0.00108095
120.759 0.000997762
118.416 0.00108783
120.866 0.000952865
118.688 0.00103572
116.701 0.00107829
122.624 0.00100042
122.751 0.00103272
119.884 0.000361896
120.142 0.00103212
117.974 0.000943942
116.155 0.000931767
121.152 0.000977384
118.113 0.000962647
116.773 0.00112227
118.536 0.000942406
121.12 0.000982686
118.729 0.000769395
123.728 0.00086865
120.933 0.000958538
123.785 0.000976016
118.67 0.000987452
117.487 0.000888936
120.22 0.000993729
121.534 0.00010536
121.115 0.000961189
115.899 0.000999738
119.935 0.000999651
118.192 0.000970225
120.379 0.00094067
120.102 0.00095433
120.27 0.000941276
117.434 0.000946059
123.317 0.00104562
117.933 8.94047e-07
117.252 0.00103293
119.526 0.00112276
117.436 1.87307e-05
118.775 0.00106983
117.946 0.000946164
118.23 0.00115002
118.89 0.00104462
120.1 0.0010065
122.285 0.000959054
120.066 0.00105951
117.492 0.0010797
116.808 0.000953471
118.096 0.00094429
118.722 0.000938366
118.687 0.00109481
117.668 0.00107396
119.265 4.29817e-05
118.209 0.00112393
117.95 0.00098126
117.786 0.000905046
122.106 0.00106343
122.647 0.000982099
117.295 0.000654541
117.947 0.000927029
119.471 0.00101171
119.459 0.000963791
116.752 0.000558919
119.577 0.00103265
119.524 0.000947538
120.135 4.6167e-05
122.17 0.000991728
120.928 0.000938715
120.239 0.00099775
119.881 0.00095848
122.312 0.000967381
127.105 0.00100995
118.684 0.000951576
118.499 0.00101385
119.117 2.42222e-06
116.296 0.0009175
119.777 0.000961579
121.384 0.000954502
119.583 0.000855069
116.195 0.00097723
122.239 0.00101027
117.617 0.00096012
118.206 0.00102977
117.077 0.000955355
120.223 0.000359466
122.561 0.000883976
119.469 0.000973349
118.15 0.00107489
123.678 0.000959193
120.794 0.000958838
121.772 0.000961898
121.143 0.000985964
120.925 0.000952903
117.459 0.00094739
121.928 0.00095466
120.41 0.000936385
118.611 0.000982458
116.688 0.000913877
117.616 0.00108195
118.991 0.000783661
118.147 0.000946642
119.031 0.000918227
123.116 0.000933884
119.158 0.000742067
121.036 0.000989268
120.158 0.000918726
116.866 1.12197e-05
115.916 0.000976803
118.602 0.000953707
119.303 0.000990766
121.143 0.000950285
118.442 0.000945372
121.116 0.000939706
120.9 0.000950899
120.616 0.000996628
116.566 0.00104279
122.186 0.000986843
119.167 0.000957525
119.598 0.00102874
120.768 0.000891458
117.871 0.000978942
117.159 0.000928716
122.133 0.000946573
117.774 0.000944092
118.955 0.00100241
117.512 0.000944494
122.639 0.000973552
117.311 0.000979641
120.183 0.000996719
121.769 0.00105368
115.154 0.000947801
118.603 0.00105965
118.049 0.00102007
119.956 0.000940506
120.058 0.000945007
124.408 0.000966615
119.303 0.000942179
120.216 0.000936633
115.602 0.000890739
118.899 0.00108005
119.464 0.000958416
120.744 0.00109499
119.762 0.000815439
119.187 0.000971015
122.087 0.00101046
120.267 0.000982774
120.183 0.0010738
119.942 0.00112371
120.955 0.00108619
120.152 0.000944835
116.195 0.00110299
118.99 0.00100085
118.745 0.000976826
119.787 0.000738944
119.842 0.00105931
118.254 0.00112002
120.594 0.000997602
117.145 0.000743824
116.391 0.00102161
118.526 0.00098329
118.95 0.00107661
119.631 0.0011001
121.885 0.000934307
117.851 0.000958356
117.626 0.000818897
121.523 0.000993928
116.598 0.000977212
118.514 0.000950327
119.198 0.00102604
115.824 0.000953163
124.893 0.00101826
120.319 0.00100212
120.043 0.00106397
121.592 0.000964601
120.053 0.000978652
119.076 0.0008863
118.625 0.00105154
125.45 0.0010298
120.304 0.000988634
121.602 0.00108442
121.483 0.000961733
116.436 0.00097161
117.145 0.000927871
118.463 0.000818975
121.244 0.00108361
119.309 0.00100834
117.511 0.000877776
115.721 0.000844076
117.147 0.000945262
119.811 0.00072855
121.834 0.00100104
120.661 0.000944753
116.71 0.000901553
123.059 0.000917808
122.579 0.000925985
118.681 0.000989642
120.769 0.00101184
119.24 0.000956328
120.989 0.000924407
121.12 0.000946171
121.701 0.00102699
117.441 0.000944288
119.087 0.00110326
119.186 0.000969077
120.221 0.00109392
118.862 0.00100302
120.186 0.000945944
117.737 0.000852271
119.703 0.0010576
120.524 0.00094669
121.594 0.00108907
118.298 0.00101438
122.397 0.000939598
117.937 0.00106245
121.705 0.000148557
121.278 0.00104272
115.514 0.00103898
124.138 0.0010025
119.289 0.0009709
117.758 0.00104194
119.803 0.00097123
122.122 0.000953797
117.923 0.000852321
119.006 0.00094614
119.366 0.000984216
117.28 0.000974086
118.057 0.000887015
122.266 0.00105489
116.798 0.000989274
117.431 0.000648656
121.145 0.00112185
118.395 0.000947404
115.176 0.00090925
120.783 0.000959743
119.488 0.000926638
123.557 0.000985448
118.434 6.63637e-05
123.424 0.000982142
119.951 0.000992208
116.806 0.000935218
118.295 0.0010483
120.159 0.000960906
116.007 0.000737489
118.746 0.000953576
120.904 0.000975504
120.49 0.000982358
117.586 0.00111658
118.249 0.00114766
116.567 0.000887286
120.095 0.000951091
121.002 0.000973529
118.281 0.00103424
119.901 0.00100228
121.84 0.000951851
116.13 0.000941871
120.33 0.00101885
124.22 0.00100381
117.354 0.000910685
118.79 0.00100334
117.126 0.000987018
121.678 0.000921348
118.135 0.00108258
122.674 0.000639422
122.441 0.00107045
119.201 0.00101632
118.245 0.000819883
118.464 0.00102654
120.447 0.00093754
121.792 0.00102138
120.168 0.00103399
119.098 0.000645655
118.884 0.000951811
118.576 0.000969304
116.538 0.000948731
119.497 0.000970778
119.69 0.000965616
124.026 0.000998798
119.065 0.000977788
116.315 0.00107174
118.299 0.000960515
119.054 0.000453391
119.16 0.000955243
119.421 0.00108231
123.363 0.000929224
122.15 0.000896604
118.308 0.000989707
116.946 0.000947351
119.014 0.00106635
115.273 0.00108513
117.831 0.000820891
120.886 0.00108248
119.489 0.00110084
121.862 0.000957564
119.914 0.000548109
118.029 0.0010239
124.556 0.00095736
118.046 0.000973264
115.357 0.00101748
120.897 0.000977051
122.235 0.000972554
115.513 0.000653261
122.732 0.001055
123.899 0.000948701
120.861 0.00106666
119.881 0.000886617
122.749 0.000993671
119.531 0.000940769
122.489 0.000980729
120.364 0.000978865
117.092 0.000879657
119.799 0.000976374
120.311 0.00102738
118.621 0.00097364
121.729 0.000965476
122.362 0.000929264
126.606 0.000821673
116.469 0.00104128
115.613 0.00094738
120.708 0.000964527
118.868 0.00112291
121.951 0.00116079
123.898 0.000947587
122.488 0.000354257
119.408 6.62406e-06
117.231 0.000963854
115.233 0.001108
119.665 0.00106829
122.684 0.00100119
121.146 0.001036
120.731 0.00096688
120.023 0.000974202
121.113 0.00108379
120.03 0.000968474
122.946 0.000994137
117.587 0.000938472
119.164 0.000865115
116.063 0.00101794
118.83 0.000939858
115.444 0.00141441
120.016 0.00100971
122.097 0.000914564
118.987 3.01414e-05
116.996 0.000912376
121.247 0.000974232
115.313 0.000976889
117.142 0.00112806
116.653 0.00102219
120.476 0.00096415
119.303 0.00107834
118.982 0.000992608
116.864 0.000976153
115.223 0.000923218
116.743 0.00102965
118.678 0.00106906
116.909 0.000912974
115.155 0.00095223
117.035 0.000985098
119.107 0.000953668
115.287 0.00111002
118.445 0.000984952
118.019 0.000951684
118.995 0.00107767
120.895 0.000952143
119.554 0.00108175
117.441 0.000456534
117.756 0.000981999
121.236 0.000925301
120.278 0.00110776
118.013 0.000908593
118.124 0.000950187
117.5 0.0010666
117.145 0.000104733
119.371 0.00109
119.514 0.000959897
120.029 0.000968499
119.841 0.000973858
121.085 0.000982313
119.444 0.00103432
118.199 0.00094275
117.677 0.00104412
121.809 2.85179e-05
116.256 0.000962458
115.099 0.000948412
116.455 0.000923729
115.182 0.000992532
120.212 0.00098476
118.358 0.00101972
118.463 0.00090524
117.385 0.000966679
120.468 0.000940341
118.91 0.00101945
121.284 0.000988949
116.739 0.000949198
116.496 0.000990074
119.931 0.000948478
120.533 0.000980446
118.03 0.000974116
120.718 0.000966366
120.927 0.000900322
120.459 0.000951199
119.668 0.000201024
118.428 0.000947528
120.031 0.00078877
126.407 0.00097807
118.407 0.00088012
120.257 0.000947648
118.725 0.000943831
118.305 6.98952e-05
119.29 0.0010376
122.195 0.000982175
117.567 0.000991254
115.882 0.0010396
117.864 0.000946303
116.137 0.000991024
119.825 0.00109268
117.305 0.000988199
118.76 0.000954875
127.326 0.00104648
117.832 0.00106598
119.595 0.000952075
118.807 0.00103299
116.935 0.000958347
117.221 0.000931462
121.178 0.000942805
122.009 0.00104843
122.916 0.00110734
118.132 0.000968793
122.732 0.00106922
119.321 0.00108165
122.355 0.000990271
118.336 0.0010738
122.045 2.87839e-05
115.695 0.000989018
122.167 0.00104307
120.153 0.00104444
122.021 0.000934104
118.872 0.0010647
118.475 0.00112493
118.914 0.000978654
120.339 0.0010001
118.922 0.00103206
120.802 0.000147073
124.33 0.000943859
120.195 0.00100285
117.45 0.000954664
120.985 0.00101682
118.566 0.000961039
115.586 0.000853005
118.285 0.000973098
119.522 0.00100301
126.24 0.00101065
116.93 0.000942819
118.325 0.000977445
119.116 0.000937229
122.305 0.000836521
122.144 0.000990276
117.29 0.000986631
119.546 0.00113322
120.658 0.00100299
116.116 0.00102385
115.365 0.000992234
122.138 0.000953745
119.139 0.000798645
115.758 0.000977614
118.698 0.000966356
118.966 0.00112194
119.016 0.00095145
119.155 0.000553885
118.809 0.000964388
121.996 0.000968707
117.696 0.000889264
118.934 0.00100388
119.588 0.00102966
118.345 0.00100181
119.018 0.00109899
121.118 0.000953796
118.761 0.000982285
118.234 0.000971264
121.94 4.75264e-05
117.966 0.000979145
119.87 0.00100517
119.685 0.000743556
119.061 0.000961598
118.404 0.000985351
121.126 0.00106774
116.45 0.00103958
123.212 0.000955749
120.36 0.00107223
120.46 0.000955288
122.324 0.000938413
120.038 0.000882676
117.181 0.00100948
118.772 0.000955949
119.217 0.0010241
120.46 0.000953815
117.645 0.000953626
118.53 0.000990197
117.324 0.00102234
119.068 0.000932053
121.869 0.00095828
124.782 0.000959339
121.547 0.000776982
120.992 0.00100962
119.97 0.000950664
117.854 0.000951806
121.439 0.000900071
119.786 0.000970744
121.373 0.000980784
116.157 6.65271e-06
119.277 0.000628465
119.384 0.000378269
117.279 0.00100901
117.761 0.000854249
115.257 0.000967193
122.199 0.00100259
118.283 0.00100159
121.611 0.00014033
120.414 0.000891162
120.819 0.000938369
121.721 0.000968559
119.553 0.000983817
116.569 0.000370029
120.32 0.00110994
119.133 0.00101455
118.923 0.00096535
120.792 0.00101277
123.7 0.00102707
117.819 0.000956817
124.654 0.00100223
115.513 0.000985559
119.608 0.000990838
121.121 0.000957548
120.184 0.000954505
120.578 0.0010224
118.54 0.000975538
121.637 0.00095332
118.071 0.000940259
121.464 0.000982363
122.985 0.000929399
119.409 0.000942886
122.175 0.000953874
116.088 0.000741206
118.162 0.00102562
121.288 0.00102014
118.946 0.000978555
119.271 0.000891703
120.274 0.00110558
121.222 0.00036561
119.246 2.85484e-05
116.398 0.00106797
122.963 0.000973544
122.344 0.00093564
123.302 1.12111e-05
116.707 0.0010593
120.657 0.00108596
120.367 6.7266e-06
122.485 0.000933661
117.945 0.00107439
120.136 0.000952157
115.564 0.00107964
121.314 0.000955138
118.523 0.000948911
119.633 4.58203e-05
120.779 0.000862472
121.977 0.000915449
116.327 0.00109503
117.985 0.000944084
120.089 0.000463722
118.406 0.00100262
116.553 0.00108808
120.093 0.000915492
116.257 0.000986248
118.756 0.000999792
120.882 0.000927953
118.754 0.000972856
120.508 0.000958733
117.885 0.000887215
120.3 0.000992349
118.136 0.000806653
117.982 0.00095051
118.429 0.00101847
119.195 0.000979449
116.262 0.000985949
118.824 0.00111121
117.978 0.000977697
117.896 0.000962294
118.742 0.00099896
120.813 0.000965656
120.385 0.000886857
119.896 0.001072
118.707 0.000967963
120.479 0.000956108
115.446 0.00102352
118.775 0.000946588
117.982 0.000956782
119.6 0.000947677
119.96 0.000945013
118.219 0.000987017
119.654 0.000963529
117.047 0.000947536
117.407 0.000800533
120.274 0.000937934
118.729 0.000958875
116.846 0.000946845
118.116 0.0011039
116.839 0.000979575
124.708 0.000961895
115.606 0.00107522
117.495 0.000937315
120.952 0.001029
121.258 0.00107653
119.806 0.00098155
120.546 0.00102916
115.54 0.000989028
116.457 0.00108637
119.659 0.000624286
118.772 0.000942041
118.181 0.000976281
119.583 0.0010031
121.817 0.000975329
119.862 0.000938296
116.483 0.000993994
119.324 0.000848657
122.141 0.000886119
116.627 0.000949406
117.613 0.000983698
115.207 0.00103541
115.62 0.00101252
120.042 0.000970111
118.473 0.00108228
119.882 0.000957066
119.277 0.00110392
119.035 0.000986955
125.972 0.00105407
119.096 0.00100184
116.158 0.000982186
124.487 0.000950682
123.02 0.000948454
116.733 0.000954487
116.235 0.00102653
122.355 0.000954779
118.676 0.00089511
116.822 0.00098329
120.525 0.00112058
120.704 0.000972206
119.919 0.000978508
116.908 0.000466493
118.481 0.00100716
122.16 0.000100205
117.072 0.000986112
117.036 0.000939611
116.191 0.000546379
122.445 0.0011175
119.98 0.000993225
119.237 0.000978626
115.997 0.000959157
124.213 0.00109258
115.14 0.000951552
123.411 0.00092043
121.38 0.000366924
117.761 0.000993533
116.781 0.00105001
120.803 0.000965091
119.62 0.000988089
116.305 0.00100493
119.33 0.00103262
117.643 0.000931104
118.685 0.00107176
118.574 0.000982119
115.859 0.000955234
121.484 0.000834874
117.768 6.4362e-05
118.214 0.00114247
118.598 0.000901018
119.957 0.000192784
119.259 0.000967468
120.349 0.000204988
122.292 0.00102906
121.61 0.00102887
122.767 0.000978223
116.894 0.000954239
116.249 0.00109022
119.824 0.00118727
120.501 0.000989116
122.155 0.00108485
120.977 0.000997051
118.575 0.00104382
117.939 0.000945632
118.213 0.000956441
121.122 0.000973623
117.412 0.00100929
120.406 0.00021634
118.875 0.00101349
121.56 0.000945452
118.752 0.000887669
121.65 0.000971379
117.904 0.000954921
120.171 0.000981021
119.308 0.000919405
117.878 0.0010919
120.276 0.000951888
120.733 0.000986133
120.517 0.00108235
117.65 0.00105931
119.696 0.000973529
121.617 0.00100497
122.72 0.000959791
123.644 0.000982038
116.111 0.000937834
121.366 0.00112801
119.316 0.000967611
120.983 0.00102405
120.637 0.000467625
117.753 0.000985771
117.145 0.000939372
119.656 2.91613e-05
115.583 0.000980061
115.557 0.000905642
121.252 0.00107925
116.647 0.00109354
115.102 0.000971324
115.547 0.00102386
120.792 0.000871316
126.555 0.000949302
122.957 0.0006466
121.789 0.001035
117.947 0.00106298
115.026 0.00045912
119.646 0.000208558
119.894 0.00103831
119.561 0.000956018
119.297 0.000970322
115.074 0.000829718
117.279 0.000972106
118.514 0.00109925
116.433 0.00095666
120.813 0.000947175
120.524 0.000944252
120.124 0.00102677
119.994 0.0010311
119.957 0.000947402
119.817 0.00112545
120.995 0.000973392
116.973 0.00091492
118.928 0.000941275
121.444 0.00105574
117.039 0.00103965
118.271 0.000943291
119 0.000938399
117.068 6.97535e-05
122.456 0.00106569
118.012 0.000887145
116.463 0.000927556
120.326 0.000960715
118.999 0.000970675
116.378 0.000852946
117.3 0.00106886
119.469 0.000885889
119.332 0.000970076
115.255 0.000928843
119.531 0.000971611
122.486 0.000752708
117.575 0.00109797
122.095 0.000989541
117.408 4.63707e-05
117.585 0.00111935
119.983 0.00100992
117.3 0.00103188
117.755 0.00103231
117.823 0.00100871
119.745 0.00108864
116.077 0.000857834
116.463 0.00103777
116.379 0.00100624
117.963 0.00109424
122.226 0.00103781
123.004 0.00103253
117.515 0.00120201
119.818 0.000952321
117.232 0.000946247
119.146 0.00103781
116.739 0.0011271
119.444 0.000935162
121.298 0.00107835
120.094 0.000964917
121.539 0.000710474
118.725 0.000980972
119.167 0.00102879
119.025 0.00110783
117.144 0.000877374
117.39 0.000984604
119.047 0.000959685
119.337 0.000455213
120.516 0.000943807
119.642 0.0010614
118.794 0.000367864
116.104 0.000866984
120.208 0.000937885
119.055 0.000952613
121.012 0.000988415
120.131 0.000631199
119.514 0.000972509
119.193 0.00109794
118.308 0.00010389
123.297 0.0010987
120.7 0.00102124
120.605 0.00103695
119.785 0.000960813
121.86 0.000972392
120.3 0.000987012
116.767 0.000983907
120.131 0.000887904
123.017 0.00101949
118.496 0.000970997
121.851 0.00104431
117.929 0.000964061
119.268 0.00093188
123.284 0.0010848
118.519 0.00111022
121.768 0.00101032
117.156 0.000992657
117.622 0.00045171
118.812 0.000994178
116.29 0.000970756
119.724 0.000977416
115.298 0.000974339
118.35 0.00102882
116.692 0.00109445
120.711 0.000951617
121.538 0.000991295
117.776 0.00106183
121.245 0.0010682
120.421 0.000965579
119.913 0.00100505
115.304 0.00106741
118.275 0.00100954
117.096 0.00100811
119.849 0.000959709
118.271 0.00090199
118.649 0.000147798
120.863 0.000964423
119.219 0.000947635
120.874 0.001089
118.445 0.000935332
120.194 0.000884649
118.249 0.000966755
118.733 0.00109266
119.731 0.000982593
118.879 0.000958135
119.972 0.00097633
117.718 0.000922891
117.529 0.00108201
117.576 0.000977282
120.886 0.00100352
116.593 0.000994231
117.7 0.00102312
118.393 0.000345506
116.544 0.000991003
115.099 0.00108513
122.434 0.000993453
122.966 0.00107102
122.043 0.000958089
115.967 0.000925399
119.574 0.000978448
120.821 0.000935327
118.506 0.000972641
117.439 0.000978771
119.574 0.00109972
120.927 0.00100901
118.689 0.00103843
121.415 0.000819916
118.166 0.000964524
122.573 0.00076996
120.553 0.000943866
122.88 0.000949299
119.006 0.0010572
119.794 0.00108071
118.351 0.00100891
121.643 0.000944987
120.537 0.00104348
118.719 0.000978627
122.708 0.000967625
118.183 0.00109381
122.619 0.000948924
120.77 0.00103282
119.947 0.00094719
119.783 0.00106277
116.04 0.000939724
122.499 0.000624738
123.35 0.000958059
115.022 0.00112845
119.859 0.000964831
121.786 0.000818631
119.986 0.0009841
118.976 0.000991426
119.035 0.000951089
126.062 0.000963026
116.094 0.00103979
118.132 0.00095344
119.339 0.000966601
119.323 0.00107127
118.333 0.00103797
118.28 0.000939524
122.668 0.000989447
115.068 0.00108579
121.929 0.0010203
119.699 0.000823429
118.983 0.000968942
122.987 0.000926437
119.757 0.00095115
119.395 0.000984191
119.528 0.000148988
122.3 1.76381e-05
116.916 0.00101757
119.619 0.00104106
121.246 0.00106701
120.629 0.00110496
123.125 0.000963228
122.328 0.00108789
121.721 0.000808782
117.049 0.000947176
120.187 0.000992838
120.381 0.0009695
120.79 0.000900051
121.274 0.000980266
119.797 0.000947351
118.089 0.000965578
121.413 0.000950085
117.055 0.000984035
117.759 0.000971257
116.623 0.000949346
118.875 0.0010186
118.34 0.000990659
116.629 0.00111851
116.355 0.0010703
117.114 0.000991196
119.346 0.00078454
116.101 0.000990071
120.351 0.000972107
117.201 0.00107033
118.72 0.00108753
124.456 0.0010147
119.365 0.00110829
120.512 0.000965602
121.23 0.000994625
117.761 0.00097609
118.098 0.000956155
116.38 0.000267742
122.351 0.000811954
118.339 0.000943105
118.308 0.000966539
123.697 0.00103165
120.07 0.0010582
117.766 0.000940652
119.161 0.000921494
119.519 0.000920809
115.356 0.000934458
118.411 0.00105989
122.147 0.00100501
116.802 0.000990829
119.964 0.000955208
118.945 0.000974991
118.983 0.00102802
118.579 0.00109947
122.533 0.000996189
119.647 0.000869986
118.926 0.000979568
121.39 0.000968834
120.737 0.00109002
116.328 4.76239e-05
124.426 6.7581e-06
120.968 0.00101567
118.098 0.00093539
120.66 0.000957364
121.159 0.000955187
121.395 0.000948359
117.214 0.00108249
120.354 6.38247e-05
118.333 0.00110157
120.065 0.00110192
119.74 0.00095348
117.108 0.00108298
119.554 0.00095284
119.631 0.000990363
118.001 0.000963647
121.187 0.00101093
117.818 0.00108182
120.596 0.00107372
120.753 0.00105702
119.504 0.00106059
120.06 0.00108024
119.51 0.000922228
120.271 0.00106227
119.534 0.0011038
120.188 0.000963863
119.7 0.00108648
119.45 0.000314746
116.862 0.00101668
118.833 0.000937804
118.362 0.000967878
119.78 0.000203545
115.69 0.000982698
119.452 0.000946835
118.257 0.000947911
119.722 0.00108589
115.436 0.000970469
117.94 0.000967315
119.54 0.00105615
117.886 0.00100112
118.446 0.00101315
119.473 0.00103804
119.698 0.000970231
120.041 0.00105882
120.895 0.000271904
116.845 0.00109451
120.258 0.000741968
123.03 0.000926183
118.467 0.000949825
120.706 0.000951344
119.749 0.000957026
117.746 0.000983769
119.445 0.000966088
122.535 0.000959967
117.013 0.00100087
115.737 6.72851e-05
121.127 0.000952064
121.262 0.000871167
122.423 0.0010625
118.598 0.000937758
116.251 0.000864521
118.549 0.000932202
118.103 0.000952143
120.063 0.000349261
116.636 0.0010569
119.885 0.00100625
121.264 0.00100384
119.088 0.000977837
116.34 0.0010042
117.656 0.000960955
118.245 0.000817336
118.515 0.00106747
122.782 0.000980825
121.792 0.00108158
122.958 0.00098369
116.019 0.00097297
119.692 0.000961315
117.472 0.000984408
115.693 0.000897683
118.372 0.000792435
120.901 0.00103095
118.56 0.000554249
120.333 0.000999448
115.012 0.000967716
122.606 0.000366898
115.889 0.00106817
116.733 0.000985488
120.021 0.00109026
121.806 0.000866555
116.943 0.000892328
119.172 0.00104315
120.287 0.000896156
119.513 0.00085603
118.856 0.000973476
122.29 0.000367994
116.849 0.000938031
119.88 0.000942745
127.914 0.000956901
120.734 0.000883346
123.959 0.00108233
119.03 0.00101449
119.516 0.00103496
120.025 0.000937035
117.234 0.000994944
120.563 0.000957832
117.233 0.00102913
118.583 1.10036e-05
116.872 0.000986892
119.309 0.00107713
121.716 0.000204117
115.189 0.000961607
116.677 0.000952779
118.624 0.0010926
117.466 1.83936e-05
121.498 0.000896628
117.495 0.00094694
117.429 0.000771433
122.23 0.00105634
115.527 0.000956804
121.691 0.000891836
120.759 0.000979899
117.252 0.000946219
119.914 0.00094951
121.288 0.00100412
118.201 0.00100598
119.292 0.00108555
120.997 0.000952717
117.905 0.00108117
119.676 0.000941969
120.487 0.000999957
121.433 0.000941813
120.494 0.000953829
119.324 0.000205627
117.646 0.00102659
115.705 0.00105913
117.551 0.000370104
115.328 0.00105214
118.985 0.000970508
120.828 0.000991294
120.763 0.000963775
120.202 0.00094259
121.471 0.000132043
118.999 0.0011274
119.518 0.00092506
119.796 0.00103443
115.328 0.000930026
120.984 0.000938421
119.705 0.000918382
120.728 0.000993971
119.378 0.00105817
125.61 0.00109085
120.576 0.00097071
121.279 0.000956239
121.648 0.000941002
115.303 0.00102541
122.199 0.000929224
117.159 0.000965172
122.899 0.00104377
122.366 0.00104531
118.992 0.00095416
117.682 0.000848122
122.861 0.000937267
120.821 0.00104154
118.957 0.000949765
119.676 0.00100815
121.119 0.00107868
117.982 0.00108528
119.329 0.000980998
117.697 0.000261148
123.24 0.00091344
119.233 0.00088829
121.699 0.000961018
119.049 0.000936957
120.241 0.00108557
123.961 0.0010917
118.422 0.000923585
119.012 0.000650193
123.341 0.00091496
116.625 0.000963063
123.404 0.000949597
121.292 0.000982438
118.818 0.000962323
120.946 0.00094874
117.824 0.000922861
123.622 0.000961891
120.797 0.000977978
115.185 0.000958779
122.258 0.000454125
120.879 0.000991876
120.223 0.00105446
120.355 0.00103463
120.37 0.00105638
121.783 0.00100237
120.083 6.57183e-06
118.89 0.000986867
118.525 0.00105746
116.683 0.0010345
119.98 6.83241e-05
117.646 0.00103896
117.926 0.000992562
120.304 0.00108089
117.68 0.000911442
124.37 0.000998695
121.062 0.000922053
118.588 0.000996081
118.975 0.00100784
122.722 0.000890268
119.142 0.000957914
117.064 0.00106638
117.615 0.00104451
119.508 0.000961561
119.27 0.00107429
115.985 0.00114102
119.073 0.000908257
119.201 0.000968133
120.907 0.00085787
118.664 0.000617825
116.055 0.000993319
117.983 0.000737288
122.213 0.000763101
117.583 0.00105253
123.546 0.000978012
121.163 0.000968528
118.545 0.000951434
119.528 0.000932111
116.325 0.000976624
116.55 0.000455247
117.513 6.85811e-05
117.521 0.000993543
123.476 0.000952543
117.453 0.000920379
117.529 0.00101058
115.058 0.00104479
115.393 0.00100278
118.41 0.00097795
121.943 0.000956531
121.4 2.42685e-06
122.173 0.000951432
122.914 0.00101814
121.936 0.000781901
116.367 0.0010774
121.322 0.00107679
120.998 0.000996203
116.714 0.00079504
118.624 0.000954951
120.556 0.00108981
119.083 0.000993852
118.359 0.00107238
117.569 0.00109785
119.255 0.000957432
121.725 0.00101885
117.122 0.000996637
116.194 0.00075134
120.406 0.000950683
123.77 0.000970036
118.898 0.000985691
120.338 0.000948165
118.307 0.000280539
123.976 0.000969346
116.693 0.00105373
116.768 0.00096016
115.865 0.000946048
121.274 0.000943775
118.108 0.000979346
116.223 0.000946656
119.583 0.00104645
118.209 0.000972063
122.062 0.000975578
123.565 0.00098355
116.548 0.000866841
117.941 0.00102329
122.166 0.000977142
119.605 0.000205618
119.857 0.000989513
115.682 0.00104531
118.377 0.000944233
119.328 0.000947902
123.402 0.000799809
127.659 0.000978372
117.217 0.000945444
115.95 0.00104396
124.174 0.00109486
120.003 0.000937511
117.425 0.00104898
120.901 0.00101426
119.008 0.00099005
119.541 0.00111517
119.362 0.00100183
118.32 0.000921243
118.156 0.00102104
117.913 0.00096657
119.065 0.000991599
118.601 0.00102595
117.463 0.000979702
119.426 0.000959818
119.249 0.000917119
117.948 0.000957543
115.374 0.000999778
121.463 0.00100661
117.235 0.000964328
115.88 0.000283133
121.776 0.000982628
119.798 4.73795e-05
120.356 0.00104523
121.136 0.000943346
119.874 4.63398e-05
118.565 0.00107014
120.81 0.000975814
118.361 0.00101858
115.064 0.000642352
120.645 0.00088219
119.155 0.00104511
120.031 0.000947402
124.874 0.000913573
115.357 0.00109682
115.813 0.000946917
118.556 0.000650805
116.586 0.000945613
123.292 0.0010079
120.758 0.00107306
119.916 0.000973717
116.321 0.000755594
120.778 0.00102584
119.468 0.000205552
124.722 0.00101444
120.633 0.000964907
116.156 0.000798878
119.321 0.00108687
119.173 0.0010579
118.952 0.000851908
118.021 0.000987798
116.317 0.000761798
120.441 0.000958534
120.469 0.000955396
120.005 0.000949934
119.603 2.88245e-05
117.152 0.00104232
118.113 0.00102546
119.492 0.000929125
115.553 0.00088433
120.653 0.000906363
123.65 0.000975735
117.824 0.000273104
117.446 0.000880457
119.212 0.00111582
118.659 0.000362602
118.961 0.000876408
118.705 0.00109775
115.596 0.000992309
118.306 0.000967259
117.032 0.000966984
122.283 0.00102222
120.055 0.000938486
119.78 0.000994305
120.874 0.000969132
116.77 0.000880011
121.023 0.000982403
116.235 0.000988078
120.987 1.11405e-05
118.141 0.00105886
117.621 0.000283799
117.638 0.00104505
122.481 0.000988067
116.766 0.000954234
121.011 0.000908446
119.783 0.00096377
120.698 0.000204385
115.965 0.000831181
122.212 0.000946337
121.056 0.000550375
121.577 0.00108633
120.524 0.00108072
118.684 0.00100617
116.557 0.00112077
123.275 0.00106523
119.264 0.000940762
119.006 0.000736001
126.609 0.000977296
119.354 0.000887037
117.952 0.00109257
116.298 0.00097349
115.427 0.00106509
116.784 0.000934482
115.087 0.000838616
118.834 0.00100508
120.288 0.0010709
117.223 0.000958868
123.759 0.000996588
118.976 0.000989048
120.639 0.000923869
118.542 0.00100931
118.705 0.000960395
127.369 0.000940494
124.375 0.000903027
120.274 0.000215054
122.743 0.00091188
126.311 0.000892862
115.249 0.0010198
119.886 0.0010906
122.181 0.000931299
122.267 0.000995217
120.754 0.00102463
121.848 0.000843858
119.731 0.00093673
119.727 0.000947115
119.051 0.000968031
120.065 0.000902216
120.344 0.000960293
117.496 0.00105841
119.724 0.000910045
124.005 0.00100226
120.159 0.00108963
120.602 0.000958909
123.056 0.00100458
120.783 0.000999476
118.955 0.000989159
117.917 0.000366787
120.171 0.000946404
119.047 0.000204568
117.67 0.000987971
116.791 0.000836652
118.48 0.000990541
121.028 0.000963951
116.886 7.17429e-05
121.104 0.000989325
116.326 0.000979231
121.261 0.00107821
117.879 0.000959557
121.906 0.000917567
123.137 0.000150842
119.492 0.000937037
120.929 0.000952738
117.402 0.000975457
118.336 0.000824631
117.686 0.000594248
115.664 0.00108484
118.952 0.000911791
118.556 0.000968111
119.327 0.000941564
123.411 0.001012
117.466 0.00108883
118.517 0.000832879
121.686 0.000949301
121.436 0.00102634
120.397 0.000995316
120.762 0.00036584
119.009 0.000949194
123.567 0.000944827
119.841 0.000903606
125.469 0.000973742
120.063 0.000965046
122.325 0.00109431
120.774 0.000944274
121.532 0.000958789
118.308 0.00104337
121.636 0.000959913
119.568 0.000997468
117.088 0.000943889
121.748 0.000927456
117.105 0.00107208
118.348 0.000939652
115.768 0.000936128
120.419 0.00100698
117.695 0.000959262
117.684 0.00099651
123.145 0.000965162
121.575 0.00104746
123.128 0.00100354
116.925 0.000990937
121.201 0.00103318
121.657 0.000927311
119.231 0.000981238
120.594 0.000994965
120.407 0.000206633
119.528 0.00103014
116.795 0.000954074
117.375 0.00093604
121.283 0.000966794
119.476 0.000990557
119.972 0.000948984
119.705 0.000967592
120.347 0.0010287
118.106 0.00108146
116.839 0.000944944
117.46 0.00096305
122.406 0.000948629
118.529 0.000992761
120.467 0.000953179
119.715 0.00095405
118.378 0.000916606
118.415 0.00109366
122.594 0.00108684
116.294 0.000452993
120.394 0.000948823
123.722 0.000557107
117.172 0.00107038
123.04 0.000201515
118.774 0.00100593
121.252 0.00102745
120.971 0.00105201
115.81 0.000879025
115.746 0.000970395
121.461 0.000960413
121.83 0.00089658
119.11 0.00107411
119.9 0.00104668
120.04 0.00108486
119.861 0.000930419
119.611 0.000979439
119.445 0.00100693
118.124 0.000928931
120.981 0.000985975
118.216 0.00095784
119.819 0.000934689
119.17 0.000941347
121.965 0.00108587
119.774 0.000949295
121.156 0.0010274
115.069 0.000103308
120.064 0.00096383
119.261 0.00110078
117.2 0.000946552
118.093 0.000978258
117.246 0.000952202
119.26 0.000889884
120.905 0.000940279
120.085 0.000959624
124.645 0.000644515
122.654 0.00103524
117.271 0.00112773
122.023 0.00081629
120.109 0.000990361
122.969 0.000918021
115.078 0.000997112
119.734 0.000968141
120.206 0.00108454
118.529 0.000990903
119.767 0.000976144
120.385 0.000918773
121.384 0.000948968
116.553 0.000982311
118.103 0.000966253
119 0.000934585
116.303 0.000956402
121.424 0.00102697
120.074 0.000881848
117.585 0.00114003
121.075 0.000862192
120.136 0.00108024
120.356 0.000147785
121.361 0.000957281
120.229 0.00100067
119.798 0.000981667
116.723 0.000970462
117.359 0.000956748
122.344 0.000984298
121.191 0.00103815
121.947 0.000942624
117.963 0.00100906
118.252 0.000995434
121.303 0.000205834
120.2 0.00107976
122.912 0.000926581
123.457 0.00102885
120.1 0.00112122
118.78 0.000977555
116.562 0.000949067
121.063 0.00096095
116.008 0.000919541
116.693 0.000965643
119.418 0.0010671
122.999 0.000950416
116.72 0.0011108
119.011 0.000948331
120.803 0.00103109
120.845 0.000983542
116.48 0.00103743
116.784 0.000993673
120.195 0.00107748
117.891 0.000845116
122.403 0.0010888
120.931 0.00107513
118.939 0.000977172
117.407 0.00101327
120.399 0.00020577
117.731 0.00104449
115.892 1.18528e-05
125.247 0.000966173
121.529 0.00106303
118.417 0.000958505
118.638 0.000958855
122.774 0.000967927
117.108 0.000978652
118.361 0.000960629
119.243 0.000975271
117.669 0.00092583
119.404 0.000874953
117.266 0.000871205
121.321 0.00108905
117.432 0.000960046
115.633 0.000938475
120.44 0.00111752
116.582 0.00109931
122.99 0.000763175
117.808 0.000990605
120.051 0.000552655
118.949 0.000959184
122.598 0.000923337
116.642 0.000963913
119.35 0.000452546
117.672 0.000944159
124.113 0.000952603
121.841 0.000950437
124.423 0.000980014
117.51 0.0010298
122.129 0.0010079
115.158 0.000960773
117.531 0.000962985
123.007 0.000647179
117.392 0.000948988
118.758 0.0010129
120.014 0.000915872
118.482 0.000969632
119.309 0.000737729
117.835 0.00110057
120.172 0.000939147
118.956 0.000952236
119.872 0.000277804
115.121 0.000890741
120.611 0.00100875
119.202 0.000963358
117.388 0.000958394
123.43 0.000907258
115.784 0.00056338
116.486 0.000368843
120.732 0.000981951
118.202 0.000955716
117.421 0.000944766
121.984 0.000994115
117.484 0.00104824
120.542 0.00109212
116.378 0.000979538
117.685 0.000945976
120.244 0.00108087
118.07 0.00112005
119.305 0.00105918
120.468 0.00109519
118.148 0.000958916
123.236 0.00089263
119.704 0.000871883
123.104 0.00108998
116.664 0.000879529
122.982 0.000937227
115.259 0.000936978
120.554 0.00081117
120.339 0.000956022
117.555 0.00101409
116.068 0.000954607
120.055 0.00109991
119.619 0.000982301
120.155 0.0010786
120.389 2.86295e-05
116.187 0.00102266
117.603 0.000907927
120.045 9.7287e-05
119.073 0.001023
118.062 0.00100256
120.438 0.000983637
119.558 0.000923903
121.483 0.00096593
118.061 0.00104124
118.928 0.000845544
119.964 0.000945219
118.849 0.00102383
119.955 0.000943889
120.045 0.00109095
117.038 0.000942814
121.436 0.000977362
117.35 0.000977309
119.28 0.00102299
118.291 0.00109071
120.673 0.00107676
121.482 0.00107435
122.297 0.000972179
116.1 0.000915499
118.597 0.000975998
121.485 0.00106192
121.249 0.000947491
117.489 0.000988954
117.852 0.000897065
115.041 0.000985844
118.463 0.000874557
121.966 0.000908162
121.25 0.00100331
115.4 0.000898235
120.075 0.0010116
120.831 0.000983379
119.347 0.000998913
120.64 0.00101778
120.608 0.000946406
115.775 0.00100349
117.902 0.00106723
119.621 0.000996238
119.904 0.000948027
120.918 0.00101113
117.801 0.000992379
118.671 0.000141683
120.772 0.000838198
117.717 0.00095572
120.794 0.000971561
117.665 4.55253e-06
116.529 0.000953605
120.081 0.000964556
118.003 0.00106159
119.484 0.000823212
116.466 0.000954569
116.622 0.00103557
118.569 0.0008948
119.862 6.71952e-05
121.684 0.000946263
116.376 0.00110236
117.584 0.00101713
120.645 0.000960287
120.499 0.0010156
120.685 0.000992411
119.013 0.00102094
116.568 0.000736548
118.359 0.000102015
119.867 0.000984915
119.452 0.00107892
118.674 0.00101736
117.758 0.000949671
121.39 0.000869857
120.315 0.000895545
116.783 0.00101501
121.833 0.000837482
118.794 0.00099104
121.088 0.00101073
119.123 0.00104484
116.351 0.000977749
121.44 6.67145e-06
119.397 0.000354528
115.279 0.00099243
119.386 0.000951651
115.311 0.0010159
116.551 0.000690232
121.811 0.000983669
121.333 0.00102347
116.409 0.00101713
117.647 0.00103476
119.715 0.000950899
119.09 0.000989209
118.726 0.000950253
122.428 0.00107091
129.217 0.00103216
117.321 0.000941903
121 0.00095063
117.482 0.000955838
117.18 0.00108582
117.838 0.00104918
120.404 0.00108474
120.377 0.000942307
120.86 0.000895843
116.778 0.00100126
121.287 0.001133
118.596 0.000949925
119.62 0.000939169
116.277 0.000952378
118.257 0.000994931
115.226 0.000983616
118.449 0.000949687
119.15 0.000951925
117.367 0.000953876
119.986 0.00110341
121.918 0.000931027
121.822 0.000926969
118.413 0.000773915
116.346 0.00100121
116.796 0.000952495
117.122 0.000944352
118.758 0.000900126
120.979 0.00110591
127.475 0.000919465
120.188 0.000968951
119.273 0.000994714
116.381 0.00109186
120.307 0.000955518
116.762 0.00100682
119.779 0.000950999
116.964 0.00089689
120.715 0.000953501
121.831 0.001093
117.999 0.000941571
119.711 0.0010091
120.611 0.0010274
119.89 0.00112128
120.791 0.000917625
124.011 0.000279217
119.887 0.00112475
119.102 0.00101006
120.938 0.00105922
121.167 0.000982699
121.002 0.000971604
117.525 0.00110727
121.697 0.0009521
118.944 0.00101882
116.55 0.00103662
119.734 0.000965467
120.277 0.000931449
116.52 0.000460024
121.212 0.000993669
116.334 0.000984743
118.49 0.000990458
116.461 0.00106417
125.466 0.000988542
118.737 0.000928729
118.679 0.00107569
120.804 0.00108456
119.464 0.00102282
121.557 0.00108117
115.372 0.00113479
117.617 0.000876705
116.75 0.00101504
118.761 0.000965781
121.342 0.000948863
115.631 0.0010256
120.338 0.000739708
118.852 0.000958689
120.482 0.000957798
116.339 0.000890583
119 0.00105222
119.176 0.000980891
119.838 0.000999501
122.693 0.000894197
119.551 0.000977823
119.229 0.000987068
117.63 0.00096048
120.719 0.000992317
122.374 0.00111652
121.653 0.00102755
117.871 0.00108552
118.857 0.000968953
118.397 0.00100051
120.626 0.00106255
117.155 0.00101266
119.486 0.00109677
117.201 0.000995853
117.312 0.00109933
120.402 0.000948791
121.995 0.00098978
120.42 0.00098716
115.95 0.00101421
115.605 0.000985366
119.984 0.000966838
118.028 0.00112219
120.513 0.000991297
115.986 2.97052e-05
120.616 0.000919923
121.861 0.000927884
117.592 0.000960107
121.54 0.000919753
118.591 0.000968731
117.818 0.00104053
122.018 0.000663609
120.364 0.000205627
115.191 0.000997315
117.141 0.00106701
117.67 0.000983216
121.701 0.0011045
121.205 0.00107786
119.604 0.00105272
118.845 0.00110513
119.885 0.000976221
116.743 0.00108109
120.537 0.00098135
118.492 0.000946549
116.031 0.000629921
119.297 0.000956028
115.625 0.00105491
115.655 0.0008762
116.443 0.00102337
119.857 0.00100551
120.135 0.00103161
120.539 0.00101013
118.544 0.00108198
121.851 0.00109332
116.089 0.00100381
117.08 0.00108195
118.421 0.000957513
118.296 0.000922712
120.235 0.000993736
121.407 0.00108143
121.245 0.00100469
120.541 0.000958753
118.608 0.00101958
121.335 0.000994049
117.624 0.000966544
118.703 0.000958081
120.78 0.000974807
121.47 0.000950651
116.293 0.000994878
121.15 0.000982277
116.946 0.000589391
118.149 0.00102039
115.602 0.000890602
118.45 0.000959047
120.027 0.000990081
121.182 0.000754003
121.102 0.00108531
118.529 0.00107073
123.296 0.00089797
118.38 0.000904476
118.591 0.000978971
119.214 0.00110126
119.201 0.000941823
115.362 0.000640931
117.591 0.000953289
119.283 0.000975055
122.254 0.00105011
126.403 0.000972358
118.671 0.000989967
119.852 0.00020389
124.904 0.000103692
122.128 0.000955739
119.668 0.000898547
116.988 0.00093831
116.932 0.000928119
121.377 0.000928452
121.394 0.000942816
117.575 0.000910198
120.903 0.00106123
116.798 0.000893285
120.111 0.00100693
120.277 0.0010086
118.785 0.000984264
126.379 0.000890267
119.124 0.000977622
119.22 0.00108623
118.217 0.000938906
125.092 0.000636664
119.426 2.89364e-05
120.023 0.000960909
116.401 0.000804871
119.905 0.00100964
119.681 0.00106226
116.901 0.000917759
116.187 0.00099585
117.661 0.000375712
121.206 0.000983557
117.566 0.000955148
121.61 0.000983113
119.509 0.00105093
121.495 0.000986589
120.248 0.000962055
118.755 0.000992874
115.664 0.000945909
118.455 0.00102816
115.911 0.000839876
119.92 0.000994598
120.535 0.000982274
120.741 0.000988578
117.129 0.000621081
119.575 0.000974089
120.14 0.000973246
120.277 0.00093141
117.069 0.00096535
116.848 0.0010255
120.036 0.000954357
120.361 0.00107892
122.94 0.00095971
117.712 0.000999102
123.997 0.00101718
116.546 0.00108085
120.353 0.000963685
117.472 0.000982526
116.103 0.00095341
125.074 0.000961241
119.215 0.000940369
118.805 0.000935918
118.116 0.00102687
116.867 0.00103663
116.193 0.00100164
119.846 0.000952746
120.44 0.000986719
119.991 0.000967555
119.861 0.000976197
116.199 0.000882525
120.74 0.00105731
119.04 0.00096897
127.901 0.00109475
118.899 0.000951408
117.689 0.00101912
118.953 0.00100471
119.675 0.000958919
117.841 0.000938678
118.171 0.000550481
120.31 0.000983085
119.39 0.00105852
122.231 0.00105521
121.136 0.000984716
123.951 0.000993634
117.477 0.000990441
119.576 0.000975495
117.39 0.00105809
118.116 0.00106381
120.145 0.00099254
120.02 0.000946815
120.158 0.00109471
119.22 0.00045468
118.747 0.000822037
120.21 0.00063949
122.323 0.000886717
120.256 0.0010074
119.606 0.000940991
122.526 0.00110936
122.028 0.000938098
120.529 0.0010807
118.397 0.000993928
117.756 0.000142048
120.991 0.00108564
115.296 0.000882186
115.636 0.000992524
119.804 0.00100381
124.39 0.000955857
116.705 0.00108017
119.564 0.00108308
119.696 0.000281181
119.112 0.000861815
118.782 0.000943067
120.791 0.000996085
118.395 0.000955945
119.933 0.00108069
116.271 0.000946793
116.767 0.00120289
118.808 0.000944487
115.071 0.00101524
118.29 0.0010559
116.718 0.00101084
116.806 0.00109395
120.306 0.000984457
118.754 0.000992013
116.276 0.000947491
117.639 0.000873994
118.438 2.73845e-05
115.877 0.000915417
120.909 0.000844917
120.665 0.00100374
116.517 0.00108326
118.373 0.000982535
118.231 0.000968809
120.042 0.000940184
118.417 0.000848697
118.102 0.00111713
118.388 0.00101391
127.223 0.000948936
126.726 0.00090487
119.997 0.00106667
121.095 0.000946826
119.805 0.000743062
118.557 0.000298026
120.42 0.000751997
124.729 0.000666623
119.755 0.00104786
119.763 0.0011045
116.875 0.000959733
119.542 0.000955926
120.904 0.00095803
122.109 0.000865364
117.254 0.00100218
118.925 0.000935213
116.168 0.00099742
124.917 0.000991637
118.57 0.00105825
120.593 0.000985935
117.906 0.00109882
119.145 0.00107592
125.082 0.0010277
121.116 0.000975267
116.299 0.000967579
119.415 0.000937008
121.013 0.000904523
122.583 0.000916773
120.065 0.000934526
120.522 0.000968054
123.94 0.00108009
116.307 0.00104187
119.161 0.00109816
119.457 0.000952746
117.314 0.000998913
116.508 0.000996902
120.487 0.000872394
116.571 0.000890064
118.623 0.00100112
119.784 6.88353e-06
119.776 0.000992208
117.577 0.000965679
117.676 0.000947407
118.795 0.000948984
116.449 0.00110337
117.357 0.00104317
119.719 0.000799937
119.606 0.00094719
119.083 0.000733997
120.895 0.000961676
115.714 0.00095523
118.589 0.00103531
117.028 0.00099664
117.34 0.00105647
121.022 0.00105439
118.172 0.000982152
119.264 0.00103378
119.661 0.000941639
126.452 0.000964192
121.65 0.00104432
120.189 0.00107616
122.352 0.00104039
118.222 0.0011049
119.066 0.000947089
118.554 0.00109045
118.4 0.000964279
119.71 0.00107984
118.638 0.000987781
120.903 0.00108703
120.795 0.00107188
115.448 0.00074236
120.053 0.000980017
120.257 0.00094797
115.226 0.000260521
118.702 0.00116942
116.985 0.00107433
120.17 0.000146754
118.255 0.00107531
119.866 0.00103552
119.103 0.000951526
118.324 0.00108735
116.322 0.00100789
125.866 0.000723819
119.859 0.00106577
117.072 0.000951952
118.053 0.000988314
117.714 0.00107989
121.588 0.00110081
120.169 0.000948146
118.098 0.000963966
119.587 0.00108066
116.683 0.000957513
118.438 0.00106502
119.345 0.000955847
115.871 0.000989987
115.93 0.000998894
121.817 0.000950611
117.163 0.000976344
117.569 0.00105838
118.127 0.000979995
122.133 0.00100498
117.67 0.00109645
119.998 0.000952787
119.308 0.000932314
120.397 0.000289965
120.543 0.000959278
119.24 0.000878787
121.482 0.00108902
115.23 0.000750637
125.395 0.000271702
118.861 0.000751555
121.054 0.000888049
119.885 0.000911155
117.844 0.000994888
120.61 0.000964963
120.791 0.00102755
119.111 0.00108323
118.788 0.000953766
121.054 0.000940739
119.307 0.000950983
118.626 0.000945007
116.067 0.000938316
118.66 0.000456642
125.521 0.00093189
120.514 0.000962446
119.925 0.000934081
118.61 0.000920824
117.663 0.000967113
120.21 0.00102096
116.631 0.000951633
115.256 0.0010934
115.19 0.00109418
119.885 0.00099654
123.736 0.000608954
119.73 0.00105588
118.223 0.00100238
118.322 0.00094642
117.822 0.00096023
119.914 0.00103398
124.51 0.000920517
120.419 0.000974467
120 0.000989628
120.876 0.00102085
124.675 0.000957347
119.655 0.00106215
118.137 0.00101069
124.93 0.00089112
116.551 0.00110427
119.961 0.000962423
115.734 0.00105842
122.911 0.000952183
117.912 0.000936212
121.185 6.98167e-05
120.287 0.000942296
115.827 0.000941771
117.81 0.00101181
116.966 0.000963453
119.422 0.00100018
118.11 0.00109109
116.129 0.000920612
120.484 0.000948697
121.545 0.000976302
123.085 0.000868495
119.639 0.000878951
121.178 0.000954102
123.68 0.000962238
120.553 0.000953179
119.454 0.000268691
119.115 0.000976299
119.453 0.00101468
117.801 0.000999798
115.638 0.000936079
119.032 0.00099105
121.696 0.00112768
121.162 0.000941488
118.029 0.000944009
119.349 0.00101981
118.67 0.000973376
117.787 0.000895982
123.885 0.00103707
119.778 0.000979842
119.867 0.00101149
119.238 0.00106593
117.446 0.000909415
119.203 0.00110116
120.642 0.00109986
116.055 0.00105696
123.066 0.000915865
117.102 0.00027176
117.689 0.000997544
121.98 0.00109146
118.21 0.00106946
122.737 0.000969027
123.529 0.000981997
119.666 0.00112953
116.672 0.00105189
117.023 0.000856618
120.472 0.000976243
119.54 0.000980521
118.754 0.000975706
122.811 0.000968461
118.575 0.00097415
