125.839 0.000235527
130.036 0.000250476
117.725 0.000231363
128.162 0.000247006
128.73 0.000235811
131.044 0.000237724
126.084 0.000265991
128.983 0.000267279
127.051 0.000239888
129.666 0.000254738
125.825 0.000251966
129.571 0.000235106
131.768 0.000241679
127.68 0.000241986
127.094 0.000264885
130.796 0.000249899
129.483 0.000230597
127.019 0.000254117
127.205 2.5359e-05
127.61 0.000267569
130.403 0.000230802
129.787 0.000267002
128.12 0.000239246
129.159 0.000266043
123.529 0.000267108
130.614 0.000246121
129.417 0.000233401
131 0.000248681
127.607 0.000231326
128.205 7.13818e-06
127.435 0.000239691
132.496 0.00017496
128.315 0.00023789
129.21 0.000219414
128.856 0.000266345
130.133 0.000203446
129.235 0.0002498
129.783 0.000250448
116.076 0.0002427
128.013 0.00016891
130.159 0.000239385
128.609 0.000242634
128.745 0.000253748
130.252 0.000232642
131.566 0.000232056
135.378 0.000252171
128.55 0.000238374
129.607 0.000236065
127.03 0.000239503
129.639 0.000216481
127.723 0.000233682
127.551 0.000237624
130.035 0.000232936
120.219 0.000261505
129.661 0.000261206
129.667 0.000240428
128.202 0.000253537
126.802 0.000241097
130.765 0.000243716
127.819 0.000230347
129.596 0.000263026
129.771 0.000239817
132.195 0.000228768
125.044 0.000227848
130.735 0.000231429
131.757 0.000240613
126.067 0.00022853
129.291 0.000234585
128.867 0.000237768
129.491 0.000235958
130.586 0.000244545
129.698 0.000240234
130.234 0.000267008
123.861 0.000250519
127.365 0.000231491
130.114 0.000238342
131.192 0.000238922
127.741 0.000250301
130.988 0.000233499
130.38 0.000245783
130.728 0.000266641
131.725 0.000260443
126.715 0.000269176
129.153 0.000242032
122.697 0.000237514
131.653 0.000232682
130.634 0.000243525
125.656 0.000265807
128.412 0.000238405
132.718 0.000239788
129.159 0.000229515
128.131 0.000234811
129.067 0.000266638
117.927 0.000254433
133.909 0.000233783
122.578 0.000234128
125.559 0.000240165
127.273 0.000242524
124.547 0.000231319
126.159 0.000258678
127.895 0.000240639
128.773 0.000266806
128.745 0.000196866
129.816 0.000236719
132.718 0.000236244
129.431 0.000157435
129.686 0.000269736
130.089 0.000239271
119.448 8.60391e-05
125.034 0.00013558
129.318 0.000230773
129.586 0.000231394
129.878 0.000239703
130.854 0.000238716
129.403 0.000181194
129.592 0.000264383
127.157 0.000233567
122.278 0.000232698
126.842 0.000233187
130.13 3.63445e-05
132.379 0.000245075
127.272 0.000231941
128.04 2.58786e-05
125.915 0.000257186
129.562 0.000269708
129.115 2.53153e-05
119.135 0.000267282
131.25 0.000136501
128.574 0.000262889
129.172 0.000235887
127.523 0.000270763
129.691 0.000248857
132.337 0.000241356
127.526 0.000208879
121.657 0.00020335
131.959 0.000230881
130.441 0.000233621
128.141 0.000231171
127.568 0.000221383
126.729 0.000246474
127.839 0.000232094
129.091 0.000263519
130.145 0.000234567
130.784 0.000266118
131.415 0.000232704
128.622 0.000265229
129.311 0.000234393
127.732 0.000221407
125.809 0.000255959
123.23 0.000271489
129.364 6.86602e-05
130.026 0.000148324
129.628 0.000257563
127.768 0.0002519
124.501 0.000111895
130.161 0.000243956
130.486 9.14134e-05
130.421 0.000248825
132.696 4.85345e-05
130.262 0.000240152
132.366 0.000249705
127.201 0.000242751
128.26 0.000237515
129.499 8.98991e-05
130.766 0.000267339
130.596 0.000202953
127.491 0.000231835
128.922 0.000271146
131.182 0.000238572
129.218 0.000236386
131.638 0.000273015
128.945 0.000257628
128.9 0.000232631
133.348 0.00023282
128.16 0.000240133
128.979 0.000234357
131.039 0.000234744
127.614 0.000238124
129.519 0.000214222
130.375 0.00024212
128.904 0.000265261
133.703 0.000243581
118.583 0.000236034
127.933 0.000221717
129.388 6.60574e-06
125.874 0.000261013
131.551 0.000236424
125.161 0.000233025
115.884 0.000268377
129.782 0.000243724
126.611 0.000243375
126.535 0.000240276
126.029 0.000265876
119.587 0.000216444
131.013 0.000272779
128.806 1.7117e-05
130.896 0.000242721
124.668 0.000230198
129.968 0.000223613
122 0.000236164
128.873 0.000232246
132.292 0.000233375
126.395 0.000251115
130.819 0.000240497
120.06 0.00024104
128.79 0.000233279
129.306 4.49149e-06
130.656 0.000245012
131.598 0.000238203
132.885 0.000261195
131.792 0.000265112
125.181 0.000234289
120.15 0.00024223
126.942 0.000236974
128.188 0.000242235
132.127 0.000236896
132.079 0.000269127
127.684 0.000234552
124.637 0.000234894
129.15 0.000242731
123.111 0.000269633
126.04 0.000190446
127.59 0.000242748
128.167 0.000254044
128.486 0.000238309
127.785 0.000252114
122.413 0.000223634
119.557 0.00023489
129.627 0.000264711
130.027 0.000239386
128.98 0.000231707
118.922 9.82651e-07
127.691 2.7278e-06
126.902 0.00023668
130.034 0.000185273
136.314 5.08975e-05
132.387 0.000251147
131.767 0.000233924
130.458 0.000232563
127.871 0.00026862
130.976 0.00015872
131.439 0.000233557
130.406 0.000235366
129 0.00023579
124.833 0.000267307
128.391 0.000265002
126.757 0.000234933
125.283 0.000249723
123.388 0.000238219
132.064 0.000231671
135.037 0.000244457
129.884 0.000242536
120.117 0.000230943
128.811 0.000246147
129.805 0.000234531
129.153 0.000236115
126.746 0.00023741
123.092 0.000273739
126.586 0.000238852
127.661 0.000160131
137.626 0.000135633
126.995 0.000226558
127.479 0.000227193
129.367 0.000215481
128.339 0.00023546
127.027 6.9105e-05
132.073 0.000237098
133.069 0.000235406
130.068 0.000240083
125.693 0.00025233
131.05 2.55188e-05
129.868 0.000260302
131.299 0.000241137
131.167 2.55966e-05
116.083 0.000243083
131.591 0.000244541
127.691 0.00026693
128.655 0.000243656
130.285 0.00027334
129.442 0.000241143
122.95 0.000244387
130.971 0.000232476
128.148 0.000260877
128.286 0.000110326
127.501 0.000239543
129.743 0.000269092
133.974 0.000235101
128.923 0.00024726
130.434 0.000252136
126.337 1.73191e-05
126.559 0.000229112
128.603 0.000238168
131.825 0.000220915
121.187 0.000239001
127.566 0.00020255
130.523 0.000270687
130.355 0.000161543
129.803 0.000236561
128.821 0.000256153
129.022 -0.00022944
129.357 0.00025244
130.157 0.000218795
130.511 0.000263127
123.476 0.000258281
129.698 0.000226879
128.734 0.000244521
127.228 0.000223669
119.243 0.000242655
128.894 0.000237825
128.124 0.000241065
125.98 0.000235013
129.033 0.000240525
130.726 0.000251743
129.464 0.000235
126.824 8.95563e-05
128.216 0.000258434
130.598 0.000231899
132.189 9.07794e-05
126.443 0.000198469
129.672 0.000246556
128.848 0.000261729
127.102 0.000255266
130.341 0.000232207
127.18 0.000235621
125.874 0.000240722
129.475 0.000248506
127.492 0.000239268
129.355 0.000241777
131.863 0.000234497
136.555 0.00024154
129.77 0.000262103
129.165 0.000239942
130.766 0.000245157
128.104 0.000229824
130.03 1.12819e-05
130.952 0.000233082
130.974 0.000230125
130.625 0.000234687
128.957 0.000241007
126.672 1.12862e-05
140.075 0.000249427
120.502 0.000180837
127.337 0.000239497
129.964 0.000236428
128.183 0.000139051
128.056 0.000265504
131.48 0.000231536
128.888 0.000235434
130.245 0.000220274
129.683 0.000230544
132.197 0.000236195
132.163 0.000242219
132.363 0.000266025
126.924 0.00023377
129.001 0.000233802
129.394 0.000245069
115.135 0.00023429
132.714 1.14795e-05
129.258 9.11979e-05
128.596 0.000202198
130.668 0.000239934
129.927 7.14098e-06
121.824 0.000235517
128.222 0.00026883
128.39 0.000111565
130.293 0.000233964
129.112 0.000241333
130.677 0.000266729
127.923 0.000254373
124.464 0.000111652
128 0.000258916
132.757 0.000245353
128.256 0.000235908
123.936 0.00027414
129.31 0.000265573
129.099 0.000241643
132.703 0.000217065
126.299 0.000232274
130.17 0.00026883
130.642 2.73485e-06
129.707 0.000231378
127.121 0.000269214
133.826 0.000231727
128.559 0.00023262
129.309 0.000244431
118.805 0.000239375
117.258 0.000263577
132.002 0.000260404
127.644 0.00025121
131.708 0.000243502
129.827 0.000236854
126.567 0.000159842
129.232 0.00026927
130.134 0.000268233
