134.94 0.00011603
127.715 0.000333458
126.907 0.000282872
131.119 0.000308312
129.203 4.66624e-05
129.927 0.000297365
125.254 8.85631e-05
130.614 0.000294982
128.608 0.000315066
127.588 0.000114774
131.836 0.000334966
132.38 0.000294683
129.58 0.00029409
123.864 0.000296924
126.368 0.000302065
125.492 0.000307989
134.582 0.000326627
129.847 0.000115236
128.41 0.000324607
134.054 0.000311482
130.123 0.000315125
146.625 0.000145342
128.996 0.000297254
130.478 0.000306469
128.68 0.000144781
129.867 0.00030943
127.023 0.000300007
136.844 0.000341088
117.876 0.000309774
148.205 0.000193515
122.394 0.000311444
128.817 0.000311613
130.958 0.000298549
132.179 0.000312936
129.196 8.92175e-05
132.128 0.000334043
132.234 0.000299988
133.318 0.000301576
125.82 0.00030692
131.063 -0.000301173
126.922 0.000294031
130.856 0.000296183
136.758 0.000296915
131.103 0.000296499
131.384 0.000291732
121.517 0.000343578
129.681 0.000314765
130.13 0.00029548
127.084 0.000302325
127.384 0.000288751
129.93 0.000299875
129.761 4.43855e-07
128.868 0.000298957
129.607 0.000314514
144.129 0.000336194
127.466 0.00032754
125.072 0.000261116
127.385 6.52631e-05
131.846 0.000296118
132.702 0.000164656
120.691 0.000307178
129.462 0.000343137
129.276 6.40716e-05
128.92 0.00030546
128.863 0.000174419
124.412 0.000303815
129.465 0.000321279
127.382 0.000307056
120.688 0.000314518
128.415 0.000295087
129.19 0.000294354
124.231 0.00029971
128.007 0.000295615
122.182 0.000309905
129.641 0.000312274
128.727 0.000298625
165.874 0.000297015
128.667 0.000342969
130.809 0.000305069
149.628 0.000300551
128.899 0.000301573
131.468 0.000300096
163.743 0.000318907
130.06 0.000302874
132.054 0.000296566
131.511 0.000341612
136.066 0.00011601
129.367 0.00032273
131.006 0.000288459
133.353 0.000305121
130.667 6.48833e-05
148.603 0.000297221
130.314 0.000279823
128.596 0.000308106
127.714 0.000298259
130.679 0.000179243
130.851 0.000295799
152.184 4.7094e-05
130.739 0.000316399
128.764 0.000299631
123.017 0.000284706
122.375 0.000282517
129.085 0.000294077
139.081 0.00029793
134.617 0.000298933
133.008 0.000347692
131.735 0.000279252
128.255 0.000321478
129.104 0.000304418
127.58 0.000300048
130.274 0.000297165
128.09 0.000305709
150.735 0.000314907
133.377 -0.000330379
123.471 0.000273343
127.776 0.000338492
128.759 0.000275795
136.613 0.000310245
133.975 0.00033773
129.304 0.00031067
128.749 3.28402e-05
129.97 0.000310388
125.713 0.000298973
129.226 0.000345539
127.262 0.000305663
129.382 0.000326894
129.346 0.00034109
129.754 1.93494e-07
126.609 0.000295877
128.913 0.000273023
137.355 0.000303103
129.988 0.0003153
126.294 0.000303953
132.584 0.000300894
129.179 0.000341782
137.421 0.000299352
131.17 0.000299798
131.51 0.000308164
131.61 0.000303205
133.172 8.02767e-07
133.037 0.000304872
133.876 0.000296331
129.684 0.000349056
117.191 0.000357911
126.137 0.000310079
126.443 0.000268379
130.501 0.000321062
130.009 0.000309371
129.976 0.00032752
126.351 0.000344931
119.642 0.000321928
130.224 0.000277088
127.611 0.000296576
126.377 0.000314729
129.845 0.000313425
129.405 0.000286445
134.653 0.00033426
129.185 0.000313175
127.778 0.000317857
125.176 0.000310878
129.557 0.000278355
132.475 0.000290413
128.508 0.000297765
135.185 0.00032297
116.187 0.000288961
127.287 0.000300949
127.088 0.000301771
120.709 0.000303131
128.743 0.00034777
129.297 0.000307911
130.844 0.00031375
128.33 0.000338996
130.09 0.000300432
130.954 0.0002595
129.668 0.000323303
127.204 0.000319869
130.7 0.00030319
133.298 0.000306289
126.008 0.000339614
130.544 0.000297717
126.234 0.00031454
124.119 0.000346724
129.965 0.000303378
131.294 0.000309626
125.915 0.000306223
127.057 0.000310899
127.918 0.000308273
131.985 0.000306498
138.854 0.000306255
131.099 0.000315189
126.351 0.000301221
126.815 0.000309379
128.259 0.0003245
128.066 0.000314015
127.343 0.000316299
126.998 0.000339492
126.474 0.000321091
127.384 0.000346498
124.446 0.000302546
127.747 0.000342958
128.326 0.000336873
127.004 3.25118e-05
117.876 0.000307722
132.472 0.000327318
140.755 0.000326087
127.416 0.000302591
132.225 0.000308412
130.078 0.000332666
126.586 0.000291405
128.855 8.81868e-05
131.178 0.000348138
122.594 0.000345949
128.848 0.000296425
131.643 0.000323512
130.589 0.000298442
129.503 0.000340299
130.206 0.000323283
134.026 0.000287271
120.732 0.000319578
127.985 0.000300412
134.292 0.000306237
124.462 0.000324724
136.786 0.000304046
126.349 0.000345547
142.936 0.000307614
126.596 0.000303379
125.186 0.00032035
133.041 0.000304746
129.927 0.000201624
127.858 0.000324497
127.685 0.00031446
128.685 0.000296242
131.3 0.000303695
129.722 0.00033162
133.825 0.000296727
145.835 0.000339238
126.073 0.000310884
128.028 0.000295288
132.012 0.000336597
131.407 0.000310351
131.113 0.000342353
129.106 0.000317812
131.063 0.000327122
132.282 0.000324428
129.543 0.000300036
127.962 0.000309689
123.895 0.000347648
131.449 0.000312068
131.43 0.000304714
117.067 0.00030123
126.128 0.000311243
126.982 0.000308213
135.933 0.000316549
128.177 0.000330283
127.961 0.000292828
131.525 0.000282808
131.238 0.000306843
131.142 0.000242296
150.932 0.000339227
129.192 0.000358844
126.707 0.000302269
129.594 0.000301388
131.315 0.000282728
132.25 0.000312902
131.923 0.00029672
128.441 0.000301163
130.616 0.000307297
128.731 0.000308447
130.979 0.000310218
134.42 0.000203192
118.918 0.000314042
127.626 0.000305113
130.266 0.000350426
122.579 0.000299945
131.179 0.000286596
127.129 0.00030783
118.512 0.000235587
130.39 4.66071e-05
145.673 0.000343197
129.595 0.000303323
129.429 0.00029512
119.783 0.00030988
131.599 0.000333875
129.193 0.000309149
125.453 0.000310047
129.926 0.000303729
132.896 0.000320316
127.813 0.000298248
155.727 0.000298883
128.241 0.000300611
123.945 0.000304904
130.403 0.000377112
132.66 0.000314667
129.95 0.000354232
157.542 0.000301166
129.944 0.00029937
128.717 0.000306218
140.642 0.000306893
147.297 4.66844e-05
163.383 0.000326223
129.302 0.000232232
128.876 0.000313023
130.365 0.000294776
123.335 0.000304247
130.003 0.000314619
130.454 0.000298896
131.443 0.000304125
142.279 0.000352735
158.723 0.000301166
158.66 0.000301988
138.555 0.000306115
130.708 0.000310186
126.955 0.000321869
130.416 0.000344778
129.819 0.000317635
125.074 0.000303751
130.376 0.000337208
129.736 0.000344646
119.75 0.000303308
122.839 0.00029864
129.009 0.000112809
125.174 0.000319254
122.006 -0.000311762
131.387 0.000336778
130.718 0.000347718
135.193 0.00028169
128.667 0.000173514
127.006 0.000343342
129.045 0.000311757
163.894 0.00031039
119.567 0.000301347
125.986 0.000297222
126.684 0.00030757
129.73 0.000115408
127.988 0.000340723
130.215 0.00031079
127.139 0.000259495
129.042 0.00034562
124.525 2.71749e-07
130.533 0.000321668
129.114 0.000319931
131.933 0.000333219
135.876 0.000376014
132.591 0.000346297
130.589 0.000301221
115.154 0.000322645
