120.471 0.000153054
118.596 0.000149404
121.466 0.000166706
120.517 0.00014631
121.209 0.000149996
119.528 0.000100823
121.341 0.000150483
122.545 0.000165455
119.377 0.000154746
119 0.000158352
119.985 0.000150557
119.866 4.42217e-05
121.296 0.000147983
119.932 0.000169485
117.51 0.000147133
121.051 0.000160941
120.12 0.000147243
122.169 0.000155497
119.201 0.000150627
117.799 0.000172933
117.393 0.00014739
122.758 0.000159693
122.069 0.000159114
119.662 0.000136466
120.084 0.000152951
121.593 0.000170561
117.545 0.000159449
118.972 0.000131846
119.288 0.000139957
121.157 0.000154461
119.075 0.000144975
120.276 0.000169796
119.185 0.000172069
120.105 0.000156099
121.326 0.000147761
119.943 4.38357e-05
120.351 0.000149019
119.796 0.000152107
121.013 0.000148995
119.202 2.16853e-07
121.169 0.000158753
121.989 0.000127779
118.419 0.000156324
119.708 0.000151235
120.596 3.21626e-05
121.225 4.36955e-05
123.741 0.000154917
119.009 0.000160303
119.033 0.000144819
118.274 0.000143234
121.093 0.000138469
123.339 0.000151942
119.621 0.000140476
117.468 0.000152184
115.328 0.000117537
121.022 0.000159851
118.492 0.000158959
119.915 0.000166687
117.322 0.000154736
119.536 0.000148648
118.046 0.000167811
116.146 0.00015864
122.397 0.000148737
115.384 0.000144435
118.687 0.000149717
118.647 4.37281e-05
120.77 1.54011e-05
119.583 0.000130592
122.06 0.000152471
119.042 0.000170542
115.486 0.000153834
120.231 0.000149076
117.994 0.000155751
117.56 0.00013865
117.454 0.000151212
122.676 8.41555e-05
120.762 0.000156395
122.402 0.000147596
120.546 0.000158289
118.698 2.28649e-05
120.282 0.000153372
116.222 0.000156917
120.039 0.000148633
120.931 0.000167061
122.558 0.000138412
120.832 0.00015015
124.2 0.000144763
118.716 0.000109046
119.889 0.000141864
117.128 6.98198e-05
119.324 0.000147458
119.046 0.000147438
119.652 0.000152942
120.797 0.000149311
120.159 0.00015044
120.527 0.000151465
118.443 0.000149088
119.385 0.000148628
118.92 0.000148133
119.248 0.000148726
120.225 1.09254e-05
117.675 0.000155332
120.629 0.000144143
120.301 0.000162087
118.709 0.000126616
119.165 0.000170386
119.991 0.000160955
118.812 0.000148573
116.27 0.000130874
121.417 0.000151421
121.384 0.00014082
119.516 0.000170543
118.633 0.000150515
120.459 9.95581e-05
119.926 0.000149142
119.732 0.000147246
119.992 0.000149719
119.544 0.000146641
124.22 0.000146834
117.943 0.000150943
117.615 0.000168056
119.705 0.000136423
119.478 0.000133724
118.707 0.00015166
117.89 0.000162032
119.134 0.000148393
119.077 0.000153381
117.811 0.000141584
116.347 0.000125845
117.102 0.000152107
121.592 0.000171023
118.836 0.000148976
119.525 0.000149065
119.06 0.000154446
120.619 0.00015461
117.133 0.000151762
120.1 0.000161569
119.896 2.82945e-06
122.688 0.000147384
119.779 0.000156143
116.589 0.000166514
121.47 0.000145813
119.142 0.000157516
122.052 0.000117851
119.112 0.00014291
119.047 0.000138369
119.552 0.000148804
119.193 0.000152112
120.015 0.000169203
120.738 0.000152123
117.487 0.00015426
117.687 0.000149149
120.419 0.000160704
122.739 0.000110225
119.402 7.10621e-05
117.874 3.20453e-05
117.11 0.000141238
117.446 5.68291e-05
118.898 1.08991e-05
119.776 5.58621e-05
118.18 0.000167376
120.009 0.000160353
120.181 0.000153991
121.053 0.000126336
124.971 0.000142101
115.152 0.000153215
120.045 0.000148864
119.467 5.70624e-05
119.487 0.000167195
117.756 0.000157499
120.472 0.000153676
121.462 0.000166349
118.401 0.000154901
120.659 0.000157735
121.009 0.000156551
119.041 2.86385e-06
120.767 0.000168568
124.53 0.000156081
119.181 2.24095e-05
119.415 0.000150359
115.986 0.000149718
118.511 0.000167887
123.061 0.000159284
116.872 0.000169368
119.916 0.000132194
117.988 8.48343e-05
119.742 0.000163522
119.76 2.34606e-05
118.393 0.000155997
120.675 0.000150184
119.372 7.13228e-05
118.002 0.000143242
120.123 0.000167465
124.093 0.00012853
118.782 0.00017258
120.675 0.000148155
118.452 0.000144904
121.09 0.00014717
119.399 0.00014921
120.268 0.00010539
122.959 0.000156114
116.949 0.000144599
118.923 0.000165809
120.734 0.000125302
118.982 0.000151126
121.775 0.000148047
119.346 0.000148842
120.01 0.000152659
117.278 0.000168432
117.48 0.000150414
121.698 0.000169115
121.612 0.000155823
119.516 0.00016056
121.26 0.000167979
118.553 0.000147842
116.692 0.000147692
121.451 8.36138e-05
123.244 0.000150228
118.615 0.000149865
119.58 0.00015526
116.476 0.000155599
119.146 0.000153998
118.215 0.000149541
119.067 0.000156249
121.269 0.000101009
118.275 0.000151875
119.911 0.000170068
118.916 0.000115125
120.184 0.000149385
122.761 0.000149713
123.039 0.00014473
122.019 0.00015317
121.441 0.000160324
119.863 0.000161019
120.497 0.000159858
121.316 0.000157823
118.798 0.000149713
117.196 6.56414e-05
119.594 0.000153024
121.757 0.00015783
123.882 0.000132807
125.033 1.03741e-07
119.499 0.000154485
119.383 0.000149121
118.288 0.000172068
119.768 0.000156305
116.509 0.000155042
117.425 0.00015248
120.958 0.000167471
122.471 0.00016103
120.254 0.000153095
119.113 0.000147879
121.658 0.000145159
120.599 0.000148257
121.184 0.000169549
120.8 0.000155117
120.174 0.000154225
121.348 0.000155501
119.513 0.000157272
118.253 0.000166274
118.379 0.00014914
119.239 0.000149055
121.054 0.000160896
116.833 0.000152424
119.976 0.000148085
119.752 0.000151879
120.34 0.000154301
119.128 0.000166362
119.151 0.000151728
118.67 0.000168393
119.744 0.000147138
119.792 0.000154498
120.338 0.000150489
121.883 0.000147114
119.681 0.000154039
123.581 0.000157298
118.85 0.000168317
118.903 0.000147333
122.807 0.000156715
158.973 0.000142552
117.494 0.000147706
122.645 0.00012775
122.148 0.000170373
119.923 0.000161734
119.436 0.000117513
116.745 0.000155164
120.005 0.000150511
118.517 0.00010085
117.448 0
118.16 0.000162394
118.183 0.000139499
121.521 3.6911e-07
120.717 0.000175574
120.785 0.000139489
116.515 0.000149641
122.236 0.000150431
119.698 0.000153593
121.784 0.000142301
116.891 0.000159187
119.629 0.000147242
119.321 0.000139177
121.29 0.000159834
119.493 0.000172368
121.058 0.000171561
120.111 0.000155336
118.8 0.000150578
122.047 0.000154893
122.416 0.000154089
119.637 0.000149646
121.662 0.000145682
117.647 0.000149459
118.824 0.000146582
121.433 8.51217e-05
119.794 0.000159759
119.103 0.000158517
119.595 0.000150884
118.105 0.000152194
119.148 0.000155145
120.425 0.000124121
121.112 0.000153658
120.032 0.000100479
120.544 0.000160738
119.941 0.000170601
119.726 3.20515e-05
123.395 0.000161885
120.704 0.000145465
121.54 0.00014375
118.09 8.68792e-05
118.44 0.000153801
122.212 0.000101161
118.169 0.000169572
119.849 0.000153527
120.628 0.000153974
119.754 0.000153332
121.831 0.000142226
126.698 7.92549e-05
124.264 0.000136179
118.763 0.000152391
119.777 0.00016704
120.089 0.000149873
119.364 0.000164983
121.348 0.000135145
120.029 5.85287e-05
120.301 0.000155798
116.041 0.000135762
117.677 0.000138847
119.632 0.000133457
119.343 0.000154065
120.605 0.00015176
118.756 0.000113014
119.61 0.000168252
118.078 0.000145002
122.166 2.29162e-05
118.011 1.12379e-06
120.635 0.000155811
115.58 0.000149868
120.492 0.000174631
120.893 0.000156072
118.776 0.000156828
121.001 0.000159684
119.251 0.000169232
117.351 7.12051e-05
119.397 0.00015517
119.261 0.000159487
119.632 0.000151761
122.213 0.000167166
121.342 2.83421e-06
115.298 0.000168581
119.823 0.000161467
118.793 0.000170906
120.532 0.000169015
116.5 0.000151416
120.101 0.000103479
119.844 0.000158002
120.522 0.00015088
121.953 0.000156868
118.34 0.00015474
120.245 0.000169098
118.677 0.000145665
119.101 0.000154363
120.142 0.000152547
121.2 0.000155842
119.329 0.000154929
120.063 0.000161347
124.213 0.000148677
122.581 0.000168071
117.047 0.00014254
120.573 0.000163601
119.6 0.00015407
119.925 4.32362e-05
118.363 0.000152872
116.55 0.000155654
118.231 0.000163353
120.554 0.000168868
118.344 0.000114522
120.988 0.000149761
118.77 0.000166375
118.76 0.000143023
120.107 0.000164477
122.227 0.000149671
120.57 0.000148932
118.595 0.000167963
115.643 0.00015271
115.616 0.000167793
119.109 0.000158607
120.304 0.000171253
118.998 0.000160542
119.725 0.000167302
119.954 0.000137709
120.531 0.000155741
119.8 0.00015182
119.223 0.000157041
119.805 0.000155178
117.809 0.000152119
120.894 0.000152827
119.634 0.000168378
120.279 0.000171845
120.737 0.000132854
122.527 0.000129086
119.391 0.00015254
118.817 0.00014864
122.137 0.000149342
119.406 0.000150564
117.918 0.000177913
118.8 0.00015595
118.552 8.83146e-05
120.922 0.000153765
117.993 0.000165203
121.039 0.000145654
120.514 0.00016878
117.99 0.000164082
119.902 9.91861e-05
121.656 0.000140883
118.517 0.000169992
120.731 0.000146963
117.036 0.000150354
119.322 0.000148376
118.384 0.000155971
121.55 0.000147327
118.314 0.000166726
118.066 0.000115208
119.224 1.09535e-05
120.753 0.000161011
119.108 0.000166458
120.486 0.000165965
118.856 0.000166026
118.044 0.000148758
119.189 0.000149846
120.937 0.00015091
119.295 0.00015767
119.162 0.000132231
117.148 0.000167293
120.174 0.000149718
115.889 0.000159896
117.759 0.000152998
118.916 0.000151461
120.348 0.000115735
120.466 0.000149442
120.585 0.000171428
121.811 0.000146788
119.692 2.40789e-05
120.813 0.000140742
116.846 0.000177715
120.223 0.000163657
119.982 0.000155219
119.929 0.000160685
121.801 0.000162403
119.843 0.000150278
118.684 9.82311e-05
117.798 0.00015501
118.876 0.000155692
120.205 0.000149117
118.745 0.000155456
117.315 0.000160255
118.723 0.000148502
119.756 0.000151186
120.476 0.000114897
120.28 0.000156325
120.956 0.000158874
121.16 0.000157188
120.426 0.000148673
117.875 0.000150262
119.177 0.000157595
120.48 0.000139431
119.662 0.000149196
118.668 0.000156376
118.129 0.000150521
116.883 7.29237e-06
121.239 0.000159432
119.803 0.0001626
119.142 0.00015482
121.861 0.000152229
121.598 0.000150068
121.517 0.000172134
120.09 0.000154825
118.556 0.000140832
120.906 0.000165911
121.443 0.000170887
119.131 0.000152786
118.552 1.05195e-06
120.219 0.000166864
119.609 0.000148056
118.064 0.000153288
117.787 0.000148701
120.445 0.000155532
120.08 0.000149813
120.099 0.000155468
118.276 6.5565e-05
115.946 0.000148292
119.769 0.000165717
117.983 0.000159935
119.398 0.000149256
119.327 0.000147831
124.771 9.62531e-05
121.02 0.000155836
119.039 0.000156736
122.504 0.000142641
120.148 1.04862e-07
120.575 0.000155808
118.027 0.000148924
121.704 0.000149032
120.122 0.000148624
122.677 0.000143642
119.389 0.000147111
121.357 0.000170185
118.183 0.000162234
117.576 0.000148561
119.797 3.23864e-05
118.854 0.00015092
119.146 0.000154466
121.357 0.000147972
118.237 0.000154982
119.757 0.000172204
117.752 0.000138334
120.188 0.000140845
122.137 0.000147493
118.392 0.000152769
116.873 0.000150191
120.301 0.000149022
117.973 0.000145212
115.516 0.000166573
120.63 3.22105e-05
118.757 0.00015948
120.852 0.000152112
122.985 0.000151529
119.645 2.31811e-05
120.92 0.000152027
120.783 0.0001491
121.255 0.000172478
121.735 2.35487e-05
115.604 0.000156075
120.341 0.000155913
122.03 0.000169114
120.281 0.000149371
119.62 7.1122e-06
118.057 0.000160851
120.38 0.00015368
119.853 0.000155745
120.533 0.000125267
118.629 0.000141445
119.608 0.000149664
115.895 0.00014088
120.183 0.000145101
120.1 0.000140665
122.56 0.000155977
124.14 0.000151664
118.437 0.000152586
126.313 0.000159638
118.608 0.000153827
119.043 0.000169863
120.503 0.000118204
121.139 0.000148986
117.466 0.000168073
118.091 0.000147325
122.23 0.0001575
119.731 0.000148104
119.793 0.000148643
118.326 0.000151513
119.337 0.000147271
117.599 4.42189e-05
118.669 0.000150407
119.957 0.000134724
122.151 0.000142912
119.077 0.000155478
118.139 0.00014834
115.502 0.000150508
119.223 0.000141465
119.183 0.000151546
118.254 0.000150814
119.382 0.000145907
115.026 0.000146632
121.852 0.00015001
121.549 0.000155625
120.902 0.00015471
119.826 0.000147622
120.098 0.000155798
119.924 0.00013898
126.015 0.00014886
117.803 0.000148591
117.503 0.000164989
118.346 0.000143362
115.119 0.000167455
119.978 1.60866e-05
118.054 4.46365e-06
120.588 0.000150804
120.928 1.61518e-05
119.366 0.00016831
119.058 0.000166804
122 6.26275e-05
118.701 0.000155944
119.043 0.000148812
118.322 0.000150866
119.979 3.25565e-05
121.045 0.00016706
120.133 0.000146785
119.285 0.00016212
119.151 0.000151847
119.593 0.00014892
119.155 0.000169202
121.472 0.000147052
119.803 0.000127471
120.937 0.000158414
118.73 0.000147454
118.223 0.000148161
122.206 0.000157198
118.807 0.000149817
120.599 0.000146742
121.216 0.000139299
119.275 0.000168743
120.666 0.000147412
120.466 0.000149824
122.29 0.000146416
122.006 9.61315e-06
120.004 0.00014853
123.516 0.000151295
119.543 0.00015249
119.026 8.81287e-05
120.957 0.000158777
120.717 0.00015011
119.816 0.000146503
120.887 0.000145374
118.744 0.000150272
119.798 0.000153649
116.966 0.00016979
121.706 0.000131006
121.906 0.000157024
119.561 0.000149949
119.717 0.000167244
120.364 0.000152673
119.811 0.000152842
119.18 0.000140701
118.23 0.00017524
122.081 0.000144089
119.189 0.000170288
119.095 0.000145738
115.092 0.000154129
120.447 0.000152667
120.997 0.000167203
119.138 1.65965e-05
120.859 3.17122e-05
123.073 0.000142263
120.378 0.000166747
119.748 0.000167558
120.745 0.000165493
119.712 -0.00014904
115.958 0.000149381
121.568 0.000147528
124.51 1.07266e-05
118.345 0.000150896
119.393 0.000154533
122.01 0.000170545
121.382 0.000150185
117.939 0.000125829
120.218 0.000149823
119.893 0.000148686
119.996 0.000147478
119.889 0.000122558
118.068 0.000161624
120.135 0.000147943
117.589 0.000165184
119.411 0.000151877
120.85 0.000169851
122.427 3.11924e-05
119.226 0.000162641
118.702 0.000158652
123.868 0.000149499
119.82 0.000166142
117.878 0.000141845
118.641 0.000152852
121.373 7.09067e-05
120.787 0.000150595
120.483 0.000149465
119.371 0.000141803
123.494 3.25429e-05
122.496 3.3581e-05
118.413 0.000172185
120.049 0.000158178
119.718 0.000150124
121.321 0.000149864
121.171 0.000152676
121.684 0.000166971
118.977 0.000141306
119.635 0.000154893
121.085 0.000168388
125.729 0.000148928
119.425 0.000155526
120.892 0.000148406
121.256 0.000147636
118.943 0.000158335
120.354 0.000162608
118.432 0.000146274
120.753 0.000165571
120.076 0.000150091
117.226 0.000158874
124.296 0.000148236
121.144 0.000146317
119.322 0.000152832
118.462 0.000154292
118.91 0.000146966
120.14 0.000158603
118.466 0.000146774
118.499 0.000149421
120.089 0.000150355
118.766 0.000151343
117.678 0.000150006
118.239 0.000154355
120.119 0.000156011
153.242 0.000149931
122 0.000149694
121.623 0.000150816
119.533 0.000151
116.114 0.000167452
116.458 0.000151897
118.582 0.000162124
121.21 0.000154089
119.82 0.000156432
119.371 0.000114259
125.416 0.000137353
116.72 0.000160637
120.893 0.00017022
120.223 0.000148364
119.993 0.000142821
120.072 0.000148621
120.916 0.000167156
118.014 0.000150052
123.153 0.000148446
118.475 0.000154965
120.755 0.000149508
120.503 0.000150751
121.202 4.45466e-05
119.366 0.000150454
120.154 0.000152265
117.447 0.000161243
119.773 0.000157857
120.087 0.000165919
115.7 0.000177999
119.268 0.000159725
119.652 0.000156304
118.114 0.000156731
121.879 0.000154935
119.237 0.000148308
125.864 0.000151273
119.831 0.000141878
120.133 0.000147589
118.503 0.000148212
120.631 0.000165306
119.89 0.000159072
118.802 0.000136556
119.216 3.24705e-05
120.223 0.000153332
119.947 0.000172335
120.382 0.000151529
121.839 0.000150273
119.869 2.29587e-05
119.857 0.000151142
121.552 0.000154605
118.708 0.000151339
121.007 0.000166358
118.897 0.000163396
116.2 0.000147348
119.839 0.000168996
118.776 0.000155342
118.269 0.000148878
119.955 0.000169059
123.127 0.000172648
118.592 0.000161265
120.667 0.00014745
120.192 0.000148566
120.937 0.000155226
117.594 0.000169832
120.2 0.000155694
118.292 0.000127507
117.365 0.000157098
119.194 0.000146631
119.479 9.95291e-05
119.663 0.000147709
118.643 0.000156239
120.328 0.000163752
118.601 0.000174016
120.964 0.000148343
119.158 0.000160058
119.928 0.000153342
119.606 0.000149735
122.864 0.000148545
118.953 0.000149336
119.742 0.000152626
119.206 0.000150787
120.215 0.000149351
120.216 0.000150322
120.898 0.000146788
119.732 1.60639e-05
120.41 0.000153068
119.802 0.000125716
120.439 0.00011453
119.52 0.000140013
117.322 0.000149661
120.101 0.000153214
117.584 0.000172831
122.763 0.000158744
119.592 0.000168725
121.712 0.000166134
119.295 1.09119e-05
120.966 0.000148766
120.336 0.00014866
117.846 0.000160018
118.77 0.000127447
122.224 0.000139204
118.165 7.09878e-05
119.12 0.000173259
117.453 0.000142766
116.714 0.000153628
121.155 0.000141595
119.108 0.000162797
119.585 0.000147618
118.645 0.000144082
116.002 0.000150912
119.792 0.000168276
122.21 0.000146815
119.555 0.0001549
117.37 0.000151247
119.447 0.000152199
120.7 0.000136841
120.328 0.000153017
116.319 0.0001526
120.47 0.00014765
119.395 0.000159567
119.695 0.0001543
120.606 0.000165431
120.068 0.000143525
117.836 0.000149405
117.203 0.000152132
117.766 0.00015602
120.048 0.000153575
115.747 0.000138544
120.201 0.000151272
119.822 0.000141283
118.207 0.000153584
119.27 0.000148736
117.932 0.00014171
120.44 0.000148258
119.247 0.00015128
121.326 0.00014128
121.057 0.000147104
118.887 0.000146001
123.422 0.000162511
118.435 0.000148466
119.273 0.000157617
119.879 0.000158161
123.687 0.00014921
120.324 0.0001015
118.474 0.000138091
120.257 0.000153134
121.261 0.000150198
120.343 0.000157201
118.979 0.000140403
120.614 0.000174121
119.32 0.000161073
120.512 0.000170696
118.594 0.000154441
118.175 0.000153523
117.043 0.000132092
121.845 0.000168528
119.872 0.000148898
119.147 2.83951e-06
118.511 0.000129915
120.421 0.000171817
118.95 0.000161749
120.731 0.000145672
121.096 0.000149478
119.834 0.000149537
123.138 0.000163434
118.201 0.000153094
121.849 0.000149048
118.347 0.000134789
120.457 0.000149841
120.589 0.000167161
119.735 0.000174206
119.532 0.000114903
119.556 0.000157894
115.248 0.000139657
121.788 0.000154994
121.261 0.000147597
123.121 0.000150158
118.459 0.000157647
120.144 0.000151505
119.726 0.000145813
120.943 0.000155259
121.59 0.000147221
117.34 0.000157914
120.599 0.000150973
119.26 0.000149899
121.429 0.000150136
117.704 5.86178e-05
119.49 0.000148988
119.277 0.000149784
120.844 0.000168592
118.908 0.000133477
121.398 0.000147688
124.811 0.000107334
118.227 5.62454e-05
119.502 0.000168223
118.703 0.000168464
119.574 0.000155695
118.202 0.000155664
118.891 0.000159046
118.062 0.00014559
121.299 0.000148818
119.991 7.33281e-05
120.535 0.000147121
118.877 0.000100893
118.617 0.000148461
119.976 0.00015709
118.388 0.000169589
123.929 6.92695e-05
119.004 0.000150692
122.803 0.000172498
117.998 0.000143222
119.827 0.000157905
119.617 0.00015165
119.292 0.000148944
124.355 0.000166291
122.104 9.58126e-08
120.456 0.000147523
119.718 0.000149207
118.05 0.000153224
120.477 2.37657e-05
120.937 0.000149757
121.888 5.68537e-05
120.469 0.000146291
119.019 0.000137295
116.762 0.000148893
120.094 0.000169668
117.741 0.000168765
120.613 0.000150228
118.83 0.000138153
120.53 0.000151378
121.072 0.000167935
119.02 0.000156768
117.628 3.21088e-05
118.012 4.00084e-05
115.675 0.000146271
120.916 0.000150136
120.263 0.000154031
119.637 0.000148839
121.76 0.000140066
119.315 0.000139403
119.668 0.00015105
119.568 0.000150144
121.091 0.000141249
121.244 0.000147485
119.01 0.000152834
120.583 0.000152427
119.966 0.00014867
120.811 0.000139108
116.128 1.45468e-07
120.423 0.000138633
117.88 0.000145395
119.87 0.000168509
121.515 0.000144062
118.019 0.00013217
119.195 0.000171149
120.468 7.19551e-06
121.633 0.000155754
122.119 0.000161877
119.406 0.000168451
119.741 0.000155294
119.501 1.09592e-05
115.551 -0.000145652
120.353 0.000165112
119.701 7.03165e-05
122.343 0.000163004
120.779 0.000149158
120.424 0.000161398
122.498 0.000145496
120.123 0.000172241
115.555 0.000157976
122.545 0.000105684
123.11 0.000150574
119.358 0.00010451
116.147 0.000150123
119.371 0.000149132
119.615 6.21859e-07
118.552 4.54205e-05
119.698 0.000146689
119.23 0.000157387
118.235 0.000150504
120.036 0.000154983
122.954 9.52496e-05
120.693 3.15825e-05
119.529 8.6502e-05
120.528 0.000145678
123.822 0.000147785
116.542 0.000163574
121.228 0.000152709
120.476 0.000167241
119.966 0.000129409
119.318 0.000170813
119.966 0.00015277
118.91 0.000151882
120.573 0.000147906
116.063 7.06316e-05
119.62 0.000159832
120.651 0.000107878
121.983 0.000164975
118.363 0.000152996
121.029 0.000151527
118.012 0.000167297
122.105 0.000168312
120.008 0.000167975
117.879 0.00013635
118.391 0.000148454
117.795 0.000154511
120.09 0.000100862
120.309 0.000150082
121.597 0.000173284
115.148 0.000150464
122.213 0.000172773
119.513 0.000148785
120.626 0.000165698
117.766 0.000104762
118.856 0.000149958
119.903 0.000140795
118.215 0.000150419
120.573 0.000148316
120.877 0.000149199
121.246 8.04293e-05
122.067 0.000156597
119.197 0.000146923
118.181 0.000155223
122.022 0.000167639
120.655 0.000158255
122.207 0.000156641
119.342 0.000143104
121.468 0.000146716
118.225 0.000164409
121.008 0.000171013
118.371 0.000164967
118.309 0.000150348
118.977 0.000166387
117.51 0.000176145
118.768 0.000158097
120.139 0.00013599
119.772 0.000116087
119.047 0.000160505
133.723 0.000148019
119.431 0.000153882
115.79 0.000155121
119.979 0.00016792
122.654 0.000164787
116.228 0.000161882
118.652 0.000149574
120.536 0.000171697
124.09 0.000143568
127.175 0.000162057
119.593 0.000101965
119.459 0.000170812
119.778 0.000151482
120.764 0.0001341
118.714 0.000146223
119.795 0.000153966
118.07 4.43057e-05
117.642 0.000153628
119.095 0.000156385
119.735 0.000151875
122.735 0.00016929
119.097 0.000126708
120.046 0.000166805
122.698 1.08541e-05
119.485 0.000154626
120.05 0.000157836
118.662 0.000169789
118.335 0.000156461
120.651 0.000162584
120.186 0.000148015
120.516 0.000146978
122.426 0.000128494
122.399 0.000148773
119.695 0.000156154
122.779 0.000168553
118.255 0.000140514
117.991 0.000149595
115.532 0.0001663
120.497 0.000154754
117.197 0.000169219
120.236 0.000149734
119.097 0.000154457
118.897 0.000154491
120.639 7.07888e-05
118.598 0.000152684
116.644 0.000152894
117.12 0.000162606
118.057 0.000155628
119.27 0.000151663
118.519 0.000146965
115.486 0.000169215
119.806 4.40298e-05
117.122 0.000139224
121.593 0.000147989
120.543 0.000149062
123.765 0.000161794
118.362 0.000150048
115.882 0.000171587
116.244 0.000127506
117.088 0.000154536
118.904 0.000154212
120.432 0.00015769
119.286 0.000151913
116.993 0.000105238
119.863 0.000165097
120.958 0.000150137
119.823 0.000161078
119.763 0.000153879
122.074 0.000152961
119.779 0.000139625
116.779 0.000160279
120.057 0.000160729
116.932 0.000147527
119.119 0.000115534
120.659 0.000156155
117.772 0.000162281
119.769 8.58019e-05
117.539 0.000147035
122.598 0.000143151
119.054 0.000148855
115.126 0.00017075
118.959 0.000162701
117.727 0.000171117
120.177 0.000150101
119.208 0.000152162
122.079 0.000143978
118.406 0.000145874
121.4 0.000142496
121.466 0.000145968
116.544 0.000162591
122.18 0.000167995
115.961 0.000153321
119.653 0.000153848
118.398 0.000150326
120.617 0.000150483
119.712 0.000168174
116.731 0.00014764
118.386 0.00012951
120.346 0.000145366
122.878 0.000168155
119.229 0.000149648
116.191 0.000151083
118.297 0.000148476
120.841 0.000177136
119.321 0.00015107
120.904 0.000159576
117.292 0.000149392
119.628 0.000149698
120.318 0.000171974
120.682 0.000151761
120.467 0.000159022
119.108 0.000149658
117.385 0.000150269
121.705 0.000169532
119.912 0.000143346
119.766 0.000161542
121.547 0.000156955
119.017 0.000148108
120.009 0.000150089
118.238 0.00015033
117.809 0.000148522
121.22 0.000153645
117.098 0.000163592
118.912 0.000138418
118.476 0.000144655
121.276 0.000150735
120.777 0.000152451
119.543 0.000158614
119.643 0.000148385
120.345 0.000149356
122.126 0.000171438
120.948 0.000135365
118.662 0.000161451
120.619 0.000147887
124.238 0.000146515
117.314 0.000151793
117.008 0.000173466
116.393 0.000167718
118.529 0.000139666
119.262 1.09878e-05
120.692 0.000155071
115.024 0.000154177
121.868 0.000152653
120.728 0.000169826
119.956 0.000140845
120.678 5.74238e-05
119.368 0.000153131
124.347 0.000152827
117.705 0.000168807
119.291 0.000159399
118.51 0.000168018
121.975 0.000148166
118.054 4.47468e-06
115.609 0.000159094
121.815 0.000169655
118.434 0.000154493
119.348 0.000147965
117.956 0.000132627
115.59 0.00015228
121.188 0.000129304
120.995 0.000156003
118.662 0.000150693
118.24 0.000167813
119.354 0.000115222
118.772 0.000149497
119.842 0.000161258
119.332 0.000156187
119.098 0.000151994
120.438 0.000156137
120.951 0.000158298
122.314 0.000172298
123.097 0.000154096
119.294 0.000152629
125.959 0.000166154
121.084 0.00014423
123.282 0.000100391
118.034 0.000160038
118.811 0.000166467
118.498 0.000150305
120.424 0.000169937
120.433 0.000148005
119.028 0.00015519
118.023 0.000157367
121.554 0.000170916
119.529 0.000153627
117.682 0.000147514
117.287 0.000158287
125.799 0.000146941
118.283 2.69299e-06
117.747 0.000155257
120.138 0.00016807
119.269 0.000145443
119.231 0.000150967
122.284 0.000169289
120.487 0.000165351
120.322 3.21207e-05
119.863 0.000152894
119.835 0.000141815
119.468 0.000174364
119.518 0.000167204
119.669 0.000150972
120.059 0.000149096
120.323 0.000169373
121.208 0.000142527
119.903 0.000154541
119.072 0.000115304
122.624 1.11823e-05
119.544 7.0589e-05
124.557 0.000141599
120.4 0.000135872
118.146 0.000147015
120.25 0.000143301
123.145 0.000172691
119.487 0.000154654
120.622 0.000166758
121.582 0.000163911
120.063 0.000149052
120.081 0.000147661
119.957 0.000149186
120.092 0.000140492
119.53 0.000159708
120.518 0.000103014
119.149 0.000152762
117.412 1.7128e-06
118.86 0.000153939
120.929 0.000144624
121.272 0.000152149
120.79 9.48649e-08
122.507 0.000148151
123.382 0.000153242
118.396 0.000149092
115.56 0.000165571
117.496 0.000147392
118.9 0.000148605
119.953 0.000169454
124.366 0.000154712
122.192 0.000149858
119.835 0.000147449
120.837 0.000151315
125 0.000146382
119.599 0.00011923
119.148 0.000155149
116.829 0.000164545
120.078 0.000173908
121.815 0.000154903
116.1 0.000148403
119.537 0.000145954
119.474 0.000150239
122.986 0.000149135
117.9 0.000171133
115.939 0.000148883
121.848 0.000148317
118.91 0.000148577
118.032 0.000148361
118.054 0.000152148
120.559 0.000163885
118.51 0.000137464
119.186 0.000169728
122.098 0.000118378
116.033 0.000153238
120.98 0.000151022
122.496 0.000142262
119.929 0.000149042
119.298 0.000165483
119.255 0.0001551
119.762 0.000169414
120.515 3.70973e-07
122.034 0.000149091
119.37 7.20981e-05
116.729 0.000155894
118.6 1.61862e-05
123.184 0.000159663
119.147 1.73326e-06
118.087 0.000154388
120.06 0.000160091
119.609 0.000151188
120.646 0.000148268
119.694 0.000142335
120.64 0.000116358
118.54 0.00015327
122.366 0.000148125
118.597 0.000149679
118.712 0.000148173
118.834 0.000148821
119.724 0.000149543
120.497 0.000149429
119.355 3.3036e-05
117.439 0.000137733
117.123 0.000161924
117.132 0.000153701
122.981 5.73347e-05
120.896 0.000155888
121.048 0.000148732
122.151 0.000153939
118.837 0.000153393
118.35 4.32444e-05
122.292 0.000175935
120.016 0.000159997
120.407 0.000148084
120.374 0.000163632
118.258 0.000149813
120.232 0.000163461
119.993 0.000154263
119.962 0.000124152
120.189 0.000168941
117.922 0.000141741
116.175 0.000171546
121.634 2.32654e-05
122.141 0.000151912
118.773 0.000154753
118.68 0.000148938
117.765 0.000149857
120.495 0.000154843
119.654 0.000159478
120.149 0.000172317
121.396 0.000154008
118.591 0.000148479
119.556 0.000168893
121.299 0.000143454
117.05 0.000156915
117.451 0.000149231
119.731 0.000164802
121.077 3.26095e-05
119.932 0.000153802
122.486 0.000148445
119.957 0.000141683
121.104 0.000156186
120.921 0.000150241
118.849 0.000149537
121.178 0.000171398
121.341 0.000129215
121.179 0.000132544
118.923 0.000153965
119.11 0.000163926
122.334 0.000148217
117.555 0.000150011
120.171 1.63224e-05
121.782 0.000154011
119.064 0.000139971
120.011 0.000151244
118.48 0.000164
119.457 0.000149306
119.782 0.000172819
120.12 0.000159991
118.677 0.000156842
120.027 0.000168142
118.127 0.000139262
119.877 0.000146984
116.75 0.000142742
118.157 0.000165827
120.07 0.000150584
119.06 0.000171333
118.095 0.000159558
119.65 0.000153991
120.977 0.000171663
120.945 0.000154268
120.553 0.00014737
118.961 0.000151482
120.084 0.00014722
119.712 0.000116264
120.77 0.000147627
120.182 0.000157317
117.619 8.5418e-05
120.331 0.000152776
120.401 0.000172846
120.449 0.000155147
125.655 0.000169469
130.138 0.00014548
119.391 0.000148521
115.355 0.000156337
120.376 0.000127645
119.894 0.000173764
118.983 0.000153169
120.078 0.000160683
120.389 0.000157636
122.576 0.000140772
118.806 0.000163451
119.407 0.000143846
118.759 0.00015474
120.001 0.000158972
119.289 0.000147956
117.741 0.000152635
119.496 0.000140334
118.077 0.000145106
120.773 0.000171078
119.17 0.000148443
119.323 0.000153742
119.624 0.000161941
122.573 0.000102353
118.576 9.92498e-05
120.503 0.000101585
119.177 0.000151172
120.78 0.00017642
120.97 0.000148561
121.688 0.000149183
121.053 0.000146266
119.745 0.000153156
121.387 0.000153953
123.63 0.000137214
121.353 0.000157042
118.005 0.000167631
117.714 0.000164617
120.257 0.000169211
122.943 0.000151517
122.251 3.12416e-05
119.826 0.00015099
117.502 0.00015757
118.459 0.000150809
130.088 6.6703e-05
118.183 2.2956e-05
119.69 0.000149075
120.26 0.000136689
115.779 0.000150201
119.871 0.000166444
120.625 8.57747e-05
119.87 0.00015276
119.85 0.000164226
120.991 0.000147879
116.269 0.000161496
121.589 0.000150744
120.1 0.000148438
119.317 0.000139859
119.279 0.000148538
120.694 0.00015728
120.017 0.000171784
119.928 0.000154687
119.003 0.000153965
120.066 0.000169971
119.854 0.000154765
120.415 0.000159241
119.052 0.0001543
119.583 0.000148302
121.167 0.000152962
119.995 0.000150464
115.891 0.000144282
120.395 0.000156614
119.811 0.000114967
123.387 0.000149739
122.882 0.000163785
120.712 0.000155566
119.898 0.00014745
118.49 0.000169316
122.095 0.000141686
121.332 0.000137853
119.499 1.73278e-06
118.542 0.000104971
120.882 0.000144077
119.375 0.000160469
118.563 0.000129814
116.095 0.00014738
118.761 0.000145881
117.762 0.000144234
119.118 0.0001476
118.636 0.000163798
120.138 0.000149862
122.893 0.000148649
119.671 0.000158107
121.524 0.00015929
120.631 0.000148831
118.398 0.000143537
119.722 0.000145914
120.454 1.09279e-05
118.492 0.000168804
121.628 0.000152479
121.426 0.000136619
118.608 0.000147937
118.36 0.00015536
119.68 0.000171622
120.946 0.000152119
120.914 0.000154409
121.024 0.000163809
119.656 0.000143561
119.453 0.000163123
118.745 0.000157757
119.962 0.000161502
119.112 0.000170713
120.2 0.000169666
119.334 0.000129401
120.77 0.000138904
121.833 5.77596e-05
119.99 0.00015358
118.087 0.0001509
119.278 0.000150068
119.454 0.000170025
120.453 0.000149719
121.218 0.000151118
119.9 0.000158273
117.475 0.000156934
117.527 0.000148374
119.382 0.000151213
117.457 0.000137932
122.196 8.98915e-05
118.803 0.00015228
119.55 0.000153927
119.755 0.000156424
118.622 0.000142435
118.402 0.000160801
121.691 0.000168876
117.044 0.00014182
125.427 0.000113258
121.459 0.000167688
119.13 7.13289e-06
121.023 0.000150741
123.014 0.000160965
120.435 0.00017098
121.785 0.000157425
120.152 0.000169205
119.221 0.000102396
119.062 0.000165833
117.025 0.000147959
121.9 0.00014831
122.65 0.000141908
122.792 0.000147694
116.99 0.000151701
115.583 0.000135569
115.175 0.000151396
118.677 0.000149404
118.652 0.000156017
121.074 0.000150784
124.323 0.000166908
118.248 0.000159915
119.518 0.000146534
116.717 0.000146155
116.889 0.000167243
122.802 0.000153664
117.827 0.000148643
120.356 7.22102e-05
120.396 0.000158342
121.136 0.00016392
120.056 0.00015535
118.335 0.000153246
121.28 0.000151154
119.708 0.000170177
119.708 0.000164673
119.954 0.000148953
122.067 0.000153971
163.909 0.000159009
120.665 0.000164868
119.668 0.000148679
121.455 0.000137376
120.315 0.000147633
117.358 0.000127869
118.881 0.000157088
116.365 4.45977e-05
121.539 0.0001482
122.552 0.000148558
118.581 6.1931e-07
121.079 0.000152865
120.163 3.23438e-05
121.553 0.000172185
119.602 0.000146862
119.097 0.000146619
120.55 0.000166218
121.074 0.000172414
115.991 0.000172043
119.808 7.03825e-05
119.694 0.00015482
120.645 0.000168757
120.481 0.000149584
116.971 0.000143241
119.532 0.000135202
121.948 0.000170329
117.146 2.87672e-05
121.127 0.000150904
120.191 0.000170135
120.209 0.000168388
115.565 3.69399e-07
119.133 0.000169468
120.21 0.000161972
120.182 0.000169439
119.395 0.000160902
117.53 0.000151353
120.585 0.000153576
121.659 0.000142803
119.794 0.000155593
118.344 0.000170978
133.059 0.000140796
120.175 0.000152455
118.969 0.000154
123.362 0.000146717
122.32 0.000161829
119.032 0.000105131
120.162 0.000160915
119.664 0.000152948
119.926 0.000158565
118.214 0.000151366
119.882 0.000148881
116.242 0.000146702
123.606 0.000146377
121.664 0.000149904
120.138 0.000151541
117.138 0.000149397
121.346 0.000153293
119.657 0.000152951
120.661 0.000162653
119.041 0.000137681
118.476 0.000149269
117.744 0.000153532
122.183 0.000147797
118.715 0.000150164
117.099 0.000168997
119.615 0.000158554
117.934 0.000146449
118.701 0.00014585
119.43 0.000153441
118.989 0.000151186
117.535 0.000143099
121.458 0.000149334
119.221 0.000171616
118.987 0.000148529
118.621 0.000149794
124.58 0.000154293
118.909 0.000161454
119.862 0.000149762
122.692 1.09184e-05
119.579 0.000149839
119.652 0.000147902
119.893 7.28881e-06
122.541 0.000137859
120.824 0.000142695
121.035 0.000151797
117.831 0.000148788
118.069 0.000148847
121.359 0.000145885
119.15 0.000151657
120.647 0.00015045
121.524 0.000152593
121.634 0.000170015
125.512 0.00015078
118.76 0.00015254
119.195 0.000151534
116.971 0.000167893
118.083 0.000153451
118.183 0.000167938
118.997 0.000170672
120.231 0.000137662
116.854 0.000160601
119.048 0.000147803
118.942 0.000158757
118.864 0.000162602
126.882 0.000139169
118.686 0.00015479
118.622 0.000171513
122.654 0.000150174
120.264 0.000155101
117.791 0.000147212
118.956 0.000139012
120.751 0.00014794
120.985 0.000147322
118.666 0.000146377
120.766 0.000150828
120.882 0.000167492
116.583 0.000153784
118.108 0.000170309
119.66 0.000150062
118.477 0.000174182
120.493 0.000150625
121.764 0.000154762
121.708 0.000159233
121.237 0.00014943
119.291 0.000146237
119.368 0.000149415
117.154 0.000137524
119.716 0.000152594
119.812 0.00015674
118.557 0.000154401
116.707 0.000145121
119.363 0.000146979
117.654 0.000106142
117.735 0.000156603
120.387 0.000155751
120.037 0.000149568
120.353 0.000149606
119.222 0.000143446
119.794 0.000151114
118.663 0.000152108
119.547 0.00012912
118.847 0.000146934
120.001 0.000158156
118.67 0.000150361
121.583 0.000147553
117.897 0.000177274
119.551 0.000174259
119.67 0.000145541
118.107 0.000149933
119.419 0.000152205
119.286 0.000146903
118.312 0.000155652
119.602 0.000161725
119.836 0.000153864
115.605 0.000148742
119.659 0.000149418
120.792 0.00016883
121.03 0.000154332
120.703 0.000146621
121.01 5.70745e-05
120.327 0.000157231
117.662 0.00015351
117.766 0.000148491
122.72 0.000156462
118.989 0.000168316
117.986 0.000171042
119.819 5.82893e-05
121.674 0.000151381
119.376 7.09551e-05
117.689 0.000170521
119.423 0.000128521
119.926 0.000166809
121.287 0.00013031
118.724 0.000173099
118.562 0.000151678
118.7 0.000165398
121.219 0.000169181
118.512 0.000153663
120.364 0.000152949
117.745 0.000171648
120.256 0.000163522
118.298 0.000150168
120.298 0.000100541
116.684 0.000152822
121.628 0.00014899
119.256 0.000157091
120.913 0.000149602
118.509 0.000141489
120.541 7.00266e-05
121.646 0.000146728
119.389 1.595e-05
121.463 0.000149694
120.812 0.000156927
119.109 0.00015183
119.772 0.00014406
118.64 0.000160673
119.519 0.00014954
118.163 0.000165144
117.375 -0.000170825
121.632 0.000151232
119.496 0.000154704
119.323 0.00016527
119.508 0.000148391
120.873 5.69984e-05
120.632 0.000152546
116.05 0.000155081
120.721 0.000159732
119.812 0.000128761
119.79 0.000148222
119.819 0.000155612
120.279 7.08722e-05
119.946 0.000153152
119.381 1.62196e-05
120.178 0.000167696
119.03 4.52743e-06
122.784 0.000156599
121.308 0.000147618
120.135 0.000152591
120.601 0.000162155
117.453 0.0001485
117.51 0.000146442
119.122 0.000148921
119.665 0.000148504
119.243 0.000161878
119.769 0.000150336
118.973 0.000115062
120.81 0.000164752
119.7 0.000152856
120.83 0.000166285
120.061 1.04429e-06
118.785 0.000100319
118.396 4.62008e-06
119.486 0.000149947
122.584 0.000141384
119.259 0.000151608
119.481 0.000146753
116.757 0.000169993
119.215 0.000148356
119.218 0.000161188
118.508 0.000147699
121.502 0.000147364
119.56 0.000152351
118.681 0.0001531
120.341 0.00015411
119.882 0.000161359
120.034 0.000151948
115.095 0.000120084
118.499 0.000113375
117.696 0.000150203
119.334 0.000142169
116.159 0.000160116
120.294 0.000114384
125.58 0.00014569
121.076 0.000150997
120.445 0.000140114
119.77 0.000148294
120.098 0.000147069
119.294 0.000150289
119.759 0.000156486
121.364 0.000147887
121.134 0.000160129
121.257 0.000153669
120.043 0.000139048
119.882 0.0001699
118.992 0.000161363
119.978 0.000154004
119.436 0.000117748
120.5 0.00015408
125.906 0.00013388
120.111 2.31088e-05
117.278 0.000151166
119.123 0.000150726
121.504 0.000155513
122.809 0.000148041
121.946 0.000170633
121.442 0.000155889
119.44 7.21162e-05
118.642 0.000159541
118.137 0.000149337
119.124 0.000149691
124.906 0.000154799
116.294 0.000167996
115.467 0.000154678
119.819 0.000150129
119.537 6.78025e-05
121.354 0.000143095
121.065 0.000158091
120.83 0.000151982
118.883 0.000158755
117.232 0.000168066
121.285 0.000152543
121.757 0.000149036
123.184 0.000149154
121.556 0.000155456
120.11 0.000147944
117.488 0.00017483
120.552 0.000165604
119.122 0.000150364
118.568 0.000149166
120.932 0.000148563
120.786 1.08499e-05
119.842 4.42891e-05
120.271 0.000155011
120.284 0.00014591
119.472 0.000154287
120.797 0.000154752
117.18 0.000158721
124.336 0.000138608
119.716 0.000164998
121.224 0.000170667
119.757 0.000168431
119.331 0.000152185
115.453 0.000148226
120.511 0.000152828
117.249 0.000147392
119.849 0.000170136
120.977 0.000171124
118.029 0.000148953
117.358 0.000145005
118.236 0.000128219
121.152 1.63294e-05
115.478 0.000150112
117.693 0.00015529
122.517 0.000153598
118.399 0.000151168
119.915 0.000151374
119.307 0.000171303
121.337 0.000149773
118.439 0.000168541
122.101 0.000152048
120.509 0.000148006
120.433 3.17116e-05
118.234 0.00014945
118.922 0.000165516
120.567 0.000166183
122.182 0.000161395
122.324 0.000158459
118.038 0.000170208
117.712 0.000172766
119.227 0.000141015
122.07 0.00017176
119.259 0.000172317
120.518 0.000169127
119.644 0.000167611
118.058 0.000153515
124.264 0.000172294
119.064 0.000168395
120.545 0.00015098
115.711 0.000126284
116.924 0.000164606
118.995 0.000148112
120.076 0.000158915
119.726 0.000152426
120.786 0.000156263
120.335 0.000162275
116.573 0.000149255
119.696 0.000156314
115.009 0.000149378
120.017 0.000141028
120.141 0.000139489
120.427 0.000146448
117.874 0.000144109
120.571 0.000173692
119.858 4.29016e-05
118.141 0.000152641
119.66 0.00016765
120.481 0.000143492
115.972 0.00014599
117.618 0.000146602
119.408 0.000162628
117.294 0.000151036
118.402 0.0001514
121.935 0.000166969
118.552 0.000147109
119.121 0.000163962
118.875 0.000149916
121.226 0.000148948
120.74 2.31748e-05
119.368 0.000149085
115.473 0.000150428
117.911 0.000145331
121.695 0.000162023
118.485 0.000169171
119.704 0.000156059
120.353 0.000147659
120.492 0.000170866
120.752 0.000150109
121.478 0.000163693
116.158 1.58301e-05
118.149 0.000156022
121.764 0.000139697
120.413 0.000147452
120.292 0.000116605
120.963 0.000148767
115.634 0.000144674
118.429 0.000160327
121.013 0.00015226
119.655 0.000154888
119.578 0.000146984
122.909 0.00015214
119.424 0.000158181
119.679 0.000171564
119.131 0.00014547
119.709 0.000154149
118.865 0.000148852
118.002 7.1577e-05
120.357 0.000136885
121.039 0.000138776
119.701 0.000138683
120.766 0.000154478
117.857 0.000151535
120.591 0.00015514
116.428 0.000142938
119.908 0.000171885
120.553 0.000147717
121.274 0.000155678
115.705 0.000169515
117.842 0.00014826
121.263 0.000149631
119.583 0.000147962
120.143 0.000150937
119.626 8.65145e-05
119.878 0.000156537
120.911 0.000101884
117.558 0.000161325
117.825 0.000166169
123.265 0.000148711
120.848 0.000154023
121.553 0.000153339
118.63 0.000148033
115.527 0.000150736
121.244 0.000149427
119.144 0.000169311
119.721 0.000150499
120.246 0.000150133
117.758 0.000145553
119.394 2.33883e-05
121.091 0.000153082
117.886 0.000169238
119.781 0.000156644
121.707 0.000163114
120.511 0.000149199
119.53 0.000101883
120.311 0.000117277
120.964 0.000180005
120.211 0.000148531
121.597 0.000153372
119.801 0.000155238
121.146 0.000156262
118.881 0.000149935
120.176 0.000168703
117.557 0.000136691
121.528 0.000152964
117.128 0.000145775
117.811 0.000168098
118.854 0.000146756
119.62 7.12242e-05
123.814 0.000156997
119.047 0.000147243
118.822 0.000143112
120.146 0.00014264
120.677 7.15614e-05
120.409 0.000149812
121.839 0.000152327
117.481 0.000176491
118.984 0.000152221
120.288 0.000170261
120.404 0.000148604
120.841 0.000154584
121.474 0.000149369
122.135 0.000161835
118.837 8.6233e-05
121.459 0.00014918
118.449 0.000149211
120.597 0.000160331
116.38 0.000171992
115.418 6.7498e-05
120.126 0.000155123
120.779 0.000168987
121.284 0.000147195
120.125 0.000165566
120.341 0.000150483
119.341 0.00015293
121.354 0.000147268
121.93 0.000147611
120.209 0.000168427
117.169 0.000124479
117.757 0.000146412
119.869 0.000141903
116.753 2.33092e-05
122.248 0.000164894
120.525 0.000153492
119.883 0.000169398
118.67 0.000157213
119.414 0.000150296
120.169 1.61851e-05
118.604 0.000143365
119.189 0.000162704
119.839 0.000145155
118.469 0.000148022
122.156 0.000154685
117.521 0.000147438
120.008 0.000139516
121.074 0.000147384
118.434 0.000170503
118.115 0.000157334
119.621 0.000148159
120.362 0.000161569
120.435 0.000139689
118.053 0.000148411
121.246 0.000158956
120.67 0.000147911
