119.05 0.000290051
118.965 0.000250194
119.255 0.000268814
116.918 0.000257412
118.62 0.000289419
121.571 0.000256035
120.977 0.000283341
116.154 0.000249926
116.679 1.6844e-06
115.292 0.000252217
120.126 0.000252779
118.771 0.000261782
120.908 0.000247917
118.369 0.000251856
121.904 0.000247937
120.831 0.000286338
119.935 0.000277238
122.079 0.000276431
121.892 0.000251848
121.137 5.47294e-05
117.099 1.21835e-05
117.88 0.000265425
121.861 0.000252467
119.854 0.000270279
121.581 -0.000250001
119.306 0.000254719
120.14 0.000251697
122.745 0.000276836
116.268 0.000251504
118.34 0.000258544
120.089 -0.000239939
120.299 0.000251157
122.422 0.000278463
121.131 0.000253709
125.239 0.000345413
116.952 0.000261628
119.522 3.85346e-05
117.164 0.000288397
119.193 0.000252482
115.735 0.000289153
119.501 0.000283967
118.856 0.000250098
115.589 0.000256349
118.69 0.000236571
120.315 0.000286433
117.9 0.000242277
115.899 0.000275549
121.452 2.73157e-05
116.632 0.000254201
123.49 0.000247816
125.384 0.000259092
121.239 0.000257798
118.992 0.000248141
168.197 0.00024664
117.337 0.000242512
118.229 0.000281233
125.157 0.0001181
119.78 0.000281993
127.431 0.000119671
117.801 0.000248563
118.652 0.000237435
123.231 0.000294348
120.752 0.000294139
121.005 0.00017269
119.708 0.00025375
122.089 0.000253163
122.858 6.78161e-06
120.391 0.000253243
118.391 0.000253318
122.327 0.000124642
119.975 0.000249473
120.005 0.000255453
119.66 0.000259702
117.479 0.000257721
124.898 0.000262741
116.89 0.000288271
120.022 0.000262157
120.628 0.000258026
120.054 0.000251678
121.861 0.000169727
119.641 0.000282812
146.09 1.69638e-07
119.767 0.000254415
119.169 0.000243817
115.154 0.000253345
117.637 0.00021659
118.465 5.393e-05
118.867 0.000250385
156.984 0.000263137
129.278 0.000287874
122.079 0.000148863
121.572 0.00024917
120.429 0.000251132
117.235 0.000249757
117.877 0.000214552
118.872 0.000282126
121.443 0.000235296
120.258 0.00029275
119.371 0.000284926
118.966 0.000246694
119.405 0.00024886
119.033 0.000301713
120.147 0.000246653
116.34 0.0002617
120.396 0.000144067
119.349 0.000264804
119.106 0.000255443
121.453 0.000237854
120.961 0.000276648
120.276 0.000255081
121.134 0.000259233
118.356 0.00024743
117.862 0.000269538
121.31 0.000264073
116.118 0.000255687
115.753 0.000253638
118.003 0.000272306
119.846 0.000262444
124.364 4.92755e-06
168.794 0.000246909
116.459 0.000287642
122.674 0.000245128
119.008 0.000173191
120.296 0.000215581
119.513 0.000253073
117.771 0.000244561
117.331 0.000265633
115.668 0.000291614
122.025 0.000247482
120.726 0.000246492
117.892 0.000354062
119.905 0.000399917
120.065 0.000369708
119.662 0.00038264
119.096 0.000365634
120.315 0.000450888
122.19 0.000384056
117.216 0.000392194
118.779 0.000383633
150.481 0.000418182
119.665 0.000390712
115.871 0.000389311
122.109 0.000381841
137.044 0.000341236
118.384 0.00036556
119.429 0.000285917
118.869 0.000366137
117.582 0.000360955
121.115 0.000408749
121.777 0.000367437
120.497 0.00040872
118.34 0.000367519
118.981 7.82315e-05
120.362 0.000390435
117.673 0.000437777
120.333 0.000321298
119.055 -0.000213611
120.535 0.000385968
120.565 0.000393018
162.476 5.76932e-05
116.079 -1.15296e-05
115.511 0.000375809
118.726 0.000426491
118.585 0.000442082
119.173 0.000367661
119.287 0.000364706
115.975 0.000374047
118.823 0.000374613
122.127 0.000369722
121.711 0.000370128
120.237 0.000379348
118.154 0.000388501
124.242 0.0003715
118.044 0.000362135
118.742 0.000423362
118.266 0.000486081
121.623 0.000373262
120.533 0.000402265
119.273 0.000416186
118.672 0.000380267
120.061 0.00037483
119.411 0.000379126
122.129 0.000406049
120.162 0.000311221
116.969 0.000415496
116.291 0.000417873
124.869 0.000414958
117.767 0.000372272
118.337 0.000354318
124.307 0.0003694
117.701 0.000387311
122.282 0.00038433
120.04 0.000419442
122.76 0.000342876
123.997 0.000364147
119.893 0.000369159
120.862 0.000393907
118.549 0.00042091
119.243 0.000374209
116.892 0.000386858
120.02 0.000361232
115.268 7.05036e-06
121.073 0.000417639
122.826 0.000385137
118.311 0.000403082
121.303 5.64585e-05
117.393 -0.000178242
119.876 0.000376412
115.419 0.000373361
118.856 0.00037014
119.735 0.00039323
121.239 0.000365049
118.129 0.000337587
120.529 0.000369952
117.81 0.000401348
117.255 0.000380057
118.91 0.000359051
119.117 0.000398171
117.97 0.000370633
121.527 0.000390658
117.39 0.000391027
119.806 0.000366042
121.65 0.000385681
122.882 0.000380572
117.774 0.000377795
119.574 0.000384785
117.428 0.000399927
118.252 0.000407868
152.768 8.10684e-05
118.368 0.000406188
118.1 0.000364505
118.244 0.000358591
119.087 0.000367501
118.377 0.000396109
118.965 0.000366545
116.201 0.000379419
116.976 0.000371537
166.181 0.000368868
119.608 0.000380738
121.628 0.000352787
118.624 0.000174742
119.096 0.00037645
119.36 0.000365103
120.654 0.000382517
128.099 0.000422541
117.943 0.000372257
119.045 0.000368404
122.634 0.000366598
120.448 0.000387029
120.496 0.000341028
118.165 0.000147858
122.566 0.000376038
119.865 0.000373956
120.958 0.00039035
146.466 0.000237477
151.818 0.000401189
123.117 1.71206e-05
120.792 -0.000383452
118.252 0.000388712
119.248 0.000374376
120.045 0.000413555
118.948 0.000342771
119.475 0.000386233
121.471 0.000370685
119.622 0.0003661
118.375 0.000394748
121.649 -0.000369751
115.705 0.000418897
120.779 0.000383445
