130.65 0.000322993
133.965 0.000407287
141.822 0.000315042
130.889 0.000333192
131.549 0.000320399
126.855 0.000285653
167.288 0.000304621
130.353 0.000310868
135.776 0.000324577
131.116 0.000350375
127.656 0.000356981
133.214 0.00032976
129.416 0.000330867
124.276 7.66409e-07
130.636 0.000318645
128.674 2.21333e-05
129.912 9.24871e-05
126.62 0.000292622
129.288 0.000329474
125.256 0.000316161
131.036 0.000323206
128.267 0.000295523
127.21 0.000358023
128.423 0.000311934
124.224 0.000329688
122.324 0.000291146
123.506 0.000362038
130.717 0.000352565
131.236 0.000312291
131.995 0.000323163
131.086 0.000337597
131.92 0.000342832
133.855 0.000317131
129.865 0.000327484
127.918 0.000295952
129.097 0.000313035
129.64 0.000316851
125.848 0.000356533
118.792 0.000324675
128.774 0.000322499
132.252 0.000296233
130.906 0.000325905
126.933 0.000287857
123.262 0.000349379
132.097 0.000293892
130.767 0.000330569
128.141 0.000333357
128.26 0.000324538
128.142 0.000341042
122.28 0.00021066
131.791 0.000354355
129.102 0.000318717
129.126 0.000317257
125.062 0.000314534
130.139 0.00031515
119.223 0.000354659
126.513 0.000223693
131.266 0.000336525
130.222 0.000318148
124.985 0.000326441
128.443 0.000329005
133.516 0.00029722
129.66 0.000284928
130.695 0.000351969
123.877 0.000300055
130.136 0.000184057
127.86 0.000121346
116.397 0.000346668
131.288 0.00030624
128.572 0.000315555
129.283 0.000294856
156.443 0.000314597
129.664 0.000364176
129.74 0.000328145
127.297 0.000324611
125.797 0.000338118
127.753 0.000321119
130.129 0.00033103
129.431 0.000326549
131.134 0.000358242
124.886 4.99566e-05
129.113 0.000321536
129.441 0.000329517
131.777 0.00030891
132.68 0.000312673
129.602 0.000316897
132.255 0.000275561
128.22 0.000353997
130.593 0.000283238
123.985 0.000353044
127.908 0.000316294
125.165 0.000594824
128.557 0.000563724
116.495 0.000505012
128.71 0.000596732
129.171 0.000621435
121.69 0.000493205
127.328 0.000463882
131.799 0.000597775
129.493 0.000536552
131.29 2.1874e-06
130.217 0.000547612
131.718 0.000561287
131.029 0.000524731
133.867 0.000558226
129.714 0.000531525
123.356 0.000540838
129.118 0.000517603
128.401 0.000508688
128.838 0.00058275
128.626 -0.000572789
129.763 0.000541747
131.422 0.000524085
124.256 6.1568e-06
125.28 0.000518354
126.762 0.000488604
124.081 0.000563339
130.58 0.000561412
128.284 0.000519928
124.832 0.00051927
134.403 0.000477725
129.033 0.000562086
129.199 0.000550196
127.975 0.000528456
116.622 0.000589124
123.964 0.000517513
128.209 0.000251969
125.04 0.000583448
126.684 0.000482381
128.356 0.000349848
129.777 0.000502896
122.414 0.000251111
126.714 0.000568076
127.551 0.000556463
123.841 0.00051882
125.115 0.000155145
130.329 0.00052314
129.346 0.000512159
129.247 0.000604193
129.053 0.000529837
125.971 -0.000500589
135.385 0.000430301
130.06 0.000526596
143.824 0.000492315
129.326 0.000502741
128.809 0.00053909
132.185 0.000511113
131.633 0.000491667
130.002 0.000555388
117.882 0.000519798
126.242 0.000557391
121.577 0.000514541
128.297 0.00055542
132.912 0.000532984
129.496 0.00052968
130.938 3.61302e-06
130.522 0.000540838
127.007 0.000583581
123.014 0.000485485
130.329 0.000530711
130.247 0.000541644
130.974 0.000249895
119.953 0.000560796
125.575 0.000522757
122.395 0.000533336
131.137 0.000580502
122.208 0.000592042
130.084 0.000526429
122.092 0.000498593
130.539 0.000504499
