131.393 0.000335152
122.501 0.000279856
124.227 0.000185796
127.263 0.000324024
129.919 0.000329059
131.191 0.000314277
128.323 0.000341243
129.721 3.73761e-06
126.159 0.000336939
130.421 0.000322902
129.331 0.000323824
132.25 0.000322722
131.348 0.000337428
128.696 0.00037244
131.2 0.000330227
125.145 0.000316269
129.006 0.000349051
131.913 0.0003547
130.963 0.000376368
131.298 0.000353345
131.364 0.000337876
130.991 0.000325483
128.307 0.000353009
129.634 0.000327972
128.104 0.000322964
127.019 0.000332765
122.095 0.000378381
130.475 0.000351406
128.891 0.000338382
129.792 0.000324171
131.633 0.000293111
129.506 2.35471e-05
128.821 0.000329914
129.539 0.000325457
129.101 0.0003419
131.005 0.000330969
129.89 0.000166059
128.954 0.000189292
130.165 0.000532239
128.023 0.000608501
127.297 0.00058466
130.272 -0.000535684
128.707 0.000538063
130.415 -0.000535801
126.002 5.76403e-05
133.387 0.000574847
128.162 0.000631286
129.539 0.000462827
128.39 0.000526984
128.618 0.000556909
132.248 0.000555788
131.403 0.000565301
132.372 0.000613632
130.621 0.000538574
128.115 1.62868e-05
133.229 0.000619613
120.354 0.000538288
131.565 0.000629021
131.777 0.000555174
127.75 0.00053992
127.356 0.000559637
129.094 0.000508386
126.822 0.000159575
127.515 0.000568706
123.94 0.000535919
128.795 0.000556342
130.658 0.000533718
128.201 0.000533668
129.478 0.000537601
129.207 0.000559423
131.532 0.000557323
124.066 0.00059694
126.096 0.000567231
130.477 0.000533037
129.114 0.00036546
130.694 0.000557855
129.963 0.000592039
129.694 0.000530554
127.255 0.000558933
130.514 0.000550945
128.501 0.00056742
