125.446 0.000644757
125.017 0.00068719
125.078 0.000725529
123.827 0.00065423
125.281 0.00064965
123.972 0.000659168
127.092 0.00068367
123.307 0.000523695
124.731 0.000652963
125.893 0.000560813
124.836 0.000713985
124.321 0.000730824
125.006 0.000743704
115.821 0.000639758
123.492 0.000733984
123.672 0.000725328
125.846 0.000644996
123.521 0.000642938
124.977 0.000675643
124.624 0.000581727
125.284 0.000663916
124.685 0.000654719
123.125 0.000687186
125.924 0.000430087
124.185 0.000678448
125.253 0.000743885
128.876 0.000665709
122.066 0.000655836
124.195 0.00063873
126.049 0.000684408
124.268 0.000642371
127.143 0.000677721
124.263 0.000667322
123.932 0.000723386
124.167 0.000671348
124.657 0.000650398
125.593 0.000706571
115.651 0.000682661
123.973 0.000696525
119.645 0.000651541
124.792 0.000651279
118.828 0.00064159
127.894 0.000657071
125.435 0.000637862
125.092 0.000666169
123.394 0.000731908
125.032 0.000638664
124.147 0.00074333
125.788 3.13393e-05
124.361 0.000680403
125.198 0.000737024
123.734 0.000667543
125.377 0.000642993
118.767 0.000599284
123.251 0.000649393
124.907 0.000629907
124.548 0.000648241
125.741 0.000704962
123.486 0.000640318
125.377 0.000634317
124.307 0.000648262
123.865 0.000683118
125.343 0.000639837
124.235 0.000747307
124.001 0.000660815
117.097 0.000637895
124.521 0.000639264
123.859 1.93093e-05
126.002 0.000719473
124.505 0.000644078
124.985 0.000671002
122.18 0.000646664
124.665 0.000741558
125.729 0.000640772
122.573 0.000248321
122.586 0.000652765
125.298 0.000641545
123.865 0.000646663
122.149 0.000674887
121.263 0.00063752
123.333 0.000648124
125.072 0.000749952
126.715 0.000672856
126.388 0.000698352
123.939 0.000719547
122.436 1.95585e-05
116.566 0.000668248
128.701 0.000655945
125.985 0.000668464
123.204 0.000651906
123.844 0.000643215
130.013 0.000687602
124.908 0.000651128
125.014 0.00065333
118.003 0.000642135
120.605 0.000244021
116.128 0.000645665
124.108 0.000640276
124.195 0.000561848
124.059 0.000640809
124.78 0.000697697
124.365 0.000660875
125.3 0.000705652
123.444 0.000686274
124.399 0.000656632
124.639 0.00064331
124.9 0.000311826
124.024 0.000438425
124.973 0.000676544
124.796 0.000628696
123.664 0.000732255
126.65 0.000637037
124.879 0.000671487
124.625 0.000645034
123.461 0.000718289
123.75 0.000652711
123.856 0.000749271
122.417 0.000725759
124.303 0.000645355
124.174 0.000723262
124.22 0.000698026
125.36 0.000730344
123.638 0.000663837
123.851 0.000739543
123.479 0.000671011
124.436 0.000650326
124.186 0.000731281
125.801 0.000671541
123.72 0.000665771
125.221 0.000642962
125.341 0.000726499
123.756 0.000663031
124.998 0.00073351
125.222 0.000654444
123.66 0.000666168
125.485 0.000663378
124.456 0.000661239
125.533 0.000728091
125.673 0.000713057
127.197 0.000662902
125.133 2.69007e-06
124.255 0.000722368
124.105 0.000721548
121.959 0.000503978
125.449 0.000667432
123.342 0.000671892
124.889 0.00064163
124.49 0.000729867
123.218 0.000665942
124.563 0.000679314
123.877 0.000654069
123.113 0.000640536
125.204 0.000643903
123.983 0.000447707
124.562 0.000441185
124.351 0.000729532
124.004 0.000666627
123.025 0.000649936
127.144 0.000644139
124.914 0.000661226
124.518 0.000500227
126.057 0.000501986
121.808 0.000435037
124.663 0.000660817
124.463 0.000674914
124.285 0.000621238
124.972 0.000663456
123.099 0.000547516
122.408 0.000546527
124.358 0.000630156
125.427 0.000631721
124.212 0.000549178
123.654 0.000245902
124.339 0.00069569
123.868 0.000716636
122.611 0.000732913
124.661 0.000644314
124.839 0.000649521
125.266 0.000723163
129.184 0.000608287
124.957 0.000676825
123.842 0.000652385
125.215 0.000648618
123.796 0.000644976
123.93 0.000744573
124.655 0.000605488
124.203 0.000505763
124.108 0.000660537
124.999 0.000654489
125.671 0.000443543
123.525 0.000707787
123.914 0.000633673
126.779 0.000674841
124.13 0.000750308
123.94 0.000631129
122.982 0.000652024
125.511 0.00068193
124.996 0.000607079
121.634 0.00065203
122.754 0.000674991
125.332 0.000721404
124.457 0.000629804
123.97 0.000644973
125.173 0.000724682
124.356 0.00064144
123.221 0.000643879
123.411 0.000701587
125.658 0.000635716
119.217 0.000685341
124.692 0.000687789
123.53 0.000656079
123.047 0.00061098
127.335 0.000648651
125.388 0.000628599
124.412 0.000643609
123.885 0.000677009
124.139 0.000641592
125.252 0.000647284
124.624 0.000661128
125.541 0.00064359
125.313 0.000745324
123.844 0.000644043
123.481 0.000658875
127.309 0.000676654
125.166 0.000623082
125.329 0.000669811
127.222 0.000439601
123.347 0.000637987
126.817 0.000684698
122.816 0.000639744
124.208 0.000735415
122.879 0.00063381
122.209 0.000752542
121.416 0.000641591
123.916 0.000658864
125.618 0.000497045
125.385 0.000652144
120.772 0.000653238
125.128 9.9799e-05
125.476 0.000671654
124.16 0.000658691
127.024 0.000643363
124.664 0.000642748
124.614 0.000585886
123.815 0.000723847
125.92 0.000732054
123.358 0.000510078
125.781 0.000645937
126.527 0.000653171
125.524 0.000738886
120.254 0.000609303
123.859 0.000647562
124.329 0.000660205
126.398 0.000744522
126.521 0.000729488
125.411 0.000140671
125.559 0.0005857
121.281 0.000686493
125.751 0.00049637
125.072 0.000739049
124.366 0.000737481
125.34 0.00063725
124.22 0.000675506
115.031 0.000702755
127.115 0.000660622
122.838 0.000666633
125.972 0.000711285
123.652 0.000703784
123.968 0.000629827
124.138 4.46026e-06
124.704 0.000673339
118.403 0.000643926
124.338 0.000692485
124.102 0.00063442
125.881 0.000649064
121.462 0.000635202
123.637 0.000669675
117.491 0.000650407
125.992 0.000307754
124.774 0.00072874
125.436 0.000664718
120.005 0.000689598
124.511 0.000638991
123.893 0.000679407
124.013 0.000642401
124.663 0.000246108
124.545 0.000649142
125.354 0.000622972
124.759 0.000738506
124.72 0.000640714
126.524 0.00067094
123.454 4.46828e-06
124.185 0.000553428
125.572 0.000640811
126.534 0.000716822
123.239 0.000647328
123.297 0.000371876
116.458 0.000668946
124.621 0.000670216
124.2 0.00063965
123.661 0.000684313
124.878 0.000649773
125.95 0.000688616
124.353 0.000624037
126.878 0.000658744
124.41 0.000681526
125.573 0.000187619
124.082 0.000645577
122.833 0.000641568
117.678 0.000713449
125.203 0.000742663
125.696 0.000646689
126.124 0.000641289
125.548 0.000659332
126.037 0.000656398
125.723 0.000646722
123.922 0.00066348
124.391 0.000650288
125.732 0.000681447
124.896 4.46475e-06
124.601 0.00060441
124.428 0.000646064
124.075 0.000740179
126.003 0.000724511
124.406 0.000667383
123.282 0.000709273
124.901 0.000659109
124.519 0.00063498
124.862 0.000664874
125.667 0.000638128
124.856 0.000725961
124.441 0.000645879
125.511 0.000672332
127.007 0.0006662
126.553 0.000643589
124.516 0.000639799
123.69 0.000679314
124.066 0.000435916
123.98 0.000588929
122.16 0.000658975
125.408 0.000668343
125.804 0.000656398
122.892 0.000657899
126.598 0.000714302
123.836 0.00063087
123.427 1.9592e-05
124.658 0.000728573
124.883 0.000719191
120.678 0.000640672
127.863 0.000633744
125.283 0.000640874
124.361 0.000634746
124.191 0.00055352
124.826 0.0006919
121.41 0.000648254
125.033 0.000664279
125.047 0.000670036
127.084 0.000100726
123.653 0.000651716
128.742 0.000736545
122.815 0.000638849
123.686 0.000496675
125.192 0.000651878
126.332 0.000650784
123.137 0.000604125
125.13 0.000640791
123.744 0.000666919
125.542 0.000655085
125.362 0.000289918
124.54 0.000646584
122.728 0.000737507
124.519 0.00065948
124.761 0.000697058
125.319 0.000675638
124.497 0.000725097
124.972 0.000735596
125.529 0.000740596
124.381 0.000661099
120.371 0.000578852
127.341 0.000650872
121.453 0.000643167
119.05 0.000666932
127.967 0.000728564
125.24 0.000635464
124.326 0.000722433
126.111 0.000651598
125.958 0.000642358
118.921 0.000732461
126.431 0.000635543
121.536 0.000605087
128.163 0.000649267
123.347 0.000662379
125.996 0.00031112
117.794 0.000722018
125.639 0.000680179
124.573 0.000645203
119.321 0.000659371
125.706 0.000658899
124.474 0.000654425
122.554 0.000634302
128.512 0.000652486
125.138 0.000651333
125.347 0.000652183
123.677 0.000739294
125.188 0.000694019
125.649 0.000652445
125.49 0.00072831
124.694 0.000406597
122.93 0.000730392
124.782 0.00064899
121.555 0.000662891
126.932 0.000690007
128.168 0.000740826
124.846 0.000635586
124.559 0.000635637
126.36 0.000665298
123.393 9.93863e-05
125.284 0.000741968
125.281 0.000736583
124.528 0.000658308
122.601 0.000670325
124.507 0.000675806
124.006 0.000732214
123.971 0.000737052
125.186 0.000660934
124.617 0.000667392
126.22 0.000609176
123.932 0.000253443
124.567 3.1354e-05
125.489 0.000652425
124.841 0.000641511
125.46 0.000667201
123.633 0.00071132
124.126 0.000659975
124.003 0.000642632
120.508 0.000635845
124.989 0.000642816
123.372 0.000665459
125.222 0.000638032
125.119 0.000723688
124.553 0.000672119
122.43 0.000671456
124.184 0.000725646
126.087 0.000669399
117.408 0.000140352
123.916 0.000698826
123.533 0.000719116
123.708 0.000736679
125.026 0.000669981
122.483 0.000651361
124.117 0.00024624
126.295 0.000648878
124.7 0.000660437
122.641 0.000764709
125.658 0.000665074
125.117 0.000670288
123.013 0.000675797
124.613 0.000441918
116.456 0.000687245
121.092 0.000632394
124.781 0.000637304
125.728 0.00071513
124.671 0.000643685
123.29 0.000600443
125.918 0.000647813
125.884 0.000638452
121.066 0.000735285
123.941 0.000688277
125.442 0.000656963
125.789 0.000627231
124.449 0.000744467
124.188 0.000645753
115.519 0.000679777
122.697 0.00036761
124.237 0.000763298
124.678 0.000634723
125.422 0.000636739
125 0.000370763
120.778 0.000637769
123.874 0.000660961
123.146 0.000643135
126.047 0.000651435
125.765 0.000660704
124.768 0.000691725
124.473 0.000633626
125.35 0.000703165
126.452 0.000776379
126.958 0.000313597
125.283 0.000694807
124.189 0.000635108
122.818 0.000736089
124.954 0.000726236
124.006 0.000660175
126.127 0.000648783
120.296 0.000650247
124.571 0.00065522
124.732 0.000557217
117.997 0.000698012
124.228 0.000702959
124.074 0.000682303
124.277 0.000644102
124.815 0.000652604
125.803 0.000670485
126.213 0.000676194
117.765 0.000643837
123.843 0.000652894
124.043 0.000736061
122.06 0.00064109
124.875 0.000637929
123.395 0.000660011
126.792 0.00067577
124.965 0.000139822
125.762 0.000640754
123.457 0.000664117
125.11 0.000710274
125.327 0.000668343
123.865 0.00068301
127.454 0.000720836
122.556 0.000659259
121.993 0.000620399
124.931 0.000633651
123.026 7.03845e-05
121.178 0.000665297
125.725 0.000650522
125.333 0.000642836
118.09 0.00065196
124.917 0.000689908
124.831 0.000646948
118.577 0.000735857
126.318 0.000665637
123.135 0.0006841
125.818 0.00066609
123.736 0.000640763
123.998 0.000678834
124.546 0.000640217
125.059 0.000644379
125.711 0.000634435
119.849 0.000644038
122.261 0.000633977
125.18 0.000647643
125.833 0.000740272
123.658 0.000723847
123.751 0.000701933
122.631 0.000681837
119.034 0.000371497
119.801 0.000636527
124.672 0.000741881
124.408 0.000664357
124.695 0.000190056
125.85 0.000654838
125.319 0.000638887
126.267 0.000725097
124.418 0.000663048
125.884 0.000689195
124.304 0.000668469
119.749 4.48873e-05
125.164 0.000646769
124.983 0.000698434
125.631 0.000655223
125.391 0.000635429
124.633 0.000650607
125.601 0.000651116
123.64 0.000662193
124.336 0.000633301
126.494 0.000659856
127.761 0.000738377
127.071 0.000644309
125.631 0.000633211
126.245 0.000372664
126.205 0.000670936
125.05 0.000644308
122.959 0.000640093
124.901 0.00065858
117.403 0.00066628
124.853 0.00055959
125.635 0.00071295
126.683 0.000698418
124.944 0.000655454
124.767 0.00064504
124.334 0.000670567
125.244 0.000191665
121.29 0.000555073
125.881 0.00064864
125.544 7.08111e-05
126.416 0.000721659
125.65 0.00063848
126.895 0.000646054
124.812 0.00063737
124.985 0.00065464
124.511 0.000689073
124.819 0.000640498
121.614 0.000746432
127.005 0.000634514
125.742 0.000633014
118.551 0.000673825
124.433 0.00064885
127.252 0.000654014
124.05 0.000682085
125.321 0.000719629
124.744 0.000726114
124.127 0.000654513
123.608 0.000645026
124.902 0.000649721
126.081 0.000141262
120.308 0.000703199
125.954 7.51936e-06
122.289 0.000646352
125.261 0.000498224
125.565 0.000648206
123.079 0.000728656
124.951 0.000728656
125.207 2.71109e-06
124.594 0.000675342
128.091 0.000639435
123.711 0.000669725
121.344 0.000652814
123.72 0.000600825
120.311 0.000750683
