133.843 0.00018432
122.093 0.000167385
119.947 0.000160204
148.657 0.000175709
115.312 0.000189244
131.203 0.000111722
117.872 0.000167905
127.459 0.000158604
127.013 -0.000158117
162.45 0.000171518
149.344 0.000168756
127.355 0.000165894
152.019 0.000188304
121.998 0.000166898
115.82 8.07347e-05
129.74 0.000166728
123.974 0.000161463
122.329 0.000173621
134.181 0.000138637
125.57 0.000173975
122.103 0.000167358
120.324 0.000178034
121.594 0.000163328
127.17 0.000168915
123.943 0.000178658
137.973 0.000158899
163.893 0.000168361
125.283 0.000183876
137.455 0.000164279
123.796 0.000153572
122.894 0.000190427
134.728 0.00017564
127.991 0.000156515
130.663 0.000159824
117.087 -0.000191413
125.103 0.000189592
120.486 3.72054e-05
123.708 0.000178157
141.366 0.000159077
128.234 0.00015716
125.831 0.000179478
120.759 0.000164355
125.406 0.000187371
142.38 -0.000167957
126.829 0.000131165
126.509 0.000148525
149.982 0.000182939
127.862 4.96737e-06
129.607 0.000162333
134.215 0.000154831
125.224 0.00018796
125.051 0.000167209
124.051 0.000171851
125.08 0.000158804
125.191 0.00018129
128.454 0.00017228
121.409 0.000175962
123.285 6.95178e-07
125.283 0.000168828
124.434 0.000157167
138.392 0.000167253
129.288 0.000164118
125.045 0.000164852
127.687 0.000165164
122.226 0.000189842
135.308 0.000178059
123.957 1.22008e-05
127 0.000161853
123.887 0.000168386
130.043 3.4403e-05
122.689 0.000171743
124.863 0.000167714
123.049 0.000171793
124.552 0.00016229
125.203 0.000171753
128.961 0.000165556
124.503 0.000170569
135.502 0.000184135
128.492 0.000163628
163.766 0.00016534
127.226 0.000185199
122.024 0.000190039
118.491 0.000191352
130.151 0.000171716
145.898 0.00016277
144.332 0.000185783
126.881 0.000174783
134.184 0.000160074
131.416 0.000189729
120.952 0.000184417
131.82 0.000165704
115.835 0.000172777
132.936 0.000181842
123.809 0.000159609
135.45 0.000111215
122.84 0.000159207
160.346 0.000165736
119.178 0.00017624
150.204 0.000169332
124.954 0.000164285
136.307 0.000170631
157.691 0.000155729
117.375 0.000159048
122.04 0.000112722
125.615 0.000178075
115.844 0.000191607
157.907 0.000156162
129.153 7.63271e-05
121.509 0.000167532
124.146 0.000175532
116.902 0.000164335
142.587 0.000167511
148.034 0.000184468
126.168 0.000155183
158.352 0.000166322
126.4 4.66043e-05
139.025 0.000164748
138.53 0.000189973
126.804 0.000164181
142.229 0.000157021
122.081 0.000146462
118.174 0.000167244
118.512 0.000170352
123.186 0.000187162
125.345 0.000164582
126.218 0.000175962
126.999 0.000156358
123.853 0.000166112
132.757 0.000188714
125.249 0.000104117
140.654 0.000166514
123.094 0.000165517
134.558 0.000166876
129.907 1.90289e-06
147.314 2.2394e-07
115.709 0.000128262
152.112 0.00016294
130.934 0.000162411
126.219 7.75945e-05
121.714 0.000158849
125.139 0.000164061
116.45 0.000179843
137.344 0.000187314
131.76 0.000176906
125.47 0.000161574
146.957 0.000164159
127.543 0.000185564
123.917 4.88459e-05
122.405 0.000193082
137.672 0.000140702
133.663 0.000168743
126.768 0.000166343
126.466 3.72543e-05
141.476 0.000172884
122.11 0.000172374
124.668 0.000165258
135.682 0.000169809
123.303 4.99721e-06
126.619 0.000172041
119.439 0.000176575
122.868 0.000180661
122.187 0.000168871
141.004 0.000186863
124.827 -0.00016386
133.138 0.000184386
125.225 0.000164809
121.121 0.000172338
124.272 0.000165872
128.527 0.000168606
123.292 0.000177194
118.057 0.000150781
124.45 0.000187373
123.646 -0.000168374
125.164 0.000163853
138.484 0.000161474
146.122 0.000156208
115.629 0.000172194
127.701 7.52668e-06
123.987 0.000168057
126.062 0.000172177
155.314 0.000142177
141.93 0.000177251
139.795 0.000162553
124.733 0.000183991
135.319 0.000186872
123.33 0.000171867
131.64 6.81939e-07
145.091 0.000129734
124.684 0.000189915
125.333 0.000165842
117.732 0.000111108
116.309 0.00017585
137.553 0.000156492
125.752 0.000171612
121.563 0.000164502
122.589 0.000166122
115.976 0.000171708
125.824 0.000158302
121.088 0.000169338
147.928 0.000151469
123.811 0.000168256
117 0.000173478
126.126 0.000154002
124.467 0.000176513
123.302 0.000163749
150.213 0.000170873
120.905 0.000178309
119.103 0.000173935
121.23 0.000171144
123.812 0.000168769
125.762 0.000172974
135.302 0.000171448
132.385 0.000171735
122.037 0.000158535
131.43 -0.000164062
124.742 0.000166531
124.78 0.000166076
156.15 0.000176822
147.698 0.000165517
146.961 0.000116505
149.433 0.00018801
117.872 0.000166279
120.981 0.000188487
146.911 0.000166854
147.261 0.000165702
120.419 0.000176726
159.856 0.000182768
155.576 0.000166579
123.416 0.000185684
123.118 0.000169955
117.185 6.3099e-05
125.137 0.000142888
136.364 0.000164034
125.128 0.000172114
123.937 0.000176158
126.709 0.000172469
124.26 6.53874e-05
124.125 0.000166263
120.413 0.000170141
123.862 0.000167201
154.091 0.000154879
117.078 0.000171138
119.589 0.000179977
121.401 0.000149931
115.681 0.000189534
125.098 0.000169044
120.907 0.000169594
120.66 0.000179168
146.252 0.000160539
133.026 0.000166924
122.428 0.000189908
124.527 0.000165286
143.868 0.000163843
121.889 0.000174981
136.7 3.58712e-05
119.372 3.30944e-05
122.186 0.000163811
123.063 0.00016609
119.173 0.000188471
132.389 0.000181153
118.464 0.00016516
131.364 0.000155208
118.61 0.000186616
124.675 0.000150896
117.336 0.000195506
138.576 0.00017213
130.833 1.7966e-05
145.258 0.000159764
145.4 1.09043e-05
119.493 0.000162726
160.657 0.000176141
138.876 0.000172444
118.36 0.000160327
123.202 0.000167321
118.943 0.000160427
119.22 3.65617e-05
140.33 0.000169566
141.981 0.000166567
125.25 0.000165154
123.936 9.62472e-05
125.779 0.000196517
123.292 0.000183067
122.118 0.000187049
134.446 0.000172959
126.356 0.000164726
119.898 0.000177735
137.858 0.000186966
125.384 0.000177712
125.466 -0.000187829
126.911 0.000164031
116.304 0.0001507
145.708 0.000159985
125.578 0.000175225
124.691 0.00016742
123.718 0.000165126
123.829 0.000157835
122.909 0.00018642
125.798 0.000165378
134.48 0.00017062
121.802 0.000183146
127.703 0.000179699
133.576 9.67533e-05
122.922 0.000166072
126.527 0.000182267
142.861 0.00018737
126.699 0.000157526
130.45 0.000153878
126.019 0.000161945
127.709 0.00016499
126.107 0.000181485
136.702 0.000176875
126.076 -0.000164112
127.088 0.000153289
123.695 0.000137574
122.001 0.000110937
127.72 9.44263e-05
121.013 0.00017272
125.225 0.000165948
142.922 0.000190311
131.518 4.58629e-05
124.548 0.000149259
122.139 0.000174623
126.317 0.000158304
121.477 0.000141826
162.867 0.000168926
122.941 0.00014656
123.743 0.000171116
133.312 0.000188001
122.248 0.00017185
140.237 -8.98917e-05
124.047 0.000153495
119.869 0.000166667
157.205 0.000171493
137.975 0.000164525
124.272 0.000164813
120.447 0.000177158
140.271 0.000167146
128.87 0.000160314
120.48 0.000163773
125.358 0.000176217
145.338 0.000163315
125.571 0.0001475
133.983 0.000185599
120.616 0.000184311
126.443 0.000177591
130.183 0.00016535
126.153 0.00018465
125.975 0.000163145
122.645 0.00017003
118.474 0.000175826
126.059 0.000169502
125.038 0.00016076
123.706 0.000173231
137.184 1.91299e-06
124.224 0.000141729
123.782 -0.00018102
124.488 0.000143674
126.073 0.000153957
127.434 9.17588e-05
116.215 0.000151449
136.238 0.000163108
138.578 0.000183459
155.919 0.000189142
141.655 0.000189681
138.128 0.0001647
166.457 0.000165336
126.565 2.10115e-07
123.946 9.38121e-05
147.937 0.000163873
121.938 0.000165346
120.181 0.000163545
123.521 0.000161092
132.087 0.000166327
131.843 0.000172851
123.858 0.000163747
145.974 0.000163537
123.767 0.000153362
129.062 0.000176341
137.642 9.94261e-05
142.239 0.000164541
