165.613 0.000169774
123.91 0.00018668
158.851 6.2803e-05
123.592 0.000154145
128.376 0.00013134
124.702 0.000169932
124.926 0.000178316
123.465 0.000189513
140.085 0.000188368
138.658 0.000177298
118.156 0.000156152
125.324 0.000164461
128.293 0.000166196
155.779 0.0001647
159.65 0.000155417
125.21 0.000163985
125.407 0.000172783
142.927 0.000174672
127.187 0.000161484
124.12 0.000170857
117.846 0.000185038
165.363 2.5625e-05
143.854 0.000164867
125.352 0.000187517
128.345 0.00019111
141.854 0.000192946
163.517 0.000151884
125.119 0.00016869
126.815 0.000163761
121.115 0.000182912
124.23 0.000157365
126.105 0.000166711
124.527 0.000171334
123.998 0.000125675
121.428 0.000154633
124.051 0.000193015
126.42 0.000190636
125.371 0.000163503
125.686 0.000163878
121.419 0.000119075
123.221 0.000159368
122.854 0.000166109
117.746 0.000179769
137.617 0.000169133
121.529 0.000166602
123.347 0.000178207
162.107 0.000173518
123.398 0.000164489
123.511 0.000129148
158.862 -0.000173998
129.363 8.13598e-06
125.492 0.00010897
125.945 0.000172803
136.144 0.000161323
129.276 0.000187628
125.019 0.00016172
126.21 0.000164949
116.161 0.000163589
127.168 0.00015398
134.64 0.000195615
117.528 0.000188725
125.985 6.45215e-05
125.172 0.000177365
127.93 0.000188763
122.361 0.000150196
151.197 0.000165725
124.741 0.000184247
125.784 0.00016427
125.705 0.000171048
125.516 0.00016122
155.94 0.000182232
157.647 0.00014768
129.125 3.5614e-05
145.745 0.000174739
152.63 0.000166736
126.663 0.000167188
122.666 0.000165983
115.92 0.000194185
123.308 0.000162692
126.687 0.000156242
125.6 0.000166328
118.058 0.00017374
124.056 0.000183985
125.101 6.14357e-05
124.342 0.000127472
123.851 0.000170881
154.883 0.000164791
120.9 0.000163264
138.797 0.000163575
141.876 0.000186385
124.21 0.000165433
124.393 0.000165713
125.826 0.000164921
127.837 4.88965e-05
120.965 0.000169712
124.207 0.000170629
140.921 0.000143462
123.269 0.000186494
123.981 0.000165012
123.699 0.000163328
126.048 0.000175615
123.294 0.00016868
123.534 0.00016031
120.804 -0.000165819
134.356 0.000173161
125.092 0.000171397
137.288 0.000187836
124.085 0.000166823
125.279 0.000170789
115.18 0.000178532
125.133 0.000186583
146.93 0.000169346
128.192 0.000162695
126.688 0.000167632
156.711 7.93951e-05
125.135 0.000164014
125.565 7.94409e-05
118.878 0.000168595
125.983 0.00016975
148.256 0.000165576
124.63 0.000171058
154.531 0.000168949
131.612 0.000165727
124.874 0.000170779
128.921 0.000171642
126.906 0.000171318
129.306 0.000167073
124.273 0.000144381
123.595 0.000169721
126.343 2.55187e-05
123.858 0.000187475
118.276 0.000156969
124.043 0.000128332
124.091 0.000161207
122.335 0.00016633
131.641 0.000142052
116.403 0.000167789
123.798 0.000168022
143.094 0.000163339
132.215 0.000152699
125.39 0.000165447
120.77 0.000152648
125.212 0.000186046
122.964 0.000140188
122.67 0.000112019
126.321 1.92807e-06
124.457 0.000179061
150.324 1.20511e-05
124.912 0.000163411
123.65 0.000179175
164.232 0.000195092
134.4 0.000155995
135.132 0.000153753
120.931 0.000152652
165.453 0.000162089
128.614 0.000151916
119.537 0.000150994
120.329 0.000162171
124.706 0.000181688
125.551 0.000164511
120.918 0.000160522
134.64 0.000127361
147.975 7.98372e-05
139.024 0.000179534
121.913 0.000160147
123.958 0.000164271
136.938 9.36129e-05
118.702 0.000163626
144.284 0.000151666
124.799 0.000154497
137.808 0.00013372
125.153 0.000165861
123.171 0.000161588
131.411 0.000171967
126.985 0.000165289
127.014 0.000165515
123.092 0.000159005
123.2 0.000189006
124.789 2.54522e-05
124.957 0.000191433
123.945 0.000174279
122.98 0.000152549
124.364 0.000167614
122.867 0.0001697
140.416 4.79781e-05
147.768 0.000173835
122.975 0.000160196
130.788 0.000161867
119.052 0.000158873
169.985 0.000195057
125.766 0.000171007
125.816 0.000164703
122.122 0.000176002
127.873 0.000188298
124.863 0.000142224
140.142 0.00017361
120.168 0.000174934
125.603 0.000170122
121.629 8.01879e-06
146.091 0.00014237
120.875 1.80982e-05
143.838 0.000158634
124.338 0.000166816
115.493 0.000136916
125.595 0.000164101
123.185 0.000165585
126.068 0.000169656
124.005 0.000168642
134.529 0.000172169
139.005 0.000183108
123.643 0.000175284
127.811 0.000156289
124.565 0.000172716
123.84 -0.000165158
124.524 0.000184738
129.453 0.000181014
153.288 0.000128869
159.549 0.000164222
128.211 0.00013399
163.693 0.000164988
141.715 0.000150611
138.002 0.000186444
120.798 0.000110037
124.192 0.000164295
124.866 0.000167479
163.581 0.000165863
126.579 0.000176529
149.64 0.000156238
124.753 0.000187482
150.987 0.000175834
120.602 0.000164676
127.372 7.70427e-06
135.615 0.000181734
125.985 0.000188009
136.125 -0.000165572
125.061 0.000169797
128.2 0.000115261
157.18 0.000165977
128.938 0.000144617
139.417 0.0001607
124.582 0.000173803
127.581 0.000155655
123.373 0.000170637
119.895 0.000186418
122.096 0.000179191
138.092 0.000164978
124.05 0.000190549
139.997 0.000162375
118.502 0.000145896
143.765 0.000158169
124.176 0.000168003
115.074 0.00016495
126.147 0.000187066
139.141 0.000186166
119.489 0.000169006
122.985 -0.000162306
125.78 0.000166465
126.484 0.000178773
124.571 0.000159561
123.052 0.000167931
143.616 0.000172557
124.88 0.000154964
161.753 0.000188276
156.984 0.000106983
125.082 0.000187021
122.917 0.000190167
125.796 0.000167413
123.78 0.000178327
133.188 0.000166973
166.748 0.000158558
124.39 0.000169663
124.541 0.000189483
135.934 0.000173769
123.42 0.000165582
133.933 3.52282e-05
124.98 0.000171505
124.961 0.00015257
133.224 0.000150487
143.022 0.000164744
129.457 0.00019235
118.645 0.000167118
124.99 0.000169336
120.929 0.000184667
127.112 0.000174356
127.668 1.66233e-05
140.191 0.000178854
124.249 0.000164823
124.853 0.000179401
129.791 0.000128722
125.277 0.000169643
123.779 0.000163012
140.747 1.78154e-05
122.73 0.000189401
136.357 0.000165047
121.943 0.000164035
119.068 0.000127638
124.918 0.000172314
119.534 0.000172852
123.27 0.000175877
123.635 0.000184751
135.479 0.00015926
146.887 0.00016347
136.522 7.81235e-05
126.323 0.000148118
122.953 0.000190366
163.221 0.000165636
145.687 0.000159203
146.349 0.000168832
128.104 0.000150849
123.998 0.000185922
126.4 0.00016791
126.548 0.000189137
122.007 0.000163946
126.047 0.000164477
120.402 0.000160098
152.122 0.000151644
123.724 0.000163188
123.58 0.000179565
122.754 0.000166546
120.553 0.000171552
121.311 0.000174466
132.555 7.71232e-05
120.784 0.000175546
149.074 0.000185561
124.711 0.000156759
125.089 0.000190355
169.831 0.000155396
128.899 0.000151961
123.472 0.000166866
