125.323 0.00019087
124.735 0.000163727
124.76 0.000125727
125.215 0.000164983
126.307 0.000177446
125.246 0.000160951
123.633 0.000165966
125.256 0.000189357
120.481 0.000170125
126.029 0.000160125
124.132 0.000183817
122.902 0.000174205
124.472 0.000163866
124.227 0.000169127
123.604 0.000165511
130.353 0.000162985
116.786 0.000171743
123.051 2.04318e-06
125.9 6.33851e-05
123.758 0.000179282
124.586 0.000162846
123.68 0.000166897
125.051 0.000163448
126.043 0.000183695
122.005 0.000133109
124.358 0.000164242
128.172 0.000154294
124.649 0.000164756
123.814 0.00017192
126.172 0.000183562
123.956 0.000178291
123.677 0.000126609
140.328 0.000164866
125.661 0.000168756
122.976 0.000165012
125.952 0.000160697
127.092 0.000118461
140.458 4.92298e-06
123.559 0.00016323
127.96 0.0001503
121.896 0.000162927
120.381 0.000173917
123.38 0.000163101
125.214 0.000163903
127.474 0.000162757
124.733 0.000176566
123.39 3.09216e-06
124.395 0.00011397
122.843 0.000167718
126.77 2.57277e-05
151.442 0.000160679
124.633 -0.000165605
124.531 0.000169616
124.281 0.000166427
124.049 0.000162139
126.659 0.000162888
127.04 6.27608e-05
123.929 0.000164607
124.555 7.8219e-05
124.784 0.000171041
126.598 0.000170542
126.501 0.000183131
123.471 4.20576e-07
124.507 0.000164905
121.766 0.000187977
124.39 2.37967e-07
124.547 0.000161276
124.038 0.000164811
123.422 0.000172709
116.813 0.000188706
122.875 0.00016972
124.364 0.000160277
125.193 0.000171038
126.423 0.000168896
121.739 0.000184504
125.317 0.000170899
118.817 0.000165143
123.032 0.000186097
123.027 0.000177617
117.552 0.000188677
123.877 0.000159214
124.467 0.000177523
159.236 0.000169403
130.357 0.000165503
122.775 0.000164069
125.4 0.000180233
124.825 0.00016566
123.502 0.000164641
124.793 0.000186112
115.255 0.000188984
123.533 0.000174721
124.768 3.5872e-05
123.239 0.000181394
125.762 0.000153656
125.038 0.000171663
123.411 0.000161107
125.805 0.000177806
118.746 7.9104e-06
123.147 0.000164033
125.528 0.000165015
125.171 0.000170581
123.274 0.000168961
125.41 0.00016861
126.276 0.000154217
123.756 1.14982e-06
127.639 0.000112602
121.309 2.47945e-05
121.957 0.000156887
124.231 0.000154899
119.498 0.000157983
126.334 0.000162723
125.731 0.000187709
126.311 0.000183815
123.021 0.000171121
129.529 0.000183625
124.282 0.000179717
124.89 0.000165095
124.216 2.93374e-07
123.096 0.000182249
124.715 0.000170949
125.731 0.000161675
124.761 0.000189429
119.004 0.000182317
