143.327 0.000750015
126.908 0.000588971
119.958 0.000397691
126.153 0.000466841
120.699 0.000218025
121.998 0.000542758
128.268 0.000641619
120.97 0.000599612
119.628 0.00056384
131.14 0.000524083
139.213 0.000556329
164.897 0.000617736
129.958 0.000576361
127.827 0.000598498
129.5 0.000558793
132.376 0.000501248
168.557 0.000566272
134.549 0.000593323
144.906 0.000584031
129.238 0.000631803
123.732 0.00055757
128.114 0.000607545
168.973 0.000563588
150.218 0.000560131
125.296 0.000586861
145.113 0.000569168
134.746 0.00059252
127.792 0.000576748
131.604 0.000568402
125.378 0.000557618
144.321 0.000599519
153.332 0.000577309
121.711 0.000600528
126.218 0.000573906
133.309 0.00055551
132.527 0.000564213
128.742 0.000639153
127.889 0.000602318
142.954 0.000558505
128.79 0.000528052
128.858 0.000647723
125.006 0.000540889
126.563 0.000542054
126.452 0.000555724
148.01 4.14623e-05
125.166 0.000622248
132.481 0.000567305
129.009 0.000542581
151.365 0.000580301
161.755 0.000566627
158.193 0.000580806
126.259 0.000166408
163.211 0.000532599
131.859 0.000575309
134.672 0.000633767
124.956 0.000562548
135.723 0.000565048
131.295 0.000614334
116.241 0.000558264
129.794 0.000321532
159.817 0.000572266
161.485 0.000567754
136.705 0.000203103
129.653 0.000580839
133.988 -0.000578249
135.043 0.000525171
137.284 0.000601346
128.362 0.000484373
130.9 0.000680402
132.923 0.000404894
129.457 0.00063343
126.412 0.000523107
129.853 0.000564308
131.747 0.000566545
127.587 0.00058541
128.743 0.000265435
154.378 0.000553673
130.083 0.000578148
138.087 0.000621371
126.682 0.000572165
126.966 0.000609107
115.431 0.000582574
128.1 0.00057784
134.781 0.000524778
128.481 0.000641011
130.891 0.000559
158.551 0.000578566
129.229 0.000524536
165.171 0.000553077
127.389 0.00059035
130.069 0.000556869
134.627 0.000593999
126.514 0.000432498
126.807 0.000214052
124.279 0.000569204
163.396 0.000571683
144.643 0.000628274
126.254 0.0006359
124.988 7.77023e-05
128.723 0.000580291
131.191 0.000382756
127.954 0.000576825
123.038 0.000578965
117.574 0.000526671
154.468 0.000571504
130.394 0.000569491
140.535 0.00065467
148.546 0.000534036
155.558 0.000489278
126.948 0.000558146
152.212 0.0005304
131.272 0.000624172
124.395 0.000557047
130.47 0.000562125
139.295 0.000622426
152.197 0.000531748
150.948 0.000575727
