125.333 0.000101287
122.144 9.85811e-05
118.419 9.41496e-05
122.935 6.54713e-05
124.971 9.67611e-05
125.088 9.6802e-05
122.13 3.72315e-05
121.101 0.000106116
122.36 0.000105854
125.491 0.000105631
121.993 9.65803e-05
116.193 9.02734e-05
129.847 9.89271e-05
125.122 9.76687e-05
124.226 0.000109596
126.298 9.803e-05
122.566 0.000103908
126.318 0.000100515
124.028 9.77874e-05
120.581 1.5473e-05
125.475 3.77477e-05
126.091 2.42271e-07
128.217 9.43257e-05
125.103 9.8915e-05
124.109 0.000109222
124.27 9.8012e-05
115.582 9.56527e-05
126.621 9.52964e-05
118.591 9.4995e-05
121.059 9.50149e-05
120.787 9.92518e-05
118.294 5.5783e-05
124.035 0.000103433
115.91 0.000105245
122.108 0.000117151
129.255 0.000111964
122.839 9.86437e-05
123.552 9.46916e-05
125.13 0.00010948
119.508 0.000108015
125.919 0.000105889
124.093 1.18789e-06
125.096 0.0001017
124.562 9.7947e-05
124.689 2.11509e-05
123.277 9.19098e-05
123.099 9.6849e-05
117.313 9.84354e-05
122.776 0.000116929
123.642 0.000110569
122.414 7.56679e-05
125.09 0.00010213
120.645 0.00010059
122.208 9.33468e-05
123.216 0.000106076
120.931 0.000100009
127.667 9.98661e-05
117.522 8.89251e-05
119.153 9.90761e-05
117.525 9.29503e-05
121.578 0.000104262
120.622 4.38913e-05
123.03 9.70558e-05
118.17 9.54123e-05
125.006 0.000113453
119.449 8.39725e-05
163.653 9.98037e-05
127.882 9.92767e-05
124.998 9.65203e-05
126.869 9.86715e-05
159.04 -9.69837e-05
125.074 9.73052e-05
124.77 9.6951e-05
125.701 0.000108665
124.336 9.57726e-05
129.224 2.70699e-05
121.813 0.000100764
127.446 9.86656e-05
124.048 1.89708e-06
126.602 9.05437e-05
124.366 0.000104101
128.335 9.54569e-05
123.382 2.84436e-05
129.886 0.000113817
121.993 9.90039e-05
115.146 0.000107456
121.914 0.000101344
120.526 9.94063e-05
125.033 9.80864e-05
119.927 9.6771e-05
119.929 0.000100908
124.338 0.00010632
124.964 0.000104549
126.19 0.000113861
124.568 9.8598e-05
125.568 0.000100661
121.08 9.79928e-05
123.326 8.68837e-05
127.674 9.73184e-05
122.157 0.000104114
121.277 9.56442e-05
123.374 0.000107801
124.641 0.000109898
125.624 9.78114e-05
126.87 9.27503e-05
125.944 9.71865e-05
138.728 0.000102792
122.176 0.000124199
120.484 0.000102175
123.467 9.87153e-05
128.74 -8.74303e-05
146.627 2.79083e-05
121.23 9.9142e-05
124.424 8.58307e-05
126.547 0.000109812
130.085 9.94431e-05
116.648 0.000109284
123.926 0.000107291
121.692 9.9428e-05
123.795 9.99333e-05
126.849 4.82854e-06
126.723 9.42284e-05
124.12 0.000104284
120.378 0.000106284
124.007 9.7879e-05
120.93 9.66685e-05
124.635 9.8348e-05
120.87 9.70858e-05
121.49 9.79554e-05
125.796 9.66306e-05
122.809 9.76826e-05
125.205 0.000103187
125.097 9.27469e-05
126.306 0.000112526
119.269 9.26375e-05
127.433 0.000104377
127.231 0.000109193
126.119 0.00011153
123.133 9.79151e-05
117.746 9.71727e-05
124.235 0.000113275
126.549 0.000111003
124.682 4.92334e-05
124.643 9.65568e-05
123.96 0.000101272
117.717 8.48085e-05
125.303 2.08513e-05
121.722 0.000112489
120.893 9.06522e-05
121.305 0.000104868
144.236 6.42971e-05
125.562 9.67668e-05
124.219 9.57252e-05
121.25 4.72218e-06
126.99 0.000101067
123.196 9.683e-05
125.157 2.43005e-07
123.929 8.64124e-05
126.205 -9.61437e-05
125.124 9.68431e-05
125.4 0.000102212
124.807 9.91235e-05
125.538 4.82286e-05
123.911 0.000100064
120.433 5.63023e-05
120.554 9.29063e-05
125.201 0.00011003
127.733 2.80849e-05
122.489 9.80486e-05
124.533 -0.000100882
127.1 9.18944e-05
120.228 9.2745e-05
124.812 9.65057e-05
123.803 0.00010353
125.999 9.04367e-05
149.247 9.67907e-05
122.843 0.000101222
124.356 9.74904e-05
126.811 8.94383e-05
129.57 0.000101056
121.318 0.00010734
126.171 0.000109535
128.034 9.4084e-05
125.503 3.68419e-05
121.137 0.000111781
125.973 9.87791e-05
119.924 9.77119e-05
122.695 0.000109757
124.945 0.000101411
124.492 -0.000100935
120.402 9.96172e-05
124.63 9.98884e-05
122.785 9.72162e-05
122.462 0.000107229
129.072 9.64073e-05
124.84 0.000107965
163.882 9.78586e-05
121.76 9.7751e-05
123.741 0.000109093
120.563 9.82815e-05
123.077 9.17262e-05
125.054 9.9299e-05
122.396 0.000100101
120.512 9.68263e-05
127.846 4.06688e-07
124.572 9.18173e-05
125.528 9.68959e-05
124.582 -0.000109038
119.315 9.87396e-05
123.259 9.76879e-05
131.372 7.62473e-05
128.12 0.000111541
123.621 9.90855e-05
124.875 0.000113347
125.829 0.000102676
150.437 8.36163e-05
125.251 -9.76252e-05
122.525 9.622e-05
121.963 9.76332e-05
131.328 0.000111324
124.532 0.000119025
125.425 0.000103586
117.449 9.33523e-05
121.76 9.2851e-05
126.383 0.000106998
124.426 8.99135e-05
122.808 6.72911e-05
125.177 0.000109331
124.856 8.30032e-05
122.906 9.56099e-05
125.236 2.97003e-05
123.692 0.000102212
125.482 2.87267e-05
121.484 9.85423e-05
124.514 8.98258e-05
125.693 0.000112521
122.368 9.8682e-05
128.698 9.97935e-05
123.792 0.00010861
124.436 9.6714e-05
122.809 0.000110216
123.616 0.000106822
126.852 0.0001023
120.638 9.84902e-05
118.889 9.77382e-05
126.092 9.19638e-05
124.363 9.96271e-05
124.713 9.79095e-05
127.896 0.000106682
127.098 0.0001037
124.783 9.95834e-05
124.745 9.69982e-05
123.703 9.8213e-05
122.281 9.41769e-05
123.539 0.000112122
124.238 9.86948e-05
125.651 0.000109925
117.271 9.7585e-05
121.373 9.71679e-05
119.914 8.90157e-05
120.003 3.86204e-05
128.065 0.00011384
124.282 0.000101772
124.93 2.89449e-05
141.827 0.000102924
126.236 0.000101942
126.549 0.000100059
128.5 9.34755e-05
128.329 9.62328e-05
122.008 9.43979e-05
126.298 0.000100235
127.709 0.000100651
126.089 9.90677e-05
120.447 0.000100338
129.82 0.000101486
124.293 -8.87073e-05
120.832 9.02281e-05
126.046 0.000103784
124.816 0.00011315
124.844 9.68121e-05
121.045 9.75349e-05
125.791 9.94996e-05
121.727 0.000100213
119.922 9.67757e-05
124.744 9.91678e-05
132.503 9.7032e-05
129.363 0.000100558
121.625 0.000101152
119.234 9.89251e-05
127.844 9.89319e-05
125.986 9.7885e-05
123.029 9.9212e-05
120.213 0.000111192
124.856 0.000103648
127.172 9.62184e-05
122.431 9.82003e-05
124.781 9.70574e-05
117.752 9.79317e-05
121.571 9.7279e-05
128.562 0.000104433
123.661 3.7613e-05
126.414 9.24435e-05
122.701 8.94841e-05
143.725 9.98129e-05
121.887 0.00011032
127.973 0.000102692
123.787 9.72941e-05
118.662 9.68479e-05
123.862 0.000109833
125.203 0.000117608
119.837 0.000107207
126.214 8.98857e-05
127.158 2.85465e-05
131.67 0.000110246
124.576 0.000114955
123.944 9.91266e-05
125.222 0.000109825
124.924 9.55326e-05
123.798 0.000106902
122.209 0.000102455
120.243 0.000113654
117.646 9.66538e-05
122.218 0.000114931
124.342 0.000105052
119.513 9.39616e-05
125.804 0.00011342
124.581 0.000103634
120.486 1.51051e-05
125.935 4.6158e-05
123.761 9.52372e-05
122.04 0.000104346
124.751 2.87176e-05
123.595 9.55336e-05
123.364 9.53081e-05
145.287 9.09444e-05
124.642 9.88235e-05
127.248 9.74549e-05
122.555 9.03163e-05
124.42 3.77365e-05
125.079 0.000100882
127.739 0.000105111
126.228 0.0001091
122.151 9.77229e-05
121.928 0.000106349
120.523 9.42936e-05
120.64 9.86434e-05
122.782 0.000100234
124.274 5.85438e-05
128.028 0.000101976
119.531 8.78773e-05
125.887 9.71861e-05
122.346 6.54837e-05
125.591 2.06457e-05
124.538 9.77729e-05
124.716 9.44683e-05
127.11 0.000111349
127.769 9.66579e-05
123.33 9.6188e-05
124.825 0.000114852
120.75 0.000107164
120.167 0.00010254
128.749 2.75506e-05
125.309 9.95957e-05
126.965 9.61119e-05
124.861 1.04993e-05
127.566 0.000107428
115.996 0.000110828
126.379 9.58148e-05
128.053 0.00010389
125.51 0.000102412
125.173 4.67425e-05
122.929 9.60036e-05
125.967 0.000112951
122.582 9.5368e-05
123.304 0.000111147
125.345 9.76283e-05
124.074 0.000101135
126.373 0.000112095
124.211 0.00010245
126.66 0.000112363
116.297 0.000105615
117.043 0.000102132
121.039 9.63021e-05
121.199 1.51687e-05
127.659 0.000111122
122.68 9.61657e-05
125.016 0.000110583
125.195 0.000103515
119.262 0.000107731
122.77 6.09636e-06
121.172 9.48364e-05
124.262 9.62456e-05
122.392 0.000100364
127.303 0.000111036
124.192 9.70672e-05
123.423 0.000101528
150.978 0.000100035
123.61 0.000114655
125.776 8.7121e-05
149.144 0.000107423
126.703 0.000109618
126.338 0.000103438
127.556 0.000103183
123.673 0.000105781
123.629 8.1464e-05
123.258 0.000103197
131.869 0.000101504
120.948 0.000103086
122.286 6.7846e-05
127.082 9.39807e-05
124.52 9.77702e-05
120.973 0.000112763
127.463 0.000101093
123.132 0.000109376
122.265 9.88213e-05
123.604 9.23645e-05
127.275 0.000107072
126.028 0.000100913
126.772 9.75158e-05
125.344 0.000107931
126.38 9.77908e-05
125.727 9.7339e-05
127.033 0.000101004
125.201 9.8466e-05
121.877 0.000102191
126.431 9.97397e-05
122.124 0.000100206
120.567 0.000106633
122.917 9.82155e-05
126.942 0.000103276
124.183 1.11597e-06
124.742 1.13211e-06
127.486 8.99664e-05
125.417 9.59134e-05
120.039 9.7861e-05
123.197 0.000107555
125.95 0.000105303
125.469 0.000106269
123.407 9.58777e-05
125.733 0.000100037
121.854 6.5845e-05
125.076 9.82858e-05
125.606 0.000100583
122.917 0.000110968
122.249 0.000100862
118.274 7.85291e-05
124.331 0.000102837
126.613 9.73775e-05
125.059 9.64661e-05
127.029 0.000103978
123.767 1.52563e-05
120.482 0.000101062
119.655 9.80164e-05
124.74 0.00010643
127.76 0.000113918
123.286 9.81528e-05
120.126 9.86875e-05
119.722 9.80469e-05
122.428 0.00010029
122.707 8.85528e-05
122.086 9.56676e-05
123.034 -9.14957e-05
121.211 0.000110661
125.46 0.000104403
125.553 9.62849e-05
123.123 9.71595e-05
127.02 9.38639e-05
126.236 7.92293e-05
124.242 0.00010879
119.752 0.00010885
121.95 0.000108003
124.633 9.41001e-05
126.457 0.00011089
128.505 9.77498e-05
124.535 4.38061e-05
120.741 9.64801e-05
126.411 9.5304e-05
128.614 9.40477e-05
128.492 9.24622e-05
127.595 0.000105732
117.257 9.60584e-05
129.47 9.68298e-05
122.502 1.40328e-07
127.871 9.70082e-05
125.895 9.61246e-05
125.521 9.51377e-05
125.56 0.000109502
122.192 0.000103339
127.665 9.8e-05
124.596 9.92265e-05
119.914 0.000106984
124.224 7.29574e-05
128.309 9.97816e-05
121.198 0.00010175
122.441 0.0001115
126.677 9.99872e-05
128.285 0.000100092
126.253 0.000107706
125.235 9.72965e-05
117.781 0.000106015
127.255 0.000109841
127.783 0.0001005
120.826 0.000104625
128.228 7.0019e-05
122.295 9.04361e-05
123.271 0.000113785
123.246 9.51827e-05
121.876 0.000111382
123.199 9.55385e-05
125.375 9.53066e-05
125.725 9.7903e-05
124.701 0.00010398
125.854 0.000107484
123.56 0.000100856
122.611 0.000122642
156.187 8.88204e-05
118.208 0.000115018
125.428 0.000103577
127.816 9.67877e-05
121.737 0.000101384
124.805 0.000101078
122.796 0.000104274
117.971 9.71585e-05
123.666 9.54617e-05
122.239 1.88029e-06
127.192 0.000101378
126.867 0.000104683
123.492 9.92031e-05
121.736 0.000100631
124.631 0.000111044
124.897 9.10769e-05
124.927 0.000110407
124.461 1.92641e-06
125.182 4.69616e-06
121.221 9.16031e-05
125.767 0.000113458
119.64 2.10329e-05
122.258 0.00011016
124.941 8.69547e-05
124.832 9.83065e-05
127.135 9.89035e-05
124.687 0.000112578
123.362 9.4101e-05
129.57 9.82891e-05
132.951 0.000114556
125.839 9.69726e-05
123.248 9.8148e-05
126.498 9.94667e-05
123.074 0.00011339
138.074 1.53493e-05
127.179 9.52147e-05
116.156 9.33011e-05
119.745 2.87049e-05
125.472 0.000108508
128.045 9.74356e-05
119.542 0.000111936
129 0.000109933
122.22 0.000100505
123.634 0.000110599
132.137 8.87054e-08
130.499 9.6455e-05
126.994 0.000117534
125.701 0.000101055
123.479 0.000110493
119.158 0.00011042
145.895 0.000103887
128.384 2.85159e-05
168.449 9.75034e-05
124.68 0.000112568
123.452 9.37793e-05
123.791 9.32064e-05
124.606 9.72177e-05
122.246 9.98695e-05
119.302 7.54555e-05
125.459 0.000104128
124.765 0.000154292
124.657 0.000158977
129.453 0.000151498
123.443 0.000150645
123.14 0.00014771
125.033 1.09812e-05
127.105 7.17685e-05
121.586 0.000149518
123.554 0.000163841
143.617 0.000136526
150.602 0.000151996
119.248 0.000157335
125.313 0.000164569
126.228 -0.000162201
126.074 0.000158193
123.635 0.000169942
126.11 0.000143931
125.91 0.000162292
127.219 0.000149627
126.079 0.000149452
123.797 0.000147585
126.031 0.000147011
123.723 0.000153117
119.711 0.000157895
125.696 0.000172178
126.679 0.000143121
122.659 0.000151192
126.657 0.000151197
120.231 0.00015102
119.38 0.000150022
125.559 0.00015685
125.067 0.000155461
126.316 0.000149937
126.974 0.000156205
122.713 0.000141635
125.732 0.000150737
120.967 0.000166066
126.949 0.00015052
123.651 0.000173529
124.128 0.000162496
126.75 0.000162649
118.827 8.84766e-05
125.002 0.000170998
122.12 0.000151099
125.605 0.000172781
122.784 2.03957e-06
123.281 0.000154208
122.549 0.000149554
126.446 0.00014868
123.836 1.04425e-06
117.785 0.000146633
123.691 0.000173243
127.99 0.000152557
125.242 0.000150422
124.18 0.000162028
138.006 0.000153209
126.843 0.000101309
125.565 0.000151904
123.517 0.000100754
124.521 0.000152614
125.282 0.000150271
119.19 0.000135264
126.318 0.000146795
124.683 0.00015489
124.309 0.00014446
119.436 0.000163646
117.7 0.000138577
123.018 0.000152238
123.862 0.000141754
125.673 0.000165277
123.852 0.000141136
127.38 0.000159895
124.881 0.000149976
122.818 0.000154259
124.011 0.000166553
126.333 -0.000128588
126.075 0.000135503
123.59 0.000165372
126.501 0.000160847
125.731 0.000156746
123.753 0.000151788
126.364 0.000154975
119.038 0.000149831
124.843 0.000171011
122.845 0.000166836
122.118 0.000152641
122.325 0.000154306
122.988 0.000156873
126.338 0.0001637
125.715 0.000152387
126.063 0.000172272
123.359 0.000154334
117.786 0.000153529
118.78 0.000143214
126.917 0.000150824
123.504 0.000172195
125.794 0.000169457
122.844 0.000144241
169.016 0.000148138
120.368 0.000138168
121.388 0.000154732
124.238 0.000135419
125.726 6.20531e-07
125.914 0.000167037
125.742 0.000173833
122.294 9.92085e-08
124.012 0.000148298
129.663 0.00015068
122.482 0.000150576
124.67 0.000172481
124.814 8.42919e-05
125.482 0.000148887
123.303 0.000153748
124.076 0.000152381
169.983 0.000158385
155.887 0.00015518
125.402 0.000144936
125.685 0.000151176
126.646 0.000155867
120.357 0.000152941
124.137 0.000149795
123.702 0.000154769
125.861 0.000155536
125.849 0.000148819
125.375 0.000147659
124.836 0.000147163
122.651 0.000154154
124.089 0.000144905
127.654 0.000111669
125.923 0.000133367
124.807 0.000165518
123.779 0.00014636
129.123 0.000164436
121.328 0.000154948
126.716 0.000166792
125.179 0.000149056
125.938 0.00015167
123.642 0.000140833
120.409 0.000159444
123.565 0.000157465
124.369 0.000153451
124.476 0.000165876
152.499 0.00015365
125.79 0.000173892
121.208 0.000146627
124.694 0.000153668
115.911 0.000150131
127.104 4.60827e-06
125.028 0.000167277
148.055 0.000102072
122.443 0.000159187
121.017 0.000157549
124.34 0.000169873
126.437 0.000149023
142.412 0.000154409
124.127 0.00015034
125.716 0.000118708
122.488 0.000147704
126.214 0.000154296
125.971 0.000101823
126.857 0.000155463
126.318 0.000155772
125.752 0.000171479
124.765 0.000152812
126.406 0.000154886
126.17 0.000148547
121.401 0.000148869
125.016 0.00015262
125.324 0.00015264
125.444 0.000154393
127.155 0.000153591
126.211 0.000160225
127.078 0.000129226
124.256 0.000159333
161.619 0.0001706
126.868 0.00015605
124.464 0.00015684
118.354 0.000150439
124.154 0.000153913
134.885 0.000171728
122.856 7.3094e-06
121.464 7.07986e-05
123.325 0.000155846
128.258 0.000162138
118.128 0.000120401
125.06 0.000175934
122.255 0.000173694
123.881 0.000161355
123.583 0.000148798
126.839 0.00016884
121.808 0.000159597
123.105 0.000169889
123.635 0.000170263
123.539 0.000148734
126.001 0.000156833
120.944 0.000145151
124.946 0.000145273
125.347 -0.000139669
121.661 0.000161201
134.592 0.000149413
125.653 0.00016884
130.542 -0.000155295
127.035 3.74745e-07
124.401 0.000150849
128.822 2.30911e-05
128.766 0.000150002
125.531 0.000154485
124.588 0.000165823
136.853 0.00015518
126.443 0.000104771
123.806 -0.000148858
125.726 0.000155499
122.256 0.000172321
125.548 0.000150571
127.603 0.00014965
127.845 0.000149289
120.924 2.22108e-07
162.062 0.000170162
122.087 7.07336e-05
126.924 0.000156315
122.345 0.000158174
120.043 0.000154983
125.349 0.000117875
120.993 0.000144564
125.112 0.000143749
125.363 0.000129586
122.371 0.000162543
140.238 0.000148525
127.438 0.000146723
124.259 0.000146111
124.29 0.00016906
125.271 0.000150436
124.484 0.000148642
122.385 -0.000150391
125.311 0.000170014
121.168 0.000164959
125.186 1.09392e-05
123.188 0.000151021
124.333 0.000151301
123.201 0.000149663
123.556 0.000148876
127.057 4.53568e-06
125.312 8.62671e-05
125.022 0.000148306
126.595 0.000156249
123.134 0.000149433
123.305 0.000155293
123.321 0.000157302
121.66 0.00014651
124.66 0.00015771
126.561 3.29284e-05
119.732 0.000164255
124.683 0.000166634
124.237 0.000149649
125.233 0.00015919
123.872 0.00016698
126.18 0.00014228
155.146 0.00011588
123.385 0.000153245
124.971 0.000174807
125.057 0.000154693
118.026 0.000141508
126.091 0.000160898
122.929 0.000154764
122.621 0.000143486
147.426 0.000144797
126.017 0.000165715
126.136 0.000156903
125.311 0.000155268
123.645 0.000158663
129.89 0.000161705
121.457 7.16699e-05
124.57 0.000154557
121.155 0.000148661
124.889 7.10642e-05
124.159 0.000152102
126.173 0.000173313
124.605 0.000171918
121.131 0.000155782
123.287 0.000171804
125.099 0.000156222
124.274 1.05115e-05
122.92 0.000149685
124.377 0.000154569
132.1 0.000140434
158.373 0.000147213
124.649 0.000167358
126.921 0.000151241
123.629 0.000153282
121.751 0.000149322
122.31 0.000150011
122.911 0.000140129
127.089 0.000143578
121.92 7.17294e-05
126.315 0.000151806
121.873 0.000168105
122.811 0.000154813
122.442 0.000174603
124.893 0.000148513
123.529 0.000154492
122.286 0.000151345
159.216 -0.000154722
124.559 0.000153558
121.651 1.82341e-06
125.16 0.000148103
122.718 0.0001503
120.542 0.000169193
115.514 2.44966e-05
128.137 -0.000156167
124.169 0.000167625
123.704 0.000162529
125.568 0.000151044
117.135 0.000152511
122.591 0.000128723
125.504 0.000152606
125.506 0.000149136
121.313 0.000152419
124.583 0.00015327
123.597 0.000149767
125.178 0.000171515
125.991 0.000150676
118.573 0.000150612
124.602 0.000153884
126.094 0.000160748
126.032 0.000143922
122.902 0.000165046
125.223 0.000161232
123.57 0.000151549
127.352 0.000147375
124.48 0.00015206
123.481 0.000199504
122.802 0.00015187
125.695 0.000151992
122.67 -0.000156349
124.97 0.000140643
138.165 -0.000173227
123.277 0.000140947
122.578 0.000150549
115.617 0.000168192
122.615 0.000156469
119.549 0.000152239
124.577 0.000159454
128.721 0.000152978
125.68 0.000146623
126.723 0.000156509
123.772 4.5179e-05
126.135 0.000153598
126.357 0.000156938
125.419 0.000167868
125.865 0.000154995
124.451 0.000161585
125.324 0.000168032
122.772 0.000172851
125.604 0.000150861
118.965 0.00015132
126.84 0.000115143
127.472 0.000166541
125.33 0.00012907
124.151 0.000156603
124.049 0.000154716
122.864 0.000149245
124.077 0.000150899
124.44 0.000149381
126.069 0.000153872
166.563 0.000151001
121.487 0.000151499
115.24 7.2722e-06
123.487 0.000153607
128.097 0.000164195
124.331 0.000148244
120.638 0.000162006
123.777 0.000148554
122.196 0.000136354
122.449 0.000117846
127.284 0.000128962
122.114 0.000160816
156.931 0.000158032
120.185 0.000161804
124.959 0.000171274
126.3 0.000170469
145.241 0.000117124
117.977 0.000152228
125.218 0.000132429
124.936 3.34818e-05
123.116 0.000156916
123.057 0.000151518
123.827 0.000159968
124.72 0.000150551
126.601 1.65195e-05
125.981 0.000140735
124.025 0.000166943
126.839 0.000142057
127.804 0.000149615
124.328 0.000155003
125.774 0.00015242
144.42 0.000164198
156.67 0.000136388
140.665 0.000153038
124.727 0.000150397
124.669 0.000170216
131.007 0.000139538
123.277 0.000163516
115.432 -0.000141575
126.998 9.31262e-05
122.032 -0.000168603
126.843 0.000162121
119.622 0.000145756
126.669 0.000160291
126.875 0.00016188
127.374 0.000140055
123.697 0.000153082
125.499 0.000155494
128.317 1.62089e-05
124.803 0.000151221
124.236 3.62467e-07
124.922 0.000148271
123.612 0.000149006
125.761 0.000134421
125.639 0.000153379
128.176 0.00015016
126.368 0.000149279
125.856 0.000166144
119.949 0.00011762
151.639 0.000171627
124.281 0.000147589
121.076 0.000146164
124.108 0.000148674
125.746 0.000165838
121.501 0.000152747
126.673 1.61566e-05
123.461 0.000100138
123.27 0.000151217
126.577 0.000144905
120.65 0.000165455
120.898 0.000170051
125.567 0.000155646
126.403 0.00015186
121.631 0.000151666
124.263 0.000162946
124.857 -0.00014855
125.935 0.000150183
121.23 0.00014991
123.712 0.000121507
121.289 0.000155586
123.994 0.000136727
155.457 0.000165578
124.383 -0.000149748
123.688 0.000154621
129.07 0.00016107
125.241 0.000156083
126.304 0.000151894
123.89 0.000155091
136.902 0.000138299
121.027 0.000154264
125.552 0.000149648
122.592 0.000169671
121.629 0.000150297
119.853 0.00014724
120.435 0.000170374
123.728 0.000157467
120.109 0.000153035
129.965 0.000164293
126.235 0.0001589
125.183 0.000152694
121.939 0.000147043
124.775 0.000131168
125.616 0.000150111
120.397 0.000157591
128.222 0.000153452
125.751 6.58874e-05
124.045 4.42756e-06
128.364 3.26598e-05
123.034 0.000148332
115.538 0.0001538
126.201 0.000173959
125.131 0.000165899
126.182 0.000140565
123.944 0.0001491
122.784 0.000155817
123.981 0.000169227
125.091 0.000140752
119.544 0.000139117
117.983 0.000170518
122.557 4.44617e-05
125.275 0.000171018
115.232 -1.09446e-05
123.528 0.000152299
139.259 0.000161038
138.818 0.000157736
120.724 0.000140246
119.883 0.000170185
122.018 0.000162924
125.756 0.0001582
122.634 0.000166124
160.065 0.000143775
161.241 0.000156773
123.642 0.000151748
124.667 0.000146665
122.283 0.000160301
117.867 0.000149861
149.369 0.000144579
124.136 1.13437e-05
125.137 0.00015161
126.919 7.25671e-06
126.193 0.000170505
129.797 0.000152885
119.57 0.000149585
119.994 6.56112e-07
120.397 0.000172442
124.434 0.000139282
130.643 0.000156129
123.899 0.000171367
126.801 0.000165287
123.171 0.000147136
123.965 0.000149504
125.686 0.000149049
125.002 0.000155395
119.045 3.2385e-05
124.788 0.000174852
118.059 0.000151529
124.788 0.000162135
123.236 0.000149827
125.041 0.000160422
125.516 0.000148329
125.02 0.000150731
124.399 0.00013973
123.957 -0.000151657
164.336 0.00015058
124.597 0.000152545
124.044 0.000168816
