124.652 0.000638444
125.512 0.00069462
123.598 0.000674464
123.626 0.000630181
124.39 0.000693012
122.964 0.000688197
123.678 0.0006454
124.357 0.000655382
125.981 0.00061399
116.073 0.000712752
123.811 0.000704709
125.148 0.000612437
126.071 0.00024316
122.154 0.000237948
124.705 0.000632092
124.167 0.000617703
126.872 0.000619636
125.333 0.000712951
122.204 0.000648867
124.357 0.000694528
126.675 0.000663734
126.088 0.000614742
126.795 0.00071377
124.502 0.000706285
126.547 0.000631926
125.736 0.000636722
124.558 0.000644932
126.549 0.000652621
126.803 0.000655902
122.723 0.000621186
123.203 0.000616962
121.073 0.000632902
121.16 0.000643737
122.198 0.000682319
122.384 0.000681633
125.873 0.000660394
123.682 0.000537586
124.493 0.000660872
123.375 0.000624345
123.726 0.000620992
125.279 0.000646579
121.807 0.000669279
122.85 0.00062813
124.404 0.000707801
123.022 0.000629792
125.072 0.00062591
124.916 0.000655342
127.686 6.78746e-05
122.753 0.0007126
118.489 0.000670313
125.438 0.00024009
126.145 0.000628604
122.366 0.000599481
124.289 0.000620291
125.056 0.000629797
