168.879 0.000245395
161.936 0.000224509
117.124 0.000250802
166.408 0.000217989
115.687 0.000254835
120.496 0.000226115
139.757 0.000234899
120.531 3.29738e-05
122.212 0.000225305
124.133 0.000204192
142.291 0.000219448
147.365 0.000190348
123.17 0.000223584
115.174 0.000214202
118.253 0.000222686
132.134 0.00022536
120.5 0.000226245
121.378 0.000246139
151.066 0.000215178
117.71 0.000211485
118.633 0.000215667
133.061 0.000232753
166.431 0.000250002
120.207 3.38327e-05
153.419 0.000216574
125.099 4.75706e-05
141.75 0.000238262
121.147 0.000229991
164.136 0.00027133
118.749 0.00021572
120.585 0.000238304
115.641 0.000246693
119.401 0.000214392
148.572 0.000247568
122.153 0.00022309
120.869 0.000221679
139.998 0.000249334
121.586 6.46044e-05
124.293 0.000247638
121.77 0.000236092
165.853 0.00022014
134.728 0.000237845
169.834 0.000216813
160.191 0.000223364
120.907 0.000217835
118.647 0.000223195
149.972 0.000247912
123.904 0.000214826
159.317 0.000224896
120.701 0.000234902
145.903 0.000229038
115.955 2.2028e-05
118.683 0.000199792
119.889 0.000222083
120.577 0.000214909
138.234 0.00023454
120.092 0.000243593
119.939 4.74477e-05
148.208 0.000201142
121.912 0.000221041
122.882 5.929e-05
147.221 0.000220005
120.934 0.000221502
118.463 0.000220303
117.21 0.00024887
115.423 0.000215042
120.176 0.000208774
149.479 0.000248883
120.022 0.000213313
162.221 2.43818e-05
116.711 3.36815e-05
120.719 0.000252356
118.37 0.000214773
169.517 0.000225408
122.894 0.000235312
122.287 0.000245728
118.441 0.000242344
