121.155 0.00100285
122.564 0.000982884
116.026 0.000264198
124.103 0.000893794
122.616 7.2704e-05
118.307 0.00101766
119.837 0.000955803
119.979 0.000989224
121.701 0.00101699
119.084 0.000984505
115.203 0.000980884
120.237 0.000956245
118.082 0.000990197
119.607 0.000811579
118.205 0.000884379
120.712 0.000875116
115.051 6.80321e-05
122.519 0.000986243
117.11 0.000906271
117.825 0.000989431
117.729 0.000918067
122.531 0.000272625
116.477 0.00104852
115.535 9.62949e-05
119.937 0.000977546
119.99 0.000107082
119.18 0.00109889
116.136 0.000974886
120.81 0.000953829
117.886 0.000960916
117.606 0.00010315
117.859 0.000451639
120.576 0.00107181
123.569 0.00097478
116.827 0.000956929
119.034 0.00106839
118.141 0.000976639
121.365 0.000914321
118.124 0.00100422
118.877 0.000143652
115.209 0.000909235
119.167 0.000978392
120.609 0.000822318
116.398 0.00109463
115.067 0.00101421
119.584 0.00107907
119.324 0.000929616
118.961 0.000996699
118.87 0.00107758
118.709 0.000943391
121.46 0.000981386
119.629 6.66622e-06
122.702 0.000738909
117.672 0.00104068
119.454 0.00107323
120.041 0.00108532
117.047 1.91327e-05
116.449 0.000938088
117.059 0.000984877
119.371 0.0010037
119.609 0.000928552
121.189 0.00108393
121.64 0.000345288
121.204 2.88114e-05
120.256 0.000970496
120.381 0.00103858
119.149 0.000986639
122.37 0.000960346
115.679 0.000964518
118.734 0.000948216
124.196 0.0010635
121.593 0.00100452
121.847 0.0010645
115.602 0.000937057
119.916 0.000951267
120.656 0.00100113
128.241 0.000212232
116.908 0.000993321
115.376 0.000959347
118.609 0.00107814
118.327 0.000941256
120.331 0.000955966
118.89 0.00106197
117.338 0.000830353
119.891 0.00098054
116.887 0.000955602
121.005 0.000983554
117.193 0.00102884
119.153 0.00098998
119.747 0.000963504
117 0.00109036
120.73 0.00109004
115.302 0.000938133
118.471 0.000989026
119.37 0.000947754
119.56 0.00101854
122.157 0.00111898
118.609 0.000955796
117.305 0.000961576
119.43 0.00095271
122.375 1.90354e-05
118.71 0.000970034
120.915 0.000954155
121.846 0.000949999
120.221 0.000985242
118.635 0.000898537
115.09 0.000947593
119.08 0.000983679
120.258 0.000956035
116.341 0.00105297
121.589 0.000985168
118.311 0.000897729
116.556 0.00103029
122.021 0.000375883
119.645 0.00105925
117.171 4.80839e-05
119.847 0.00108412
122.75 0.000952417
119.192 0.000910971
119.226 4.03942e-06
121.957 0.000981591
119.693 0.000638798
119.204 6.80241e-05
121.405 0.00093609
118.931 0.00110477
119.884 0.000958035
120.129 0.000932377
122.087 0.000916998
123.553 0.000999822
119.052 0.00109118
118.936 0.000938935
122.33 0.000951314
116.533 0.000917362
119.608 0.00102248
115.635 0.000985357
121.677 0.0010783
122.037 0.00108743
119.613 0.000922233
119.973 0.000957687
118.784 0.00108581
119.733 0.000749022
120.39 0.000954234
120.392 0.00101108
117.631 0.000912734
120.669 0.00095186
121.955 0.000983158
122.127 0.000984866
123.28 0.000982779
117.393 1.78031e-05
119.891 0.00096257
117.576 0.00092693
123.767 0.00117492
121.377 0.00054935
120.621 0.00109437
116.477 0.000942422
118.894 0.000947921
120.014 0.0010984
120.172 0.00100214
118.814 0.000976254
120.854 0.000952692
119.585 0.00112394
117.891 0.00111814
122.051 0.000985695
120.78 0.000932203
117.19 0.00110179
124.99 0.00110579
122.008 0.000919393
118.966 0.00111258
119.868 0.000954466
116.573 0.00095292
121.441 0.00106156
117.038 0.000946366
119.798 0.00101139
119.022 0.000739188
116.174 0.00107543
116.613 0.000371219
123.426 0.000989153
120.362 0.000365905
119.966 0.000921639
116.97 0.000547802
120.368 0.000972615
121.072 0.000839066
122.196 0.00114569
118.817 0.000595915
121.02 0.000955356
118.991 0.000969921
116.959 0.0010869
117.363 0.000960593
120.038 0.000958965
120.976 0.000937055
120.461 0.00110269
119.045 0.00103277
121.117 0.000531577
120.227 0.00096916
120.015 0.00010421
115.627 0.000902398
119.545 0.000979751
117.128 0.00104424
123.127 0.00074312
118.926 0.000670329
119.851 0.000962434
116.878 0.000995974
121.317 0.00108735
120.136 0.000892315
115.116 0.0010093
116.773 0.0010656
115.318 0.00106248
119.09 0.000948694
122.987 0.000938723
117.478 0.000979731
123.718 0.000925415
118.283 0.000939722
120.572 0.00113729
122.216 0.000374474
119.032 0.000998204
119.923 0.000459481
117.491 0.00107739
119.125 0.00100003
119.696 0.000952575
116.978 0.00111255
122.383 0.000957062
118.418 0.00106141
122.5 0.00100559
118.799 0.000981285
117.795 0.00098435
119.346 0.00104396
120.699 0.000204568
117.819 0.00101172
116.989 0.000968039
120.702 0.00109941
118.996 0.00102482
118.317 0.00090515
118.324 0.00109816
115.609 0.00105648
118.209 0.00110177
118.261 0.000909733
116.99 0.00103856
119.817 0.000982494
120.671 0.00104737
115.859 0.000944131
117.958 0.000982811
119.384 0.00112086
123.992 0.00108592
120.564 0.000282306
123.607 0.000992996
120.244 0.00090346
118.738 0.000969934
118.203 0.000955065
120.739 0.00094277
115.638 0.000957024
116.586 0.00097881
117.99 0.00107583
115.847 0.00098905
122.642 0.00108402
121.248 0.000949829
115.699 0.00107662
117.43 0.00109273
117.544 0.00108132
118.904 0.00102776
116.811 0.000952144
120.135 0.0010113
119.799 0.000948065
119.105 0.000881791
122.136 0.00104986
118.702 0.000930745
116.265 0.000949308
119.239 0.000968308
119.86 0.000954499
118.952 0.000959943
121.588 0.000990946
117.338 0.00108798
123.416 0.000148578
119.154 0.00106629
121.294 0.000942749
115.902 0.000942154
118.529 0.00103249
119.59 0.000941698
120.241 0.000944031
126.137 0.00101722
117.87 0.00103164
117.373 0.000952258
120.337 0.00106482
118.764 0.000274622
116.305 0.00101155
120.061 0.0010286
117.667 0.000944366
119.35 0.000954302
122.468 0.000919682
117.883 0.000103391
120.02 0.000980079
122.408 0.000972696
122.568 0.00099498
119.524 0.000961654
119.219 0.00098744
121.655 0.000978232
120.827 0.000991586
121.356 0.00100386
117.076 0.00103766
118.854 0.000952754
116.808 0.000898508
118.644 0.000995434
124.578 0.00101832
118.797 0.00104057
118.749 0.000988146
118.256 0.000970338
118.244 0.000986342
118.549 0.000976234
119.583 0.000942436
118.886 0.000917322
122.035 0.000940869
117.095 0.00099974
122.204 6.96478e-05
116.335 0.000983461
123.58 0.000888936
120.42 0.00093463
119.824 0.000885614
115.646 0.00107076
119.882 0.00109869
118.289 0.00099296
116.107 0.00103967
119.898 0.00094847
118.009 0.000147131
117.818 0.000923051
116.486 0.000892244
121.525 0.000945536
115.664 0.00100467
118.04 0.000979521
124.213 0.0010399
118.187 0.00082947
121.113 0.00096588
122.887 0.000828148
117.977 0.00112724
122.173 2.7409e-05
119.508 0.00106076
118.761 0.000962604
118.457 0.000970805
119.551 0.00107881
118.337 0.000966294
116.786 0.000941734
117.715 0.000950615
118.42 0.000957581
119.097 0.000926941
118.658 0.00109701
118.844 0.00108591
120.786 0.00104171
120.365 0.00109282
116.81 0.00097673
119.893 0.000968062
121.33 0.000709464
122.293 0.00100887
120.722 0.000980957
118.326 0.000942325
121.747 0.000984866
118.771 0.00100959
125.86 0.000941762
116.867 0.00104467
119.415 0.000879636
120.683 0.000982099
117.829 0.000967687
121.519 0.00100248
120.504 0.00107373
118.939 0.000103696
143.908 0.00095572
118.348 0.000972081
115.736 0.000962594
120.069 0.000738869
117.984 0.000814073
122.441 0.00108062
118.517 0.000949094
121.149 0.00095443
119.776 0.000982226
123.409 0.00100508
120.193 2.36729e-06
118.468 0.000988252
118.657 0.000946285
122.593 0.000939376
118.865 0.000975733
118.501 0.00102183
121.047 0.000951267
119.372 0.00103405
119.809 0.000982985
122.766 0.000992389
121.532 0.00110385
120.688 0.00107911
119.823 0.00105186
119.197 0.000992942
118.142 0.000958486
116.109 0.000961488
118.982 3.90057e-06
118.89 0.000958548
118.877 0.000962086
115.306 0.00108845
119.342 0.000938507
120.728 0.00100583
117.211 0.00100425
121.095 0.00106889
119.238 0.000940934
119.132 0.000965547
120.005 0.000992697
117.854 0.00100857
116.043 0.000474495
120.725 0.000955625
119.118 0.00100936
118.799 0.000962493
120.436 0.000916589
119.952 6.94623e-05
116.283 0.000795138
116.602 0.00103483
118.167 4.41585e-05
118.233 0.000983047
121.128 0.00103607
115.876 0.000814041
116.946 0.00094657
121.646 0.000920925
118.814 0.00100304
121.827 0.000982274
118.885 0.000987469
119.452 0.000885149
117.775 0.0010862
121.75 0.00101386
118.766 0.00101138
119.536 0.00132704
117.996 0.000916607
120.056 0.000941609
116.599 0.00106909
117.19 0.000999282
120.488 0.000939382
122.093 0.000954165
116.871 0.000932713
118.044 0.00096139
119.63 0.000988006
123.242 7.04606e-05
117.415 0.000991997
122.609 0.000985849
118.169 0.00112477
116.402 0.000944853
121.312 0.0010921
118.954 0.00101378
116.893 0.00112363
121.143 0.000456296
121.609 0.000279412
115.523 0.000979434
118.13 0.000966544
118.818 0.00099414
122.061 0.00098307
117.609 0.00109643
117.924 0.000777595
120.292 0.00094271
118.916 0.00109689
119.315 0.000926884
119.271 0.000950316
117.815 0.00106703
120.764 0.00109995
118.756 0.000653676
117.468 0.000672514
120.802 0.000954054
116.92 0.000979501
119.338 0.000947814
118.157 0.000973872
124.321 0.000950393
120.407 0.00107432
119.241 0.000149386
115.976 0.000995554
122.934 0.00105888
118.301 0.00100527
117.85 0.000951241
118.258 0.000988052
123.859 0.000961315
122.788 0.00107513
121.596 0.00095736
122.735 0.000953476
119.355 0.0011262
121.238 0.00115874
123.29 0.000995532
119.382 0.00108798
116.261 0.00097058
115.986 0.00103319
119.345 0.00104212
123.134 0.000997687
120.214 0.000980832
119.534 0.000977415
122.046 0.000952903
121.794 0.00103009
119.141 0.000996144
121.051 0.00102348
117.257 0.000934039
120.397 0.0009512
123.224 6.59501e-06
123.556 0.000983912
119.489 0.000970421
116.116 0.000930616
119.384 0.000986636
120.903 0.00102814
116.975 0.00105317
116.039 3.77195e-06
118.574 0.000565682
118.69 0.000930756
116.721 0.000960145
117.219 0.00104875
122.478 0.000959815
115.923 0.000941513
118.583 0.000971682
118.419 0.00109413
118.494 0.000963729
120.983 0.000937952
117.247 0.00105125
120.815 0.0010017
118.595 0.000282085
118.77 0.00110226
118.871 0.000823739
117.618 0.00111329
118.443 0.000150004
120.382 0.000750581
116.595 0.000957028
122.021 0.00094499
119.383 0.000958807
118.058 0.0008612
118.562 0.00101779
122.155 0.000857497
117.991 0.000949369
120.441 0.000378004
120.261 0.000996184
120.187 0.00108474
126.797 0.000132312
121.09 0.000950266
119.528 0.00100338
116.111 0.000991805
117.812 0.00103277
118.182 0.000925627
117.574 0.000969049
117.053 0.000974155
119.719 0.000365227
116.833 0.000960782
118.973 0.000945552
120.219 0.00105254
117.495 0.000986604
122.241 0.00100067
120.04 0.000941484
116.022 0.000941008
117.132 0.000942703
118.52 0.000981681
117.311 0.00107786
116.616 0.00101331
118.474 0.000950679
120.499 0.00093665
120.721 0.00095547
118.573 0.000990857
119.611 0.00106121
121.124 0.000943999
117.108 0.000989603
117.487 0.000975529
118.259 0.000966918
120.523 0.000914737
116.236 0.000956645
120.182 0.00100498
118.207 0.00102522
121.477 0.000869268
118.106 0.000955732
121.335 0.000977087
118.245 0.000945372
118.495 0.00101501
118.105 0.00101252
120.029 0.00092536
118.602 0.000979703
120.693 0.000947754
119.898 0.000938507
118.125 0.00108297
121.502 2.95054e-05
118.458 0.000961237
118.823 0.000287238
119.751 0.000907532
117.861 0.000963942
120.028 0.000932263
120.375 0.00113318
118.429 4.6612e-05
120.794 0.000888579
118.935 0.000950391
115.342 0.00108042
120.115 0.00110125
122.817 0.000876846
120.767 0.00099048
119.051 0.000941986
116.949 0.000973847
117.703 0.0010789
124.05 0.000954201
119.681 0.000948524
118.961 0.000985493
115.463 0.00100206
117.738 0.00103258
121.571 0.00099052
117.279 0.000451532
119.413 0.000995557
115.504 0.000995009
117.896 0.000958521
121.71 0.000860928
124.281 0.00101034
121.927 0.000972635
116.181 0.00101289
122.047 0.000899586
119.484 0.000949015
121.062 0.00105107
117.589 2.84298e-05
122.262 0.00097188
116.58 0.00109916
118.727 0.00101094
117.461 0.000983263
117.873 0.000970956
118.831 0.000987306
118.054 0.000959938
118.595 0.000967901
118.099 0.00105238
122.332 0.000969891
117.924 0.000639656
119.585 0.00102242
116.532 0.000952867
119.543 0.000959613
120.013 0.00098569
118.581 0.000971082
121.196 0.00109385
120.999 0.000977454
119.316 0.000953634
120.755 0.000937855
116.36 0.00104703
121.421 0.000100743
122.272 0.00111592
117.964 0.000914222
119.764 0.00111882
119.426 0.00108177
116.859 0.000880807
119.399 0.000946609
117.808 0.00108494
116.437 0.00098703
118.239 0.000977179
115.357 0.000972528
121.894 0.000985889
117.621 0.00101576
119.588 0.00107947
123.866 0.000550208
122.591 0.000983808
118.966 0.00096008
123.647 0.000976932
120.675 0.00105987
120.738 0.000996369
120.935 0.00100589
118.845 0.00092052
125.517 0.0008303
121.246 0.000929938
120.522 0.00108192
118.14 0.000289543
117.65 0.000558745
119.941 0.000964231
122.199 0.000987395
117.68 0.000877818
121.031 0.000698978
119.43 0.00109176
119.738 0.000897603
117.865 0.000997401
118.056 0.000665703
119.733 0.00100306
115.989 0.000738283
120.597 0.0011144
118.27 0.00108794
120.87 0.000566036
123.31 0.000965604
120.513 0.00105707
115.063 0.000945792
119.541 0.0009709
116.536 0.00102687
119.487 0.000972237
119.252 0.00110647
117.105 0.000944891
117.92 0.00095756
122.034 0.000890818
120.401 0.00106429
119.305 0.00106267
123.964 0.000988489
119.406 4.35296e-05
119.976 0.00108682
115.292 0.00105539
121.007 0.000884988
122.746 0.000422626
120.773 0.000959856
120.762 0.00100403
118.941 0.000970347
121.819 0.00109002
135.247 0.000987579
116.433 0.00096582
119.314 0.000989695
119.053 0.000963503
120.197 0.00104251
119.95 0.000952223
116.221 0.00092597
115.419 0.000879214
116.415 0.0011058
119.558 0.000967257
119.307 0.00111869
121.101 0.000763099
119.199 0.000947279
119.691 0.000948163
118.61 0.000961775
117.119 0.00100821
115.168 0.000930389
120.255 0.0010144
117.389 0.0010023
121.036 0.000981491
119.54 0.000943194
119.056 0.000916189
120.852 0.00108564
117.861 0.000954505
118.77 0.00106993
118.968 0.000933993
117.61 0.000964139
123.729 0.00108928
122.1 0.000979608
120.284 0.0010524
120.123 0.000953069
121.577 0.00105115
116.753 0.00108479
118.625 0.000975545
118.68 0.000995734
115.08 0.000946676
117.205 0.00104491
116.44 0.00106185
120.738 0.00103728
119.364 0.000949162
121.838 0.000273426
120.538 0.000871168
117.175 0.00109216
118.845 0.000971725
120.266 0.000993866
116.081 0.00109024
120.436 0.0010579
116.903 0.0010366
117.739 0.000649915
120.899 0.000980184
119.066 0.000905468
118.378 0.000880363
116.369 0.00105882
116.876 0.00094786
124.947 0.00104035
118.685 0.000905852
118.069 0.000949786
116.517 0.00100317
118.56 0.000938709
117.312 0.000700095
118.553 0.000945754
118.779 0.000962811
117.687 0.00105479
115.767 0.000940857
121.835 0.000979193
119.053 0.0010626
116.609 0.00102883
115.597 0.000943305
120.773 0.00109817
122.635 0.00100818
118.831 0.00108426
118.235 0.000996642
115.845 0.000963913
121.503 0.00101631
116.573 0.000977435
120.181 0.00087758
119.088 0.000662267
118.046 0.000958259
121.184 0.000964942
122.726 0.000977289
117.651 0.000850955
119.506 0.00108986
118.84 0.000977304
122.15 0.000984238
121.55 0.000961551
120.135 0.000946239
119.916 0.000945985
118.863 0.000915242
121.456 0.00104191
120.716 0.000949612
119.746 0.00100316
120.317 0.00107539
123.545 0.000959768
118.949 0.000948278
119.645 0.00036525
119.652 0.00102106
116.154 0.000991845
118.173 0.00106849
119.244 0.000104395
120.21 0.00109511
121.582 0.000734345
122.446 0.00086414
116.696 0.000979366
118.615 0.00108765
120.128 0.00109111
117.55 0.000955297
119.861 0.00103405
119.109 0.00109111
121.932 0.00114572
117.024 0.000824351
115.048 0.00092231
118.684 0.000456476
120.092 0.000459594
118.923 0.000973149
123.345 1.85448e-05
123.337 0.000933067
119.183 0.0010581
119.309 0.000515828
115.406 0.0010134
121.127 0.00102336
121.23 0.000998761
119.857 0.000918875
120.062 0.00100432
120.666 0.000855474
124.596 0.000938786
122.558 0.00110217
119.084 0.0008256
120.028 0.00101608
115.033 0.00113692
117.502 0.000531178
116.944 0.00100401
117.891 0.000992093
119.942 0.000649828
119.109 0.00088326
115.131 0.00111662
121.971 0.00121897
119.42 0.000961855
122.153 0.000916299
122.315 0.00108324
124.33 0.000954952
119.384 0.00091646
119.511 0.000985737
118.493 0.000995312
119.518 0.000958167
115.683 0.00102039
120.098 0.000893952
124.599 0.00109
116.897 0.000936064
118.525 0.00110076
119.946 0.00100257
119.742 6.72466e-06
119.883 0.00094627
117.92 0.0011568
119.598 0.000983955
121.376 0.000978034
120.802 0.00099285
119.072 0.000908437
119.953 0.00109366
122.79 0.000983277
121.134 0.000952097
121.141 0.000959314
115.921 0.000993201
122.632 0.00108593
118.508 0.000987084
124.49 0.00099494
116.543 0.000957638
123.005 0.000972615
121.476 0.000997946
119.92 0.000731936
120.297 0.000938341
116.103 0.000944227
122.215 0.000837898
116.766 0.000948708
118.592 0.000966771
123.158 0.000956945
117.199 0.000965208
118.307 0.00099395
116.314 0.00102605
115.21 0.000524304
117.502 0.000987906
118.276 0.000990111
115.063 0.00104876
120.769 0.000553674
119.237 0.00104703
121.509 0.000953776
117.954 0.000839598
117.34 0.00108136
117.669 0.000971992
118.601 0.000977874
118.223 0.000972206
120.848 0.0006669
118.307 0.000982199
118.268 0.00109145
119.764 0.00107289
119.213 0.00104884
115.261 0.000996996
121.222 0.000912878
116.795 0.000952199
119.786 0.000382156
118.824 0.000202966
120.189 0.00096609
120.23 0.00102824
117.201 0.000967126
119.933 0.00090664
117.863 0.00106872
123.382 0.000366411
117.825 0.000889393
122.904 0.000984611
119.741 0.00094955
120.899 0.00101824
120.119 0.000962211
120.49 0.000365395
118.435 0.000997335
122.907 0.00094692
121.792 0.00100249
120.693 0.00106446
118.494 0.000984501
123.124 9.38967e-05
119.525 0.000972601
115.551 0.00114877
116.431 0.00103782
121.538 0.0010762
118.905 0.000979368
119.674 0.00100577
123.824 0.00110967
116.223 0.000974089
121.401 0.000963198
123.135 0.00097298
116.486 0.00092985
119.065 0.000363773
118.138 0.00109184
120.586 0.000469742
118.639 0.000970541
122.291 0.000973439
121.217 0.000981249
120.065 0.000996578
118.763 0.000967331
123.594 0.000950421
121.828 0.000958025
120.338 0.00102786
121.078 0.000977803
117.343 0.00015156
120.538 0.000442018
119.337 0.00109555
117.078 0.00105864
123.623 0.0010033
119.273 0.000846089
118.85 0.0010461
118.399 0.000205389
120.808 0.00102216
115.548 0.000409016
121.265 0.000852913
119.674 0.000991104
120.913 0.000926026
118.491 0.000900926
120.751 0.00108981
117.151 0.000921719
115.703 0.000825374
119.006 0.00109954
116.455 0.000933561
119.508 0.000893922
118.076 6.08535e-07
115.388 0.00101358
123.948 0.000938874
118.423 0.000970824
123.519 0.000994877
119.907 0.000923669
118.39 0.00113571
115.835 0.000950325
115.532 0.000902691
122.788 0.000978773
118.86 0.000888557
123.063 0.00106285
115.227 0.000998511
121.199 0.000949794
119.501 0.00101692
118.881 0.00105191
119.488 0.000885929
120.403 0.000923891
118.373 0.000282569
121.048 0.00109781
118.923 0.000461872
120.024 0.000960363
124.201 0.000994625
116.998 3.92337e-06
118.516 0.000104235
119.591 0.000755079
119.785 0.00100619
117.898 0.000368008
119.717 0.000960749
118.184 0.000941936
121.367 0.000983111
121.668 0.000978485
119.945 0.000970713
118.461 0.0010286
123.307 0.000955722
122.72 0.00100446
122.007 0.000956036
120.41 0.000948503
120.49 0.000924884
119.711 0.00102067
117.624 0.00102372
118.561 0.0010054
117.624 0.00098931
120.505 0.0010313
120.55 0.000962363
120.041 0.00108244
115.932 0.000974971
124.014 0.000991629
119.748 0.000980723
118.674 0.000942333
120.785 0.000973786
120.234 0.00101775
121.909 0.000892512
119.217 0.00107828
117.14 0.000881135
121.312 0.00100148
117.806 0.000987725
116.353 0.00094867
116.499 0.000984902
120.637 0.000939815
121.139 0.000957821
121.316 0.000153322
116.816 0.00108384
115.713 0.000666093
115.467 0.00103044
120.85 0.000980781
119.52 0.000649951
120.846 0.00110515
121.303 0.000896219
117.365 0.00107807
122.452 0.00114296
122.78 0.000648008
122.024 0.00100644
116.834 0.000641742
119.78 0.00109081
117.883 0.000949217
115.839 0.000979046
120.966 0.000805813
115.299 0.000941299
115.055 0.000906491
116.898 0.000988896
117.571 0.000972679
120.08 0.000953586
121.217 0.00101791
122.822 0.000974305
122.26 0.00107422
118.864 0.000941293
120.848 0.00108365
115.786 1.87921e-05
117.111 0.00105036
119.633 0.000971878
120.043 0.00106597
117.506 0.000958454
119.389 0.000972085
121.397 0.000813121
119.845 0.000984234
119.588 0.000951558
117.665 0.000768762
121.442 0.000580757
121.595 0.000146451
121.244 0.000863858
121.833 0.00113624
117.258 0.00103069
118.607 0.000102272
119.289 0.0010023
117.766 0.000955083
117.062 0.0010838
121.478 0.00110256
123.237 0.00101944
118.78 0.00104871
118.205 0.000990197
122.541 0.000292018
119.119 0.00101861
118.453 0.000825138
118.865 0.00106603
120.434 0.000946913
121.774 0.00103405
119.797 0.0009742
118.918 0.000963113
121.306 0.0009597
115.5 0.000975818
120.576 4.591e-05
118.858 0.00107484
120.834 0.000987458
120.192 0.000148237
119.213 0.00107737
120.079 0.000953889
118.426 0.000743259
116.405 0.00091786
121.269 0.000955039
118.193 0.000838183
123.688 0.00103545
119.944 0.000983379
118.66 0.00106556
119.774 0.000976455
119.148 0.000453128
119.177 0.000946258
118.584 0.00107962
120.663 0.000949495
119.29 0.000903493
120.07 0.00099178
117.3 0.000976074
119.353 0.000943626
122.014 0.000922361
118.652 0.000874072
119.933 0.00097673
117.668 0.00110468
117.975 0.000976179
115.794 0.000379826
119.757 0.000806714
119.916 0.000968839
117.497 0.00108405
120.402 0.000982037
119.828 0.00102793
119.503 0.00100044
118.574 0.00111517
116.493 0.000927841
118.972 0.000897484
119.45 0.00106425
117.352 0.000948691
117.156 0.000960257
122.443 0.000424564
120.276 0.00100153
118.035 0.000951909
119.265 0.00101009
116.769 0.000941212
115.692 0.000963108
119.396 0.000938692
115.599 0.0011316
119.446 0.000899302
120.19 0.00107045
117.541 0.00112864
120.467 0.000896363
117.631 0.00100761
120.13 0.00106013
122.183 0.000989899
118.954 0.000973869
115.5 0.00108039
118.511 0.000920316
115.743 0.000984738
119.553 0.00107412
119.377 0.000987462
120.657 0.000984028
117.561 0.00100357
120.848 0.00098031
118.773 0.000580015
119.708 1.39715e-06
116.892 0.00112921
115.017 0.00100297
119.047 0.000895131
122.36 0.000963268
119.035 0.000946331
122.761 0.000438071
118.471 0.000965501
117.943 0.000944952
119.97 0.000954737
118.858 0.00106955
115.578 0.000951314
120.605 0.0011088
124.006 0.000206752
119.578 0.000907716
116.466 0.000964737
118.762 0.000958356
119.169 0.00109028
122.027 0.000977517
118.52 0.0009959
120.651 0.000997447
119.653 0.000894504
117.661 0.000988167
116.661 0.000939234
119.898 0.00088966
119.664 0.000752784
118.717 0.000873192
119.936 0.00101421
120.541 0.00106983
122.076 0.000999946
118.005 2.92879e-05
121.15 0.00103569
124.081 2.72583e-05
117.177 0.00087392
121.142 2.99973e-05
121.104 0.000978586
120.018 0.000981126
119.401 0.00108704
125.015 0.00108121
120.803 0.000971809
117.402 0.000988984
117.68 0.00109507
116.427 0.000760808
118.736 0.00107785
120.43 0.00100068
116.452 0.000952334
115.538 0.00106281
119.547 0.000102294
121.8 0.000557187
121.023 7.46546e-07
120.528 0.00028228
119.498 0.000958912
120.111 0.000957381
118.386 0.000983227
121 0.000902307
118.956 0.000942467
117.304 0.000918509
120.828 0.000896746
122.863 0.000952062
118.415 0.00097002
117.955 0.000640178
120.464 0.00102521
116.544 0.000954503
119.522 0.000933234
117.231 0.00106716
117.545 0.000958645
116.775 0.000953273
117.598 0.000818991
116.508 0.000961604
119.317 0.000978885
118.977 0.000366449
122.139 0.00099543
116.657 0.00102485
119.551 0.000958792
116.425 0.000991156
120.367 0.000358489
121.109 0.00109088
119.355 0.00110489
126.277 0.00101801
121.162 0.00102135
119.346 0.00108638
117.948 0.00105995
122.901 0.00107122
118.122 0.000961312
120.029 0.00100536
119.161 0.00102265
120.696 0.0010209
119.631 0.000490156
122.574 0.000968429
118.505 0.00112069
119.076 0.000893487
118.187 0.000826775
120.518 0.000840603
118.485 0.000781628
116.941 0.000964361
118.946 0.000906505
119.422 0.00105951
122.782 0.000950452
117.743 2.86965e-05
115.59 0.000858617
121.416 0.000994895
117.012 0.00098336
118.103 0.000981596
116.142 0.000923093
121.03 0.000897469
119.945 0.00110333
119.506 0.00101259
120.685 0.00087526
119.963 0.00109695
121.185 0.0011098
117.021 0.000926673
118.755 0.000968302
117.127 0.00101944
120.939 0.00116399
115.004 0.000949743
116.374 0.000984165
118.747 0.000907496
119.324 0.000980565
117.852 0.000995366
117.559 0.000957829
118.241 0.000943398
115.273 0.000962989
120.751 0.00100957
118.928 0.000984052
118.652 0.00103882
117.864 0.000898933
119.374 0.000977772
120.257 0.000962772
117.741 0.000975644
117.305 0.00106152
116.63 0.00102553
117.887 0.00093473
116.986 0.00099693
119.84 0.000953501
119.942 0.000801798
118.86 0.000944361
119.388 0.00100619
118.761 0.00111186
118.662 6.28326e-06
117.613 0.00095186
119.316 0.00102607
120.355 0.000895537
118.43 0.00107023
118.675 0.000953979
117.766 0.00101069
120.177 0.00100535
118.735 0.000939816
118.826 0.000886192
119.16 0.000967064
123.916 0.00102236
120.855 0.000956869
118.064 0.00107974
117.606 0.00111449
118.068 0.00114826
117.604 0.00107518
120.217 0.000965968
120.539 0.00102604
119.283 0.000960877
123.981 0.00102641
119.89 0.000957612
118.556 0.00106475
118.952 0.00108601
118.61 0.000947843
122.493 0.000946698
117.224 0.000988004
119.795 0.000872283
119.435 0.000947374
119.401 0.00097798
120.292 0.00104318
118.245 0.00104834
117.728 0.000961774
117.952 0.000531673
124.051 0.00102843
118.852 0.00106799
119.54 0.000890031
122.041 0.000819058
119.889 0.000279731
119.224 0.000944647
115.528 0.000995969
118.94 0.00107762
115.974 0.00104785
123.206 0.00100498
118.994 0.000944843
121.381 0.000964175
118.759 0.00110503
118.221 0.00096511
118.846 0.000963178
120.073 0.000891276
117.51 0.000712408
116.231 0.000971923
117.379 0.00103259
117.059 0.000861523
116.457 0.00100867
121.203 0.000819743
117.295 0.00100138
117.691 0.000972426
120.406 0.000970477
120.126 0.00108191
116.293 0.00102019
115.212 0.000975653
123.224 0.00089432
117.843 0.000969331
119.062 0.000941597
122.891 0.000737409
120.85 0.000977224
118.062 0.000993789
117.073 0.000951093
119.115 0.000997963
121.721 0.000990075
117.393 0.000425341
117.584 0.00096224
119.271 0.000964693
119.515 4.7608e-05
116.9 0.00098971
123.491 0.00103274
117.757 0.000932005
120.888 6.99007e-05
118.042 0.00103122
117.896 0.000987157
118.677 0.000965771
119.91 0.000954981
120.495 0.000969804
124.142 0.000925323
119.245 0.00096004
118.513 0.000962816
118.45 0.000971082
119.043 0.000829638
120.143 0.000741892
117.985 0.000948295
122.688 0.000955993
117.321 0.000953936
121.817 0.000973149
115.677 0.00101269
119.816 0.000941197
119.739 0.00102323
118.343 0.000857755
116.576 0.000947776
119.888 0.00095321
118.516 0.00101779
122.844 0.000934178
119.058 0.000969549
118.126 0.000989571
118.325 0.00107603
124.124 0.00097752
119.069 0.000943149
123.973 0.000966966
121.245 0.000968399
121.967 0.000957123
115.721 0.000934823
118.941 0.000950594
119.368 0.000964541
124.8 0.000947972
119.336 0.00107382
118.149 0.00109917
119.279 0.00107637
116.104 0.000961194
119.644 0.00115915
119.723 0.000972863
119.197 0.000960825
119.166 0.000838963
120.253 4.63137e-05
123.833 0.000955189
116.953 0.000922652
117.114 0.000956826
117.506 0.000975694
120.509 0.00108051
115.709 0.00110831
118.653 0.00109522
117.604 0.00093421
119.66 0.000976753
119.404 0.000975008
116.982 0.00113313
121.108 0.000195719
119.364 0.000988089
118.555 0.00096132
117.07 0.00105696
119.943 0.000410041
118.256 0.00107377
119.569 0.000955476
117.094 0.00102695
120.157 0.00100746
115.491 0.00100739
120.686 0.000280344
121.422 0.00101096
116.594 0.000913515
117.638 0.000954773
118.546 0.00101441
115.794 0.000363408
118.556 0.000973849
123.852 0.000961465
120.692 0.00108298
124.854 0.000875478
122.666 0.0010215
118.423 0.00095239
117.681 0.00102296
119.871 0.000951575
120.155 0.000965216
117.919 0.00102054
115.608 0.000984367
116.76 0.000991373
116.114 0.000922128
119.984 0.000983247
120.191 0.00095189
115.292 0.000914187
118.73 0.000933763
121.554 0.00105679
116.427 0.0010261
119.44 0.00112681
117.67 0.000949271
120.304 0.0009436
117.598 0.000985154
119.605 0.00102571
124.343 0.0010448
120.144 0.000876795
117.318 0.000637331
125.164 0.000937052
122.881 0.00105274
118.616 0.000991801
117.399 0.000987147
119.732 0.00112425
122.566 0.00103267
116.874 0.00106085
119.254 0.000984749
121.021 0.000977454
118.991 6.70533e-05
117.658 0.000995831
121.456 0.000971394
124.57 0.000991854
117.949 0.00106146
121.68 0.000892142
120.124 0.00109074
116.43 0.00103432
116.36 0.00109295
118.71 0.000980696
117.535 0.000989055
117.161 0.000973253
117.569 0.000893421
120.059 0.00109115
116.907 0.000949196
120.485 0.00108112
120.945 0.000627345
121.272 0.000979154
123.527 0.000962873
122.069 0.0010031
119.434 0.0010259
121.83 0.000713493
115.207 9.84512e-05
120.244 0.000952258
119.225 0.00108725
115.04 0.000990138
116.886 0.00101198
116.911 0.000968058
121.657 0.000957928
119.961 0.000887047
120.23 0.000962678
118.221 0.000954591
116.986 0.00111858
115.607 0.000931478
118.766 0.000929932
121.12 0.000973527
121.191 0.00102315
118.332 0.000968303
119.24 0.00106981
119.793 0.000992938
118.833 0.000989057
119.114 0.000956646
118.841 0.00104585
119.298 0.00100005
117.926 6.90878e-05
120.563 0.00103871
118.772 0.000957841
117.6 0.000974787
119.724 0.00100936
121.076 0.000954298
115.723 0.00109583
121.27 0.000980817
118.309 0.000927538
117.644 0.00109909
116.013 0.000996512
121.675 0.000818801
120.744 0.00101052
117.3 0.000941673
120.39 0.000989956
119.389 0.000925669
118.974 0.000951558
121.127 0.000957121
120.748 0.000949307
119.63 0.000841682
119.392 0.000992559
119.49 0.000460684
121.11 0.000976649
117.812 0.00097125
119.304 7.38915e-05
115.74 0.000971765
121.941 0.000968825
119.123 0.000976495
118.024 0.000979901
119.016 0.00101179
124.417 0.00107014
118.883 0.00103272
119.798 0.00106709
118.604 0.00100529
116.799 0.000146501
117.479 0.000100022
118.138 0.00108101
117.916 4.50545e-05
119.102 0.000968662
119.674 0.000940416
118.057 0.00109421
120.305 0.00112276
117.752 0.00105266
116.517 0.000550271
119.346 0.000971526
118.144 0.000953796
120.039 0.00090091
123.572 0.00105363
123.31 0.00134479
119.67 0.000947591
115.491 0.0010856
115.245 0.00109598
117.616 0.00093482
116.356 0.000985651
117.993 0.000147081
119.942 0.000970713
119.992 0.00108948
117.759 0.000202552
116.754 0.00110573
120.458 0.000965781
118.187 0.000964896
118.827 0.00102763
121.987 0.00101839
121.76 0.000842694
119.389 0.000987355
119.985 0.00104123
120.705 0.000549924
120.679 0.00110706
118.105 0.00113569
119.034 0.000952384
120.093 0.000937984
117.772 0.00108836
120.04 0.000978257
120.705 0.000984367
119.136 0.000147825
120.264 0.000989189
118.481 0.000966082
121.124 0.0010285
119.14 0.00096899
115.163 0.00103544
121.724 0.000911726
122.153 0.00100827
120.802 0.00101663
117.979 0.000962815
119.145 0.000844545
125.265 0.000895469
121.447 0.000972116
125.908 0.000900789
116.004 0.000935207
118.026 0.00105109
120.782 0.00106586
120.431 0.000950285
121.003 0.000962205
122.419 0.000348107
119.188 0.000927598
119.78 0.00100266
121.214 0.00106133
116.119 0.000960569
121.22 0.000961826
115.102 0.000904624
120.053 1.77296e-05
119.26 0.00090031
119.071 0.000955777
116.118 0.00091689
115.29 0.0009175
115.942 6.76043e-06
117.526 0.00108123
120.695 0.000941306
122.076 0.00108591
122.4 0.000981431
115.569 0.00104826
117.023 0.000957208
119.185 0.000976701
115.253 0.000962645
119.414 0.000944616
119.935 0.000958137
118.695 0.000147607
118.381 0.000925497
119.072 0.000901045
120.333 0.00100194
115.669 0.000959262
119.305 0.000737307
117.7 0.000906439
123.551 0.000966994
118.677 0.00080573
118.468 0.000553159
115.998 0.000953163
117.236 0.000981762
116.853 7.08877e-05
122.075 0.000737851
119.604 0.00108911
115.573 0.000905271
116.492 0.00113581
118.969 0.00108739
120.362 0.00101543
116.764 0.000285468
116.47 0.00109802
122.017 0.000990477
118.469 0.00103705
119.032 0.00102362
119.041 0.00107817
121.016 0.00112602
119.874 0.00101336
116.544 0.000999799
118.977 0.000279943
119.132 0.0010576
120.147 0.00102263
120.539 0.00110745
119.436 0.00108669
120.776 0.000960864
123.689 0.000890349
118.97 0.000960841
115.265 0.000944246
116.88 0.000999152
116.636 0.000973452
116.865 0.000940139
123.107 0.000982142
118.064 0.00097351
118.786 0.00105807
121.018 0.000870883
117.263 0.00097045
117.594 0.000966897
116.429 0.00104956
118.948 0.000953934
117.873 0.000900018
117.87 0.000867598
117.021 0.000739284
117.093 0.000962659
120.98 0.00106837
115.445 0.00101657
116.643 0.000210786
118.648 0.000982572
117.123 0.000984709
120.298 0.000979245
116.645 0.000992007
118.947 0.000962641
119.68 0.000937173
117.716 0.000910685
120.343 0.000972071
120.623 0.00107685
121.777 0.000968203
120.449 0.000943004
122.309 0.000962375
117.496 0.00106057
120.302 0.000975037
118.333 0.000976413
117.164 0.00109876
126.662 0.000929636
115.511 0.00101052
118.417 3.00835e-05
116.728 0.00110022
119.836 0.000978831
119.881 0.000964743
119.075 0.00108016
123.712 0.000955924
115.708 0.000935502
118.528 0.000987947
116.913 0.000959145
122.949 0.000961124
116.142 0.000653261
116.946 0.000944907
121.321 4.00788e-06
121.114 0.000963711
118.263 0.000955368
119.924 0.000678181
117.179 0.000953583
118.496 0.000951909
119.541 0.00105435
118.026 0.000943426
121.607 0.000886162
121.631 0.000934484
117.423 0.00100964
120.757 0.000970569
121.956 0.000875367
120.325 0.00103079
115.935 0.000953562
115.929 0.000845081
115.765 0.00104213
116.181 0.000883649
117.628 0.00108946
115.864 0.0010047
116.958 0.000957303
118.934 0.00103289
117.139 0.00102245
117.837 0.00103121
116.718 0.00065503
118.301 0.00109849
118.874 0.00109242
117.004 0.000963881
116.011 0.0006473
119.733 0.000924116
118.855 0.000964964
120.199 0.000998649
116.146 0.00098081
117.82 0.000962879
119.092 0.000957009
119.617 0.0010817
116.163 0.00102748
122.089 0.00100473
119.934 0.000692663
116.86 0.000859148
122.202 0.00109561
121.402 0.000965629
117.776 0.00100278
117.015 0.000929075
116.18 0.000955903
119.407 0.000888195
117.901 0.00109696
119.896 0.00102622
117.803 0.000953064
118.67 0.000106222
116.863 0.00110134
118.945 0.000961932
119.642 0.000982867
118.621 0.000962885
120.744 0.00107739
119.78 0.000963084
118.682 0.000964559
116.498 0.00107911
118.099 0.000955846
121.304 0.000991033
115.854 0.000942678
118.293 0.000953329
121.24 0.000858324
118.895 0.00100169
121.188 0.000951199
116.915 0.000999759
118.158 0.000996315
120.088 0.000973598
119.023 0.000947528
115.201 0.000898247
117.138 0.000939891
119.636 0.0010031
119.716 0.000923983
116.521 0.00108644
120.47 0.000960525
119.199 0.00105086
122.86 0.000939232
118.73 0.00107003
116.716 0.00083103
115.212 0.00107402
120.403 0.00111324
121.785 0.000878624
120.31 0.000983554
115.322 0.0002575
117.28 0.000999448
124.663 0.000977752
117.478 0.000983455
117.553 0.000738655
119.942 0.00094406
119.092 0.000954451
119.205 0.000926405
116.771 0.000958042
120.287 0.00100888
116.07 0.00094247
120.144 0.000330048
122.041 0.001017
118.714 0.000913547
122.583 4.7884e-05
121.025 0.000972851
117.663 0.000978805
116.187 0.00103758
122.058 0.00100802
120.517 0.000989522
121.228 0.000267895
120.338 0.000961658
119.4 0.000902112
122.542 0.000898321
120.321 0.00107067
120.098 0.000987016
121.038 0.00102998
117.683 0.000461399
117.943 0.000969916
117.696 0.000974426
116.675 0.000916567
120.825 0.000986326
117.99 0.000972381
121.592 0.000977227
118.793 0.00046897
121.764 0.000942961
115.483 0.000855471
117.073 0.00109876
122.92 0.000965353
121.919 0.000986276
121.487 0.00102628
119.129 0.00104358
121.549 0.00113718
120.939 0.000989909
117.144 0.000941944
116.109 0.00088689
120.585 0.000985351
117.495 0.000922376
120.068 0.00103376
116.942 0.00108097
116.362 0.000870628
119.684 0.00099709
117.715 0.00106347
122.048 0.00091336
118.81 0.00102219
121.615 0.00109943
117.633 0.00099546
119.743 0.000988491
121.413 0.00101206
117.128 0.000945393
118.075 0.00105248
120.377 0.000986072
118.463 0.00102299
121.21 0.00100058
120.391 0.000988401
119.881 0.000956773
117.556 0.000999086
115.537 0.00106071
119.629 0.000987882
119.195 0.00100984
116.82 0.000986833
119.42 0.00111862
120.061 8.63655e-05
119.977 0.000949916
118.8 0.000984183
115.017 0.000903054
118.489 0.00103193
120.297 0.000972615
119.879 0.000907516
123.793 0.000534193
120.19 0.000102867
116.008 0.00103323
120.492 0.000988849
122.176 0.000981715
125.637 0.000956368
117.445 0.00088555
117.487 0.000985592
120.664 0.000991164
118.674 0.000917578
121.105 0.000965803
120.303 0.00028568
118.626 0.00115965
122.294 0.000691347
121.698 0.000270727
119.329 0.000456725
122.18 0.00106523
121.257 0.000946241
121.194 0.00102662
117.074 0.000974374
115.699 0.00102236
119.396 0.00094831
119.947 0.00095319
119.815 0.000941708
116.55 0.00104872
116.521 0.000879466
121.203 0.000946235
119.806 0.000871673
121.609 0.00110095
118.503 0.000985821
118.564 0.000969655
121.497 0.000985677
118.632 0.00106228
119.498 0.000968499
117.373 0.000574889
119.406 0.000946588
119.046 0.000964382
122.856 0.000960825
120.735 0.000894054
117.815 0.00110482
118.315 0.0009436
122.771 0.0010682
125.498 0.000981461
120.158 0.00114232
121.792 0.000951481
124.875 0.000963035
116.815 0.000993467
120.335 0.000939248
117.48 0.000953471
120.307 0.000749632
117.566 0.00087292
118.319 0.0011027
119.421 0.00102386
118.4 0.00102503
119.091 0.000881605
116.443 0.000964305
122.529 0.000882318
121.118 0.000878694
115.01 0.00100833
120.086 0.0010792
117.76 0.000647588
119.116 0.000971082
119.856 0.000976538
118.424 0.000955534
118.913 0.000980015
117.915 0.000945801
121.142 0.000898083
115.966 0.000511719
118.67 0.000934623
120.807 0.000944689
118.266 0.00102351
121.725 0.000977195
118.954 0.00099016
117.596 0.00104442
122.029 0.0009673
119.152 0.00102923
117.25 0.000969248
117.908 0.00105024
121.389 0.00102219
119.254 2.86912e-05
120.238 0.000989439
118.195 0.000971032
120.75 0.00098379
119.197 0.00106348
118.022 0.00110987
117.366 0.000951224
123.638 0.000599562
121.323 0.000893488
120.328 0.000906061
117.12 0.000996753
115.059 0.000983951
117.915 0.00127904
117.601 0.000943341
118.182 0.00109457
118.959 0.00104046
129.67 0.00102509
120.287 0.00109044
118.426 0.000970118
117.781 0.0010376
120.854 0.000910136
118.014 0.000991546
117.971 0.000915661
119.66 0.000937061
123.048 0.000278318
120.687 0.00106606
120.609 0.000966539
120.965 0.000900629
117.263 0.000962502
117.377 0.000928597
118.566 0.000966188
122.789 0.000358552
116.075 0.000874152
116.551 0.000921572
121.999 0.000981297
116.477 0.00101176
119.66 0.000884505
120.791 4.57613e-05
119.867 0.000897754
118.461 0.000954487
120.254 0.00094413
118.928 0.000921281
117.855 0.000970346
119.68 0.00094692
122.195 0.000949983
117.179 0.000995143
120.215 0.000947175
120.567 0.000936978
119.392 0.000869316
117.092 0.00106048
116.143 0.00104895
118.436 0.000944895
119.804 0.000972488
121.28 0.000980369
120.792 0.000930139
119.616 0.00094833
118.197 0.00106571
119.123 0.00110368
119.212 0.00098621
122.066 0.00107929
121.037 0.000985136
121.592 0.000959241
121.805 0.00101023
120.93 0.00104889
118.796 0.000963826
118.23 0.00102085
116.986 0.000936286
115.961 0.000936884
115.182 0.000998031
124.165 0.000947651
115.606 0.000917241
121.299 0.000992491
119.799 0.00100928
119.519 0.00111975
121.595 0.000981911
118.721 0.00101482
119.655 0.00103416
121.51 0.000455626
118.538 0.00102973
120.166 0.000857613
118.388 4.62832e-05
118.126 0.000917834
117.825 0.000943144
120.446 0.000989249
122.205 0.000945417
121.008 0.00108627
119.213 0.00110385
116.623 0.000948716
120.091 0.00109705
120.129 0.00094161
119.087 0.00106015
122.415 0.000949307
118.45 0.00101387
117.162 0.000967731
121.422 0.00101235
119.969 0.000998669
115.477 0.000863355
119.157 0.000958135
116.253 0.000972617
117.745 0.00102335
120.455 0.000937563
121.178 0.00095233
121.91 0.000950795
121.435 0.000958089
116.736 0.00109794
116.977 0.000931985
116.507 0.00106759
116.102 0.000970519
121.647 0.000926388
117.73 0.000782482
118.367 0.001006
120.895 0.000950629
116.137 0.00101288
116.882 0.000985981
121.764 0.000922722
117.973 0.000907491
122.012 0.00106855
120.836 0.000957665
116.727 0.000947175
126.1 2.29244e-06
120.543 0.000956098
118.222 0.000968945
120.967 0.000993283
118.178 0.000996048
115.935 0.00102579
122.516 0.000832937
120.288 0.000960172
117.828 0.000464922
119.154 0.00107601
118.523 0.000893872
119.869 0.000874107
121.475 0.000862923
118.875 0.00107971
117.656 0.000999378
117.373 0.00101711
120.895 0.00109972
118.746 0.00101765
117.248 0.00102956
121.581 0.000937336
117.919 0.00100049
121.619 0.00104533
118.635 0.00111377
119.727 0.000901725
115.047 0.00101628
115.509 1.10333e-05
120.707 0.000970038
121.151 0.000984738
118.561 0.000989806
118.823 0.00074718
123.114 0.000906064
121.258 0.000952608
115.706 0.000950018
120.813 0.000970253
117.922 0.0010454
118.417 0.00108149
117.378 0.000650873
119.516 0.000949766
115.813 0.000298385
118.771 0.000945477
117.545 0.000956626
118.102 0.0010829
118.322 0.000918413
119.935 0.00104404
123.763 0.000916307
117.732 0.00108029
121.501 0.000961376
119.158 0.000669608
118.117 0.000910617
118.241 0.000761712
120.486 0.000962703
119.047 0.000974472
118.9 0.000949054
119.236 0.000981514
118.485 0.000997998
117.069 0.000923214
119.54 0.000961521
119.96 0.000271904
121.175 0.000965182
119.483 0.00102971
121.346 0.00108272
118.344 0.000962718
123.364 0.00097158
122.654 0.00105365
118.802 0.00103875
118.014 0.00101602
120.061 0.000816641
121.205 0.000986206
123.483 0.000974388
120.222 0.00045349
120.84 0.00109648
117.383 0.00103602
116.688 0.00108241
118.814 0.000952084
118.555 0.00100445
125.17 0.000969399
119.945 0.000952844
119.182 0.000969473
121.322 0.00107196
120.103 0.000957415
117.905 0.000956108
119.831 0.00097752
123.213 0.000998066
121.633 2.86708e-05
117.51 0.00106519
124.084 6.69961e-05
116.794 0.000955761
120.446 0.000940239
117.69 0.000915158
117.739 0.0010904
115.267 0.000950863
122.323 0.000940824
116.794 0.0010418
118.338 0.00108807
117.086 0.00095332
119.405 0.000713647
115.417 0.000950682
117.338 0.000987316
117.675 0.00105989
116.887 0.000639106
120.11 0.00102209
119.664 0.00102567
124.757 0.000942255
115.646 1.78684e-05
115.714 0.00100568
122.723 0.00104645
124.843 1.12357e-05
122.114 0.00102634
121.159 0.000962779
119.677 0.000990983
121.071 0.000995429
119.001 0.00092223
119.542 0.00105289
121.741 0.000898198
118.209 0.00104525
120.57 0.00100969
119.729 0.00105469
120.828 0.00105043
119.213 0.00109266
118.07 3.9985e-06
115.374 0.000953069
117.599 0.000944476
119.954 0.000947134
123.037 0.0009972
121.851 0.000976166
119.47 0.000954535
120.007 0.00112054
122.407 0.000992773
115.489 0.00102511
115.131 0.000835103
120.111 0.000993234
119.727 0.00106001
118.85 0.00103607
122.395 0.000743854
118.764 0.00103991
121.866 0.0010046
117.864 0.00105354
119.923 0.00107849
118.795 0.00108257
121.588 0.000986102
118.227 0.000976346
121.443 0.00103153
117.265 0.0010084
120.821 0.000643719
118.022 0.000987225
119.829 0.000742109
121.654 0.000976258
120.751 0.00105977
119.158 0.00108201
121.868 0.000947873
118.563 0.000965516
119.096 0.000937501
119.665 0.000928143
119.148 0.000992475
119.532 0.00101982
124.49 0.00093089
119.815 0.000955531
122.029 0.00109489
120.075 0.000943233
117.233 0.000835693
120.415 0.000931764
117.499 0.000957755
116.345 0.00110143
115.828 0.00137574
117.91 0.000992197
122.156 0.000994009
122.021 0.000937053
116.807 0.000934074
118.445 0.00110112
118.706 0.000873147
121.061 0.000742802
118.285 0.00108435
120.19 0.000954499
119.244 0.000985691
118.168 0.00106795
121.208 0.000974698
118.317 0.000974146
127.269 0.000964344
118.716 0.000948989
120.29 0.0010713
120.647 0.000932647
119.876 0.000895456
120.191 0.000945372
122.754 0.000963371
117.572 0.00103953
118.744 0.000901381
118.305 0.000939664
118.272 0.000998412
117.569 0.000984163
116.497 0.000894005
120.428 0.000980998
120.166 0.000975534
127.114 0.000893318
117.549 0.00028164
118.15 2.16556e-06
118.02 0.00102595
122.662 0.00100565
119.041 0.00105664
123.521 0.00100856
119.276 0.00110874
117.641 0.0010352
115.841 0.000733569
117.255 0.00101558
119.953 0.00101263
117.706 0.000998098
115.09 0.000886839
122.501 0.000995906
121.622 0.000993055
118.781 0.000992528
122.026 0.000738614
115.551 0.000977606
119.044 4.86304e-05
121.327 0.000910447
120.885 0.00105692
119.489 0.000950312
115.728 0.00111105
115.929 0.00104785
123.459 0.000945536
120.065 0.0010853
118.132 0.000967126
121.405 0.00090903
119.499 0.00100776
118.781 0.000983099
116.902 0.000984127
122.566 0.000988257
119.994 0.000982805
119.515 0.000941639
119.056 0.000990458
122.431 0.00101844
124.885 0.000954549
117.22 0.00109099
124.157 0.00094802
115.997 0.000986373
117.408 0.000831181
118.689 0.000959261
121.895 0.00103252
117.197 0.000875266
116.436 0.000925258
119.979 0.000974585
124.263 0.000994553
123.964 0.000996951
116.926 0.000865676
120.171 0.000909957
120.557 0.000971257
120.068 0.000965428
122.601 0.00104026
117.89 0.000274619
120.935 0.000841224
116.671 0.000967777
120.243 0.000960293
120.024 0.000976647
120.391 0.000975543
120.775 0.000965452
119.881 0.000197426
121.27 0.000966127
117.151 0.00102029
115.734 0.00101935
116.502 0.000961097
116.103 0.00101425
121.323 0.00105187
119.767 0.000956049
119.936 0.000954788
118.844 0.000951599
119.22 0.000771086
124.802 0.00109036
118.997 0.00101171
116.811 0.00105823
118.809 0.00105996
120.487 0.000995435
123.224 0.000585159
115.802 0.000932653
123.108 0.000983007
116.93 0.000958055
122.509 0.000976345
122.038 0.000942048
116.293 0.00108724
120.056 0.00107937
119.804 0.0008099
118.217 0.00102516
119.324 0.000278677
116.419 0.00085274
120.372 0.000922229
120.788 0.000953779
119.937 0.00095928
118.293 0.000572145
117.044 0.00107233
117.505 0.000947428
117.745 0.0010383
123.549 0.000986946
115.52 0.000956547
119.825 0.000152442
119.525 0.00102442
120.226 0.000930347
124.834 3.01482e-05
118.516 0.00102368
119.059 0.000948629
120.203 0.000934679
117.672 0.000976218
118.803 0.000983709
117.28 0.0011192
118.984 0.000987849
118.281 0.00065352
117.461 0.000980525
119.397 0.000970263
118.045 0.000905981
116.879 0.000995603
115.381 0.000356126
121.097 0.00101058
117.799 0.000951579
118.731 0.000940991
119.888 0.000953642
120.494 0.000971282
118.664 0.000909229
115.867 0.000662614
116.67 0.000942422
119.533 0.00102988
120.094 0.00102849
121.608 0.000960695
119.475 0.000956121
121.283 0.000819561
118.359 0.000927321
118.319 0.000366784
119.918 0.000964881
122.889 0.000371786
122.803 0.000988026
121.369 0.000963431
121.247 0.00108307
119.017 0.00110238
117.671 0.000198607
118.715 0.00108948
120.768 0.00083242
119.833 0.000968561
118.557 0.000897587
117.51 0.00110116
118.101 0.000958235
115.958 0.000951806
118.845 0.000964934
118.05 0.000453547
123.104 0.000967927
120.645 0.00112038
121.947 0.000950414
122.849 0.000976567
119.908 0.00100898
115.365 0.00096617
121.434 0.000763175
118.407 0.00102243
118.176 0.00110923
119.618 0.000945396
122.136 0.000946614
120.268 0.00088787
116.504 0.000980023
117.829 0.00104546
116.007 0.000982267
119.749 0.00109599
119.909 0.000960903
118.878 0.000994294
125.084 0.00091452
120.056 0.00095329
120.753 0.00100032
115.828 0.00106699
118.291 0.000984045
119.801 0.001023
120.905 0.000972492
116.524 0.000983637
118.878 0.000991741
121.619 0.000204371
116.733 2.89942e-05
116.528 0.000951234
121.165 0.0010439
120.273 0.000997526
119.833 0.000769089
124.654 0.000200772
121.967 0.000895807
121.131 0.000912635
120.191 0.000735195
120.915 0.00112019
118.108 0.000976303
117.875 0.000874557
123.562 0.000964117
121.326 0.000979024
121.283 2.317e-06
117.244 0.000796523
118.909 0.00103465
120.909 0.000960062
120.582 0.000833345
119.978 0.00113931
122.568 0.00105619
124.475 0.000941515
120.653 0.00111474
118.798 0.0009709
118.173 0.00108891
122.811 0.001008
117.06 0.000954026
119.037 0.000940439
117.109 0.000981938
120.567 0.000956797
117.096 0.000996597
115.374 0.00096626
119.532 0.00106676
122.322 0.000958951
118.645 0.00103926
119.594 0.00100867
116.712 0.000897419
118.184 0.000982942
120.357 0.000958015
117.706 0.00093146
120.544 0.000971482
121.239 0.000987599
119.254 0.000955976
115.415 0.000950779
121.637 0.00106172
120.616 0.000962892
121.7 0.0010201
120.046 0.00111054
119.842 0.000995409
120.115 0.00093034
118.652 0.000976668
116.207 0.00101912
121.011 0.00089989
122.034 0.000363773
116.284 0.000978587
115.27 0.000897091
121.141 0.00103509
120.167 0.00105509
119.722 0.000923887
115.08 0.000938975
115.288 0.00111827
120.15 0.000756987
119.123 0.000938524
118.142 0.000953501
119.357 0.000997079
118.864 0.00102225
118.04 0.0010391
121.201 0.00102557
117.048 0.00100568
116.537 0.000961639
118.646 0.000971946
118.71 0.000944853
118.622 0.00108717
115.567 1.83246e-05
119.226 0.000931296
119.971 0.00102285
119.618 0.000942254
119.163 0.000992951
120.139 0.000942204
118.467 0.00108296
115.542 0.000984895
119.709 0.00101915
117.743 0.000950037
121.648 0.00103851
117.003 0.00112021
119.018 0.000955039
115.467 0.00104328
116.848 0.000722597
118.834 0.00098948
121.541 0.000914434
118.122 0.000966765
118.491 0.000947677
117.504 0.00105938
118.87 0.000949669
118.843 0.000148297
119.117 0.000452308
120.007 0.000951101
115.282 0.000987706
118.477 0.000983053
120.523 0.000953985
120.244 0.00105482
119.731 0.000772379
125.413 0.00100256
120.243 0.000955281
118.532 0.00102828
119.099 0.000884867
119.466 0.000100791
119.77 0.000861043
117.249 0.000985504
117.587 0.000989926
118.567 0.00020461
121.876 0.000139806
116.905 0.00100889
120.053 0.000377172
121.584 0.000991905
120.992 0.000461653
119.912 0.00099121
118.911 0.000974785
115.697 0.000949633
121.017 0.000846465
118.089 0.00109944
115.699 0.00079233
117.915 0.000946258
119.171 0.00109888
122.885 0.00094303
119.55 0.000941008
122.508 0.000962302
117.841 0.000947603
119.425 0.000923229
115.716 0.000971257
118.86 0.000993829
116.07 0.00108806
115.665 0.000676594
118.497 0.000930818
122.97 4.58977e-05
120.961 0.000999629
116.894 0.000825775
117.209 0.000941698
120.974 0.000950165
121.196 0.00102489
119.16 0.000990857
117.843 0.00109824
117.784 0.00103092
120.725 0.00108854
116.643 0.000977652
115.583 0.000955865
119.635 0.00078401
119.624 0.000104567
120.833 0.000976529
118.071 0.000950611
120.001 0.000942028
120.711 0.00130055
117.814 0.000956134
118.733 0.000957608
121.194 6.72369e-06
119.763 0.000956888
119.443 0.00105929
117.736 0.000893186
116.795 0.00106273
121.064 0.000921609
119.442 0.000953889
121.018 0.000760119
118.308 0.00105524
120.042 0.000998881
120.278 0.00107674
121.093 0.000941529
119.807 0.000949221
116.31 0.00102665
123.655 0.00109164
120.105 0.000910223
119.544 0.000989837
115.119 0.00103251
119.265 0.0011268
116.723 0.000961944
119.73 9.17016e-07
115.41 0.00100463
120.174 0.0010024
120.565 0.000984747
122.121 0.000913968
118.492 0.000149741
119.088 0.000976267
121.601 0.000953014
118.678 0.00110633
116.272 0.000847112
118.477 0.000954801
117.859 0.00097083
118.13 0.0010132
115.839 0.000975861
116.177 0.000988073
116.695 0.00104511
122.383 0.000893767
115.319 0.000955914
117.04 0.0010298
124.487 0.000943706
117.707 0.000103057
123.168 0.00109532
126.369 0.000936346
120.549 0.00105672
122.367 0.00108062
122.981 0.0010324
121.152 0.00095266
119.903 0.0010749
117.56 0.00105905
120.524 0.000928529
121.715 8.10508e-07
120.679 0.000981041
117.579 0.000898497
119.712 0.000366743
121.537 0.0010132
117.492 0.00103717
119.965 0.00100498
121.388 0.00104549
121.798 0.0010088
116.926 0.000966391
117.01 0.000889598
120.535 0.00100382
121.225 0.000942855
115.156 0.00105864
115.513 0.000920294
119.779 0.000962543
119.465 0.00094322
118.719 0.000909032
116.451 0.00106529
120.485 0.00101885
120.56 0.000981171
120.721 0.000737401
120.624 0.000953069
117.475 0.000870382
118.07 0.000561848
122.602 0.00100684
117.488 0.000948798
120.45 0.00104496
120.807 0.000890367
117.309 0.000942764
118.96 0.000978001
121.151 0.00100094
117.686 0.000749859
121.026 0.00102665
119.984 0.00109351
120.251 0.000558238
117.815 0.00112784
119.694 0.00109049
119.182 0.00112539
117.099 0.000967259
119.522 0.00097329
121.28 0.00104258
121.418 0.00102297
116.219 0.000103873
118.126 0.00095717
115.571 0.000960562
119.308 0.00108063
118.305 0.000971701
119.8 0.00107115
117.784 0.0010246
122.855 0.000948322
115.951 0.00102676
116.233 0.000941564
118.2 0.000996258
119.874 0.00101282
118.585 0.000847861
117.112 0.00106526
117.626 0.000948127
121.505 0.000972557
118.44 0.000963625
119.173 0.000938331
119.65 0.000940803
120.107 0.000844545
119.762 0.000991601
121.99 0.000253746
121.415 0.00104819
117.18 0.000949789
118.29 0.000988855
115.23 0.000981744
120.378 0.000917203
119.871 0.00105713
119.694 0.000984585
118.466 0.000962905
119.327 0.00108456
119.184 0.000953766
121.607 0.000982147
119.758 0.00095463
119.608 0.00101094
117.277 0.00105674
118.382 0.000997946
119.544 0.000964827
118.444 0.000986097
116.466 0.00107102
120.734 0.000951091
122.784 0.000974344
119.643 0.000940191
121.507 0.00094482
116.263 0.00102113
116.456 0.000957933
122.257 0.000961131
119.395 0.0009451
120.561 0.00100478
119.586 0.00105224
118.486 0.000951969
125.201 0.00109068
122.118 0.000989807
120.29 4.68343e-05
118.309 0.000945027
118.935 0.000941986
117.809 0.000957184
121.291 0.00109713
120.519 0.000919323
118.134 0.000972589
119.709 0.000945523
117.22 0.000810509
119.527 0.000957937
121.04 0.000992089
120.87 0.000953179
118.213 0.000899143
115.744 0.000794346
118.291 0.000545087
120.428 0.000985229
123.52 0.0009439
120.476 0.000951891
118.343 0.000727507
120.371 0.00098042
115.523 0.00104682
116.499 0.000944376
120.243 0.000950355
115.361 0.000957612
120.22 0.000896385
117.542 0.00096962
119.116 0.00107619
115.132 6.23207e-05
117.222 0.000996953
119.728 0.000927216
119.729 0.000999408
119.675 0.00095622
118.988 0.00103931
116.376 1.81246e-05
116.746 0.000887323
116.445 0.000924097
