131.149 0.000583123
129.857 -0.000553862
128.086 0.000386747
144.037 0.000590331
131.253 0.000583212
118.395 0.000576053
132.095 0.000558853
127.161 0.00058424
131.123 0.000576788
129.612 0.000582703
126.06 0.000588876
127.322 0.000115769
126.215 0.00071884
128.911 0.000563051
130.329 0.000552539
128.836 0.000613571
130.158 0.000539038
127.766 0.000586243
127.28 0.000567448
132.671 0.000552296
127.292 0.000578914
153.808 0.000394248
132.778 0.000119931
130.533 0.00056452
129.807 0.000559796
131.141 0.000566432
127.653 0.00060314
130.373 0.000442761
128.717 0.000676573
127.469 -0.000561949
124.01 0.000535397
128.591 0.000543418
131.042 2.84625e-05
130.438 0.000583188
129.155 0.00057596
127.795 0.00061934
130.162 0.000579766
127.895 0.000567917
126.793 0.000643249
128.269 0.000592702
