161.865 0.000433203
142.906 0.000405585
117.848 4.18254e-05
134.139 0.00037024
117.55 5.89581e-07
143.014 0.000405331
140.035 0.00037109
120.903 0.000392497
116.245 0.000401252
120.456 0.000410923
138.209 0.000388973
165.861 0.000397317
121.05 0.000376986
116.341 0.000415304
125.827 0.000410721
135.127 0.00039964
137.461 0.00037128
117.985 0.00039159
118.923 0.000423076
118.494 0.000375145
122.291 0.000399201
125.103 0.000435715
119.046 0.000396193
128.103 0.000328795
135.625 0.0003969
118.713 0.000398428
130.137 0.00038248
144.054 1.1058e-05
119.055 0.00040736
158.092 0.000390777
131.171 0.000441778
120.129 6.2389e-05
121.976 0.000406222
131.684 0.000373509
119.934 0.0003917
118.516 0.000420043
124.016 0.000411411
118.605 0.000406398
122.546 0.000380612
169.746 0.000379056
118.393 0.000391729
120.812 0.000454056
122.531 0.000373412
156.553 0.000368107
118.888 0.000450938
117.986 7.56733e-06
126.874 0.000396381
119.106 0.00039578
134.826 0.000429732
119.864 -2.87913e-05
123.827 0.000397395
127.696 0.000422292
119.022 0.000335986
161.711 0.000158878
120.748 0.000383423
134.681 0.000395924
120.975 0.000383331
124.078 0.000390644
121.174 0.000440183
132.652 0.000377482
134.401 0.000422873
146.075 0.000187767
121.612 0.000430135
129.199 0.000394593
119.088 -0.000404043
122.081 0.000459979
118.554 0.000400889
135.272 0.000377844
119.232 0.000420199
117.881 0.000399547
138.434 0.000399395
120.345 0.000402132
123.584 0.000394288
134.883 -0.000422377
119.587 0.000413844
115.788 0.000369002
120.575 0.000450967
150.028 0.000457379
118.98 0.00043062
132.378 0.00039226
118.497 0.000394369
118.685 0.000435292
119.95 4.34405e-05
151.096 0.000394724
121.226 0.000408018
120.764 0.000407336
128.692 0.000393499
120.356 0.000443675
120.072 0.000364051
119.146 0.000368136
133.531 0.000190332
119.427 0.000389481
123.982 0.000399536
145.554 0.000421609
163.06 0.000142208
119.938 0.000442983
127.311 0.000409194
122.971 0.000387929
137.256 0.000400007
121.513 0.000395913
122.128 0.000447633
120.035 0.000365803
117.529 0.000299214
119.854 0.000414766
141.395 0.000397645
118.069 0.000432669
115.551 2.58288e-06
130.414 -0.000396907
117.148 0.00038728
133.715 0.000117756
150.561 0.000394755
116.267 0.000383195
120.359 0.000305874
116.805 0.000236099
120.272 0.000406318
141.744 0.000419566
119.237 0.000402287
125.114 0.000412925
121.211 0.000402983
154.54 0.000416913
120.029 0.000417982
125.381 0.000400978
