129.349 0.00140464
129.115 0.00145009
128.021 0.00168057
132.564 0.00146428
130.513 1.66976e-05
128.897 0.00138159
130.828 0.000105323
121.662 0.00166881
130.627 0.0015215
130.174 0.00138801
123.931 1.67509e-05
131.205 0.00150076
126.678 0.00161126
128.317 0.00151024
129.854 0.00166165
129.417 0.00158232
129.935 0.00162989
130.834 0.00143414
127.925 4.39396e-05
128.555 0.00141077
133.573 0.00158565
131.309 0.00161674
129.231 0.00156489
115.604 0.00144206
129.749 0.00150659
131.898 0.00147943
128.949 0.00124993
130.411 0.00151534
130.272 0.00157269
128.758 0.00154749
127.919 0.00165394
129.185 0.00139654
128.929 0.00151437
128.024 0.00145714
129.891 0.000855458
131.386 0.00152432
128.716 0.00150986
127.878 0.00167628
128.362 0.00147858
131.931 0.00146417
126.367 0.0016586
128.69 0.001607
128.321 0.00144471
127.267 0.00126515
129.047 0.00145627
130.71 0.00163344
130.516 0.00153351
130.33 0.00162338
129.779 0.00150404
126.865 0.00164623
129.636 0.00135509
129.033 0.0014404
122.166 0.00170646
129.992 0.00145867
129.791 0.00166822
128.856 2.7702e-05
128.669 0.00158082
126.862 0.001386
129.9 9.92211e-06
129.348 0.00156166
130.092 0.000561127
129.096 0.00154803
128.092 0.00155099
126.117 0.00158574
132.05 0.00153503
131.163 0.00170045
127.393 0.00142919
129.343 0.0014691
128.557 0.00150817
124.15 0.00155748
127.656 0.00141617
124.094 0.000957649
126.613 0.00148639
129.153 0.000982217
124.422 0.00148659
129.161 0.00145779
130.013 4.36126e-05
130.818 0.000229255
129.321 0.00151559
128.026 0.00149544
127.112 0.00161883
124.124 0.00143691
127.164 0.00148725
125.33 0.00140822
130.137 0.0016282
126.551 4.32872e-05
118.157 0.00158998
132.802 0.00161133
126.128 0.00141295
130.358 0.00144479
129.922 0.00149735
129.628 0.00147357
133.638 0.00145163
125.818 0.00164431
130.663 0.00153967
130.054 0.0016413
129.296 0.00147155
128.979 0.00145582
131.714 0.00126893
126.669 0.000846522
129.087 0.00149027
128.11 0.00154832
130.639 0.00145356
131.228 0.00151801
130.209 0.00145231
131.511 0.00160961
131.7 0.0015622
128.099 0.00145472
127.543 0.00148352
130.289 0.00133531
128.77 0.00146895
130.459 0.00152328
124.416 0.0016226
127.078 0.0015179
131.218 0.00144696
131.093 0.00143519
120.126 0.000158629
128.945 0.00168006
129.194 0.00162246
124.381 0.00153524
128.045 0.00146791
129.231 0.00125583
127.874 8.79339e-07
129.384 0.00149714
130.975 0.00117505
127.109 0.00158225
128.901 0.00165089
129.918 0.00144603
131.333 0.00146033
130.754 0.00151817
127.607 0.00136991
130.87 0.00148894
129.346 0.00148775
132.151 0.0015086
125.526 0.00150269
121.597 0.00149898
129.154 0.00147971
133.289 0.00147088
124.948 0.00143119
117.203 0.00151029
127.813 0.000995029
125.078 0.00128307
127.605 0.00148228
123.68 0.00125007
123.741 0.00145111
132.654 0.0015807
122.964 0.00153233
126.724 0.00151883
127.861 0.00145
131.157 0.00157533
120.297 0.00142443
127.46 0.00152274
134.603 0.000566224
129.021 0.0016654
131.382 0.00147285
129.105 0.00149455
129.182 0.00142982
128.708 0.00149962
126.665 0.00114465
134.124 0.00162609
121.659 0.00147662
129.758 0.000694236
128.662 0.00145885
131.428 1.00793e-05
127.798 0.00143539
128.444 0.00149387
125.308 0.00145614
132.307 0.00147405
127.531 0.00143869
125.24 0.00158044
130.829 0.001303
117.207 1.69382e-05
133.734 0.00152696
130.21 0.00159611
131.444 0.00143739
129.864 0.00167259
129.235 0.00149933
130.687 0.00144211
128.206 0.00136601
132.538 0.00118391
129.34 0.00147241
128.867 0.00151497
127.653 0.001496
129.518 0.00150573
129.632 0.00147963
130.522 0.000316561
132.419 0.00149124
131.085 0.00135959
129.927 0.00146969
130.103 0.00147783
128.232 0.00145865
122.948 0.00146038
129.74 0.00144535
131.079 0.00141514
129.382 0.000986715
130.493 6.95098e-05
133.477 0.00144625
129.697 0.00148021
130.466 0.00146867
126.293 0.00166569
133.326 0.00157888
132.641 2.71039e-05
131.049 0.00149406
129.333 1.56829e-05
117.82 0.00155122
125.142 0.00145774
131.27 0.00175748
125.582 0.000988933
129.57 0.00146603
129.931 0.00152161
129.823 0.00150063
127.016 0.00166297
128.904 0.000566782
122.281 0.00148241
122.095 0.0014645
130.998 0.00164863
127.535 0.00148992
129.172 0.00135888
126.664 0.00083502
126.143 0.00148958
124.836 0.00113603
128.717 0.00166551
138.018 0.00157453
129.003 0.00140464
128.22 0.00143887
131.399 0.0013783
130.041 0.00155321
132.605 0.00147757
130.537 0.00099177
128.701 0.0017716
130.463 0.000311261
125.788 0.00153819
131.23 0.00113426
130.08 0.00157382
131.64 0.00144137
122.882 0.00144265
116.299 0.00144372
129.19 0.00141027
134.247 0.00144996
124.25 0.00155106
131.535 0.0016325
128.157 0.0014891
127.322 0.00143252
127.296 0.00146404
128.78 0.00136352
129.57 0.00145105
128.108 0.00135458
129.686 0.00143451
119.481 1.32775e-06
134.937 0.00126715
127.621 0.00149675
128.572 0.000227146
129.562 0.00150947
132.744 0.00137403
129.973 0.00146741
124.693 3.7516e-06
126.977 0.00149418
128.364 0.00148907
129.699 0.000841131
129.501 0.00136714
130.23 0.00144039
130.352 0.00147151
130.264 0.00145828
132.177 0.00146787
129.968 0.0016672
132.915 0.00167418
130.358 0.00141857
127.97 0.00152511
128.601 0.00155109
129.87 0.00149765
129.669 0.00147718
130.995 0.00144798
129.397 0.000841632
129.539 0.00145047
124.734 0.00172749
123.666 0.00125614
126.211 0.000873434
131.004 0.00165525
128.039 0.00156527
132.719 0.000849079
131.006 0.0010123
128.456 0.00149181
121.053 0.00163253
131.296 0.00152675
126.616 0.00126581
130.633 0.00148636
131.304 0.00153614
128.373 0.00167
129.619 0.00145862
132.65 0.00151779
129.309 0.000559655
130.89 0.00150746
128.086 0.00145647
127.577 1.01175e-05
124.724 0.00134535
127.362 0.00175001
123.26 0.00150212
125.132 0.0014698
124.668 0.00137233
138.651 0.00145257
131.748 0.00145511
126.558 0.00169746
128.447 0.00122924
131.827 0.00146548
129.031 0.00147925
125.421 0.00161911
131.247 0.00144191
133.355 0.00171586
130.15 0.00150152
130.894 0.00116909
131.286 0.00166937
129.749 0.00151619
132.253 0.000158392
131.372 0.00150624
126.073 0.00151903
120.19 0.0014762
125.159 0.00148335
129.35 0.00157343
126.498 0.00154882
130.755 0.00156857
131.393 0.0014458
130.296 0.00137188
128.565 0.00131863
125.749 0.00150401
130.352 0.00136084
129.507 0.00161311
129.99 0.0014444
129.272 0.00160046
129.835 0.00156511
129.954 0.00144441
125.141 0.00145617
128.673 0.00152831
130.704 0.00129659
130.211 0.0016409
130.635 0.00149146
131.159 0.00144826
128.574 0.0016828
135.062 0.00143586
127.68 0.00142771
116.936 0.000425784
128.448 0.00148995
127.127 0.00140963
129.454 0.00124294
135.074 0.00152659
131.046 0.00113576
122.164 0.00126415
131.322 0.00156344
130.306 0.00151456
127.046 0.00150016
132.247 0.00152739
130.218 0.00174991
128.71 0.00148733
128.042 0.0014547
123.366 0.00143308
126.916 0.00144023
130.983 0.00144215
129.04 0.00149773
129.514 0.00133928
129.884 0.00148763
129.668 0.00148171
131.555 0.00148142
130.881 0.00147135
128.161 0.00145977
130.451 0.00150819
130.031 0.00149339
129.903 0.00146847
126.443 0.00143017
128.533 0.00162016
130.157 0.00151484
131.533 0.00162885
130.646 0.00174151
126.655 0.00140665
127.147 0.00145618
127.815 7.0942e-05
130.809 0.00145831
130.559 0.00164801
127.03 0.00148505
123.941 0.00140083
128.091 2.79539e-05
124.798 0.00136188
126.566 0.00149425
129.199 0.00144487
127.793 0.00144646
130.795 0.00135253
127.447 0.0015061
133.879 0.00152216
128.756 0.00156886
126.483 0.001475
125.897 0.000155657
129.987 0.00168663
128.958 0.000987133
130.439 0.00145523
128.238 0.000300599
129.436 0.00150074
127.058 0.00150579
127.811 0.00150503
131.471 0.00164492
127.436 0.00151262
128.59 0.00146074
123.993 0.00152235
128.905 0.00156004
130.827 0.00151565
129.968 0.00165139
129.07 0.00142476
128.704 0.00162672
128.178 0.00152507
131.618 0.00172647
126.82 0.000224267
126.599 0.00147489
127.782 0.00145467
130.425 0.00147543
135.036 0.00158379
129.413 0.0014668
131.585 0.00151092
127.103 0.00147017
130.899 0.00146508
127.851 0.00153846
128.317 0.00151905
129.63 0.00147357
130.798 0.00158
127.819 0.00158098
131.315 0.00162412
130.491 0.00146844
128.69 0.00153371
128.991 0.0014619
129.809 0.00164534
127.554 0.00132847
127.154 0.00156588
126.647 0.00152798
129.267 0.00148514
129.759 0.00147889
130.716 0.00147095
128.086 0.00144897
122.87 0.00132962
116.355 0.00155795
130.579 0.00145713
124.122 0.00144815
130.105 0.00145482
127.145 0.0015873
126.294 0.00144033
127.561 0.0014966
131.728 0.00148065
128.428 4.2996e-05
128.868 0.00162677
126.326 0.00156087
125.631 0.000583159
129.056 0.00144186
116.497 0.00151467
129.927 0.00149772
127.405 0.00164615
126.128 0.000427463
128.642 0.00166667
131.454 0.00165225
125.8 0.00167874
128.878 0.00151343
131.058 0.00159645
131.381 0.00166758
131.162 0.00139431
132.62 0.00157591
128.487 0.00142126
129.101 0.00145288
131.529 0.00159246
130.259 0.00159486
125.265 0.00144173
126.79 0.00144082
128.204 0.00162929
129.16 0.00170606
127.326 0.000984736
131.959 0.00163531
129.175 0.00158206
127.293 0.00191802
129.915 0.00150902
128.061 0.00144968
129.018 0.00140628
129.331 0.00149027
131.89 0.00144261
130.165 0.00164343
130.32 0.00146637
130.647 0.00144797
134.14 0.00171977
130.411 0.00151321
131.633 0.0014733
129.549 0.000795399
130.441 0.00150617
127.588 0.00153722
129.62 6.10851e-06
124.89 0.00157669
127.808 0.00174124
129.76 0.00144689
130.455 0.00161584
127.081 0.000107743
123.041 0.00204296
130.722 0.00165436
122.353 0.0015057
130.199 0.00149269
127.505 0.00151326
131.428 0.001683
131.01 0.00136816
126.523 0.00142789
120.874 0.000714163
132.627 0.00138871
131.199 0.00147636
127.44 0.00150141
127.048 0.00157857
128.305 0.00145879
129.013 0.00101386
130.365 0.00164163
128.431 0.00144305
130.25 0.00144707
127.658 0.00147414
132.685 0.00172076
129.55 0.00144168
130.396 0.0013486
130.157 0.000317752
130.016 0.00147975
128.257 0.0015489
130.192 9.83866e-07
130.167 0.00151655
126.96 0.00147699
130.026 0.00146126
129.885 0.00147922
128.519 0.00148741
127.662 0.00146277
128.835 0.00152688
129.182 0.00145215
128.759 0.00143955
126.48 0.0016387
130.273 0.0016755
130.401 0.00143426
129.838 0.00158014
122.539 0.00167096
122.343 0.00151329
128.532 0.00144309
130.981 6.31118e-06
130.09 0.00143096
127.83 0.00164651
121.362 0.00147339
124.262 0.00117663
131.052 1.02619e-05
129.567 0.001618
128.627 0.00164695
133.155 0.00147092
129.525 0.00164228
128.071 0.00149819
128.002 0.00143817
131.688 0.00147682
130.434 0.00162029
131.366 0.00146103
127.327 0.0013666
129.33 0.00149926
130.448 0.00146724
129.469 0.00148311
127.478 0.00162155
121.382 0.00150486
129.215 0.00144603
128.816 0.00158804
130.888 0.0014905
120.772 0.00150945
130.497 0.00172354
132.695 0.00147553
126.669 0.00148729
130.159 0.00145457
133.557 0.0014656
127.217 0.00160083
130.857 0.000317124
136.103 0.00140982
126.478 0.00142489
129.07 0.00165227
122.83 0.0014525
129.13 0.00152088
125.076 0.00156272
131.69 0.00154743
123.313 0.00167468
129.684 0.0015434
129.137 0.000699302
128.711 0.0016361
128.024 0.00165
130.523 0.00153972
131.981 0.00146517
125.608 0.00147114
130.205 0.000688241
126.28 0.00147625
127.582 0.00167165
117.532 0.00146005
129.972 0.00171314
129.814 0.00164693
131.022 0.00160359
130.738 0.00147851
125.94 0.00152289
128.397 0.00144731
125.426 0.00146862
126.631 0.000229194
130.663 0.00167352
130.701 0.00137134
127.858 0.00147549
128.834 0.00150653
129.176 7.10894e-05
123.878 0.00169587
130.308 0.00149787
133.902 0.00133008
127.041 0.0016851
134.204 0.00134849
129.425 0.00145864
125.436 0.00154587
131.119 0.00137086
124.913 0.0011438
127.66 0.00146318
129.689 0.00140135
130.087 0.00152323
128.8 0.00150606
125.117 0.0014661
128.395 0.00145125
134.721 3.7022e-06
128.982 0.000698991
129.084 0.00149509
128.714 0.00127124
128.86 0.00042577
129.583 0.00153807
129.39 0.00155341
131.102 0.00149272
125.246 0.00149624
130.809 0.00174171
132.166 0.00127897
129.939 0.00145944
128.073 0.0015272
125.358 0.0014438
130.87 0.00160309
129.386 0.00151752
132.338 0.00163441
128.99 0.00152058
128.419 0.00162551
130.419 0.00170119
130.524 0.00150067
127.502 0.00144301
119.616 0.00146724
124.595 0.00163519
132.032 0.00157585
128.091 0.00150024
130.607 0.00146354
132.265 0.00153243
130.122 0.00149908
132.338 0.00144022
131.116 0.00136263
129.529 0.00144484
123.117 0.00145936
125.575 0.0014937
129.232 0.00154251
130.889 0.00162702
128.877 0.00152293
128.026 0.00148373
130.685 0.00145008
129.002 0.00165019
126.585 0.0016529
131.151 0.001434
130.382 0.00158535
131.017 0.00135499
130.838 0.00152312
130.894 0.00167765
129.335 0.00147308
128.897 0.0014468
129.848 0.00149491
129.438 0.00146317
128.205 2.78882e-05
128.566 0.00149154
127.862 0.00164181
131.794 0.00164669
128.63 0.00151515
129.213 0.00148976
129.206 0.00143223
128.477 0.0014526
134.426 0.00137461
128.564 0.00157991
128.515 0.00145011
129.394 0.000424654
127.571 0.00162972
126.047 0.00142785
130.572 0.00146596
128.404 0.00165761
130.149 0.00148857
117.114 0.00143962
130.662 0.00152006
130.945 0.00142884
129.411 0.00150274
126.148 0.00112896
127.501 0.001582
131.242 0.00150523
123.85 0.00146648
127.77 0.0015874
123.438 0.00163626
130.259 0.0014959
122.298 0.00157435
126.892 0.00148835
125.49 0.000102123
129.45 0.00135669
129.943 0.00143282
125.468 0.00154274
127.063 0.00164211
129.228 0.00152197
130.457 0.00147566
128.973 0.00163916
127.42 0.00153378
128.079 0.00161662
121.666 0.00145181
128.144 0.00182145
121.664 0.0015239
128.93 0.0015467
131.841 0.00155574
128.679 0.00152977
129.736 0.000428349
120.519 0.00144499
122.719 0.00156257
130.811 0.00153367
131.467 0.0014447
129.083 0.00137233
126.027 0.00160677
123.853 0.00162789
126.071 1.02424e-06
128.304 0.0014053
131.261 0.00161523
133.129 0.00144539
127.653 0.0014965
127.734 0.0015123
131.603 0.00153415
126.145 0.00147608
132.505 0.00150601
129.266 0.00150827
127.773 0.0014434
126.465 0.00165282
131.014 0.00139715
131.089 0.0015379
130.579 0.00150586
129.175 0.00144873
119.414 0.00169301
127.997 0.00145121
129.863 0.00135119
126.539 0.00135109
129.452 0.00143186
123.039 0.00142749
128.361 4.4055e-05
131.785 0.00151891
129.591 0.00148593
128.135 0.00113269
117.401 0.00153574
132.081 0.00150239
127.191 0.00146611
130.174 0.00147105
115.8 0.00165793
127.764 0.00149911
128.887 0.00136925
129.015 0.00157323
132.805 0.000223684
126.717 0.0015043
126.212 0.00156709
121.827 0.00147494
128.636 0.00146428
129.223 0.00146942
129.437 0.00145248
128.724 0.0015419
122.414 0.00145017
127.838 0.00162686
128.863 0.00161447
130.686 0.00143716
123.818 0.000555827
118.182 0.00149669
129.054 0.00142981
126.201 0.00161216
131.663 0.00141039
124.551 0.00164624
127.755 0.00147102
130.134 0.00158226
125.504 2.82774e-05
129.709 0.00156578
128.101 0.00151932
127.269 0.0012058
126.973 0.000985135
131.089 0.00146691
131.25 0.00146553
129.126 0.00160203
133.855 0.00152324
127.868 0.00139879
129.114 0.00148391
125.952 0.00148076
132.188 0.00142561
133.012 0.00155363
131.999 0.00166192
130.889 0.00163535
130.681 0.00142049
129.824 0.00136278
130.116 0.000986748
128.138 0.00138597
130.503 0.0016504
131.614 0.00148684
129.05 0.00150087
128.169 0.00147647
122.107 0.00156741
126.218 0.00141476
115.667 0.00134359
129.34 0.00153768
132.854 0.00137868
125.164 0.00146417
129.537 0.00143965
130.071 0.00144308
127.997 0.00156771
124.824 0.00153734
130.723 0.00149387
127.245 0.00165404
129.252 0.00143575
137.54 0.00143861
127.418 1.74727e-05
124.258 0.00144694
130.491 0.00152323
129.768 0.00148142
128.288 0.0013429
128.25 0.00152295
128.258 0.00149319
129.938 0.00142912
127.408 0.00161173
129.731 0.00166816
130.95 0.00153286
119.491 0.00144456
128.339 0.00155201
128.283 0.00136568
131.49 0.00143691
129.635 0.00149936
125.432 0.00149958
128.434 0.0014859
129.75 0.000229567
123.406 0.0014293
124.252 0.00155887
128.246 0.00158409
129.881 0.00167994
127.905 0.00144612
133.962 0.00151967
130.344 0.000157035
133.252 0.00150323
128.809 0.00144894
129.523 0.00151754
128.268 0.00165009
130.675 0.00167321
128.951 0.00140715
125.412 0.00126844
129.794 0.00041898
124.658 0.00172074
130.564 0.00015261
128.898 0.00151172
131.85 0.00152349
127.636 0.00167198
130.229 0.00151548
128.836 0.00158851
129.549 0.00213109
130.718 0.00056865
129.139 0.00152854
130.634 0.00164618
128.609 0.00147215
131.458 0.00148444
130.409 0.00143357
129.032 3.60161e-06
123.529 0.00145976
131.666 0.00155934
131.624 0.00137022
127.281 0.00153237
127.713 0.00168603
128.301 0.00146596
133.512 0.00147151
128.339 0.00162871
125.173 0.000986531
127.819 0.00140148
129.142 0.00139703
124.374 0.00155139
130.569 0.00153884
129.61 0.000692997
133.474 0.00149788
130.364 0.00144535
126.732 0.00149217
126.162 0.00145277
124.333 0.00142308
130.691 0.00154659
131.68 0.000989999
127.993 0.000993214
129.59 0.00147338
128.872 0.0015885
126.597 0.00147534
128.245 0.00150129
124.91 0.00137598
128.07 0.000562067
127.821 0.000227364
129.352 0.00163567
127.948 4.09038e-05
128.982 0.00141235
132.142 0.0016737
122.404 0.000917324
127.133 0.00142483
128.079 0.00147349
132.487 0.00146384
128.757 0.00164583
130.161 0.00144552
127.078 0.000706287
132.006 0.000832403
138.672 0.00128326
132.98 0.001667
132.257 0.00145466
134.741 0.00149245
125.944 0.0014513
123.878 0.00138729
130.158 0.00163825
121.867 0.00151432
133.516 0.00151775
129.488 0.00160602
127.785 0.0014336
129.435 1.69265e-05
131.041 0.00165967
130.236 0.00166538
127.957 1.71861e-05
128.976 0.00147908
129.119 0.00124238
127.822 0.000995633
131.108 0.00148364
131.358 0.00084981
121.246 0.00139073
133.62 0.00147026
130.418 0.00136963
127.346 0.00162333
126.574 0.00146945
127.662 0.00162709
132.129 0.00156671
125.068 0.0013209
134.133 0.00157124
123.95 0.00155439
124.534 0.00150482
134.107 0.00133569
129.975 0.00161242
131.218 0.00148256
129.863 0.00148128
130.356 0.00146756
126.995 0.0015321
129.601 0.00143563
129.611 0.00144153
115.554 0.00146442
131.326 0.00145701
128.332 0.00143048
130.528 0.00153476
129.605 0.00149779
129.24 0.000423906
129.958 0.00158509
124.812 0.00156675
132.793 0.00145375
126.403 0.00147733
124.719 0.00146661
129.757 0.00145144
122.742 0.000429974
128.961 0.00146091
123.719 0.000331949
130.035 0.000551887
131.424 0.00154826
127.705 0.00170651
129.953 0.00169967
126.871 0.00150605
130.8 0.00145396
129.918 0.00163281
129.882 0.00162325
131.071 0.00162733
129.41 0.00150408
126.755 0.00141641
128.204 0.00149123
133.125 0.00140835
129.044 0.00162703
128.839 0.000556064
127.943 0.00144952
129.996 0.00150302
127.639 0.00144464
132.093 0.00162603
129.385 0.00148524
128.615 0.00152936
127.256 0.00146808
131.367 0.00166069
131.635 0.00148678
131.336 0.0014419
126.87 0.00149983
135.676 0.0016142
126.639 0.00145352
130.714 0.000858639
132.026 0.00116497
130.142 0.00149449
130.497 0.000554391
131.847 0.00150763
129.843 0.00145826
130.414 0.00148608
130.154 0.00165533
129.461 0.00148454
131.119 0.00151015
125.141 0.00152963
129.429 0.00147404
124.025 0.00164643
129.581 0.00143496
132.045 0.00147324
131.505 0.00153915
129.991 0.00152768
131.37 0.00150612
121.266 0.00108086
127.421 0.0016234
130.148 0.0014389
128.434 0.00146029
132.345 0.00149975
129.57 0.00148135
128.71 0.00164053
125.882 0.00143698
124.825 0.00145653
128.382 0.0014608
131.977 0.000690354
129.078 0.00152297
129.7 0.00152557
126.439 0.00151977
130.351 0.00165837
131.745 0.00146077
126.858 0.0015132
126.109 0.00168871
130.472 0.00153165
133.184 0.00136345
116.223 0.00169455
126.574 0.00154686
133.113 0.00125786
128.552 0.0014091
128.579 0.00135545
131.067 0.00143695
133.184 0.0014128
128.596 0.0014361
125.196 0.00146421
132.384 0.00146519
129.822 0.00134996
124.7 0.00147213
132.507 0.00149271
129.822 0.000324824
127.154 0.00144956
127.831 0.00165157
130.19 0.0016561
130.743 0.00143737
123.001 9.8641e-05
128.131 0.001582
118.236 0.00153056
128.938 0.00140785
132.78 0.00139694
125.462 0.00146259
118.368 0.00145438
133.326 0.0014583
127.675 0.00146206
131.852 0.00152107
125.7 0.00149737
127.771 0.00142471
124.386 0.00147199
121.424 0.000980749
127.087 0.000562021
124.929 0.00166953
125.663 0.00144027
128.147 0.00132951
130.881 0.0014738
128.715 0.00132278
129.249 0.00149784
128.488 0.00158926
128.283 0.00151076
129.252 0.000578279
127.781 0.00147668
128.687 0.00164484
132.136 0.00150531
131.735 0.00144287
130.081 0.00136429
126.533 0.0013955
128.325 0.00153509
129.929 0.00164838
128.153 0.00145191
129.578 0.000103856
127.112 0.00160543
127.293 0.00167872
134.042 0.00165101
129.848 0.00160146
132.532 0.00155354
124.677 0.00157181
130.289 0.00148293
124.199 0.00144026
130.693 0.00146797
120.355 0.00143891
130.886 0.00139768
128.8 0.00161221
129.12 0.00146827
129.903 0.00148577
130.441 0.00161425
129.151 0.00147157
131.538 0.00148849
125.079 0.0015564
129.534 0.000318519
124.958 0.00145735
128.167 0.00152162
127.511 0.00144489
127.906 0.00151718
123.396 0.00159761
127.206 0.00146138
129.787 0.00152369
129.039 0.00164058
130.848 0.00145405
129.909 0.00158838
130.77 0.00165318
128.672 0.00149902
131.347 0.0014438
126.274 0.00135345
131.242 0.00145123
129.815 0.00148279
130.173 0.00145541
129.732 0.0014529
130.794 0.000110496
129.974 0.000999071
128.444 0.0015112
129.25 0.00146003
129.3 0.00146981
130.473 0.0015051
122.587 0.00146125
129.403 0.00155793
126.651 0.00149673
128.666 0.00151767
121.437 0.00147338
125.85 0.00129002
131.824 0.0015998
129.134 0.00175548
128.08 0.00156752
129.841 0.00146369
129.466 0.00149126
130.42 0.00160052
127.275 0.00143959
126.608 0.00146136
129.165 0.00149046
132.33 0.0016971
129.186 0.0011446
129.895 0.00140218
128.429 0.00106045
125.557 0.00145119
126.708 0.00123954
129.801 0.00144553
133.447 0.00167163
134.71 0.0014315
127.882 0.00151111
129.163 0.0020327
127.935 0.001544
126.486 0.00148227
129.013 0.00147472
133.078 0.00150891
129.529 0.00145672
127.645 0.00166199
128.608 0.00167973
129.843 0.00142085
131.579 0.00144229
128.005 4.23278e-05
128.311 0.00113852
131.019 0.00152119
130.644 0.00147197
131.846 0.00148656
130.69 0.00144539
130.103 0.00111681
130.928 0.00162138
131.037 0.00031786
131.133 0.00146719
131.995 0.00146529
127.693 0.00145447
127.49 0.00149518
123.142 0.00145777
126.329 0.00143966
133.575 0.00142275
130.63 0.00153065
132.794 0.00151145
127.952 0.00144089
129.694 0.00143977
127.509 0.00149105
127.058 0.00157411
126.75 0.00151729
129.773 0.00149868
127.715 0.00145702
129.345 0.00152399
129.913 0.00170851
132.583 0.00151223
116.114 0.00159992
123.582 0.0016441
130.945 0.0014914
124.484 0.00155422
125.991 0.00147253
128.474 0.00011031
116.36 0.00169318
126.725 0.0015965
131.598 0.00150717
129.955 0.00169425
116.52 0.00112484
128.985 0.00164748
128.489 0.00150116
129.758 0.000225295
131.169 0.00146376
130.587 0.00123192
130.859 0.00145295
131.517 0.00148763
133.482 0.00147372
133.115 0.000769477
131.408 0.00148222
132.508 0.001576
132.61 4.4167e-05
116.08 0.00146927
131.445 0.00150121
130.523 0.000561653
130.116 0.00152454
130.258 0.00154596
122.755 0.00160345
129.03 0.00149536
127.616 0.0014548
128.902 0.00166374
129.332 0.00152455
133.057 0.00149499
123.324 0.00142808
129.832 0.00151028
126.753 0.00153683
130.137 0.00166834
126.444 0.00144745
121.435 0.00147685
117.481 0.00153287
126.125 0.00168685
131.809 0.00145109
124.174 0.00145246
130.26 0.00150028
131.174 0.00105529
130.916 0.00164318
130.144 0.00155007
129.585 0.00148114
130.488 0.00146177
130.407 2.79207e-05
127.497 0.0015835
130.907 0.00145584
127.893 0.00157957
127.236 0.00139199
123.425 0.00155648
131.442 0.00136839
129.918 0.0015494
129.917 0.00149924
126.677 0.00156245
129.236 0.00162222
128.47 4.39279e-05
129.834 0.00162493
128.646 0.00149644
130.653 0.00145127
130.681 0.00144107
129.638 1.06845e-05
123.709 0.00162502
128.478 0.000226797
129.551 0.00133676
131.664 0.000314852
127.499 0.00169974
130.063 0.000105768
127.936 0.000154512
127.413 0.0014983
125.418 0.00171258
126.88 0.00165019
121.628 0.00148249
123.696 0.0016475
133.194 0.00172847
128.626 0.0014699
129.579 0.00149967
127.695 0.00148337
119.885 0.00149279
130.495 0.0014628
124.374 0.00154106
129.867 0.00153107
127.397 0.00127415
127.594 0.00158623
119.829 0.00141713
126.142 0.00148723
130.797 0.00148731
131.502 0.00145205
126.615 0.00131147
129.141 0.00156534
129.433 0.00147804
129.562 0.00146928
134.425 0.0014771
123.386 0.00154717
131.109 0.0011554
124.748 0.00149483
130.407 0.00131945
125.2 0.00137563
127.705 0.00142771
126.149 0.00162943
123.618 0.00144853
122.154 7.08732e-05
125.15 0.00148979
121.033 0.000430449
132.607 0.00144295
128.056 0.00156231
125.646 0.00153406
133.606 0.0013849
129.868 0.00142544
128.855 0.0014412
130.411 0.00151488
123.335 0.00144447
129.272 0.00147699
129.46 0.00145674
130.714 0.00141004
126.325 0.00147626
128.221 0.0015985
129.139 0.00149304
131.261 0.00147974
132.749 0.000853182
128.924 0.00158636
129.215 0.00152328
128.543 3.61393e-06
133.545 0.00151946
127.306 0.00166827
128.808 0.00146755
132.845 0.00150396
131.609 0.00164747
127.914 0.00148912
126.713 0.00144353
124.768 0.00165537
132.011 0.000856762
129.515 0.00153221
126.179 0.0011273
134.88 0.00100996
128.051 0.00147644
131.4 0.00162314
125.286 0.00149509
132.502 0.000106591
133.972 0.00145491
127.047 0.00146299
130.199 0.00145496
125.964 0.00144244
127.762 0.0014457
129.993 0.00166385
131.876 0.0016458
126.159 0.00143105
133.066 0.00145231
132.814 0.00137567
127.985 0.00149155
119.599 0.00132956
133.109 0.00068845
128.479 0.00158043
131.143 0.00150157
130.27 0.00145946
130.133 0.00135484
128.325 0.00142643
129.699 0.0016473
132.19 0.00152434
130.207 0.00145967
128.622 0.00167289
130.115 0.00158469
130.097 0.00153403
130.562 0.00151361
129.332 0.00134902
126.349 0.00123842
129.5 0.00165875
129.75 0.00144392
127.266 0.00159539
124.531 1.42309e-06
131.062 0.00146861
119.73 0.000425853
125.739 0.00123406
128.489 0.00147588
125.613 0.00164929
132.022 0.00145591
126.806 0.00152282
130.372 6.10851e-06
125.701 0.00150178
133.911 0.00137908
127.546 3.65743e-06
131.278 0.00172859
132.615 0.00155169
127.96 0.000844868
132.416 0.00148451
128.902 0.0016476
121.812 0.00150605
126.577 0.00167173
119.931 0.00142695
126.511 0.000106446
126.089 0.00135154
133.827 0.00149684
131.853 0.00146801
125.444 0.00125865
128.594 0.00150851
123.927 0.00149774
129.628 0.00135348
128.85 0.00148391
131.509 0.00132871
128.321 0.00146715
123.2 0.00157537
130.354 0.00136464
126.821 0.00152847
128.965 0.000564853
128.619 0.00118215
130.56 0.00153315
129.724 0.00161121
120.18 0.00148589
128.383 0.00146193
129.474 0.00146639
125.258 0.00154326
129.474 0.00153821
130.267 0.00163773
131.219 0.00146937
124.425 0.00141853
130.032 0.000223285
124.693 0.000557217
116.669 0.00140722
126.731 0.0013798
130.264 0.00148498
132.51 0.00144745
128.172 0.00145879
127.719 0.00151135
126.422 0.00165485
132.029 0.00149919
134.597 0.00136299
127.054 4.41666e-05
129.409 0.00166043
129.444 0.00143762
129.374 0.00144652
128.161 0.00154916
134.306 0.00146957
127.709 0.00165681
129.239 0.00149583
128.967 0.00146373
126.517 0.00145255
135.302 0.00152258
123.995 0.00154287
131.235 0.00150353
131.069 0.00167317
128.99 0.00146782
128.484 0.00154447
130.887 0.00145711
128.659 0.00150581
131.796 0.00152742
128.247 0.00152885
123.982 0.0015597
129.909 0.00166108
133.473 0.00150518
130.081 0.00144712
127.747 0.00130568
131.416 0.00151695
128.327 0.00146079
126.929 0.00151181
122.454 0.000441911
127.574 0.00144223
131.517 0.0014996
129.577 0.0013094
129.978 9.6976e-05
127.672 0.0015235
128.096 0.00147018
129.428 0.00146476
131.175 0.00148861
129.695 0.00151538
