129.471 0.000617755
130.606 0.000582252
131.368 0.000599452
144.065 0.000578866
134.169 0.000395064
118.918 0.00059463
125.56 0.000611857
131.553 0.000571191
132.135 0.000659743
144.779 0.000565892
129.416 0.000283366
123.247 -0.000580393
143.362 0.000571155
129.474 -0.000584356
129.672 0.000554254
118.324 0.000646835
127.954 0.000597494
120.605 1.08297e-05
128.811 0.000553476
132.137 8.55346e-05
130.178 0.000597244
129.513 0.000598438
125.225 0.000593726
128.435 -0.000451934
126.454 0.000603294
121.848 0.000651932
127.153 0.000544795
129.96 0.00017098
124.392 0.000605222
136.554 0.000606858
129.182 0.000500826
132.602 0.000566583
129.957 0.000446061
130.961 0.000545164
127.079 0.000548734
134.882 0.000406656
128.061 0.000577573
122.032 0.000650629
127.205 0.000606524
130.995 0.000654716
125.771 0.000125195
129.941 0.000595925
135.137 0.000658381
130.657 0.000635208
121.884 1.09756e-05
129.229 0.000609897
158.783 0.000625487
130.918 0.000548644
128.66 0.000447535
129.064 0.000573841
128.921 0.000559448
130.161 0.000624335
129.638 0.000574352
124.486 2.29584e-06
119.73 0.000584342
126.104 0.000118273
115.366 0.000649488
142.572 0.000575981
126.119 0.000569842
132.865 0.000660202
131.661 0.000657898
118.946 0.000590857
121.523 0.000597475
120.122 0.00057099
134.25 0.000665405
130.848 0.000588539
128.85 0.000575911
118.219 0.000590433
125.805 0.000597511
152.058 0.000609184
127.65 0.00039129
130.614 0.00057507
117.635 6.18419e-05
123.505 0.000223485
134.374 0.000593632
125.772 0.00057392
129.783 -0.000579731
162.911 0.00064133
121.308 0.000605174
130.158 0.000572925
129.297 0.000594804
130.873 0.000618112
120.863 0.000631211
135.337 0.000395986
132.244 0.000572199
129.671 0.000518682
129.484 0.000477853
123.715 0.000605637
128.586 0.000575143
130.634 0.000653081
130.513 0.000600369
120.541 0.00059637
133.229 0.000573896
126.261 0.000574795
128.103 0.00066644
128.661 0.000632919
132.12 0.000458918
128.365 0.000577573
134.153 0.000573412
130.14 0.000640767
122.811 0.000624322
132.742 0.000545844
130.68 0.000544139
117.599 0.000568281
124.515 0.000225091
132.872 0.000607662
131.5 0.000594118
128.314 0.000591433
129.768 0.000646314
132.344 0.000543329
145.121 0.000494117
126.844 0.000565861
126.813 0.000654755
130.836 0.000591903
128.794 0.000653777
117.134 0.000633505
128.541 0.000668147
131.271 0.000617758
116.329 0.000626006
117.715 0.000536646
129.842 0.000607524
131.525 0.000581726
121.699 0.000597248
131.198 0.000693319
130.098 0.000571773
125.173 0.00062825
130.056 0.000611556
130.439 0.00059649
125.621 0.000627167
138.659 0.000583237
129.239 0.00063572
118.619 0.000549597
149.969 0.000555625
129.804 0.000625075
155.447 0.000525687
133.624 0.000604882
127.929 0.000541229
128.676 0.000611231
132.127 0.000634774
120.275 0.000641986
143.524 0.000647861
150.399 0.000397238
128.06 2.52881e-06
129.687 -8.68062e-05
150.08 -0.000579202
127.596 0.000602353
149.382 0.000587751
133.327 0.00063002
129.795 9.02357e-05
132.61 0.000641091
157.009 0.000123983
130.592 0.000585388
131.203 0.000582907
129.905 0.000575378
130.39 0.000583604
139.302 0.000523197
126.748 2.79503e-05
134.395 0.00065919
130.874 1.11801e-05
130.462 0.000599005
130.433 0.000577011
129.403 0.000604025
129.927 0.000122977
140.765 0.000642065
130.243 0.000586128
117.131 0.000578696
122.557 0.000586588
137.819 0.000604566
131.13 0.000581717
128.012 0.000576641
131.44 0.000594186
139.659 0.000586775
127.584 0.00058756
129.076 0.000582926
117.205 0.000585273
122.063 0.000602722
118.492 0.000583333
129.796 0.000650049
151.233 0.000597318
