126.71 0.00072089
121.902 0.000588606
124.007 0.000492449
126.389 0.00062863
120.819 0.000702181
118.424 0.000615673
120.86 0.00068542
119.649 0.000659339
122.867 0.000659143
123.041 0.000613524
124.642 0.000699773
123.313 0.000644419
125.884 0.000135843
124.958 0.000715326
121.093 0.000630457
120.853 0.000647097
125.335 1.87958e-05
122.541 0.000752978
123.966 0.000621226
117.982 0.000644842
122.723 0.000645488
125.946 9.65209e-05
128.108 0.000501146
124.384 0.000661379
122.982 0.000711269
125.659 0.000632942
125.091 0.000648198
125.764 0.000656614
127.818 0.000646366
124.662 0.000532631
127.21 0.000659568
122.79 0.000626403
126.82 0.000613443
122.608 0.000418694
126.497 0.000626394
124.291 2.62287e-06
130.44 0.000653423
124.087 0.00062739
125.926 0.00066195
118.687 0.000649752
128.237 0.000497862
129.251 0.000634272
125.833 0.000628904
127.141 0.000597186
128.882 0.000639687
123.201 0.000637373
125.368 0.000654852
119.29 0.000628242
124.205 0.0006217
126.232 0.000628946
118.003 0.000643556
119.953 0.000595063
122.869 4.58308e-05
121.207 0.000592627
119.774 0.000659801
126.32 0.00069724
125.63 0.000593542
125.007 0.00062674
123.637 0.000687791
121.485 0.000651779
128.595 0.000670931
124.8 0.00065146
129.904 0.000578485
120.542 0.000646616
125.54 0.000641642
124 0.0006405
123.287 0.000653567
123.324 0.00049628
124.277 0.000711321
126.559 0.000635314
124.269 0.000620246
124.461 0.000709714
124.158 0.000639965
123.375 0.000652403
127.237 0.000619275
123.203 0.000538458
123.886 0.000721498
122.723 0.000623642
126.18 0.000646771
124.005 0.000646954
123.214 0.000695288
125.384 0.000627792
126.975 0.000647096
123.28 0.00059304
121.846 0.000633267
124.735 0.000622268
124.944 0.000236601
121.638 0.000631984
127.333 0.000584944
122.522 0.000639397
126.372 0.000642137
127.539 0.000630766
126.192 0.000622382
126.878 0.000610257
123.538 0.000679489
124.792 0.000716618
125.886 0.000590758
121.954 0.000644569
121.008 0.000247646
128.13 0.000687541
118.741 0.000650828
124.864 0.000631936
125.501 0.000173006
119.332 0.000623945
122.319 0.000675993
123.815 1.88965e-05
129.785 0.00059226
122.388 0.000672901
121.622 0.000661596
125.184 0.000717766
120.284 0.000613014
118.151 0.000715513
126.172 0.000605808
121.794 0.000629444
122.134 0.000629487
122.45 0.000602465
122.378 0.000683166
125.362 0.000626302
124.624 0.000700008
121.967 0.000680164
123.533 0.000620131
127.019 0.000174348
123.919 0.000646668
120.332 0.000706792
122.35 0.000634612
119.32 0.000722463
123.727 0.000363433
125.034 0.000617025
126.693 0.000685758
125.833 0.000662222
123.821 0.000365361
116.103 0.000657135
125.333 0.000623272
126.741 9.03185e-07
124.288 0.000642735
124.574 0.000633654
124.262 0.000717112
124.774 0.000620664
120.435 0.000724329
125.406 0.000711306
122.612 0.000596645
126.49 0.000617644
124.803 0.00070634
123.524 0.00062352
129.415 0.000669512
124.495 0.000626919
117.838 0.000613229
127.856 3.03679e-05
119.197 0.000660581
122.781 0.000707515
121.036 0.000182925
122.224 0.000423883
135.917 0.000646755
124.679 0.000693734
123.078 0.000739536
123.545 0.00070481
125.647 0.000627858
123.077 0.000621434
124.263 0.000637622
124.535 0.000743398
124.678 0.000686678
123.792 0.000624681
122.255 0.000676015
122.953 0.000637532
115.96 0.000616609
123.627 0.000627268
122.911 0.000704854
121.499 0.000629252
124.087 0.000627453
124.417 0.000617982
124.965 0.000709028
121.911 0.000627719
122.325 0.000673124
124.363 0.000661143
126.04 0.00053352
124.429 0.0005826
125.038 0.000633076
125.923 0.000609841
125.1 0.000702153
124.693 0.000243041
128.025 0.000610615
120.823 0.000650746
126.612 0.000661082
120.388 0.000681616
128.377 0.00057269
132.67 0.000700334
124.413 0.000621825
121.317 0.000660245
129.672 4.75121e-05
123.704 0.000656969
124.924 0.00063691
124.15 0.000578327
124.719 0.000636583
129.784 0.000707459
127.997 0.000597132
127.995 0.000669639
127.118 0.000651438
123.855 0.000684286
121.737 0.000654749
126.247 0.00063697
125.091 0.000615621
122.756 0.000719484
124.479 0.000623772
115.409 0.000361848
124.599 0.000616926
124.015 0.00058754
127.946 0.000591525
118.619 0.000701864
122.426 0.000425476
125.6 0.000706732
124.597 0.000439113
126.778 0.000617093
119.813 0.000649964
123.89 0.000590079
124.966 0.000637224
124.341 0.000716924
123.546 0.00063601
123.313 0.000639882
124.33 0.0006176
124.062 0.000631653
117.541 0.000645767
125.618 0.000701122
127.091 0.00061643
120.425 0.00066053
129.404 0.000638711
122.916 0.000657224
126.459 0.000604009
125.23 0.000655052
127.68 0.000615814
122.354 0.000640407
123.61 0.000716747
125.999 0.000654827
119.834 0.000638548
126.055 0.000581207
117.978 0.000693478
124.525 0.00069002
127.859 0.000715555
122.003 0.000704268
124.278 0.000713758
122.021 0.00073161
127.134 0.000638838
124.661 0.000535814
127.522 0.000637231
126.301 7.27549e-06
125.7 0.000615719
119.139 0.000682063
121.982 0.000611451
124.529 0.000646147
121.434 0.000640622
124.733 7.02567e-06
121.189 0.000588396
119.324 0.00064747
124.695 0.000672252
123.321 0.000657079
125.773 0.000618987
123.384 0.000644607
124.036 0.000700893
124.103 0.000640261
125.829 0.000665148
121.259 0.00070496
125.321 0.000641418
125.823 0.000719323
125.279 0.000633591
125.902 0.00061492
124.78 0.000725632
121.545 0.000729373
122.438 0.000634629
126.211 0.000622809
122.977 0.000295136
126.417 0.000134397
127.579 0.000574191
128.127 0.000724903
123.588 0.000600292
128.354 0.000589618
119.334 0.000665221
121.521 0.000589666
123.381 0.000653665
124.545 0.000365263
121.429 0.000591109
122.461 0.00062693
124.513 0.000645359
125.385 4.6037e-05
125.013 0.000638326
123.424 0.000625419
120.872 0.000620636
126.427 0.000678132
122.857 0.000526984
125.805 0.000637223
119.735 0.000623948
119.165 0.000641243
124.581 0.000537031
123.913 0.000665229
122.698 0.000482418
120.497 0.000722549
125.255 0.000666708
121.473 0.000633844
127.106 0.000707886
121.984 0.000630025
122.554 0.000689708
123.789 0.000641061
126.605 4.37667e-06
118.641 0.000618574
120.348 1.09641e-05
121.354 0.000650707
121.731 6.68689e-05
128.984 0.000627306
124.248 0.000644973
124.903 0.000623382
124.484 0.000631721
121.367 0.00071525
124.956 0.000629056
119.88 0.000709449
123.455 0.000660622
117.41 0.000620016
120.409 0.000649112
124.661 0.000650138
122.352 0.000628521
119.546 0.000676723
124.948 0.000645889
126.84 0.000633139
123.47 0.000653451
129.592 0.00066481
124.953 0.000621642
123.973 0.000696225
126.346 0.000716931
120.568 0.0006533
119.383 0.000619517
126.853 6.77066e-05
121.587 9.54755e-05
124.668 0.00064393
127.732 0.000656434
122.554 0.00061968
121.971 0.000664906
122.519 0.000641485
124.519 0.000640159
124.747 0.000718488
117.488 0.000614573
123.942 1.77476e-05
126.871 0.000488723
122.609 0.000618897
124.175 0.000703205
118.215 6.7742e-05
128.271 0.000719188
124.564 0.000543882
121.752 0.000674017
123 0.000656233
122.069 0.000590225
122.821 0.000645586
119.901 0.000732365
126.174 0.000598815
123.106 0.00072083
124.035 0.00061607
124.142 0.00058519
121.627 0.000593762
124.319 0.000640074
124.784 0.000715812
122.176 0.000615865
122.665 0.000610369
124.262 0.000708621
119.88 0.000660386
123.591 0.000626393
123.815 0.000632142
126.177 0.000614281
127.618 0.000686341
115.032 0.000646125
126.038 0.000620604
124.848 0.000650038
121.866 0.000481895
120.454 0.000631512
125.074 0.000706192
123.852 0.00064956
120.605 0.000677628
122.769 0.000624003
121.422 0.000646971
125.291 0.000706327
124.166 0.00064884
125.731 0.000625296
124.209 0.000639658
124.903 0.000713508
125.153 0.000640933
123.215 0.000752704
116.78 0.00060248
122.825 0.000717321
122.915 0.000651706
127.431 0.000616199
124.745 0.000615072
123.806 0.000625261
124.207 0.000667586
124.736 0.000632315
125.471 0.00064769
125.725 0.000634853
124.75 0.000724336
120.385 0.00063566
118.942 0.000580495
122.571 0.000624954
122.735 0.00062442
122.51 0.000668817
134.116 0.000658462
125.432 0.000360675
125.521 0.000700059
123.005 0.00064296
123.101 0.000614254
127.182 0.000487166
124.656 0.000706166
129.964 0.000623966
122.902 0.000604013
118.465 0.000618783
124.957 0.000643006
123.639 0.00070173
124.82 0.000544669
125.424 0.000746332
122.7 0.000595906
125.05 0.000739512
124.48 0.000715562
129.246 0.000647694
117.869 0.000646446
122.631 0.000628106
128.483 0.000706109
126.988 0.00061863
126.005 0.000706935
125.087 0.0006273
115.763 0.000746302
123.952 0.000242581
123.267 0.00029461
121.251 0.000700809
123.695 0.000633812
125.036 0.000656478
118.455 0.000620277
126.296 0.000711855
124.311 3.02709e-05
124.507 0.000242067
123.936 0.000726158
124.699 0.000644286
124.095 0.000627964
125.587 0.000418805
117.287 0.000294276
125.099 0.000634326
127.655 0.000241122
120.534 0.000625251
127.334 0.000691799
128.097 0.000637515
122.663 0.000641525
127.815 0.000648073
120.734 0.000634929
125.023 0.00063796
123.859 0.000639326
123.387 0.000644414
127.011 0.000658255
124.89 0.000644843
120.3 0.000427589
126.685 0.000274087
126.118 0.000634816
127.379 0.000633104
125.226 0.00062595
122.421 0.000581512
127.183 0.000437298
125.153 0.000652894
124.659 0.000713454
128.305 0.000636421
123.461 0.000716618
125.41 0.000655277
124.518 0.000631124
124.008 0.00061513
125.41 0.000359005
120.554 0.000620134
124.702 0.000624388
125.572 0.000701585
125.851 0.00058318
125.825 0.00064995
121.64 0.000698298
128.827 0.000614055
125.43 0.000545831
127.735 0.000646585
124.819 0.000691664
120.805 0.000715227
125.67 0.000677037
125.369 0.000655072
124.71 0.00058894
123.107 0.000643893
125.33 0.00064754
121.379 0.000619589
125.262 0.00062055
123.314 0.000648003
124.339 0.000636012
126.798 0.000701291
122.313 0.000183344
123.679 0.000634876
126.766 0.000651045
121.732 0.000697275
118.883 0.000666594
122.355 0.000618851
127.507 0.00062941
123.912 0.000301168
125.817 0.000652852
123.085 0.000723212
125.476 0.000701023
125.565 0.000706231
125.803 0.000709614
126.008 0.000630345
123.501 0.000630778
121.644 6.94132e-05
125.013 0.000421915
121.96 0.000623464
127.341 0.000637482
126.357 0.000667917
125.975 0.000634075
123.54 0.000626457
123.955 0.0006275
123.466 0.000633814
122.793 0.000659964
124.067 0.000323582
123.438 0.000624283
126.191 0.00061865
123.372 9.46167e-05
124.691 0.000627338
126.829 0.00068007
116.551 0.000627929
128.686 0.000614895
125.08 0.000285345
123.533 0.000645695
124.218 0.000603712
127.867 0.000632704
123.677 0.000634595
121.901 0.000670141
123.453 0.000593904
120.031 0.000573821
123.503 0.000615735
122.634 0.000643515
120.434 0.000654557
125.519 0.000624137
127.923 0.000682179
124.285 0.000623232
127.859 0.0005736
124.38 0.000671154
126.242 0.000694843
125.025 0.000667377
123.814 0.000575451
124.109 0.000646986
122.959 0.000742988
125.656 0.00064498
125.444 0.000626445
120.356 0.000716582
123.331 0.000634451
124.164 0.000613478
126.722 0.000625919
120.85 0.000628345
128.138 0.000587101
119.463 0.00036793
126.903 0.000639215
123.461 0.00048879
121.63 0.00060708
124.058 0.000642991
127.748 0.000614369
126.376 0.000659462
124.336 0.000619915
123.948 0.000693849
126.553 0.000717623
125.239 0.000615199
123.535 0.000581862
123.209 0.000692468
127.586 0.000645721
124.272 0.000626423
125.865 0.000674292
122.576 0.000649227
122.749 0.000702459
119.819 0.000592342
123.294 0.000688266
128.027 0.000713082
124.474 0.000360517
122.426 0.000636963
119.26 0.000710882
124.652 0.000650979
122.981 0.000632482
122.613 0.000688676
120.121 0.000583633
127.247 0.000623667
131.568 0.000718769
127.943 0.000650373
124.944 0.000613792
123.747 0.000620613
117.598 0.000632577
120.742 0.000638718
125.687 0.000643836
125.095 0.000652687
123.773 0.000580177
125.974 1.18898e-05
124.427 0.000610089
125.69 0.0006487
126.504 0.000589678
125.714 0.000633806
121.402 0.000726858
121.838 0.000586602
126.687 0.000618225
126.436 0.000657925
124.995 0.000581484
121.65 0.000694385
124.346 0.000639818
125.14 0.000636947
117.499 0.000644271
124.267 0.000653943
125.708 0.000646349
126.617 0.000699949
124.452 0.000626887
122.355 0.000659264
125.737 0.000645524
124.869 0.000718501
123.488 0.000588207
124.831 0.000673766
117.461 0.000707779
128.068 0.000428672
122.374 0.000703697
124.326 0.000624334
125.599 0.000692089
120.4 0.000584047
122.727 0.000646088
118.167 0.000640671
121.55 0.000626487
127.007 0.000642995
115.514 0.000638629
127.497 0.000620196
120.093 6.16017e-05
127.98 0.000634542
123.299 0.000565363
121.109 0.000675291
124.858 0.000709965
124.946 0.00066824
122.183 0.000659985
116.284 0.000626853
123.301 0.000133906
127.685 0.000641066
124.325 4.55636e-05
116.02 0.000626369
127.326 9.67551e-05
123.61 0.000626481
123.989 0.000739068
124.367 0.000707641
125.213 0.000637286
122.142 0.000626917
125.946 0.000653202
125.412 0.000620179
118.717 0.000696574
124.431 0.000626269
124.04 0.000629202
125.428 0.000621149
125.156 0.000697943
124.575 0.000618969
126.747 0.000636597
127.27 0.000724397
125.915 0.000634939
125.914 0.00055745
124.986 0.000669638
124.845 0.000173523
119.466 0.000545545
125.098 0.000645018
124.161 0.000297969
127.22 0.000594558
121.523 0.000642906
126.009 0.000639636
133.457 0.000651435
125.918 0.000644492
123.712 0.000131318
125.255 0.000726352
125.918 0.000248025
125.481 0.000635737
126.728 0.000638888
125.28 0.000661845
125.645 0.000694836
127.962 1.87459e-05
117.455 0.000708106
124.666 0.000664124
125.19 0.000619197
116.769 0.000644865
123.346 0.000632506
123.756 0.000694424
125.647 0.000641887
127.998 0.000632033
122.8 0.000421918
121.928 0.000646973
127.263 0.000638879
125.29 0.000610218
125.033 0.000642787
121.636 0.00062063
118.048 0.000651184
124.718 0.000605684
120.142 0.000655892
122.339 0.000612876
117.704 0.000618389
122.448 0.00068229
123.146 0.000624345
124.718 0.000290685
125.659 0.000610704
128.492 0.000620507
118.862 0.000653815
128.856 2.96649e-05
120.186 0.000613743
118.979 0.000602727
125.293 0.000629437
123.451 0.000719228
124.251 0.000657244
121.59 0.000653043
123.169 0.000642046
120.628 0.000586308
122.546 0.000628981
122.284 0.000666993
125.814 0.000626661
122.84 0.000421167
123.962 0.000620586
125.29 0.000716662
127.714 0.000425267
123.651 0.000600938
125.882 0.000648937
123.766 0.000499131
125.514 0.000685185
121.399 0.00064839
120.069 0.000628359
116.583 0.000656426
125.37 0.00069551
125.369 0.00067795
124.094 9.86877e-05
122.392 0.000654381
124.07 0.000625795
119.513 0.000621671
125.491 0.000596182
123.395 0.000378661
126.118 0.000638004
120.738 0.000552305
125.337 0.000586724
122.707 0.000631641
127.141 0.00042376
123.043 0.000704988
122.818 0.000579731
126.038 0.000716574
115.226 0.000628632
122.449 1.21185e-05
116.43 0.000642363
125.121 0.000697598
124.378 0.000360178
129.165 0.000621145
125.932 0.000709983
122.393 0.000631601
122.766 0.000570339
119.916 0.000700941
128.616 0.00059388
119.294 0.000717182
127.493 0.000630609
125.315 0.000426085
125.025 0.00030001
123.865 0.00062886
121.307 0.000608603
121.932 0.000640615
123.335 0.000643289
125.202 0.000643687
123.121 0.000638255
124.868 0.000645732
124.2 0.000615347
122.769 0.000654197
120.234 0.000641883
120.439 0.000240915
124.536 0.000663505
125.984 0.000714378
122.877 0.000618659
123.655 0.000677227
119.641 0.000616572
123.278 0.000650645
127.958 0.000651914
122.145 0.000236505
123.935 0.000622608
126.925 0.000632084
125.63 0.000614176
126.599 0.000719822
124.787 0.000631878
125.997 0.000634118
121.446 0.000658374
127.464 0.000647605
124.945 3.02628e-05
126.398 0.000630647
126.588 0.000343727
128.566 0.000717609
125.088 0.000626614
127.175 0.000637804
122.089 0.00071098
125.258 0.000627581
124.359 0.000646216
123.809 0.000543775
127.997 0.000603857
123.037 0.000639055
124.847 0.000299062
124.775 0.000615167
128.194 0.000686122
123.643 0.000715735
131.388 0.000652111
123.746 0.000549871
123.427 0.000626707
125.059 0.000713962
123.726 0.000589422
124.741 0.000609777
124.459 0.000634405
125.097 0.000646043
120.989 0.000710311
120.973 0.000617019
124.741 0.000630233
120.137 0.000614576
126.166 0.000100646
124.265 0.000242188
123.45 0.000622944
115.481 0.000725216
125.816 0.00023863
126.137 0.000624612
129.728 0.000640389
123.471 0.000675805
117.527 0.000555287
120.872 0.000647632
120.224 0.000619448
123.948 0.000620044
117.501 0.000614524
122.197 0.000676827
124.405 0.000661242
126.723 0.00062638
123.053 0.000711607
125.782 0.000622243
121.665 0.00061872
122.798 0.000717495
124.836 0.00065652
125.562 0.000616971
123.229 0.000679447
125.923 0.000671304
124.578 0.000622661
126.387 0.000642886
120.656 0.00072602
119.233 6.70054e-05
128.69 0.000722237
124.746 0.000623894
120.893 0.000594209
122.097 0.00066264
122.444 0.000628983
125.406 0.000570552
124.151 0.000694387
124.143 0.00063798
121.641 0.000607312
124.087 0.000645185
130.859 0.000696309
124.591 0.000622174
124.855 0.000486467
117.43 0.000628843
116.036 0.000498726
125.475 0.000732023
123.649 0.000625855
123.486 0.00061298
118.964 0.000727126
135.047 0.000662056
125.995 0.000604554
126.811 2.63403e-06
128.175 0.000622234
122.923 0.000625876
118.147 0.000710313
125.13 0.000647789
123.834 0.000638096
124.96 0.000641952
127.047 0.000728832
122.699 0.000629165
121.72 0.000649311
125.75 0.000298801
125.362 0.000661712
122.341 0.000588306
123.41 0.000665843
125.687 0.000619047
122.132 0.000706337
122.982 0.000629082
125.791 0.00072541
122.683 0.000648869
125.819 0.00064473
120.6 0.00059326
124.867 0.000538128
121.701 0.000617863
130.794 0.000680766
119.175 0.000703699
120.998 0.000531947
123.494 0.000602687
122.882 0.000716701
124.886 0.000616361
124.837 0.000660551
120.79 0.000519564
121.809 0.000656299
121.796 0.000681314
126.26 0.00066781
122.888 0.000624606
120.383 0.000632722
123.611 0.000626061
116.351 0.000649918
125.328 0.000644925
124.203 0.000653621
122.411 0.00063422
120.823 0.000612159
118.864 0.000622957
124.296 0.000665414
126.552 0.000647333
123.761 0.00062924
127.184 0.000242735
122.98 0.000621513
125.072 0.000640666
121.965 0.000635538
122.238 0.000664365
122.264 6.70587e-05
120.651 0.000649894
122.569 0.000694864
125.796 0.000525231
124.144 0.000644847
122.861 0.000616288
125.238 0.000423224
127.319 0.000652503
126.215 0.000545757
125.763 0.000658808
127.023 0.000644574
124.467 0.000621756
124.47 0.000627541
124.67 0.000680597
123.62 0.000638944
125.613 0.00063686
125.542 0.000628873
123.818 0.000737161
125.854 0.000617509
124.16 0.000622778
125.268 0.000697763
130.422 0.000603649
123.998 0.000628046
123.462 0.000644274
128.689 0.000647951
125.024 0.000361993
125.345 0.000606421
124.674 0.000631593
121.378 0.000565102
121.192 0.000663635
120.044 0.000713141
124.631 0.000629478
125.815 0.000630118
122.464 0.000702002
125.303 0.000632916
126.101 0.000627144
128.925 0.00061408
125.474 0.000653966
125.769 0.000631189
122.306 0.000645419
123.351 0.000301534
124.848 0.000658494
124.9 0.000621912
124.409 0.000613205
123.547 0.000280419
120.53 4.36313e-06
124.798 0.000654706
125.231 0.000624863
127.704 0.0006286
124.547 0.000648182
128.805 0.000562036
122.355 0.000637693
123.194 0.000630078
128.347 0.000628722
122.613 0.000653417
127.135 0.00060806
123.982 0.000614354
123.699 0.000694034
126.054 0.000593629
119.329 0.000632611
126.838 0.000672319
125.411 0.00069491
125.485 0.000540971
121.719 0.000639308
127.171 0.000618017
126.667 0.000620192
124.803 0.000596865
119.503 0.000649968
126.082 0.000603618
121.153 0.000648678
127.432 0.000664462
125.007 3.12467e-05
125.146 0.000723109
127.694 0.000615216
124.651 0.000653074
124.801 0.000721383
123.035 0.000685087
125.242 0.00063235
124.423 0.000634599
122.207 0.0006283
124.473 0.000542169
125.107 0.000632232
123.347 0.000659944
125.239 0.000647535
126.797 0.000615026
126.8 0.000706365
128.627 0.000644901
124.17 0.000632323
124.366 0.000681499
117.87 0.000619004
125.445 0.000625222
125.103 0.000662619
124.931 0.000708793
121.263 0.000637315
123.593 0.000626182
121.723 0.000710672
123.81 0.000601942
125.105 0.000640385
121.157 0.000578175
121.82 0.000616357
117.179 3.90064e-07
125.316 0.000238095
124.139 4.65713e-05
127.12 0.00062159
124.358 0.000627951
124.126 0.000631555
121.663 0.000184752
121.251 0.000661312
121.469 0.000665525
126.883 0.000641457
128.803 0.000735492
126.12 0.000661253
118.549 0.000622196
124.389 0.000677799
122.408 0.000618785
126.118 0.000639266
124.469 0.000596348
123.777 0.000618912
126.413 0.000358557
125.115 0.000621166
124.104 0.000746757
125.591 0.000707884
123.169 0.000701035
128.724 0.000618051
126.875 0.00066444
122.467 4.63355e-05
127.278 0.000666356
123.953 0.000492975
124.874 0.000613403
124.439 0.000544676
116.576 0.000523177
127.439 0.000582528
125.627 0.000655721
123.532 0.000670436
133.769 0.000632593
124.781 0.00062008
122.998 0.000699272
123.711 3.11238e-05
120.503 0.000709535
122.363 0.000634463
125.571 0.000664153
123.914 0.000649581
121.263 0.000637022
126.083 0.000627793
120.354 0.0005546
124.052 0.000661198
124.047 0.000625405
121.524 0.000615423
125.09 0.000670477
126.169 0.00072662
118.133 0.000683903
124.435 0.000635639
124.07 0.00061715
121.673 0.000631617
124.973 0.000633141
126.704 0.000596232
123.225 0.000657703
122.057 0.000619423
128.088 0.000631493
125.079 0.000667948
125.307 0.00062103
124.305 0.000603668
125.884 0.000619783
124.247 0.000623812
127.222 0.000620608
123.425 0.000628234
123.072 0.000637922
123.936 0.000661494
126.502 0.000579319
125.692 0.000652549
130.111 0.00062358
125.053 0.000634804
123.447 0.00062824
127.008 0.00058788
125.462 0.000650573
123.549 0.000642241
122.143 0.000707038
125.038 0.000673613
117.545 0.000631439
123.755 0.000631088
123.623 0.000719186
124.424 0.000650839
122.953 0.000617753
122.155 0.00071166
124.161 0.000654752
123.329 0.000622212
124.833 0.00061533
121.501 0.000629121
131.206 0.000722832
124.216 0.000633447
126.066 0.000623645
125.274 1.86635e-05
121.568 0.000652148
129.847 0.000610232
124.235 0.000651224
120.787 0.000628875
123.862 0.000620926
124.094 0.000639623
124.63 0.000644154
125.812 0.000660273
125.602 4.33839e-07
118.735 0.000623964
127.677 0.000701858
118.623 0.000701593
117.49 0.000709446
126.424 0.000626345
123.191 0.000651901
124.19 0.0006513
118.667 0.000627549
123.907 0.000628919
123.548 0.000716951
126.053 0.000634721
122.584 0.00030687
122.316 0.000360181
124.819 4.58979e-05
119.344 0.00042324
120.823 0.000625023
125.613 0.000629323
116.015 0.000699701
125.203 0.000134129
124.238 0.000591416
123.561 0.000623799
125.576 0.000641236
123.072 0.000641638
128.034 0.000637245
123.936 0.000713338
124.03 0.000622427
122.242 0.000620393
124.97 0.000613202
124.294 0.000488291
125.537 0.000595525
125.039 4.57883e-05
118.999 0.000699094
119.215 0.000632401
125.094 0.000639716
120.958 0.000609498
125.422 0.000225514
125.253 0.000718339
127.293 0.000298236
125.325 0.000653982
124.702 0.000644904
123.372 0.000621614
121.407 0.000644193
118.055 0.000625775
123.629 0.000622403
118.914 0.000636636
119.806 0.000719613
122.606 0.000637152
127.638 0.000667305
124.179 0.000635353
121.06 0.000647972
127.479 0.000626705
120.707 0.000635385
121.196 0.000647056
125.033 0.000644225
124.783 0.000711989
125.38 0.000583536
121.041 0.000673473
123.65 0.000623637
123.349 0.000657283
125.203 0.000626033
122.101 0.0006451
125.337 0.000694143
126.345 0.000677777
123.829 0.000703887
125.981 0.000622157
123.343 0.000645248
125.602 0.000423563
125.464 0.000624993
124.418 0.00062003
121.353 0.000655888
117.283 0.000632584
124.736 0.000698933
127.736 0.000634991
125.476 0.000235365
122.606 0.000622424
123.582 0.000732276
125.274 0.000690077
124.227 0.000628504
123.632 0.000538895
123.265 0.000248458
118.757 0.000691109
124.936 0.000134933
121.835 0.000677317
123.193 0.000661429
124.164 0.000645225
127.334 0.000599172
124.551 0.00058323
126.309 0.00060695
123.809 0.00059054
121.231 7.49274e-06
122.462 0.000666163
127.592 0.000622517
122.582 0.000652523
124.581 0.000621527
117.71 0.000610312
123.65 0.000720125
128.502 0.000584053
123.897 0.00062
123.093 0.000706078
122.651 0.000613759
122.278 0.000660319
125.725 0.000633496
123.148 0.000660436
122.319 0.000641973
123.692 0.000588273
125.058 0.000672324
116.895 0.000613817
124.74 0.000639979
126.629 0.000636252
116.818 0.000709475
123.713 0.00059543
117.638 0.000673226
124.531 0.000645664
124.696 0.000630888
125.05 0.000673297
126.868 0.000631598
126.95 0.000708529
125.658 0.000718556
119.704 0.000663857
124.643 0.000523207
125.195 0.000713401
124.592 0.000669516
125.631 0.00062807
125.973 0.000630331
128.946 0.000736505
124.055 0.000623414
122.101 0.000618862
125.576 0.000624975
125.048 0.000696071
125.788 0.000620718
117.626 0.000620109
126.857 0.000563047
125.93 0.000668951
122.644 6.81601e-05
125.132 0.000617351
125.16 0.000616825
125.533 0.000647602
122.42 0.000574649
122.294 0.000709721
122.026 0.000352856
122.055 0.000134211
129.458 0.000693458
122.896 0.000634091
117.55 0.000625722
124.705 0.000635436
117.514 0.000600622
122.395 0.000641522
125.76 0.000686018
126.237 0.00061491
127.817 0.000711035
123.698 0.000656074
125.464 0.00063767
124.795 0.000656302
124.885 0.000643868
122.91 0.000602297
121.24 0.000634108
126.329 0.000563459
123.333 0.000672139
123.494 0.000633352
123.203 0.000625352
124.185 0.000635631
122.94 0.000640752
122.391 0.000623039
125.025 0.000649152
122.363 0.000701605
127.807 0.00059527
124.492 0.00065847
124.947 0.000625901
124.389 0.000637552
124.794 1.21361e-05
120.587 0.000622419
120.907 0.000653397
123.347 0.000619563
122.747 4.59559e-05
115.708 0.000539816
129.092 4.73697e-05
128.92 0.000671769
121.06 0.000240137
126.205 0.000616997
125.258 0.00072689
121.57 0.000408055
120.623 0.000538392
129.016 0.000618861
124.96 0.000678567
125.323 0.000675579
124.163 0.000415413
120.842 0.000646348
123.093 0.000184471
127.092 0.000639359
118.498 0.000628311
116.816 0.000585296
126.15 0.000359428
127.495 4.5344e-05
126.26 0.000693499
125.661 0.000632283
125.743 0.000681633
125.343 0.000534916
121.489 0.000529351
124.658 0.000630927
125.613 0.000650011
119.809 0.000643452
116.581 0.000707046
122.533 0.000607498
124.289 0.000638209
124.057 0.000474157
122.788 3.01626e-05
124.845 0.000606682
123.127 0.000623155
122.34 0.000622201
126.284 0.000665607
131.924 0.000727709
123.649 0.000616658
122.208 0.000655959
125.145 0.000659702
125.293 0.000722094
121.372 0.000418887
128.842 0.000576052
124.934 0.000621002
124.534 0.000667391
124.159 0.000645616
126.321 0.000637182
126.136 0.000362087
123.255 0.000651938
124.936 0.000656824
123.717 0.000698153
125.162 0.000716526
123.344 0.00060772
125.841 0.000628872
120.406 0.000637288
125.403 0.000721842
122.643 0.000698003
124.921 0.000682683
127.698 0.000637755
123.135 0.000629016
127.296 0.00065506
122.33 0.000672538
126.668 0.000619855
122.714 0.000687431
123.165 0.000626779
123.364 0.00066359
120.665 0.00061339
122.062 9.3278e-05
126.762 0.000658067
125.523 0.000619535
122.982 4.58177e-05
125.576 0.000527768
124.699 0.000590595
122.63 0.000629477
122.485 0.000621606
126.155 0.000692358
123.596 0.000587311
123.638 0.000698876
126.724 0.000632416
122.045 0.000639278
129.818 0.000138583
124.56 0.000579316
116.928 0.00063033
120.435 0.000666099
123.294 0.000621959
125.717 0.00062401
124.042 0.000641967
122.799 0.000623453
124.18 0.00065225
124.267 0.00061861
126.079 0.000639962
127.157 0.000615837
122.22 0.000401981
124.557 0.000608651
128.172 0.000362573
122.252 0.000548225
123.132 2.74769e-06
122.813 0.000659279
122.363 0.000639829
125.749 0.000715138
125.872 0.00062849
123.536 0.000644676
122.392 4.52955e-05
128.547 0.000607704
124.911 0.000632731
116.065 0.00066124
122.233 0.000649694
120.833 0.000659794
122.593 0.000709553
122.407 0.000628096
123.596 0.000616745
124.931 0.000681876
123.912 0.00063909
121.437 0.000629218
125.165 0.000626841
118.332 0.000710567
123.872 0.000658719
123.364 0.000640767
125.292 6.9815e-05
126.117 0.00061935
123.645 0.000611521
124.651 0.00065647
119.267 0.000532796
123.939 0.000635831
121.765 0.000711176
126.463 0.000642956
125.527 0.000641037
115.625 0.000671478
123.089 4.55597e-05
121.599 0.000627524
125.438 0.000592073
123.19 0.000611897
124.8 0.000633604
123.051 4.38993e-06
125.287 0.000664567
124.547 0.000589394
128.165 0.000736239
124.985 0.000709724
123.432 0.000179363
120.363 0.00061367
123.983 0.000708344
123.064 0.00069575
125.764 0.000633068
124.226 0.000538884
124.823 0.000616938
128.378 5.85658e-07
120.424 0.000717673
125.474 0.000632129
123.356 0.000646442
124.141 0.000703345
125.479 0.000666145
124.18 0.000740394
123.808 0.000719359
126.32 0.000669182
124.974 0.000587937
125.257 0.000640091
125.802 0.000625335
121.834 0.000628471
123.74 0.000642975
116.857 0.000694799
125.11 0.000238719
126.338 0.000638253
126.302 0.000641578
124.598 9.6102e-05
123.734 0.000300898
123.31 0.000729596
122.393 0.000618555
119.493 0.000676517
121.116 0.000556246
125.514 0.000627938
125.429 0.000728231
123.832 6.60142e-05
123.04 0.000644519
128.358 3.06995e-05
124.872 0.000632863
123.344 0.000735106
122.674 0.000650526
128.932 0.000642579
124.772 0.000605631
124.658 0.000347388
124.082 0.000619791
125.035 0.000589191
125.528 0.000355244
126.673 0.000601689
124.825 0.000627847
129.285 0.000649633
125.214 0.000630912
129.356 0.000306547
122.052 0.0006449
120.459 0.000442782
124.893 0.000676583
126.249 0.000647336
120.551 0.000473103
120.778 0.000437217
122.419 0.000642327
125.225 0.000623068
125.288 0.000624855
125.743 1.19041e-05
124.418 0.00058685
122.845 0.000702512
122.99 9.85225e-05
125.024 0.0006512
119.646 0.00064244
126.214 0.000636433
126.613 0.000683489
125.731 0.000572027
124.06 0.000668134
124.32 0.000701616
126.52 0.000586805
123.81 0.000614726
126.559 2.65826e-06
119.869 0.000660658
126.128 1.94633e-05
125.929 7.16432e-06
124.781 0.000632997
124.992 0.000642892
124.447 0.000671842
120.895 0.000682474
126.586 0.000623797
123.796 0.000647295
122.324 0.00065321
123 0.000615869
123.347 0.000543365
126.786 0.000590596
126.166 0.000642052
127.581 0.000620574
122.781 0.000363902
120.548 0.000641462
119.258 0.000589892
124.001 0.000639597
122.018 0.000679001
124.73 0.000643696
123.594 0.000623127
124.899 0.000347186
125.183 0.000625741
121.924 0.000619422
125.996 0.000635916
123.727 0.000628017
123.024 0.000579972
119.725 0.000615347
127.688 0.000645007
126.124 0.000712629
123.237 0.000625568
123.392 0.000635382
124.323 0.000627213
124.034 0.000625458
118.537 0.000648564
121.575 0.000598734
122.954 0.00073585
125.324 0.000689699
125.182 0.000651126
124.909 1.7743e-05
125.905 0.000657369
125.757 0.00073467
123.482 0.000545613
124.901 0.000715928
123.97 0.000721245
121.523 0.000585682
126.512 0.000611544
124.704 0.000710864
124.84 0.000707938
125.529 0.000629305
120.947 0.000592462
122.788 0.000642036
125.635 0.000640161
119.876 0.000191109
124.425 0.000600906
123.334 0.000624784
125.377 0.000673573
119.195 0.000628144
124.432 0.000582269
128.308 0.000621423
122.437 0.00063454
121.71 0.00066442
126.33 0.00048692
119.838 0.000645003
125.134 0.000646362
125.705 0.00064803
125.617 0.000718847
126.501 0.000622023
122.203 0.000645165
123.093 0.000667065
126.63 0.000134565
123.941 0.000645895
121.575 0.000633227
124.399 0.000623723
123.648 4.40543e-07
125.301 0.000621228
117.227 0.000643334
125.793 0.000686649
122.631 9.65395e-05
124.475 0.00062717
123.416 0.000637933
124.035 0.000637767
129.86 0.000634716
122.8 0.0006981
123.048 0.000633933
125.114 0.00063694
126.527 0.000663836
124.485 0.000645428
121.88 0.000665006
125.84 6.54527e-05
125.318 0.000613902
125.808 0.000651501
123.889 0.000714689
129.113 0.000552792
124.48 0.000660296
123.815 0.000652432
123 0.000183618
125.393 0.000634007
125.475 0.000617117
123.01 0.000693432
123.027 0.000640554
121.496 0.000644229
124.408 0.000713718
124.156 0.000479379
128.005 0.000644971
125.654 0.000620118
128.449 0.000637371
122.645 0.000672683
121.727 0.00065554
123.233 0.000676967
126.856 0.000584712
123.754 0.000625189
126.256 9.70743e-05
128.427 0.000716587
116.57 0.000664271
125.269 0.00064312
122.712 0.000651172
122.585 0.000613508
127.596 0.000651372
123.189 0.000627847
127.51 0.000632852
122.999 0.000302904
121.689 0.000685375
123.482 0.000626464
119.156 0.000357932
124.793 0.000614625
121.99 0.000626511
122.499 0.000681442
123.552 0.000651998
119.029 0.000370707
131.007 0.000645809
124.284 0.00064881
119.748 0.000651923
119.136 0.000672636
122.384 1.20757e-05
124.768 0.000621927
124.521 0.000660439
122.824 0.000593197
123.954 0.000640728
127.944 0.000635272
118.97 0.000619641
124.088 0.000300322
124.436 0.000720503
123.99 0.000702241
125.28 0.000623828
122.166 0.000643146
125.934 0.000359361
123.554 0.000626008
127.106 0.000724309
125.146 0.000710009
125.337 0.000653148
122.955 4.66663e-05
126.899 0.0006738
124.97 0.000599986
122.912 0.000685431
124.757 0.000601186
125.737 0.000703821
116.168 0.000484617
123.372 0.000648936
126.334 0.000649956
126.062 0.000574872
126.07 0.000640002
124.142 0.000618691
124.889 1.88104e-05
124.785 1.10261e-05
120.463 0.000626191
123.932 0.000672845
126.122 0.000704915
124.825 0.000695488
125.119 0.000621513
122.782 0.000553531
123.747 0.00065413
125.921 0.00061626
125.002 0.000622463
117.399 0.000625518
126.061 0.000660912
124.558 0.000719559
122.688 0.00048267
119.802 0.000377673
124.683 0.000696506
125.227 0.000583966
126.614 0.000635844
122.537 0.000652415
128.151 0.000284007
127.849 0.000587937
116.729 0.000764626
125.303 0.00064169
119.917 0.000638059
126.249 0.000608873
123.551 0.000676325
125.551 0.000596104
120.099 0.000606235
121.327 0.000646852
124.707 0.000136609
128.172 0.000638808
123.506 0.000616937
123.01 0.000588964
124.654 0.000662866
125.031 0.000686467
123.929 0.000619727
122.151 0.000665142
127.773 0.000183031
124.841 0.00070589
119.893 0.000665802
123.584 0.000538988
125.014 0.000585771
125.374 0.00065651
121.155 0.000644164
123.572 0.00070121
125.855 0.000660397
126.825 0.0006472
119.197 0.00065045
124.359 0.000650445
127.051 0.000641221
126.891 0.000694116
125.063 0.000638
123.786 0.000536652
121.857 0.000625453
119.614 1.19107e-05
123.106 0.000620775
126.045 0.000713538
125.543 0.000721499
122.695 0.00065127
122.928 0.000717043
125.583 0.000619926
130.067 0.000679184
124.772 0.000624375
124.927 0.000641944
124.492 0.000133675
125.683 0.000655502
126.991 0.00062208
126.896 0.000589197
126.529 0.00073638
130.21 0.00053467
127.242 0.000723964
123.528 0.000685568
128.119 0.000700747
120.406 0.00066512
127.869 0.000184215
121.856 0.000634148
124.718 0.000651006
119.241 0.000662232
122.277 0.000632494
130.012 0.000587925
123.692 0.00062009
124.038 0.000629194
129.374 0.000631433
125.459 0.000697167
125.958 0.000708733
119.273 0.000649115
126.886 0.000690516
122.237 0.000644852
124.425 0.00071459
128.615 0.000648375
123.819 0.000618718
125.119 0.000636743
129.029 0.000641001
125.911 0.000620941
124.647 0.000632981
124.738 0.000646764
125.838 0.000665218
126.754 0.000658979
124.944 0.000682064
127.939 1.2029e-05
121.934 0.000689242
117.519 0.000596058
124.764 0.000546632
124.344 0.000620614
124.377 0.000625991
129.586 0.000709221
128.328 1.92056e-05
125.066 0.000674511
128.063 0.000483452
125.381 0.000619292
123.237 0.000697017
124.138 0.000133256
124.935 0.000650393
121.681 0.000675694
124.681 0.000658964
125.453 0.000630434
123.221 0.000615348
123.336 0.00067315
125.498 0.000701571
125.362 0.000717468
123.502 0.000630965
129.605 0.000595435
125.516 0.000712356
129.447 4.37231e-06
125.354 0.000730818
125.377 4.34394e-06
123.541 0.000629176
123.105 0.000623733
123.986 0.000613057
120.535 0.000589789
121.431 0.00062006
117.861 0.000652047
124.416 0.000622927
130.75 0.000627001
123.674 0.000667838
125.183 0.000645239
125.589 0.000697765
121.465 0.000588731
122.038 9.21333e-07
131.337 0.000623393
121.08 0.000645132
121.891 0.000653449
122.337 0.000657021
126.824 0.000602221
125.438 0.000705026
124.333 0.000635052
126.142 0.000438424
125.977 0.000576208
123.673 0.000623912
122.372 0.000659032
118.674 0.00055921
123.757 0.000307714
119.247 0.000611427
124.011 0.000698572
123.585 0.000647578
117.929 0.00071315
123.776 0.000636005
122.595 0.000662641
122.746 0.000659079
123.388 0.000698228
125.518 0.000609789
126.272 0.000692075
123.869 0.000637915
122.233 0.000648151
123.592 0.000636377
124.808 0.0006514
124.786 0.000612532
124.808 0.000616208
123.913 0.000650786
118.888 0.000632715
127.411 0.00063025
125.189 0.00063881
123.205 0.000651597
123.076 0.000584317
115.951 0.000621109
123.653 0.000671822
121.695 0.000688824
125.077 0.000634637
125.346 0.000641976
127.225 0.000613852
127.353 0.000540875
125.356 0.00065275
124.5 0.000646887
125.708 0.000649235
124.022 0.000242306
118.817 0.000617864
127.837 0.000691002
123.578 0.000699591
128.798 0.000631669
126.177 0.000636418
125.666 0.000612554
124.518 0.000421553
120.137 0.000638481
124.636 0.000588373
124.907 0.000718897
124.325 0.000644369
115.172 0.000632432
121.43 0.000526535
124.449 0.000635619
123.582 0.000635248
125.96 0.00070387
123.888 0.00070704
129.58 0.000652431
118.244 0.00063431
118.224 0.000676984
121.232 0.000656911
122.527 0.000644872
125.065 0.000644971
125.039 4.45358e-05
124.192 0.000711253
124.515 0.000720905
125.085 0.000636427
126.423 0.000733921
125.764 0.000623662
120.161 0.00061169
128.125 0.000639178
124.769 0.000679403
117.614 0.000657451
126.634 0.000633071
126.813 0.000716381
120.029 0.000675844
120.642 0.000699206
122.414 0.000696294
124.444 0.00058787
125.418 0.00063676
127.297 4.36335e-05
125.351 1.50463e-06
124.235 0.000358135
116.519 0.000646304
124.518 0.000649253
125.251 0.000657229
123.228 0.000669792
122.517 0.00049011
127.361 0.0005905
124.961 0.000612995
125.478 0.000626689
118.869 0.000595731
122.5 0.000622435
125.711 0.000650205
129.028 0.000664428
126.946 0.000690593
125.866 0.000652119
125.455 0.000134683
122.119 0.000695175
124.277 0.000721714
125.192 0.000617841
125.545 9.71067e-05
121.211 0.000647041
123.534 0.000620904
120.175 0.000629021
124.436 0.000615556
122.424 0.000710784
127.534 0.00066317
126.166 0.000531305
115.797 0.000615896
120.688 0.000627796
125.977 0.000422241
121.619 0.000613926
125.392 0.000621684
123.686 0.00068023
128.403 0.000627713
119.217 0.000625498
118.813 0.000639844
128.979 0.00072305
122.234 0.000644097
124.325 0.000626977
123.706 0.000726631
119.198 0.000618111
125.281 0.000637557
128.193 0.000622349
116.138 0.000714836
125.334 0.000620149
121.672 0.000715675
126.874 0.000641176
117.018 0.000682319
127.388 0.000620649
127.753 0.000605216
124.22 0.000677582
127.875 0.000611543
126.358 0.000645626
126.045 0.000634527
117.679 0.000624808
126.253 0.000358728
124.514 0.000697287
124.866 0.000583135
120.676 0.000643777
123.065 0.000653728
123.134 0.000616812
122.604 0.000624232
125.721 0.000590091
126.065 0.000738099
124.631 0.00063737
121.695 0.000727056
123.701 0.000656462
124.888 0.000641654
125.512 0.000301921
122.608 0.000651048
128.853 0.000607547
122.352 0.000653243
122.385 0.000597179
130.409 0.000465439
122.967 0.000683845
121.425 0.000710994
122.26 0.000697595
127.025 0.000487581
123.733 0.000618194
125.725 0.000613882
123.935 0.000695376
122.162 0.00061717
126.796 0.000663114
125.228 0.000690056
126.604 0.000623322
124.19 0.000651963
125.837 0.000606144
123.335 0.000619859
125.393 0.000598571
120.152 0.000626331
122.164 0.000653474
126.514 0.00058807
129.199 0.000564103
127.126 0.00063592
122.716 0.000661679
124.682 0.000584852
124.591 0.000657518
126.705 0.000646995
123.398 0.000707171
120.535 0.000618998
116.58 0.000423197
123.966 0.0007064
123.422 0.000617941
122.4 0.000712205
126.783 0.00066863
125.076 0.00062233
128.526 0.000605352
126.444 0.000716863
122.414 0.000641328
126.769 0.000651501
123.872 0.000629618
117.261 0.000236125
125.619 0.000702988
123.605 0.000628928
126.734 0.000645607
123.926 0.00061835
124.557 0.000703401
120.664 0.000627254
125.568 0.000700691
124.713 0.000583705
124.367 0.000661885
124.744 0.000629225
124.285 0.000302084
122.792 0.000654407
125.455 0.000704367
122.085 0.000640489
124.781 0.000625283
124.498 0.000688723
126.014 0.000601191
124.012 0.000581208
119.119 0.000617013
123.792 0.000611777
125.775 4.32507e-06
126.228 0.000618356
122.784 0.000632924
123.955 0.000641526
122.908 0.000631774
125.925 0.00062484
123.737 0.00063647
120.31 0.0006226
126.297 0.000530338
122.638 0.000645904
129.121 0.000414059
125.718 0.000690311
125.547 0.000679109
124.292 0.000663647
118.833 0.000717476
123.179 0.000694206
123.063 0.000617493
124.785 0.000621592
123.025 0.000634527
117.521 0.000729513
126.507 0.000619042
127.68 0.00057318
124.77 0.000575106
127.106 0.000688383
125.891 0.000697991
125.657 0.000627665
119.681 0.000603585
121.575 0.000671046
124.253 0.000624709
129.575 0.000618293
123.175 0.000635548
126.856 0.000636013
121.944 0.000647093
124.658 0.000628437
120.223 0.000583931
124.587 0.000295844
128.853 0.000648662
121.238 0.000624004
122.275 0.000655664
125.151 0.00066516
122.876 0.000635532
122.365 0.000641485
124.28 0.000705627
116.671 0.000655919
119.527 1.5253e-06
122.83 0.000674541
125.119 0.000592486
123.645 0.000650531
130.924 2.89657e-05
123.678 0.000645651
117.015 2.2606e-06
122.326 0.000635274
128.5 0.000649715
124.566 0.000657012
125.36 0.000581567
125.56 0.000423336
129.74 0.00073501
123.862 0.000707785
124.436 0.000681221
126.609 0.000651598
122.866 0.000494769
119.665 0.000357901
125.216 0.000621949
125.93 0.000627816
118.777 0.000668295
126.452 0.000626012
121.662 0.00067071
125.443 0.000687235
119.046 0.000612196
121.112 0.000624
125.796 0.000670796
126.551 0.000296069
122.404 0.000623663
123.738 0.000624489
124.215 0.000662541
124.659 0.000577137
123.045 0.000644159
121.321 0.000628234
125.559 0.000658064
126.338 0.000244111
120.914 0.000710993
124.654 0.000711348
125.112 0.000648405
129.256 0.000660719
115.605 0.000580207
125.334 0.000621747
118.455 0.00065456
123.125 0.00062025
126.543 0.000616196
129.818 0.000589754
125.286 0.000667841
126.955 0.000617642
125.671 0.000659826
121.566 0.000603778
120.962 0.000623243
123.173 0.000707374
123.463 0.000669659
125.061 0.000638128
123.472 0.000603806
124.127 0.00054005
125.655 0.000719731
124.874 0.000590828
122.147 0.000637097
126.78 0.000618069
126.948 0.00064521
123.894 0.000707071
124.179 0.000629049
122.484 0.000536016
126.603 0.000597543
122.53 0.000587463
125.137 0.000606827
127.846 0.00071073
121.177 0.000607613
129.047 0.000422298
125.719 0.000628472
125.87 0.000636694
116.541 1.86151e-05
126.156 0.000595553
120.246 0.000760039
124.519 0.000632439
122.497 0.000423432
124.621 2.63343e-06
125.498 0.000646172
123.729 0.00072089
128.641 0.000541941
124.527 0.00072325
123.546 0.000640088
126.59 0.000624971
121.012 0.000682875
123.06 0.000629903
126.872 0.000593026
125.845 0.000696493
125.864 0.000703293
124.375 0.000647429
118.093 0.00062795
122.421 0.000640427
121.12 0.000585536
121.521 0.000646852
123.17 0.000628368
124.19 0.000665219
126.042 0.000650527
122.495 0.000598444
127.114 0.000227303
126.813 0.000135625
124.667 0.000641097
125.272 7.06253e-06
124.636 0.000646143
125.303 0.000644385
124.882 0.000711528
125.528 0.000640592
122.23 0.000708537
125.437 0.000466782
123.426 0.000638514
127.206 0.000571972
118.184 0.000604714
125.114 0.000710478
124.844 0.000651011
125.498 0.000426439
122.416 0.000469414
120.838 0.000623405
126.481 3.04403e-05
125.598 0.000567911
124.726 5.81066e-07
121.277 0.000725445
122.118 0.000297181
127.485 0.000631665
123.779 7.17344e-06
125.912 0.000628877
125.601 0.000622095
121.663 0.000621037
122.496 0.000629489
119.368 0.000634149
125.011 0.000629775
125.986 0.000625678
124.842 0.000683443
122.901 0.00060553
122.216 9.66393e-05
125.291 0.000585757
128.085 0.000626213
125.717 0.000620049
125.204 0.000614291
125.618 0.000640562
125.546 0.000579314
125.289 0.000665816
123.678 0.000528857
124.789 0.000636799
115.943 0.000234435
124.713 0.000630861
124.385 0.000485553
125.307 0.000641521
125.834 0.000623334
123.75 0.000583819
124.936 0.000626157
125.999 0.000649909
126.353 0.000647527
125.538 0.000627768
124.398 0.000617926
123.532 4.58232e-05
124.593 0.000704914
119.483 0.000635104
126.542 0.000713792
127.165 0.000692478
115.818 0.000423876
125.142 0.000593332
118.738 0.000625999
122.857 0.000612137
122.479 0.000646895
121.813 0.00061088
124.199 0.000724487
123.652 0.000661103
123.377 0.000624724
124.603 0.000631873
125.025 0.00060282
124.532 0.00061957
122.339 0.000674348
123.076 4.72829e-05
118.264 0.000621964
119.673 0.000645849
125.064 0.000637187
119.001 0.000672858
126.288 0.000647642
120.8 0.000534816
120.438 0.000562959
123.756 0.0006265
124.834 0.000654743
131.727 0.000617314
115.599 0.000546339
124.403 0.000637875
126.365 0.00071901
120.712 0.00058386
122.883 0.000598465
122.798 0.000582867
124.855 0.000709447
123.292 0.000631058
124.591 0.000627066
125.21 0.000652549
125.656 0.000725218
122.589 0.000609684
126.667 0.000671166
126.174 0.000695086
124.708 0.000677507
123.554 0.000632259
126.526 0.00069609
122.831 0.000423436
116.242 0.00063286
125.909 8.63803e-05
125.562 0.000238236
125.349 0.000437797
122.821 0.000632658
125.752 0.000642157
121.669 0.000703279
123.633 0.000637352
123.838 0.000432067
126.333 0.000579049
125.118 0.000544036
125.72 0.000663917
125.189 0.000958664
120.497 0.000684116
124.655 0.000654108
121.304 0.000617413
127.122 0.000673784
125.581 7.13566e-06
125.771 0.000624436
122.746 0.000711635
123.355 0.000654394
123.707 0.000622597
123.086 0.000595694
124.417 0.000665204
125.725 0.000639074
122.638 0.000659613
119.074 0.000604932
117.299 0.000591607
124.849 0.000606234
124.9 0.000708029
121.979 0.000618207
124.634 0.000573022
118.111 0.000612396
121.797 0.000525405
121.513 0.000670398
125.329 0.000729445
121.756 0.000623149
122.078 0.000626839
124.972 0.000651311
123.722 0.000715419
124.217 0.000676347
124.652 9.67376e-05
123.005 0.00065031
125.696 0.000656603
125.069 0.000664694
120.599 0.000704188
124.513 0.000633881
124.901 0.00066139
122.876 0.000630082
123.193 0.000628461
123.036 0.000632862
127.392 0.000586193
124.693 0.00059119
121.186 0.00036587
126.015 0.000578304
119.297 0.000686597
123.962 0.000621642
122.587 0.00055378
125.901 0.000626507
128.03 6.86408e-05
123.813 0.00069098
123.36 0.000641052
124.567 0.000628747
120.403 0.000718125
125.373 0.000626186
125.685 0.000630063
117.941 0.000625191
123.404 0.00045654
123.584 0.000594158
126.661 0.00041836
124.456 0.000647522
123.073 0.000647969
124.708 0.000363111
124.261 0.000421732
125.856 0.000634932
121.746 0.000630179
123.175 0.000651908
123.448 0.000615209
115.165 3.0315e-05
119.37 0.000623603
123.918 0.000632029
126.174 0.000707363
127.812 0.000707299
125.241 0.000720604
126.54 0.000613078
125.106 0.000616433
120.283 0.000621834
125.923 0.000652861
126.327 0.000624534
123.504 0.000578212
125.013 0.000613789
129.244 0.000710292
128.497 0.000643787
124.906 0.000630589
122.884 0.000702482
123.972 0.000651081
122.588 9.73178e-05
124.185 0.000242546
126.16 0.000551812
121.162 0.000639111
124.79 0.00062598
125.171 0.000615559
123.622 0.000651977
122.286 0.000622406
124.389 0.000681221
126.282 1.51439e-06
124.012 0.000358951
123.989 0.000539941
122.278 0.000490579
119.35 0.000729485
125.281 0.000615022
123.562 0.000672553
124.474 0.00064046
122.363 0.000624381
124.127 0.000644132
117.347 0.000624298
124.671 0.000710263
122.657 0.000546866
126.667 0.00059055
124.852 1.17418e-05
123.186 0.000614823
121.099 4.09563e-06
123.829 0.000423033
127.894 0.000669032
122.496 0.000624901
123.24 0.000711813
124.269 0.000517164
125.752 0.000578213
124.181 0.000622975
124.357 0.000628996
122.785 0.000628827
124.033 0.000641192
124.337 0.000631323
125.052 0.000636628
118.186 0.000712456
122.227 0.00060947
124.199 0.000617608
125.357 0.000362572
121.317 0.000636053
123.964 0.000647681
124.795 0.000645258
124.06 0.000632721
119.953 0.000659051
125.04 0.000700359
120.354 0.000613461
128.767 0.000657516
124.94 0.000135036
124.263 0.000242649
117.14 0.000583303
125.282 0.00065691
124.185 0.000591861
123.866 0.000611799
125.499 0.000543092
122.963 0.000678837
125.139 0.00063867
126.875 0.00049116
122.839 0.000655
116.505 0.000622029
124.112 0.000635188
125.315 0.000669326
124.827 0.000627664
123.83 0.000630158
125.305 0.000692876
123.451 0.000618055
126.41 0.000710811
123.087 0.00061402
118.987 0.000622027
127.751 0.000709617
125.847 0.000645009
120.733 0.00065075
120.38 3.04389e-05
126.736 0.000713459
121.448 0.000629198
126.615 0.000672361
124.345 0.000677709
124.082 0.000619092
125.194 0.000627857
126.338 0.00065407
121.602 0.000649119
124.382 0.000626277
123.297 0.000714294
120.763 2.69283e-06
122.926 0.00064709
124.843 0.000701481
122.716 0.000703038
123.473 0.000625408
124.599 0.000630021
125.02 0.000652922
124.502 0.000240055
123.42 0.000715977
126.306 3.06102e-05
125.351 0.000690091
126.656 0.000659022
123.2 0.000648156
126.741 0.000634128
123.539 0.000631606
126.72 0.000646821
125.583 0.000631029
126.42 0.000617566
122.569 0.000716063
124.031 0.000623552
121.135 0.000606574
125.517 0.000635512
124.954 0.000617166
127.026 0.000631751
129.608 0.000677871
123.061 0.000525866
123.835 0.000626911
127.446 0.000491759
122.888 0.000626981
124.5 0.000613515
124.581 0.000611048
123.623 0.000643737
126.904 0.000730352
123.944 0.000621066
123.186 0.000627801
125.704 0.000661097
126.573 0.000632482
129.551 0.000357569
123.705 0.000634121
116.536 0.000606741
126.059 0.000356751
125.633 0.000646878
125.562 0.00061651
121.417 0.000238627
125.054 0.000684347
122.851 0.000640324
126.148 0.000618451
121.634 0.000637748
122.115 0.000630648
123.761 0.000672174
124.892 0.000612212
120.101 0.000587872
123.378 0.00048478
126.132 0.00066427
126.045 0.000622548
123.697 0.000646057
121.906 0.000595187
118.462 0.000612252
124.985 0.000643938
125.3 0.000671694
123.799 0.000611684
125.262 0.000630313
125.591 4.62502e-05
115.848 0.00063797
123.745 0.000633295
124.112 0.000628408
126.665 0.000673229
126.325 0.000656374
124.893 0.000623478
121.108 0.00012001
124.545 0.000667044
127.657 0.000664994
122.817 0.000642528
129.219 0.000637895
122.312 0.000648105
125.192 0.000686558
122.083 0.000420401
125.648 0.000622532
121.502 0.000644384
125.677 0.000480062
123.181 0.000711233
117.594 0.000643187
123.188 0.000579186
123.024 0.000670326
115.49 0.000636241
117.606 0.000724546
124.441 0.000672203
126.447 0.000621904
125.442 0.000615659
124.558 0.000640159
124.223 0.000621834
118.086 0.00062717
124.222 0.000710396
124.614 0.000665072
127.226 0.000714059
124.072 0.000639742
122.338 0.000678285
124.316 0.00062447
128.079 0.000654794
120.224 1.88633e-05
123.939 0.000626569
127.722 0.000711088
125.488 7.52465e-06
123.775 0.000613638
124.991 0.000553201
123.347 0.000627858
122.621 0.000633293
126.466 0.000622444
124.615 0.000615043
122.052 0.000584688
135.487 0.00065791
123.573 0.000626634
125.613 0.000183242
124.714 0.000653936
122.269 0.000356233
122.353 0.000560103
123.802 0.000707311
127.121 0.000643702
125.305 0.000422238
123.107 0.000599938
118.09 0.00065236
120.687 0.000661531
122.385 0.000719521
125.555 0.000603737
122.542 0.000602328
125.818 0.000297131
120.322 0.000642436
119.854 0.000615083
123.333 0.000673905
124.225 0.000692835
125.551 0.000714931
123.971 0.000629214
125.222 0.000652751
120.601 0.000669348
