123.486 0.000111282
127.238 9.71425e-05
118.212 8.32155e-05
125.68 9.90156e-05
121.625 9.58579e-05
127.803 9.6422e-05
124.532 0.000101635
125.023 9.34457e-05
121.173 0.000105654
123.418 9.90874e-05
125.575 9.69409e-05
124.728 9.96646e-05
122.976 9.66316e-05
118.469 9.64331e-05
116.566 0.000104402
127.219 8.73698e-05
126.277 0.000113746
127.099 9.57676e-05
122.595 9.62721e-05
126.436 0.000110748
124.99 0.000102168
117.57 0.000103393
124.424 7.51447e-05
127.215 8.3917e-05
127.193 9.66099e-05
119.966 9.23249e-05
123.322 9.72331e-05
122.874 9.5942e-05
124.059 0.000105015
122.798 9.97531e-05
122.469 8.99728e-05
124.45 9.68219e-05
127.413 9.4121e-05
125.669 0.00011149
126.473 9.78382e-05
123.288 3.68597e-05
118.024 9.44056e-05
123.335 9.61981e-05
126.358 0.000100501
125.817 8.47025e-05
122.751 0.000109194
125.838 9.99839e-05
117.435 0.000100898
121.76 9.80435e-05
126.566 0.000110787
124.895 0.000103988
128.743 0.00011377
127.817 0.000111152
125.442 9.67623e-05
117.456 9.67126e-05
121.462 9.66955e-05
122.541 0.000105803
127.595 9.36655e-05
126.435 0.000103613
119.635 1.06276e-05
124.78 8.43166e-05
126.813 9.69631e-05
122.433 9.81193e-05
116.313 9.26361e-05
126.771 9.80531e-05
123.326 0.00010039
126.234 0.000100048
124.266 5.39652e-05
123.86 0.000105416
126.4 0.000111155
123.067 9.54824e-05
127.019 0.000104971
125.415 0.000111193
125.635 3.73121e-05
125.633 0.000105139
126.006 9.30777e-05
128.14 0.000105625
165.173 0.000102438
122.784 0.000100255
124.062 0.000102738
132.855 2.70004e-05
118.305 0.000116466
122.316 9.65845e-05
122.387 9.96447e-05
126.197 9.77927e-05
117.421 0.000104553
127.704 0.000103525
123.938 9.94065e-05
123.798 0.000101068
119.444 0.000101561
123.24 9.70442e-05
122.322 4.62967e-06
124.048 9.29117e-05
123.425 9.52096e-05
123.558 9.59857e-05
125.175 9.7044e-05
122.477 0.0001023
124.002 0.000111672
122.099 0.000101108
125.355 0.000100779
125.335 0.00010942
123.87 9.7581e-05
126.514 0.000107872
124.111 8.34647e-05
123.665 0.000100374
123.861 9.60628e-05
126.562 2.97967e-05
118.967 9.30478e-05
125.288 9.55403e-05
124.859 5.69763e-05
127.813 9.55898e-05
130.707 7.42632e-05
127.43 9.88972e-05
123.918 9.39309e-05
128.555 9.48424e-05
119.352 9.65968e-05
127.083 9.56882e-05
124.827 0.000109396
121.864 9.74228e-05
117.349 0.000103867
125.227 0.00010076
125.241 0.000101592
124.603 9.62907e-05
126.026 0.000100867
122.257 8.84574e-05
124.059 9.61429e-05
122.25 0.000103466
126.579 0.000109396
124.414 9.7326e-05
125.675 0.000103782
124.109 9.70485e-05
125.013 0.000103342
124.626 0.000106199
123.667 6.80076e-05
126.222 9.66718e-05
122.357 0.000110797
123.858 0.000109595
115.999 0.000101751
121.885 0.000105933
125.513 0.000100314
127.415 0.000104333
123.841 0.000100574
126.657 0.000113246
127.095 9.70197e-05
125.911 0.000102844
123.006 0.000102462
124.569 9.72868e-05
124.56 9.95421e-05
122.286 9.99118e-05
123.914 0.000101296
125.125 0.000110036
119.981 9.73933e-05
123.383 9.04238e-05
125.004 0.000110562
127.384 9.65621e-05
125.009 9.58936e-05
124.019 0.000109725
124.32 2.09524e-05
124.458 2.0891e-05
124.184 9.94057e-05
125.5 5.70008e-05
125.006 0.000110054
122.341 9.78179e-05
123.283 9.66579e-05
123.913 0.000105044
125.326 3.64582e-05
122.906 9.44027e-05
123.149 8.96781e-05
128.375 1.17723e-06
122.924 9.60325e-05
123.127 9.95874e-05
126.802 0.000101747
128.597 9.09893e-05
116.269 0.000103808
124.846 0.000104027
123.229 9.74649e-05
125.668 0.000102381
125.092 9.79912e-05
122.677 0.000113096
121.015 -9.35973e-05
124.185 9.07102e-05
123.467 0.000111328
126.33 9.64594e-05
124.543 9.70678e-05
123.26 9.71699e-05
124.988 9.73382e-05
126.911 9.18816e-05
125.872 0.00010114
125.262 1.50765e-05
127.991 9.606e-05
124.058 0.000111237
128.463 9.83525e-05
125.123 9.65346e-05
124.221 0.000115081
126.073 9.68041e-05
124.002 0.000102157
127.624 9.70001e-05
126.702 9.82701e-05
123.853 0.000104891
124.663 0.000106507
124.387 0.000108999
123.743 0.000105783
125.033 6.2134e-08
125.634 9.79492e-05
124.52 0.000100513
117.596 9.31682e-05
117.219 9.78354e-05
121.068 7.45913e-05
126.956 0.00010408
124.247 9.91624e-05
122.772 5.70594e-05
123.95 9.85307e-05
124.819 9.32718e-05
124.604 8.46569e-05
125.026 0.000103976
124.163 0.000109792
116.068 9.47497e-05
125.279 9.8604e-05
123.518 2.09432e-05
126.31 9.5408e-05
127.113 0.000107052
127.174 0.000100247
123.608 0.000113308
125.19 9.5176e-05
116.638 0.000101963
121.848 0.000106391
123.522 9.69108e-05
122.985 9.04366e-05
124.837 9.8654e-05
123.862 0.000104877
124.981 1.50881e-05
122.361 9.89748e-05
127.631 8.63331e-05
126.562 9.72071e-05
122.864 9.7502e-05
131.953 9.62696e-05
124.006 9.7634e-05
118.941 0.000110756
124.075 9.76914e-05
125.645 0.000109352
128.651 0.000112296
120.536 9.95618e-05
129.702 9.96655e-05
127.245 9.29694e-05
125.064 9.63602e-05
125.733 4.66595e-05
123.678 0.000102782
124.408 0.000101526
124.543 9.66355e-05
128.05 9.94886e-05
125.526 1.516e-05
126.79 0.000100327
122.273 9.58825e-05
126.344 0.000103986
125.069 0.000105759
124.784 0.00011306
122.931 9.20422e-05
122.8 0.000106403
119.728 2.46517e-07
126.126 0.000111479
126.803 8.68321e-05
121.092 1.50084e-05
123.687 9.76178e-05
122.463 9.65037e-05
125.751 4.60021e-05
122.423 9.65939e-05
123.778 9.9966e-05
120.535 0.000108565
125.133 0.00010813
124.249 0.000106369
121.202 9.79667e-05
125.118 9.88741e-05
139.77 0.000101281
126.425 9.8114e-05
125.357 0.000107645
126.284 7.48689e-05
126.779 1.01e-05
126.536 9.72508e-05
125.946 9.87983e-05
121.218 0.000101412
116.894 7.12885e-06
124.939 3.75864e-05
121.228 9.4452e-05
122.887 9.63002e-05
123.257 0.000106959
124.031 0.000109895
125.541 9.76509e-05
122.102 3.81038e-05
123.734 0.000106598
126.298 3.77068e-05
120.268 0.000100997
122.275 0.000109777
124.034 9.80277e-05
122.805 2.12524e-05
123.603 0.000102379
124.215 9.57703e-05
126.395 0.000101167
125.302 9.81583e-05
124.378 0.00010013
129.548 7.128e-06
125.714 0.000105265
125.383 0.000110404
123.937 9.99024e-05
123.28 1.88257e-06
123.003 9.81941e-05
126.071 0.000103601
126.036 0.000110581
117.982 9.22521e-05
126.345 9.67002e-05
124.239 0.000106815
120.496 9.9012e-05
124.356 -0.000104349
124.916 9.60813e-05
125.358 9.97549e-05
121.574 9.79747e-05
117.655 2.87245e-05
125.998 9.62164e-05
121.28 8.77746e-05
122.131 0.00010141
125.712 9.63346e-05
121.203 0.000107891
127.094 9.97851e-05
123.338 9.80365e-05
121.675 8.3212e-05
123.49 9.8263e-05
125.164 9.99991e-05
124.245 9.70903e-05
124.582 9.77037e-05
124.264 9.85065e-05
124.754 6.54296e-05
126.524 9.48519e-05
126.12 0.000105784
126.932 8.54649e-05
128.291 0.000102343
126.655 2.10722e-05
128.221 9.99092e-05
124.966 9.86379e-05
125.787 0.000107404
124.59 0.00010131
122.969 8.9151e-05
123.226 0.000109973
121.868 9.38523e-05
126.022 9.52104e-05
123.47 9.28131e-05
121.893 9.91955e-05
123.971 0.000110741
122.723 0.000109778
125.731 0.000103817
124.78 0.000110609
124.336 7.97832e-05
120.589 9.98166e-05
124.26 0.000107956
126.711 9.80765e-05
125.87 9.66057e-05
123.691 9.8771e-05
127.127 0.000111549
124.029 0.000103508
124.16 9.91639e-05
125.06 4.59069e-05
123.457 0.000103425
125.794 9.31458e-05
127.137 9.33232e-05
124.969 0.000100134
123.456 9.99858e-05
122.977 9.83123e-05
123.155 9.78878e-05
123.968 9.7304e-05
125.173 0.000110938
127.589 0.000101416
123.613 8.20714e-05
124.2 8.62811e-05
127.089 0.000108141
121.389 9.64096e-05
126.075 9.83285e-05
125.037 9.89876e-05
124.721 9.99907e-05
127.149 9.26056e-05
124.918 9.66489e-05
122.831 4.05105e-07
126.425 0.000100589
125.572 0.000111508
126.331 9.07893e-05
124.007 0.000103748
130.712 9.31435e-05
119.245 0.000108572
123.161 9.65778e-05
117.21 9.84966e-05
124.5 9.54486e-05
121.924 9.97573e-05
124.219 9.90946e-05
123.642 6.21297e-08
124.523 8.27753e-05
120.86 0.000106966
124.507 0.000101517
122.642 0.000107201
125.409 9.63137e-05
126.06 9.47355e-05
116.525 9.63647e-05
116.874 0.000110773
120.319 9.37873e-05
126.5 0.000100315
123.532 9.12345e-05
122.625 9.74058e-05
123.241 0.000100464
122.418 9.80565e-05
127.442 0.000102916
125.006 0.000110507
136.423 0.000103851
126.446 0.000101009
124.403 0.000103418
125.41 9.4413e-05
125.499 2.09161e-05
126.604 8.14295e-05
117.659 0.000104407
122.781 9.63096e-05
128.304 0.000100769
116.656 0.000110593
124.524 0.000113392
123.63 9.49453e-05
129.195 9.90343e-05
124.603 7.78816e-05
125.29 0.000114542
124.521 9.57076e-05
123.33 9.73851e-05
124.202 9.53379e-05
127.131 1.06119e-05
130.712 0.000113717
124.315 0.000110111
119.043 0.000102562
129.4 9.55648e-05
125.369 9.8729e-05
129.734 0.00011069
125.699 9.62984e-05
127.321 8.89143e-05
124.571 0.00010797
126.261 0.000107531
126.148 9.7634e-05
127.81 9.92884e-05
124.247 9.75839e-05
125.988 9.86318e-05
123.298 9.7294e-05
122.84 0.000104785
124.001 0.000100919
124.764 9.86735e-05
125.714 9.75882e-05
122.551 8.46348e-05
126.186 -0.000100667
125.555 9.5008e-05
127.478 9.54611e-05
124.408 9.7685e-05
125.009 9.31274e-05
123.057 9.73408e-05
120.286 9.76106e-05
123.274 0.000103159
125.565 9.72381e-05
130.987 9.61141e-05
120.112 0.000108333
122.844 9.60157e-05
127.8 9.28513e-05
124.042 9.51023e-05
125.325 -0.000101748
124.844 9.66388e-05
123.236 1.42157e-07
121.219 9.34686e-05
125.379 0.000106749
125.859 9.71289e-05
122.849 0.000113392
125.006 9.73466e-05
122.403 0.000101085
122.152 0.000102637
123.619 0.000100128
125.065 9.79538e-05
126.704 9.00316e-05
124.574 1.93557e-06
131.939 0.000106323
123.23 9.81322e-05
124.944 9.53639e-05
120.984 6.54461e-05
126.641 9.77453e-05
124.673 9.85316e-05
126.08 0.000107059
119.159 9.57013e-05
124.486 0.000101154
118.395 9.90353e-05
121.98 9.81083e-05
123.492 7.60917e-05
117.922 1.44762e-07
123.588 0.000102259
127.684 0.000101045
120.9 8.8068e-05
121.966 0.000105161
122.166 6.53947e-07
123.541 0.000113211
126.049 0.000107461
123.875 0.00010817
127.133 0.000103197
122.432 9.94283e-05
124.208 9.89953e-05
119.008 0.000109677
125.729 9.89e-05
123.845 9.91847e-05
124.538 0.000101155
127.45 9.53191e-05
122.331 0.000100784
126.913 8.89927e-05
126.48 2.83432e-05
125.26 9.66726e-05
121.761 9.92671e-05
118.811 9.3219e-05
124.719 9.64245e-05
127.693 0.000105124
123.601 9.76035e-05
121.823 9.1156e-05
131.052 0.000108897
123.858 0.000105358
128.273 0.000106087
124.646 -0.000110429
128.261 9.90706e-05
123.079 0.000102448
128.79 -9.62111e-05
123.954 8.37792e-05
125.678 9.74744e-05
125.13 9.89427e-05
121.881 9.82462e-05
123.278 0.000100304
133.93 0.000104366
124.658 9.53758e-05
127.065 0.000102112
125.28 0.00011232
125.885 0.00010066
126.304 0.000101271
130.746 9.74535e-05
126.642 0.000111061
125.463 0.000153624
120.626 0.000160871
127.306 0.000168834
124.625 0.000161538
119.713 0.000167201
117.404 0.000149302
126.428 0.000149009
120.925 0.000147304
121.302 0.000150599
127.952 0.00014034
123.036 0.000155869
123.484 0.000168123
125.195 0.000169944
127.942 0.000152679
120.027 0.000149969
126.966 0.000165649
120.816 0.000151341
127.215 0.000170115
124.68 0.000150468
125.333 0.000157682
124.24 0.000151256
124.326 0.000150011
125.187 0.00016684
124.244 0.000160197
117.596 0.000169676
124.992 0.000148534
122.108 0.000161931
124.847 0.000171866
127.351 0.000161589
124.449 0.000144586
123.515 0.000153007
129.871 0.000148705
125.81 0.00010563
120.423 0.000168078
123.149 0.000155927
118.218 0.000155692
119.686 0.000171036
126.469 0.000176577
126.072 0.000138687
127.492 0.000141332
123.79 0.000166044
123.697 0.000140082
121.311 0.000143287
125.214 0.000170004
119.699 0.000153483
123.41 0.000152277
129.073 4.59869e-05
120.737 0.000172606
124.605 0.000150625
126.728 0.000149068
124.88 8.11698e-05
129.417 0.000139989
117.59 0.000128743
125.328 0.000165408
126.058 0.000147992
124.116 6.87225e-05
123.937 0.000169819
125.274 0.000153242
127.025 1.69746e-05
121.798 0.000150311
125.869 0.000153959
123.588 0.000153792
125.933 0.000146004
121.819 9.72477e-05
125.351 0.000154378
123.732 0.000148157
125.366 0.000150003
124.93 0.00015046
126.494 0.000151518
117.73 0.000163116
128.456 0.00017853
125.348 0.000151611
124.015 0.000155533
123.668 0.000151719
123.438 0.000151443
117.877 5.60902e-05
122.112 0.000147491
124.657 0.000155893
125.307 0.000155785
130.322 0.000148839
124.303 0.000161176
122.794 0.000151722
124.926 0.000153447
124.56 0.000161972
124.852 0.000156704
127.966 0.000143809
126.386 0.000150938
127.968 4.4221e-05
122.576 0.000153329
126.352 0.000167488
123.865 0.000173122
124.126 0.000148873
122.749 0.000173667
127.747 0.00015137
126.288 0.000150958
124.201 0.000150725
119.602 0.000163029
123.898 0.000128184
121.081 0.000152166
124.08 0.000143316
125.534 0.00014899
125.161 0.000162081
125.976 0.000156374
116.91 0.000166982
123.353 0.000149458
123.027 0.000156324
122.737 0.000145028
125.161 0.000156449
121.378 2.24123e-05
124.298 0.000155297
125.497 0.000155571
121.752 0.000152519
128.177 0.000154974
122.743 0.000152842
121.686 0.00014874
124.1 0.000147308
127.695 0.000162866
125.334 0.000149441
126.121 0.000152107
125.733 4.51692e-05
120.914 0.00014842
121.255 0.00016083
126.971 0.000169262
119.027 0.000169175
124.164 0.000151261
123.1 0.000150122
123.363 0.000171831
124.089 0.00015129
123.538 2.32841e-05
119.058 0.000121632
123.966 0.000153259
116.802 0.000137234
122.764 0.00015276
117.637 0.00015232
123.046 0.000155083
125.626 0.00015818
123.09 0.000151548
121.845 0.000139846
123.542 0.000157567
124.259 0.000154424
119.383 0.000138435
121.419 0.00016759
129.452 0.000152812
123.3 0.000153252
119.834 0.000148601
124.98 1.04192e-05
123.349 0.000140311
127.539 0.00016987
121.972 0.000179361
124.967 0.000158882
117.489 0.000153777
134.228 0.000151538
128.209 0.000147878
124.15 0.000150124
124.187 0.000160579
116.546 0.000151549
125.734 0.00015458
124.097 0.000163083
124.657 0.000156979
122.11 0.000147016
125.798 0.000149435
122.822 0.000148894
127.254 0.00015858
122.731 0.000149513
119.381 5.68254e-05
122.947 0.000161042
129.257 0.00016538
125.351 0.000147368
125.067 0.000149713
123.257 0.000144566
121.854 0.000161458
120.728 0.00015771
115.986 0.000155869
123.848 0.000151508
144.086 0.000149449
125.029 3.21324e-05
126.083 0.000152566
118.874 0.000151904
123.137 0.000150431
126.271 0.000165073
129.519 0.000148229
156.411 0.000155219
126.396 0.000169144
125.294 5.97517e-05
125.135 0.000149161
126.21 0.000148277
129.814 0.000107881
121.545 0.000153426
121.786 0.000148024
120.069 0.000150113
124.731 0.000158188
125.658 0.000129557
125.899 6.82537e-05
120.052 0.000150612
124.515 0.000163341
121.952 0.000157213
128.386 0.000152764
123.722 0.000170667
120.862 0.000170612
122.865 0.000148304
126.939 0.000150365
119.142 0.000150826
127.023 0.000161181
123.111 0.000103198
125.239 0.000150572
119.957 4.59617e-05
128.12 0.000112173
124.278 0.000154002
121.77 0.000154881
125.091 0.000158256
127.331 0.000172816
126.441 2.28608e-07
124.003 0.000152783
125.966 0.000152651
122.69 0.000147137
125.949 0.000150688
124.677 0.000155287
116.187 0.000156197
124.553 5.77657e-05
123.053 0.000151474
121.464 0.000150705
127.598 0.00016391
123.855 0.000131491
125.811 0.000143005
123.209 0.000140631
121.618 0.000150807
124.116 0.0001699
125.66 0.00013722
125.071 0.000162717
121.295 0.000147991
125.279 0.000148887
124.807 0.000167257
122.338 0.000119321
121.283 0.000168023
125.413 1.49635e-07
124.1 0.000157211
124.385 0.000167157
127.407 0.000150854
128.411 0.000167381
125.154 0.000148825
124.7 0.00016064
123.869 0.000140993
122.864 0.000150484
124.492 5.71097e-05
123.9 0.000155376
126.034 0.000160089
123.445 0.00015923
127.189 0.000149156
123.197 0.000150413
124.324 0.000171497
122.935 0.000151971
124.199 1.61939e-05
126.453 0.000157631
122.033 0.000170275
123.048 0.000148055
127.017 0.000144911
123.732 0.000141418
123.246 -0.000170634
123.722 0.000149483
124.272 0.000155888
122.987 0.000149203
124.416 0.000157676
126.462 3.06933e-05
117.417 4.62961e-06
127.355 0.000164734
124.683 3.0882e-05
124.311 0.00016952
121.588 0.000149872
123.578 0.000102408
125.675 0.000151006
124.102 0.000170634
123.504 0.000151583
115.998 4.58074e-06
124.533 0.000147942
128.513 0.000158902
125.314 0.000150188
122.085 0.000141171
122.755 0.000168684
122.725 0.000170313
124.383 0.000164224
122.934 0.000168716
124.712 0.000169175
125.63 0.000169549
127.036 0.000142265
126.296 0.000155247
121.607 0.000149165
127.208 0.000149641
125.407 0.000167829
124.446 0.000150542
120.735 0.000166689
124.613 0.000170365
123.887 0.000152387
119.958 0.000174265
126.619 0.000167523
124.278 0.000159858
124.764 0.000162369
123.866 0.000147252
121.613 0.000156788
128.163 0.000157471
124.768 0.000161842
124.371 0.000128057
126.435 0.00017081
123.861 0.000143044
128.232 0.00013956
124.95 3.66264e-07
123.841 0.00014305
125.741 0.000171567
157.696 0.000146607
124.949 0.000171769
126.377 0.000155657
125.21 0.000155857
117.323 0.000155217
124.101 0.000162668
123.45 0.00014992
123.075 0.000155644
127.422 0.000154269
125.54 0.000149717
123.546 0.000162431
125.551 8.6715e-05
126.036 0.000171189
125.849 0.000155007
121.916 0.000165498
123.56 0.000141497
125.539 0.00016256
120.483 0.000148894
125.331 0.00015768
124.216 0.00014887
125.089 0.000145105
124.047 0.000167946
124.053 0.000167122
118.004 0.000153521
132.012 0.000171145
125.385 0.000173495
125.985 0.000153426
122.176 0.00015526
122.299 7.23053e-05
121.658 0.000155463
123.418 0.000159445
124.298 0.000101948
124.62 0.000157295
127.169 0.000147531
130.069 0.000152509
121.246 0.000155772
125.5 0.000160939
131.416 0.00014515
122.528 0.000148256
127.452 0.000153328
125.475 0.000167865
122.802 1.62708e-05
124.587 0.00015133
117.799 0.000157779
123.892 0.00015571
123.188 0.000143321
125.712 0.000172822
125.848 0.000117
124.823 0.000152612
122.102 0.000155391
123.849 0.000161294
125.991 0.000148808
122.404 8.85189e-05
123.048 0.000159225
126.321 0.000155971
125.95 0.00017761
126.543 0.000129414
124.414 0.000162149
119.382 0.000165523
124.707 0.000143934
119.886 0.0001492
124.44 0.000150302
121.535 0.000174925
123.09 0.000149015
125.749 0.000146814
118.511 0.000148872
126.743 0.000156777
122.5 0.000157102
123.695 0.000168024
129.325 1.64262e-05
125.339 0.000143851
120.385 0.000148468
122.515 0.000189088
122.536 0.000163533
121.238 0.000150885
128.808 4.41896e-05
127.082 0.000127751
121.415 0.000147203
125.025 0.000154737
115.898 0.00014747
120.088 0.000156445
116.31 1.15103e-05
123.969 0.000149681
127.477 0.000169177
120.361 0.000152559
124.215 0.00014713
126.532 5.40602e-05
120.341 0.000140009
128.788 0.000150281
124.011 0.000148916
123.232 5.75697e-05
127.548 0.000145406
123.982 0.00015343
125.81 0.00014991
124.803 4.65586e-06
127.7 0.000158871
126.162 0.000152939
125.232 0.000148103
122.312 0.000161351
125.226 0.000148798
126.503 0.000170683
117.887 0.000153369
124.949 0.000149682
121.342 0.000148273
129.758 0.000179434
120.693 0.00015129
128.604 0.000156809
123.705 0.000154207
124.214 0.000149198
124.307 0.000129619
115.491 0.000154639
122.202 0.000150282
123.05 5.99279e-05
126.752 0.000154143
122.622 0.000152522
126.288 0.000152231
124.704 0.000167825
127.357 0.000176515
125.274 0.000169294
115.037 0.000173176
124.228 0.000143978
123.46 0.00015785
127.21 0.00015536
123.411 0.000162009
122.075 0.000138936
124.036 0.000145976
118.214 0.000103645
119.204 0.000159801
121.731 0.000139781
123.983 -0.000158648
120.15 0.000167535
122.34 0.000168077
126.456 1.75362e-06
126.531 0.000148056
126.01 0.000150689
119.882 0.000147566
118.546 0.00014841
117.153 7.98451e-05
128.395 0.000149026
130.253 0.000173477
126.113 0.000151041
126.768 -0.000213226
121.091 0.000151828
125.877 0.000153605
128.232 0.000100038
122.334 0.00014718
125.101 1.6267e-05
125.485 0.000166773
123.193 7.56083e-06
125.746 0.000157979
129.589 0.000149225
120.138 7.33907e-06
123.319 0.000156333
125.445 0.000138784
124.429 -0.000162619
124.537 0.000148977
119.174 0.00014377
116.062 0.00013435
122.341 0.000159576
122.172 0.000153224
123.379 -0.000154467
123.857 0.000168642
125 0.000156414
119.289 0.000147671
129.205 0.000173659
121.892 0.000128204
122.668 0.000159761
121.418 0.000178991
129.169 0.000163892
120.92 0.000151494
123.14 0.000168495
123.12 0.000115519
123.234 0.000141623
122.781 0.000160292
126.092 0.000167784
119.268 0.000137535
124.56 0.000143671
122.286 0.000146808
