121.233 0.00103877
119.453 0.00111313
120.764 0.00102962
118.549 0.000955399
119.546 0.00100072
120.793 0.00106138
119.438 0.000892306
118.908 0.000990828
117.529 0.00112121
115.815 0.000908928
120.592 0.000984632
119.405 0.00102069
121.572 0.000985392
121.073 0.000997685
121.619 7.50702e-05
120.156 0.000967939
121.661 0.000903481
118.458 0.00047192
120.729 0.000991925
118.016 0.000994927
118.921 0.00102183
121.404 1.02297e-05
121.461 0.000989456
120.004 0.000939586
122.527 0.000995266
118.074 0.000998676
119.867 0.000999748
123.687 0.000953132
121.365 0.0008773
119.974 0.00106026
119.782 0.00100023
119.951 0.00101498
119.025 0.00109601
118.242 0.00101469
119.474 0.000993784
117.808 0.00100854
116.968 6.96826e-05
119.532 0.00102422
118.535 0.00096381
119.785 0.00108116
117.884 0.000746568
120.678 0.00100552
121.007 0.000966251
120.956 0.00113309
119.547 0.000671388
118.225 0.00105874
118.67 0.000984521
120.006 0.000985233
116.989 0.000932151
120.175 0.00101597
118.142 0.00098954
121.315 0.00100731
117.356 0.00100059
120.667 0.00111475
120.317 0.00103411
118.121 0.000998043
119.053 0.00067746
119.005 0.000990621
117.836 0.000288551
119.708 0.00108922
118.193 0.000473109
122.301 0.000971954
121.478 0.000980485
118.672 0.00112101
116.342 0.00113037
120.403 0.000904517
119.271 0.00102689
117.323 0.00104708
120.936 0.000990469
121.807 0.000981262
119.979 0.000975922
119.015 0.00113408
120.525 0.00106232
118.448 0.0010673
120.657 0.000988577
119.34 0.000994736
119.061 0.000211615
119.305 0.000975659
118.16 0.000469664
115.499 0.00106677
122.448 0.000961438
116.222 0.000917313
119.343 0.001142
119.506 0.000572226
121.036 0.000968809
119.574 0.000973572
118.134 0.000852024
119.374 0.00109799
119.286 1.42549e-06
120.754 0.000971272
120.352 0.000842107
120.648 0.0010065
119.77 0.0010418
118.839 0.00106878
119.914 0.0011199
122.638 0.00113001
115.327 0.00101876
119.506 0.000961382
119.457 0.00110729
119.888 0.000990909
119.47 0.0011267
119.9 0.00110115
121.238 0.00102489
119.665 0.000973021
117.227 0.000963607
119.738 0.00112293
122.845 0.000107695
120.44 0.00112014
118.486 0.00102524
122.286 0.000870609
118.253 0.000994595
120.511 0.00111718
118.987 0.000197732
119.102 0.000963131
120.772 0.000986998
117.72 0.000959292
120.781 0.00103589
121.077 0.00111876
119.731 0.00108517
118.613 0.0010531
119.169 0.00085941
118.464 0.00101572
120.509 0.000973225
119.479 0.000990519
122.812 0.000912743
117.443 0.00103113
121.616 0.000292054
118.517 0.000978689
122.389 0.00108524
120.406 0.000940175
119.163 0.000213629
119.395 0.00106779
118.691 0.00106297
120.278 0.00102176
118.493 0.000979409
121.177 0.00100394
117.937 0.000982658
117.589 0.000928487
119.777 0.00103544
117.819 0.00107357
120.384 0.00105153
119.873 0.000970291
117.062 0.00109558
122.159 0.000579251
120.509 0.00102151
120.698 6.37619e-07
119.664 0.000106264
120.168 0.000904695
119.59 0.000992867
117.913 0.000984403
118.418 0.000985834
120.253 0.000971074
121.533 0.000979804
119.132 2.43904e-06
120.169 0.00101039
122.599 0.000954973
123.284 0.00118946
118.095 0.00100869
120.11 0.000975065
118.273 0.000978177
120.364 0.000974831
119.575 0.00102404
120.336 0.000991657
119.244 0.00101671
120.891 0.000989757
119.984 0.00103616
121.268 0.00101181
122.112 0.000981792
119.122 0.000965765
119.232 0.00105903
118.629 0.00099329
120.655 0.00109631
120.803 0.00110794
119.976 0.00104801
119.778 0.000989382
121.238 0.00102559
121.143 0.00100133
122.177 0.00103617
118.976 0.00108057
121.672 1.84669e-05
120.412 0.000980528
120.921 0.00101637
120.743 0.000977158
120.868 0.00109672
116.331 0.00101694
122.345 0.0011258
118.181 0.00098967
120.311 0.000977885
118.258 0.000999835
119.839 0.00105501
121.095 0.00101747
118.158 0.00100304
119.977 0.00104838
119.692 0.00107229
120.494 0.00102153
120.243 0.0011127
119.553 0.000982454
119.819 0.000975419
118.503 0.000152379
119.107 0.00105476
121.005 0.0010143
117.54 0.000927958
120.755 0.00110267
116.851 0.00109217
120.454 0.000978977
118.407 0.00110978
120.811 0.000969797
120.241 0.000850707
117.214 0.00113179
118.221 0.00110992
117.702 0.00113163
118.204 0.000925013
120.566 0.000969688
118.859 0.0011098
119.032 0.000968473
122.24 0.000993371
118.61 0.0011016
119.967 0.000990032
120.286 0.000973292
119.476 0.000988066
119.067 0.00109189
118.36 0.00108317
119.058 0.00108957
120.21 0.00111016
119.71 0.00108763
119.235 0.00100138
121.016 7.26374e-05
120.955 0.00108281
120.589 0.00105695
118.957 0.000979877
121.988 0.000998968
120.361 0.000996313
119.666 1.89334e-05
120.792 0.00104297
120.98 0.00112734
119.914 0.00110725
120.571 0.00104167
120.188 0.00097258
119.123 0.00112805
119.041 0.000999382
120.317 0.000918396
118.74 0.00106026
118.321 0.000672333
120.054 0.00104204
119.634 0.00106782
119.824 0.00111543
116.644 0.00102453
117.677 0.000899718
121.628 0.000206516
118.278 0.000989623
119.58 0.00102152
117.924 0.00088879
120.857 0.000691795
118.384 0.000291202
119.042 0.000987752
119.445 0.00117067
118.666 0.00107797
117.822 0.000984639
118.547 0.00100271
118.908 2.93504e-05
120.421 0.000976978
119.355 0.00102869
117.153 0.0010024
120.452 0.000294248
118.717 0.000983786
119.844 0.00111223
119.586 0.000992393
117.746 0.000983944
118.297 0.000211278
119.992 0.00103362
117.415 0.00097793
117.002 0.000292528
120.27 0.000989264
117.187 0.000922834
120.211 0.00101586
118.76 0.000985969
117.765 0.000375442
121.944 0.00111385
120.06 0.0009936
121.754 0.00102393
117.565 0.00099119
119.56 0.00103412
116.555 7.19777e-05
119.577 0.00113241
120.479 0.000997785
122.53 0.000965801
119.661 0.000992713
118.999 0.000978612
118.961 0.000967402
118.117 0.000989091
117.778 0.000987995
119.549 0.00109067
121.985 0.000968726
119.08 0.00100061
118.581 0.000978602
120.199 0.00109466
124.499 0.000981861
118.267 0.00102864
119.076 0.00103388
120.37 0.00111851
120.893 0.00107251
120.726 0.000985668
120.423 0.000765034
119.731 0.000981692
119.542 0.000293046
120.818 0.00103211
119.796 0.000745132
119.145 2.87277e-05
120.336 0.000977549
121.272 0.00092935
118.033 0.00112092
120.912 0.000985124
119.077 0.00098725
120.422 0.000944247
118.958 0.00103083
120.688 0.000994592
120.803 0.000981602
118.943 0.000990044
116.117 0.00101288
119.838 0.000151852
118.476 0.000979395
124.279 0.000921507
118.113 0.000991927
120.698 0.00103888
121.001 0.00113526
121.651 0.000997761
119.518 0.00112432
117.154 0.00107471
119.585 0.000891289
119.662 6.84505e-06
117.317 0.000985397
120.661 0.00106202
120.278 0.00102603
116.637 0.00102544
116.829 0.000436069
121.22 0.00107696
119.883 0.000505219
118.498 0.00114095
119.587 0.000990117
121.349 0.00120073
120.091 0.00103758
121.442 0.000990674
122.128 0.000971028
120.296 0.00109793
118.226 0.000987709
119.555 0.000981232
119.555 0.0010156
120.926 0.000980957
117.822 0.00109086
118.452 0.00100947
117.505 0.000852745
119.333 0.00102831
119.963 0.00101601
117.928 0.000849656
120.074 0.00109562
120.009 0.000979369
120.641 0.00101334
119.648 0.00103134
117.674 0.0011351
118.636 2.98564e-05
122.94 0.000998395
120.359 0.0010824
118.869 0.000976657
121.157 0.0009772
119.324 0.00105664
123.404 0.000977305
120.166 0.00100216
121.078 0.00103762
118.582 0.000566239
120.911 0.000212827
119.956 0.00106411
120.443 0.000571624
119.514 0.00100447
121.942 0.000952972
120.567 0.000670306
118.848 0.000956569
121.567 0.00110119
119.573 0.000667556
119.199 0.000860393
117.881 0.000992271
118.287 0.000664985
119.164 0.000106565
121.893 0.00104941
120.54 0.000985258
120.274 0.00101819
121.344 0.00101904
119.173 0.000977706
118.536 0.000996911
119.659 0.00107015
119.78 0.000984256
120.957 0.000997529
119.962 0.000984874
117.886 0.000652795
119.641 0.00100705
118.086 0.000910239
121.021 0.0009953
120.224 0.00111235
119.832 0.000994811
118.817 0.00104762
118.841 0.00107152
120.84 0.000977487
119.92 0.000991543
120.306 0.000984491
116.362 0.00103474
118.108 0.000999557
116.301 0.000993653
116.3 0.000915875
119.083 0.00104592
119.776 0.00101258
115.184 0.000919255
119.009 0.00103841
118.317 0.000970025
120.731 4.06122e-06
120.405 0.00105746
118.611 0.00102597
117.673 0.000994774
119.433 0.000981087
119.12 0.00113022
121.064 0.00102582
120.029 0.000989384
118.757 0.000683896
119.499 0.00077748
118.423 0.00101071
120.948 0.00110832
118.319 0.000989199
119.836 0.000991218
120.736 0.00105535
118.54 0.00113906
120.577 0.000984194
119.525 0.00101192
119.532 0.00047915
119.645 0.00110165
121.661 0.00096414
119.504 0.00107687
119.315 0.000985717
121.661 0.00109971
119.274 0.000996615
120.489 0.000987834
119.752 0.00106045
118.414 0.000981153
119.404 0.00103296
118.773 0.000997334
118.714 0.00111602
120.44 0.00077429
121.169 0.00102623
120.844 0.000995612
120.236 2.95728e-05
118.324 0.00102505
120.799 0.00111302
119.702 0.000975904
121.959 0.00101918
117.385 0.00097325
118.527 0.00103506
120.57 0.000974801
121.279 0.00104177
119.354 0.00103557
119.285 0.0010248
118.866 0.000832432
120.262 0.000984792
