116.979 0.000261722
119.083 0.000173931
122.099 0.000253168
118.912 0.000249462
118.167 0.000269149
123.53 0.000256587
122.544 0.0002863
119.346 0.000248348
119.262 0.000202907
120.528 0.000167713
119.642 0.000246691
120.946 0.000251446
121.92 0.000280234
116.185 0.000255511
118.583 0.000250715
115.008 0.000268705
117.307 0.000295368
118.237 0.000246159
118.374 0.000300935
120.586 0.000251317
122.3 0.000235926
115.08 0.000246018
118.967 0.000247102
120.063 0.000249702
121.31 0.000251591
121.412 0.00025792
119.65 0.000255572
123.421 0.00025315
115.633 0.000258099
121.014 0.000266299
119.617 0.000235106
120.947 0.000245909
118.964 0.000280224
120.583 0.000250096
119.138 0.000254797
116.019 0.000253529
120.963 0.000252187
138.874 0.000261303
119.84 0.000254961
116.91 0.000245536
120.958 0.000283302
120.052 0.000312215
121.103 0.000261992
149.977 0.000259548
121.132 0.000250958
120.909 1.80266e-05
118.877 3.87909e-05
123.017 0.000242106
117.545 0.000146212
120.907 0.00027722
123.3 0.000272322
119.91 -0.000237139
120.218 0.000260612
118.517 3.87785e-05
118.008 0.000255305
119.93 0.000205716
122.654 0.000244131
120.969 0.000260114
117.386 0.000227706
120.469 0.000284352
119.882 0.000249089
120.125 0.000261587
118.973 0.000251427
116.908 0.000252744
124.076 1.81209e-05
115.26 0.000200309
122.33 1.5858e-07
117.602 0.000269865
119.566 0.000275277
118.694 0.000282226
117.648 0.000250678
118.662 0.00026583
120.612 0.000275246
119.143 0.000255872
121.036 0.000252493
122.383 0.000259626
118.093 0.000262967
120.329 0.000121255
122.216 0.000263162
118.45 0.000246042
120.438 0.000256888
116.838 0.000262495
120.011 0.000253895
127.402 0.000263668
121.078 0.000246395
120.808 0.000254198
120.646 0.000254276
119.059 0.000252863
118.63 0.000258739
119.07 1.20649e-05
115.25 0.000285036
119.425 0.000249018
120.625 0.000262891
140.558 0.000284172
120.112 0.000276155
118.85 0.000248021
141.358 0.000266602
119.166 0.000282483
121.858 0.000279471
120.797 0.0002483
121.687 0.000261017
118.602 0.000280718
117.722 0.000248968
119.572 0.000264334
117.226 0.000247341
118.295 0.000269624
120.342 0.000248048
118.945 0.000256117
164.879 0.000254159
117.738 0.000284898
120.98 7.64189e-06
120.297 0.000236008
121.777 0.000386603
119.541 0.000367319
121.782 0.000381224
118.129 0.000380095
117.698 0.000370991
120.279 0.000142743
117.849 0.000382922
116.506 0.00036164
118.61 0.000376111
116.807 0.000384066
119.454 0.000367141
115.587 0.000365728
119.872 0.00036651
124.399 0.000411028
122.615 0.000393146
121.617 0.000370995
119.876 0.000378657
116.127 0.000382529
120.894 0.000413329
118.824 0.000363333
120.626 0.000376248
119.713 0.000429736
121.942 0.000369582
119.11 0.000398342
121.61 0.000370572
123.955 0.000386786
120.137 0.000423481
119.272 0.00037001
121.103 0.000369028
119.314 0.000372193
116.956 0.000369233
117.993 0.000340232
119.769 0.00036918
119.508 0.000418368
120.244 0.000402868
118.9 0.000395778
119.16 0.000365092
120.179 1.83841e-05
119.711 0.000419674
116.174 0.000402016
121.98 0.000391419
121.681 0.000388847
119.646 0.000392843
119.469 0.00038126
115.558 0.000415698
115.54 0.000376835
116.017 0.000383127
119.989 0.000414297
118.259 0.00036752
118.404 0.000441285
119.53 0.000411665
122.881 0.000353046
140.478 0.000400895
115.522 0.000408037
119.635 0.00038321
118.771 0.000378639
115.972 0.000391851
115.019 0.000380712
116.069 -0.000405804
119.513 3.73136e-05
118.089 0.000406466
121.427 0.000177393
118.004 0.000378009
122.893 7.07808e-06
116.255 0.000385507
117.815 0.000418401
118.75 0.00036028
120.645 0.000356437
119.723 0.000360904
117.873 0.000396626
120.209 0.000433207
120.592 0.000393527
115.938 0.000249744
116.371 0.000427535
122.472 0.000384322
117.461 0.000370734
121.47 0.000387966
121.104 0.000366365
115.516 0.000428107
120.648 0.000382566
125.905 0.000338494
118.86 0.000397562
120.808 0.000363968
120.103 0.000374672
121.818 0.000413866
119.736 0.000379224
120.612 0.000372995
121.386 0.000367692
120.225 0.000332787
117.888 0.000425057
118.971 0.000327721
115.305 0.000365654
118.264 0.000363179
119.864 0.000374838
122.493 0.000377544
115.428 0.000411132
115.385 0.000337569
119.219 0.000368083
117.438 0.000371479
118.375 5.22974e-07
124.854 0.000369954
120.53 0.000395475
117.679 0.00035533
119.69 0.000400679
118.532 0.000359572
120.418 0.000394874
117.026 0.000367831
120.289 0.00038162
