160.295 0.000115981
130.644 0.000310128
122.827 0.000302546
129.207 -0.000301616
134.398 0.000311482
160.224 0.000344217
115.117 0.000308012
130.156 0.000259875
130.595 0.000300503
129.026 5.80179e-06
129.404 0.000301465
128.778 0.000314694
127.193 0.000336794
122.762 0.000295141
128.784 0.000298871
125.929 0.00030871
129.445 0.000358215
125.568 0.000172856
129.999 0.000301575
128.669 0.000281865
130.176 0.000310292
126.252 0.000303343
127.432 0.000318279
120.435 0.000293947
131.173 0.000352658
131.893 0.000312189
125.902 0.000300683
129.318 0.000321573
127.68 0.00031506
131.016 0.000301896
129.985 0.000315757
129.858 0.000312748
128.383 0.000295133
121.847 0.000313339
130.545 0.000300017
123.251 0.000313076
129.521 0.000300296
130.682 0.000311766
131.426 0.000300519
128.723 0.000150172
129.014 0.000299111
128.796 0.000304778
119.499 0.000315462
129.517 0.000123388
130.874 0.000345761
125.563 0.000309811
129.193 0.00030424
129.809 0.000326734
169.352 0.000259134
129.164 0.000307581
128.045 3.21173e-05
134.276 0.000296358
119.528 0.000297738
128.685 0.000258949
133.702 0.000294563
132.267 0.000316669
131.885 0.000344131
128.798 0.000313579
130.978 0.000296573
130.636 0.000312706
136.352 0.000299265
127.858 0.000295467
130.041 0.000317285
129.205 0.000328114
130.586 0.000313694
128.619 0.000296626
130.966 0.000330572
126.481 8.72907e-05
131.798 0.000314948
130.177 7.57203e-07
129.77 0.0002999
152.361 0.000339227
126.246 0.000300003
128.434 0.000333133
129.292 0.000319593
130.56 0.000311626
130.667 0.000320376
131.341 0.000346864
129.104 0.000310101
132.485 0.000266427
134.039 0.00032473
124.551 0.000167236
132.092 0.000340998
161.673 0.000306793
128.359 0.000320236
117.787 0.000322423
128.168 0.0002468
130.288 0.000302013
128.493 0.000342444
130.465 0.000313139
131.106 0.000310957
130.749 0.0003026
