126.95 0.000306572
128.8 0.000304
123.055 0.000299183
128.925 0.000339451
128.817 0.000308284
126.427 0.000342355
127.941 0.000306819
161.729 0.000360627
129.441 0.000296481
129.806 0.000297174
131.72 0.00031524
127.997 0.00031088
131.148 0.000323748
132.809 0.000336274
127.286 0.000343891
129.29 0.000334156
130.907 0.000311943
135.048 0.000296227
127.152 0.000329181
126.911 0.000317408
125.861 0.00030521
128.516 0.000305798
129.732 0.000296004
128.002 0.000305251
126.562 0.000306079
125.844 0.000297215
129.247 0.00030517
122.109 0.000319344
127.275 0.00029732
138.214 0.000313703
125.564 0.0003177
128.197 0.000284004
134.305 0.000286266
129.45 0.000302627
130.864 0.000312941
130.086 0.000298747
130.098 0.000234396
119.221 0.000284031
126.909 0.000143687
127.862 0.000326775
165.786 0.000344681
129.431 0.000294261
159.754 0.000351738
130.536 0.000303135
128.933 0.000318717
130.155 0.000274354
129.539 0.000351915
129.076 0.000285034
124.812 0.000309364
127.599 0.000295855
127.924 0.000317396
128.964 0.000309429
131.12 0.000339844
130.268 0.00030925
131.801 0.000342508
128.333 0.000143028
128.852 0.000328173
133.302 0.000306286
130.969 0.000303435
128.951 0.000337412
128.737 0.000300964
126.276 0.000304481
124.251 0.000348588
128.839 0.000200344
128.015 0.000280847
129.178 0.000301934
133.011 0.000296431
128.024 0.000293864
125.774 0.000304778
130.584 0.000310541
126.485 0.000309439
129.549 0.000299134
125.928 0.000295587
131.661 0.000334171
131.547 0.000301604
161.871 0.000328708
132.068 0.000320658
129.623 4.64356e-05
129.191 0.000311411
128.079 0.000302187
126.276 0.000307624
132.5 0.00029584
129.667 0.000172804
129.626 0.000332758
131.539 0.00032886
130.777 8.92619e-06
151.003 0.000276501
130.048 0.00034901
129.229 0.000322632
131.037 0.000348044
129.176 0.000312403
130.319 0.000303411
130.239 0.000306182
129.746 0.000349608
129.182 0.000299584
129.349 8.83178e-05
132.91 0.00023772
127.559 0.000299252
129.26 0.000333447
131.811 0.000282948
132.176 0.000290345
129.741 0.000344879
128.131 0.000343084
128.767 0.000308868
127.686 0.000304123
134.971 0.000298779
127.554 0.000309242
129.479 0.000316036
127.433 0.000306799
129.244 0.000432829
129.631 0.000311082
128.735 0.000303006
131.101 0.000335468
129.897 0.000320738
130.385 0.000296748
124.244 0.000116084
130.407 0.000330357
125.823 0.000302091
125.059 -0.000208733
129.307 0.000340789
128.411 0.000308049
131.582 0.000318893
127.837 0.000303371
130.81 0.000298124
130.517 0.000331805
127.87 0.000348801
126.704 1.26097e-06
127.624 0.00031614
130.057 0.000335399
130.565 0.00029478
130.654 0.000324631
128.44 0.000299925
131.13 3.25548e-05
127.461 0.000311077
129.609 0.000311444
161.098 0.000297938
128.867 0.000316968
131.165 0.000117067
127.845 0.00031317
129.218 0.000259618
129.203 0.000310087
129.875 0.000300791
136.184 0.000293385
143.85 0.000324309
122.842 0.000288415
137.922 0.000281218
128.862 0.000302302
128.678 0.000294138
121.65 0.000242661
122.61 0.000300066
156.803 0.000300522
129.984 0.000323883
137.35 0.000313619
122.641 0.000339705
130.527 0.000287786
115.329 0.00033953
119.669 0.000302984
128.916 0.000310656
133.898 0.000313597
128.444 0.000304556
117.561 0.000315807
159.78 0.00034226
126.729 0.0003101
131.622 0.00030105
131.471 0.00030984
125.707 0.00011551
130.584 0.000332172
130.454 0.000338199
153.595 0.000331554
119.675 0.000302707
129.745 0.000305747
129.472 0.000307443
125.337 0.000201052
127.563 0.00030275
116.945 0.000320086
129.2 0.000298425
129.116 0.000304978
128.685 0.000343738
129.585 0.000281095
132.159 0.000325324
152.009 0.00030142
132.418 1.51995e-05
130.103 0.000303277
128.956 0.000337521
128.395 0.000307011
132.617 0.00029754
122.39 0.000454022
127.827 0.000302127
128.404 0.000280765
130.852 0.000299121
130.349 0.000338072
129.423 0.000298852
129.736 0.000283358
130.283 0.000301675
125.501 0.000314388
147.418 0.000330148
117.56 0.000305425
129.258 0.000309992
129.014 0.000306033
121.62 0.000251485
147.203 0.000306675
130.999 0.000335528
130.084 0.000325182
137.337 2.20105e-05
126.172 0.000317515
127.471 0.000302295
128.519 0.000300542
131.733 0.000355799
126.367 0.000292082
127.931 0.000322996
121.91 0.000300586
123.132 0.000283184
129.912 0.000297446
128.866 0.000315308
165.648 0.000260907
130.38 0.000317798
130.838 0.000347234
122.267 0.000354612
137.3 0.000302172
124.21 0.000321187
148.554 0.000303425
155.075 0.000343284
129.297 0.000321939
129.008 0.000266062
142.159 0.000336338
123.525 0.000304372
130.267 0.000327557
129.181 0.000311857
132.078 0.000298893
129.895 0.000310284
128.746 0.000298031
145.868 0.000288651
123.922 0.000290782
130.71 0.000116937
152.009 0.000294602
161.497 0.000303127
129.698 0.000302401
123.543 0.000303625
129.619 0.000306516
130.824 0.00033031
124.861 0.000142035
121.362 0.000207324
127.46 0.000349324
118.698 0.000114963
127.813 0.00029765
132.718 0.000338596
125.904 0.000311449
128.217 -0.000338142
131.184 0.000308777
132.296 0.000287111
131.622 0.000321537
130.897 -0.000301908
128.707 0.000203236
131.835 0.000216681
127.132 0.000345949
129.556 0.000346818
131.072 0.000298517
132.858 0.000248643
126.907 0.000294539
127.377 0.000312193
130.29 0.000294631
129.618 0.000300905
130.197 0.000234448
129.552 0.00034598
128.356 0.000315136
125.132 0.000286571
129.823 0.000310432
127.715 0.000300049
127.522 0.000328208
144.324 0.000307343
129.032 0.000302631
131.22 3.26863e-05
126.838 0.000305047
129.7 3.23639e-05
134.063 0.000337609
129.715 0.000299538
125.487 0.000306499
129.921 0.000302004
128.023 0.000315924
121.611 0.000328047
129.84 0.000399583
128.479 0.000299893
131.611 0.000313634
134.091 0.000322776
128.543 0.000301659
132.187 0.000299258
127.225 0.000345426
131.132 0.00032948
159.006 0.000294192
