125.147 0.00060064
128.135 0.000586277
132.959 0.000554897
125.826 0.000608452
132.543 0.000588642
153.559 0.000627215
130.007 0.000559663
131.336 0.000581368
130.89 0.000539505
124.38 0.000603997
126.784 0.000591124
129.905 0.000167034
127.852 0.00067296
121.023 0.000627224
130.72 0.000584884
140.358 0.000559386
117.492 0.000610542
127.435 0.000553676
127.965 0.00055874
134.21 0.000655194
129.744 0.00057008
121.445 0.000247771
126.449 0.000557451
133.475 0.000645976
126.722 0.000524269
130.445 0.000587669
128.62 0.000565354
138.374 0.000571451
126.249 0.000571361
128.544 0.000561071
119.134 0.000553638
126.492 0.000556783
124.673 0.000569735
129.75 0.000382378
128.741 0.000398654
128.299 0.000583384
127.982 0.000617346
130.892 0.000534691
129.637 0.000585478
119.755 8.17061e-07
129.149 0.000634311
123.529 0.000554873
123.455 0.000619446
126.784 0.000539544
132.262 0.000528072
131.408 0.000563597
120.18 0.000558518
130.373 0.000608838
136.638 0.000577051
127.522 0.000606713
134.026 0.000558493
137.432 0.000519186
121.69 0.000267635
126.009 0.000571869
121.756 0.000558382
129.608 0.000582248
127.441 0.000516389
127.923 0.000564215
141.437 0.000637484
134.502 0.00066429
130.085 0.000532519
130.624 0.000631825
129.433 0.000555871
125.673 0.00062988
129.919 0.000568562
125.308 0.000589488
131.091 0.000568199
126.885 0.000644751
129.636 0.000570264
120.957 0.000542463
129.019 0.00038248
129.519 0.000533039
126.958 0.000564095
152.674 0.000627731
117.054 0.000522272
128.709 0.000564333
129.818 0.000559334
131.941 0.00055347
131.029 0.000610881
130.384 0.000573779
124.306 0.000560254
128.032 0.000554194
132.258 0.000559698
117.685 0.000590197
129.154 0.000644503
125.591 0.000384778
132.974 0.000562386
122.795 0.00011987
125.765 0.000578518
120.704 0.000576184
128.53 0.000589196
125.691 0.000612582
129.128 0.000594356
122.19 0.000573702
123.831 0.000599644
126.884 0.000566202
128.824 0.00061011
147.899 0.000530674
132.197 0.000562323
133.994 0.000594988
128.298 0.000570193
121.39 0.000608014
130.8 0.000599184
128.594 0.000556098
129.772 0.000605892
133.472 0.000563179
129.82 0.000489543
154.317 0.00052682
126.457 0.000563768
128.558 0.000609507
129.49 0.000603088
127.983 0.000486707
123.018 0.000591379
125.91 0.000649872
130.846 0.000563239
128.39 0.000546032
128.887 0.000567563
127.514 0.000393805
126.866 0.000567333
128.656 6.03844e-05
122.488 0.000569329
129.882 0.000557839
132.543 0.000691569
121.613 0.000433545
127.745 0.000586604
118.764 0.000606894
130.09 0.000597007
123.262 0.000559671
130.938 0.000579483
152.241 0.000556293
130.33 0.00061771
133.049 0.000649321
128.687 0.000607814
128.733 0.00056337
115.815 0.000165054
123.543 0.000465816
128.816 0.000570999
131.619 0.000636622
126.746 0.000571026
125.003 0.000578081
126.709 0.000533376
130.018 0.000121033
130.727 0.000601375
130.268 0.000639496
130.072 0.000576226
121.896 0.0005741
130.493 0.000573784
134.136 0.000568862
131.057 0.00059938
127.986 0.000588409
131.882 0.000633039
129.706 0.000614297
130.537 0.000584773
128.957 0.000560478
130.468 0.000560772
128.316 0.000570162
132.13 0.000573894
135.945 0.000566523
129.293 0.00056418
129.007 0.000590013
128.488 0.00058337
127.459 0.00066983
119.65 0.000573184
132.094 0.000555662
128.865 0.000536137
126.448 0.000593116
117.424 0.000625521
130.546 0.000559458
132.335 0.000164055
120.746 0.000559932
129.119 0.000552325
127.311 0.000583348
133.157 0.000566545
126.254 0.000516994
118.537 0.000549704
129.516 0.000558484
120.815 0.000569702
127.631 0.000538537
129.616 0.000636844
133.255 0.000562426
122.706 0.000554731
136.06 0.000657825
131.097 -0.000558417
133.919 0.000585093
133.786 0.000576806
132.23 0.000166454
133.161 0.000648211
117.838 0.000553513
129.245 0.000561372
131.331 0.000584746
129.969 0.000595232
131.859 0.000618831
118.318 0.00060896
130.769 0.000685661
124.856 0.000564093
118.729 0.000565051
130.487 0.000554024
116.362 0.000571478
127.041 0.000587857
132.162 0.000638973
127.329 0.00056637
127.997 0.000578326
132.092 0.000589135
129.137 0.000564219
129.591 0.000587134
129.583 0.000563442
127.952 0.000555298
130.258 0.000544773
130.837 0.000558482
130.014 0.000378773
129.01 0.000576039
128.253 0.000577195
128.704 0.000658578
118.341 0.000554418
132.99 5.80668e-05
128.978 0.000601308
123.942 0.000578382
134.676 0.000630793
130.417 0.000121827
127.521 0.000566485
132.118 0.000581701
140.466 0.00031194
134.189 0.000598625
129.628 0.000562288
129.809 0.000578867
124.875 1.0576e-05
129.254 0.000554588
124.53 0.000659331
131.669 0.000559998
129.078 0.000556047
130.942 0.000559394
120.311 0.000543534
131.242 0.000330005
128.118 0.000573571
130.312 0.000562106
126.986 0.000641672
127.992 0.000561133
