122.725 0.000150724
121.851 0.000154002
115.434 0.000148877
119.185 0.000155195
118.56 0.000149381
119.839 0.000163013
120.253 0.000144914
117.21 0.000177692
121.141 0.000150797
116.924 0.000117053
119.39 0.000133229
118.832 0.000145331
119.31 0.000143336
118.185 0.00014137
118.368 0.000156849
116.947 2.8711e-05
119.976 0.000135216
115.805 0.000147114
117.197 0.000141162
119.951 0.000169696
115.81 0.000145093
120.089 0.000145995
118.951 0.000149168
119.536 0.000149027
120.569 0.000142832
115.609 0.000137556
115.087 0.000131377
121.783 0.000164426
118.602 0.000147312
119.924 3.96724e-05
122.758 0.000150006
123.258 4.05335e-05
128.093 0.00014407
119.177 0.000162823
120.086 0.000161879
118.426 0.000148564
116.686 0.000132842
120.513 0.000155704
118.565 0.000146624
121.644 0.00014537
115.989 0.000137056
117.946 0.000126507
118.767 0.000153067
116.679 0.000151951
116.223 0.000148091
119.914 0.000151246
117.682 0.000139673
117.821 0.000148962
119.367 0.000147449
119.954 0.000151431
118.657 0.000145585
122.013 0.000151926
119.004 9.20004e-05
115.552 0.000145195
120.979 0.000145296
118.632 0.000158625
119.94 0.000151956
116.72 0.000137068
125.756 0.000147039
116.76 0.000132836
118.769 0.000143492
117.315 0.000147167
119.499 0.000143891
115.67 0.00015221
121.61 3.61162e-07
119.172 0.000139891
120.779 0.000169137
119.879 0.000144073
122.608 0.000169736
118.377 8.12555e-05
117.753 0.000157143
118.026 0.000150144
117.755 0.00014314
121.225 9.8865e-05
121.282 0.00015718
118.052 0.00017217
119.887 0.000148116
120.513 0.000154984
119.66 0.000146284
117.135 7.85024e-05
119.964 0.000159928
120.18 0.000133609
119.204 0.000147323
118.671 0.000159017
118.938 0.000214449
119.656 2.24885e-05
126.274 5.22152e-05
122.755 0.000163564
118.757 0.000143002
123.66 0.000150892
117.142 0.000152324
122.986 0.000157798
121.205 0.000144115
118.547 0.000143031
117.591 0.00014925
118.041 0.00016654
120.562 0.000149342
117.869 0.00015626
119.054 3.62483e-07
119.524 0.000125048
121.623 0.000158987
117.237 0.00012865
119.285 0.00014276
120.101 0.000155172
121.362 3.13965e-05
120.024 0.000151266
123.2 0.000168702
119.425 0.000150892
118.902 0.000164491
116.09 0.000111379
116.728 0.000170058
120.49 0.000131248
115.741 0.00014529
116.477 0.000155482
123.058 0.000150445
123.913 0.00016555
116.504 0.000156152
115.764 0.000150956
118.503 0.000152677
116.788 0.000139378
120.363 0.000150645
121.663 0.000144363
117.37 0.000133899
119.742 0.000140867
115.871 0.000129747
116.555 0.000153368
120.131 0.000144602
120.436 0.000145644
118.894 0.000146302
117.186 0.00017233
123.464 0.000156552
121.149 0.000140775
115.014 0.000166629
123.039 0.000171881
117.244 0.000128798
119.976 0.000159038
121.788 0.000170744
115.57 0.000109006
121.013 0.000147482
115.524 0.000149871
115.107 0.000148615
119.878 0.000146404
126.016 0.000142291
122.152 0.000154508
119.916 0.000166523
118.816 0.000130942
119.465 0.00014067
118.949 0.000152103
118.939 0.000135065
121.765 0.000153121
119.026 0.00016359
124.719 0.000159612
120.005 0.000140236
120.537 0.000144136
120.014 0.000145649
123.353 0.000129329
117.268 0.000146009
115.95 0.000158798
119.374 7.07291e-05
117.365 0.000156556
116.138 0.000160855
118.65 3.72789e-07
118.659 0.000146818
118.321 0.000163829
116.209 0.00015612
115.62 0.000144531
120.922 0.000144254
116.038 0.000146067
120.13 0.000159119
117.023 0.000150016
120.653 0.000142645
121.692 0.000171409
119.698 0.00015508
119.696 0.000110931
118.507 0.000145794
118.986 0.000100075
123.582 0.000142052
121.357 0.000145122
118.446 0.000159328
119.643 0.000146098
119.609 0.000143754
118.211 0.000155224
120.281 0.000151421
115.991 0.00014074
120.667 0.000163555
118.567 0.000136149
116.362 0.000147496
117.031 0.000148584
115.879 0.000144945
120.101 0.00015452
118.088 0.000151764
117.789 0.000144269
121.754 0.000103547
119.556 0.000164119
118.62 0.000146127
119.627 0.000157114
115.854 0.000156939
119.508 0.000133657
118.034 0.000152878
119.758 0.000147777
121.956 0.000127515
117.488 0.000150985
118.815 0.000167383
119.285 0.000158888
121.76 0.000149445
119.564 0.000165529
123.174 8.6101e-05
118.589 0.000150913
117.795 0.000155926
121.304 0.000129086
118.277 9.85164e-05
119.181 0.000156564
115.985 0.000138507
124.441 0.000150047
118.565 0.000143893
119.246 0.000142384
121.229 0.000161583
118.699 0.000153721
118.412 0.000165937
119.54 0.000143672
118.2 0.000158241
115.915 0.000147443
115.929 1.43678e-05
121.258 0.000112108
120.431 0.000151524
121.722 0.000141277
117.584 0.00016224
116.904 0.000156774
119.278 0.000149785
116.886 0.000161512
119.244 0.000164608
118.147 0.000148139
117.128 0.000150806
123.112 0.000152686
120.915 0.000148286
120.051 0.000148815
121.262 0.000131116
116.722 0.000172378
115.821 4.50144e-06
117.667 0.00013787
121.149 0.000139491
121.995 0.000171464
115.565 0.000147925
117.222 0.00014745
126.352 0.00014513
122.462 0.000138605
122.283 0.000161395
118.715 0.000155508
124.529 0.000151612
119.113 0.000145341
121.819 0.00011631
117.711 0.000168986
118.381 0.000156057
119.862 0.000162146
120.033 0.000154617
122.54 9.81953e-05
116.51 0.000143949
116.812 0.000148754
120.074 0.000148199
119.505 0.000147628
117.712 0.0001468
117.98 0.000144406
116.643 0.000134739
118.861 0.000142718
121.587 2.95356e-05
119.182 0.000144091
120.254 0.000141774
120.514 0.000145605
116.968 0.000144109
115.369 0.000154487
122.654 0.000139222
118.596 0.00014592
122.891 0.000145652
120.036 0.000160971
126.061 0.00016837
116.757 0.000164455
119.625 0.00016264
116.346 0.000159808
119.798 6.8836e-05
117.892 0.000179431
117.47 0.000151329
119.578 0.000151761
122.212 0.00014238
117.724 0.00015574
121.785 0.000161378
119.05 0.000168576
126.334 0.00015145
118.528 0.000145792
119.996 0.000143153
121.275 0.000168734
119.309 0.000140229
123.526 0.000110268
120.224 0.000155436
117.457 0.00015087
120.67 0.000207767
120.451 0.000159159
118.477 0.000142025
116.051 0.000133376
116.094 8.9132e-05
117.788 0.000156062
121.433 0.000145974
115.075 0.00013512
119.217 0.000148013
122.393 0.000134487
121.532 0.000145737
120.983 0.00012323
119.921 0.000149018
120.587 0.00016174
120.776 0.000147902
119.13 0.000129237
123.493 0.000147275
117.916 0.000143642
119.684 0.00015709
119.159 0.000152601
122.198 0.000143008
118.835 0.000140477
121.702 0.000153781
121.389 0.000143812
118.553 0.000154257
118.058 0.000113403
121.043 2.30161e-05
123.876 0.00016712
120.096 0.000153733
115.012 0.000147828
119.97 0.000147004
122.269 0.000164032
