137.717 0.000260214
131.824 4.30765e-05
156.12 -0.00030695
123.641 0.000299665
167.267 0.000342177
146.494 -0.000301689
132.224 0.000317897
152.479 0.000325714
146.245 0.000322639
141.147 0.000315063
133.738 0.000299746
150.256 0.000332818
122.458 3.43076e-06
118.37 0.000349405
142.17 0.000342149
131.126 0.000288459
146.148 8.72816e-05
129.342 0.000325792
165.391 0.000313089
146.263 0.000203834
126.173 0.000336812
164.504 0.000300521
128.918 9.04804e-06
154.937 0.000315866
155.118 0.00038221
126.753 0.000305311
133.99 0.000275275
131.552 0.000264867
135.257 0.000323824
126.924 0.000299686
132.241 0.000310581
129.785 0.000277638
147.956 0.000295234
127.986 0.000177254
125.582 0.000316956
122.843 0.000299642
131.113 0.000233639
130.527 0.000355457
147.834 0.000289594
155.139 0.000304807
148.133 0.000338454
129.685 0.000328322
128.379 2.19003e-05
133.487 0.000323036
137.991 0.000312614
125.556 0.000310861
129.948 0.000338194
129.578 0.000305097
130.804 0.000284011
166.827 0.000304052
130.168 0.000333209
161.962 1.2967e-06
130.781 -0.000311103
126.979 0.000210066
141.091 0.000255473
127.74 0.000304991
128.352 0.000304992
128.147 8.76151e-05
126.338 0.00030814
129.183 0.000323508
130.302 0.000302767
161.554 0.000353122
131.919 0.000305084
165.666 0.000326524
128.659 0.000306774
163.315 0.000345166
129.687 0.000294462
129.265 0.000148301
140.757 0.000337344
128.864 0.000325872
143.842 0.000258359
143.952 0.000327497
148.674 0.000311405
129.447 0.000289241
124.16 2.71749e-07
