138.839 0.000305033
131.624 0.000299033
134.358 0.000343466
131.863 0.000248052
132.253 0.000304199
131.432 0.000330789
132.079 0.00032279
129.527 0.000358944
132.108 0.000295663
125.835 0.000284042
130.381 3.64551e-06
130.879 0.000318801
130.437 0.000289811
127.288 0.000249915
132.197 0.000216948
126.288 0.000298957
133.328 0.000330625
134.217 9.38465e-05
126.838 0.000317155
123.731 0.000300305
130.929 0.000470252
127.49 0.000322357
129.421 0.000338938
129.391 0.000199338
128.69 0.000361363
129.745 0.000315773
130.638 0.000351195
122.387 0.000319736
129.323 0.000369327
128.261 0.00032204
131.157 0.000377413
129.174 0.000338032
126.86 0.000313405
130.787 0.000357808
130.281 9.19349e-05
123.935 0.000303204
126.332 9.44342e-05
129.391 0.000316361
124.909 0.00029253
132.732 0.000360754
131.611 0.000150506
120.517 0.000209918
115.777 0.000310704
128.663 0.00035903
131.998 0.000323739
126.383 0.000376705
132.977 0.000347978
129.862 0.000315865
121.474 0.000327436
130.238 0.000315852
124.721 -0.000335034
127.823 0.000303409
130.807 0.000325499
128.213 0.000317363
129.148 0.000314964
128.29 0.000361668
127.058 0.000335269
132.395 0.000121596
131.418 -0.000329817
127.529 0.000297377
134.079 6.74443e-05
127.056 0.000292033
130.006 0.000322265
130.12 3.39609e-05
129.963 0.000345431
132.347 0.000316134
130.252 0.000313067
130.36 0.000360562
130.825 8.17828e-07
127.663 0.000316643
130.027 0.000327346
132.069 0.00031165
128.294 0.000318256
127.417 0.000338267
128.065 0.000338415
127.924 0.000356984
127.976 0.00027735
127.046 9.57109e-05
130.592 0.000337831
127.747 0.00032455
128.942 0.000354078
129.504 0.000328319
130.809 0.000328202
123.705 0.000318107
129.963 0.000330116
131.242 0.000316505
127.035 0.000293749
128.7 0.000318771
129.809 0.000293502
129.698 0.000314502
131.267 0.000358503
118.839 0.000344217
122.711 0.000333758
129.73 0.00033147
125.266 0.000322506
130.732 0.000318011
129.854 0.000329666
130.545 0.000298126
128.28 0.000325314
129.271 0.000308982
129.152 0.000263337
131.79 0.000344029
130.371 0.000323362
127.728 0.000344536
126.286 0.000339374
130.995 0.000361147
131.469 0.000359524
133.088 1.5329e-05
134.705 0.000320818
116.258 0.000325283
129.055 0.000325779
130.671 0.000342847
129.292 0.000312864
133.34 0.000376842
125.442 0.000327681
130.513 0.000324457
129.004 0.000315451
132.275 0.000293935
128.158 0.000322351
126.618 3.43317e-05
127.688 0.000318206
124.115 0.000326774
119.412 0.000292649
125.664 0.000124432
128.796 0.000318084
130.306 0.000335643
132.122 0.000315997
141.75 0.000327774
129.338 0.000334381
126.396 6.58359e-05
132.528 0.000317807
127.159 0.000305466
128.262 0.000279432
128.426 0.000358472
129.819 0.000312984
131.035 0.000291209
130.926 0.000316105
121.69 0.000405849
130.748 0.000319169
129.623 0.000293083
127.417 0.000364411
129.65 0.000312409
129.337 0.000301894
126.891 0.000351928
129.613 0.000311659
128.768 0.000309488
128.606 0.000357034
125.673 0.000361509
126.086 0.000295184
130.103 0.000338257
128.5 0.000297127
117.832 0.000240133
134.126 0.000344338
130.494 0.000324901
127.319 0.000337432
125.348 0.000322221
128.853 0.000313534
129.138 0.000312302
132.244 0.000332719
131.639 0.00032188
127.366 0.000329368
124.353 0.000331054
133.313 7.85202e-07
119.187 0.000326254
129.735 0.000327831
126.936 1.26591e-06
126.353 0.000314411
129.472 0.000316052
130.09 0.000322532
128.795 0.000327208
126.599 0.000333286
126.867 0.00032899
129.075 0.000151532
130.339 0.00035822
129.328 0.000325392
128.226 0.000304802
129.884 1.53339e-05
148.929 0.000325593
132.732 0.000317067
141.576 0.000327174
122.656 0.000330431
130.184 9.50849e-06
126.828 0.000317658
132.191 0.00032999
129.553 0.000314505
126.827 6.75425e-05
134.766 0.000277451
130.496 0.000323548
144.196 0.000329012
115.075 0.000333767
116.556 0.000333021
137.966 3.46468e-05
128.502 0.000294136
131.411 0.000316057
130.617 0.000325779
130.457 0.000317145
124.193 0.000334336
130.303 0.000330138
128.096 0.000340906
130.591 0.000360284
127.633 0.000323081
129.964 0.000306008
130.275 0.000320296
128.227 0.000245477
130.091 0.000328021
130.749 0.000368132
127.662 0.000377911
129.64 9.21944e-05
131.141 0.000324969
129.409 0.000293191
126.519 0.000295106
129.415 0.000356776
128.135 0.000145348
130.214 0.000320068
129.076 0.000317451
132.947 0.000295237
125.555 0.000296941
123.948 0.000247458
133.08 0.000344712
129.737 0.000356899
133.699 0.000313373
129.993 0.000291824
128.201 0.000371561
131.501 0.000318993
132.574 0.000321183
130.136 0.00055663
128.935 0.000592382
128.796 0.000520056
133.606 0.000602754
131.408 0.000531552
130.437 0.000615181
129.322 2.17567e-06
128.923 0.000517871
129.954 0.000518138
130.565 0.000580807
125.573 0.000352345
129.964 0.000570009
130.872 6.0797e-06
132.142 0.000565669
124.157 0.000556207
129.823 0.000594916
126.054 0.000528209
127.351 0.000531592
131.099 0.000548207
125.509 0.000594614
128.548 0.000564533
130.521 0.000517529
129.488 0.000527681
132.791 0.000497472
130.378 0.000551442
124.35 0.000546926
140.83 0.000500176
123.472 0.000515178
128.015 0.000557161
127.984 5.55535e-05
129.008 0.000595806
119.912 0.000523876
128.536 0.000535967
122.419 0.000518246
130.343 0.000516437
132.694 0.00054471
146.474 0.000542736
124.304 0.000584669
125.342 0.000587777
129.38 0.000585832
123.293 0.000518118
127.27 0.000534535
131.647 0.000510388
128.178 0.000585504
129.587 0.000546228
129.105 -0.00056292
129.581 0.00060095
123.254 0.000517316
131.115 0.000526458
119.582 0.00050774
129.153 0.000536662
130.755 0.000531171
131.887 0.000567627
132.419 0.000553856
131.987 0.000539598
130.173 0.000535262
127.84 0.000522515
129.558 0.000541467
129.9 0.000544151
127.984 0.000567898
166.939 0.000483731
129.059 0.000599811
129.393 0.00040987
126.868 0.000576945
131.645 0.000517559
118.706 0.000538164
125.811 0.00054101
129.972 0.000551917
125.716 0.000550807
127.376 0.00058403
126.248 0.000418492
133.773 2.14048e-06
129.916 0.000543201
127.239 0.000592605
131.358 0.000564495
131.086 0.000591204
129.479 0.000571542
129.832 0.000581116
129.764 0.000524295
130.99 0.000348373
127.844 0.000440263
126.165 0.00059619
130.102 0.000506662
129.34 -0.000520103
128.642 0.000511633
129.309 0.000561945
125.994 0.000619852
129.632 0.000520104
128.811 0.000520188
133.395 0.000602354
136.207 0.000494906
123.203 0.000541132
131.95 0.000536484
123.873 0.000507655
128.132 0.000536751
130.231 0.000521608
127.985 0.00059265
143.645 0.000602122
129.548 0.000540727
128.707 0.000603471
126.025 0.000545709
128.251 0.000530557
131.742 0.000509091
121.535 0.000495892
129.097 0.00053289
130.393 0.000555816
124.953 0.000515915
125.678 0.000492498
132.041 0.000520641
128.572 0.000523344
131.602 -0.000565042
130.436 0.000600196
120.068 3.84553e-06
129.729 0.000522812
131.733 8.19993e-05
130.097 0.000156509
127.706 3.43154e-06
129.828 0.000523209
130.654 0.000536753
126.118 0.000303185
130.44 0.000555776
125.856 0.000543874
129.055 0.000524462
130.581 0.000519222
130.423 0.000597115
131.057 0.000583295
120.206 0.000590828
122.662 0.000504997
131.667 0.000591605
130.584 0.000533302
128.218 0.000539996
128.399 0.000533141
135.243 0.000514748
126.756 3.8411e-05
131.577 0.000246301
130.28 0.000549138
127.726 0.000568965
127.089 0.000519446
129.785 0.000567094
126.147 0.000523795
128.191 0.000539775
127.397 0.000508313
130.676 0.000524646
132.03 0.000517919
130.187 0.000538479
128.37 -0.000580813
125.501 0.000542311
131.221 0.000563018
129.67 0.000502158
133.815 0.00049723
119.418 0.000546439
122.208 0.000519387
125.759 0.000526699
130.555 0.000544482
135.593 7.59521e-05
128.29 0.000539539
129.311 0.000525604
127.995 0.00054207
128.128 0.00058679
131.685 0.000550555
130.294 0.00056752
127.372 0.00058549
127.882 0.000537374
128.171 0.000567136
127.706 0.000355636
129.143 0.000557199
126.597 0.000560127
125.004 0.000559402
129.222 0.000398668
126.465 0.000524637
127.799 0.00050118
130.367 0.000542246
128.393 0.00051479
131.66 0.000536507
128.382 0.000588125
132.128 0.000529349
129.753 0.000441713
166.724 -0.000544888
132.468 0.000611266
132.997 0.000522058
130.173 0.00052116
131.757 0.000515811
129.942 0.000515266
133.342 0.000543502
127.512 0.000559635
126.819 0.000555902
129.086 0.000512029
128.547 0.000556584
145.163 0.000526392
131.279 0.000584721
122.793 0.00054772
129.005 0.000571378
145.289 0.000536721
129.093 0.000524579
132.018 0.000560114
128.979 0.00051715
129.189 0.000543434
164.773 0.000526311
126.745 0.000508962
130.312 0.000644652
134.065 0.000501303
128.771 0.000113243
123.487 0.000515571
129.514 0.000402098
123.193 -0.000549702
130.002 0.000533
130.047 0.000541125
