126.738 0.00150732
120.31 0.000424185
119.831 0.00159396
125.856 0.0015937
128.023 0.00159549
128.736 0.00152207
131.611 0.0011672
131.769 1.00913e-05
130.483 0.00134333
128.308 0.00145793
133.262 0.0015203
131.517 0.00139666
124.664 0.000107298
127.122 0.00163894
129.053 0.00149728
128.963 0.00172254
131.112 0.00157671
128.276 0.00146705
127.437 0.00145032
131.355 0.00162626
121.078 6.10632e-06
130.673 0.00147235
123.624 0.00149479
126.589 0.00161905
129.189 0.00146759
130.187 0.00147147
126.316 0.00147457
123.531 0.00160228
130.277 0.00151499
126.454 0.00165219
130.37 0.00150907
129.349 0.00154459
125.665 0.00145365
127.324 7.17125e-05
131.088 0.0014082
129.009 0.00161515
126.97 0.00140235
127.791 0.00154737
128.952 0.00158201
130.823 0.0014716
131.681 0.00151569
127.442 0.00142968
127.197 0.00151159
131.033 0.00144446
128.627 0.00113702
122.577 0.000435126
126.214 0.00145911
130.404 0.00141986
130.543 0.00160065
131.103 0.0014555
130.274 0.00136676
128.396 0.00161138
125.218 0.00151184
127.054 0.00042468
128.495 0.00145509
123.153 0.00151221
127.887 0.00149133
131.116 0.00152183
130.86 0.00158213
129.239 0.00171614
130.636 0.00169391
130.886 0.00144193
125.413 0.00145983
127.184 0.00016034
126.99 0.0015271
128.577 0.000155713
129.566 0.00167264
131.768 0.000698406
126.986 0.00150598
129.603 0.00146617
125.85 0.00148002
129.262 0.00162736
130.572 0.00146544
126.551 2.7868e-05
129.251 0.00145901
128.761 0.00147824
129.556 0.00153114
125.177 0.00157142
130.109 0.00161321
124.799 0.00151873
127.633 0.00144834
132.893 0.0014848
128.212 0.00151294
125.5 0.00148776
129.926 0.00010615
131.057 0.00161739
130.356 0.00148509
129.113 0.0015342
126.999 5.871e-06
131.499 0.00145651
127.388 0.00137104
127.099 2.83225e-05
125.784 0.00126777
136.577 0.00149806
129.441 0.00165218
130.709 0.00148183
128.606 0.00152079
126.924 0.00153043
129.366 0.00143555
130.191 0.00122571
129.543 0.00145571
128.8 0.00133733
131.19 0.00143102
128.358 0.00156048
134.935 0.00149304
128.709 0.00151182
128.519 0.00154739
131.355 0.00163578
130.241 0.00144369
130.225 0.00143386
128.758 0.00164263
134.217 0.00174045
129.964 0.00152883
125.707 0.00150053
128.595 0.00151832
127.841 0.00144819
130.751 0.0014682
128.865 0.00165139
127.855 0.00149875
119.464 0.00158584
131.119 0.00146671
131.843 0.00144643
129.492 0.00167104
129.333 0.00154029
116.907 0.00146924
128.54 0.000156102
130.619 0.00145569
125.91 0.00143362
129.856 0.00146408
131.184 0.00151676
129.007 0.00144717
129.347 0.00145995
130.158 0.00142941
129.227 0.000314011
130.544 0.00153122
131.198 0.00167675
127.014 0.00166562
129.996 0.00175481
131.837 0.000157774
128.745 0.000979665
129.987 0.0014542
126.785 0.0014821
126.83 0.0012113
127.586 0.00143494
129.463 0.000164526
131.042 0.00126177
131.598 0.00165086
129.415 0.000989616
129.902 0.000830925
130.741 0.00144979
132.398 0.00146762
129.896 0.00146481
128.989 0.00146502
129.231 0.00142988
127.813 0.00157192
130.918 0.00154873
131.056 0.00167584
128.634 3.5747e-06
129.096 0.00156444
132.416 0.00151268
129.414 0.00147872
129.575 0.00159044
125.017 0.00145397
128.166 0.00153399
131.65 0.00151854
128.267 0.00151621
129.217 0.00148
130.8 0.00166829
128.319 0.00146532
130.804 0.00159731
126.439 0.00152241
133.015 0.00166078
129.548 0.00163386
121.141 0.00165565
129.399 0.00152772
130.463 0.00149051
127.506 0.00163686
127.59 0.000873908
127.17 0.00147342
124.028 0.00159977
129.528 0.00165873
128.496 0.00147044
123.686 0.00147235
122.283 0.00147079
123.941 0.00169002
126.497 0.00145284
128.525 0.00144669
127.855 0.00146045
130.53 0.000560955
129.751 0.00164726
128.964 0.00165859
128.631 0.00166925
131.286 0.00158366
129.446 0.00148697
130.468 0.00166408
129.222 0.00145946
121.853 0.00143966
123.956 0.00125426
130.377 0.0016472
129.439 0.00126074
131.753 0.00151666
127.528 0.000695766
125.038 0.00156649
127.94 0.00169127
125.727 0.00136323
127.483 0.00133398
127.009 0.00145955
126.723 0.00162378
129.915 0.00166719
126.185 0.00136777
129.719 0.00156369
123.42 0.00149114
130.887 0.00154401
128.85 0.0014626
126.115 0.000555378
129.801 0.00149004
129.351 0.00143037
123.995 0.00143231
133.023 0.00153354
122.962 0.00152585
127.897 0.00146436
132.705 0.00126109
133.384 0.00156911
119.195 0.00150692
131.127 1.05904e-05
128.009 0.000228784
127.543 0.00148969
129.864 0.0015081
127.875 0.00161556
130.887 0.00145432
126.985 0.00165437
117.655 0.000711602
131.44 0.00148208
129.305 0.00152863
128.768 0.0014954
130.492 0.00144533
127.25 0.00147578
122.635 0.00131977
134.492 0.00156923
124.595 0.00146362
131.307 0.0014441
128.507 0.00142686
130.409 0.00146364
126.963 0.00132392
128.804 0.0016376
124.809 0.00165576
118.637 0.00154714
130.051 0.00148998
129.699 0.00143299
129.656 0.0012463
132.424 0.000431179
127.17 0.00164961
133.608 0.00165692
128.817 7.07792e-05
128.651 0.001437
130.878 0.00146932
128.507 0.00170553
129.481 0.00146807
127.05 0.0015903
128.67 0.00150146
131.269 0.00166967
131.823 0.00151652
128.363 0.00143451
131.448 0.0016572
130.012 0.00168883
130.203 0.00152921
127.563 0.00152846
131.89 0.00152579
130.779 0.00146903
127.794 0.00162686
123.356 0.00142712
126.498 0.00159859
129.151 0.00145444
126.771 0.00163905
128.026 0.00162227
129.813 0.00161745
129.504 0.00137676
132.762 0.000209505
125.286 0.000569539
128.446 0.00165369
130.007 0.0015411
130.502 0.00146858
127.006 0.00147975
131.154 0.00157937
132.921 0.00156496
129.762 0.00164855
132.55 0.00145444
130.397 0.00164708
126.77 0.0016162
129.091 0.00147105
128.175 0.00157371
130.925 0.00156216
127.576 0.00042754
128.863 0.00144258
128.219 0.00142415
130.863 0.00154942
130.176 0.00150231
127.344 0.0014903
127.075 0.00146391
131.28 0.00153687
131.5 0.00142267
129.262 0.00144448
129.263 0.00165031
123.451 0.00145976
126.744 0.00146409
132.104 0.000224792
130.399 0.00163347
131.56 0.000843119
116.801 0.00144045
129.535 0.00167708
128.915 0.00142432
123.122 0.00148152
129.281 0.0015435
130.989 0.00147871
129.634 0.00152272
128.292 0.00153523
127.028 0.00142278
132.114 0.00144598
127.747 0.00143743
129.379 0.00159456
130.226 0.000218032
133.128 0.00139065
121.797 0.00144719
125.154 0.00146138
129.058 0.00145933
131.329 0.00149627
128.497 0.000105688
129.288 0.00140067
134.713 0.0016232
124.843 0.00150968
129.319 0.00154526
122.342 0.00146007
130.538 0.00151069
129.51 0.00164116
132.446 0.00140991
130.226 0.00145073
128.638 0.00155561
133.416 0.00154951
123.998 0.00160795
129.091 0.00146843
130.092 0.00146718
129.531 0.000839401
129.804 0.00138921
128.578 0.00174583
127.111 0.00015896
127.025 0.00160878
125.157 0.00166998
136.386 0.00145037
127.318 4.81363e-05
129.111 0.000111349
129.538 0.00145232
128.509 0.00150891
128.874 0.00171008
130.188 0.00149904
125.052 0.00161063
130.437 0.00112091
126.991 0.00164358
119.51 0.00134442
130.406 0.00146696
128.006 0.00151473
127.44 0.00173476
134.178 0.00152555
133.462 0.00147392
128.979 0.00164623
128.78 0.00152609
131.4 0.00164439
136.786 0.00153773
129.049 0.00168036
128.119 0.00144866
130.032 0.00058276
130.27 0.0014698
129.306 0.00151056
127.733 0.00146306
131.718 0.00139227
132.182 0.0014913
128.107 0.00164237
127.758 0.00126415
130.957 0.00166003
129.512 0.00114336
129.132 0.00147727
129.403 0.00149581
130.604 0.00157861
131.504 0.00150503
130.912 0.00150504
125.218 0.0014247
124.983 0.0013054
131.049 0.0015856
130.521 0.00147018
127.653 0.0012533
134.743 0.00157628
128.02 0.001517
128.318 0.00125002
127.61 0.00144362
132.179 0.00151226
130.94 0.00162574
129.073 0.00150643
130.324 0.00140741
120.991 0.00144769
129.228 0.00146321
127.317 0.00148573
130.599 0.00166838
133.026 0.001399
128.465 0.0015385
127.669 0.00148146
129.387 0.00165972
128.977 0.00164816
123.389 0.0016441
130.874 0.00124364
130.669 0.00165661
126.908 0.00144603
129.519 1.6985e-05
124.384 0.00141818
130.602 0.00125696
123.596 0.001599
129.092 0.00142661
129.696 0.00150225
130.579 0.00147155
125.951 0.00168061
128.356 0.00165613
132.946 0.00150343
130.555 0.00144144
131.197 0.00148309
128.491 0.00144898
133.518 0.00174966
128.084 0.00152075
128.899 0.001532
127.105 0.00156218
130.766 0.00145309
135.334 0.00122443
131.472 0.00164427
122.072 0.00148337
126.065 0.00140265
119.762 0.00169639
130.308 0.00151611
129.892 0.00143868
127.132 0.00141889
122.667 0.00153641
130.716 0.00144202
129.063 0.00142074
129.94 0.00150381
127.979 0.00151602
126.167 0.00168097
121.298 0.00164277
129.585 0.00148577
129.956 0.00145835
127.548 0.00147581
127.908 0.0014368
128.033 0.00153635
132.198 0.00153471
131.23 0.00144173
128.977 0.00133667
130.078 0.00156726
128.828 0.00146039
124.295 0.00144594
129.367 0.00143192
127.179 0.00149168
126.814 0.00151273
130.224 0.00166837
128.768 0.00174847
124.365 0.00152046
128.697 0.00144771
127.469 0.000553014
130.247 0.00154866
118.789 0.00161973
130.112 0.00133906
126.883 1.72654e-05
128.933 0.00161934
129.572 0.00043245
129.721 0.00166025
123.145 0.00138572
130.432 0.00151976
129.156 0.00136558
132.211 0.00153501
128.497 0.00169586
127.387 0.00149757
125.571 0.00152084
129.776 0.00166003
131.688 0.00208694
123.899 0.00139754
136.888 0.00148167
128.004 4.53875e-05
128.605 0.00153655
126.983 0.00150393
125.38 0.00144327
129.705 1.02224e-05
127.455 0.00153778
129.438 0.000431872
124.802 0.000455498
135.841 0.00150657
131.784 0.00145038
129.076 0.000976919
129.746 0.000320528
125.381 0.00151101
128.283 0.00150712
130.019 0.00146769
127.113 0.00155563
133.475 0.00146448
129.58 0.00148384
127.322 0.00153099
131.391 0.00147595
128.717 0.00160906
125.7 0.000218912
128.826 0.00145106
130.379 0.00101033
128.019 0.00148662
119.669 0.00160071
