132.864 0.000140935
125.46 0.000148527
130.091 0.000131571
124.882 0.000130777
127.619 0.000125829
115.976 0.00013553
166.769 9.74723e-06
125.381 0.000132698
118.552 0.00014439
125.498 0.000136049
125.77 0.00013134
127.688 0.000129776
124.596 0.000135724
127.282 0.000140982
145.727 0.000132253
120.901 0.000135155
123.472 0.000131196
119.323 0.000141493
125.963 0.000130208
127.394 0.00013814
122.442 -0.000146328
123.347 5.02807e-05
126.775 0.000136011
123.876 0.000131985
143.007 8.91054e-05
133.297 0.000137564
124.692 0.000127746
168.715 7.94967e-05
125.571 0.000147663
122.806 0.000142459
123.569 0.000136262
164.799 2.83297e-05
122.582 0.000125072
121.085 0.000138335
