121.444 0.000253636
120.106 0.000245897
117.548 0.000257964
118.282 0.000249468
122.782 0.000243517
119.198 0.000253646
121.626 0.000249359
121.663 2.6791e-05
117.911 6.97149e-05
121.011 0.000247083
120.036 0.000253474
120.764 0.000263512
116.202 -0.000266563
117.701 0.000284196
118.653 0.000248836
119.113 0.000236571
123.092 0.000252481
119.807 0.000255384
123.655 0.000247352
121.469 0.000246594
117.736 0.000279324
116.668 0.000248044
134.378 0.000242583
119.413 2.86323e-06
119.682 0.000254924
118.776 0.000277904
116.999 0.000255622
115.421 0.000257893
116.981 0.000257205
126.472 0.000277179
115.659 0.000283198
118.931 0.000256789
117.467 0.000271989
118.435 0.000249188
120.714 0.000255426
123.767 0.000264517
118.429 0.000246685
141.504 0.000388633
124.429 0.000361047
119.868 0.00037089
118.055 0.000378709
115.843 0.000422184
123.043 0.000365117
120.433 0.000362891
120.507 -0.000456326
120.676 4.31544e-06
118.903 0.000364371
119.366 0.000173887
116.108 0.000402956
121.525 0.000424336
119.199 0.000375856
119.655 0.000390321
116.336 0.000284479
116.137 0.00042338
119.64 0.000404764
119.716 0.000377767
118.798 0.00039266
120.366 -0.000379233
119.708 0.000365367
116.778 0.000318795
119.207 0.000357479
116.352 0.000363277
115.675 0.000398509
120.137 0.000377998
120 7.67407e-05
