126.349 0.000627469
125.489 0.000618501
123.788 0.000723933
126.486 0.000593335
122.61 0.000502214
123.781 0.000662924
123.521 0.000635636
125.896 0.000673561
125.58 0.000677108
124.35 0.00063391
125.236 0.000245485
125.394 0.000637661
125.443 0.000656832
124.439 0.000693408
124.614 0.000671544
128.531 0.000727317
119.236 0.000660983
125.96 0.000641839
124.664 0.00064842
123.432 0.000726986
125.25 0.000641088
118.199 0.000639612
125.74 0.000654208
125.08 0.000189895
127.681 0.000690262
123.647 0.000662294
126.567 0.000681591
123.879 0.000638981
126.767 0.000731954
126.158 4.71089e-05
130.356 0.000658547
120.939 0.000668866
122.947 0.000664398
124.06 0.00060274
127.111 0.000135788
125.854 0.000681303
126.183 6.92791e-05
122.847 0.000253382
122.102 0.000667183
120.787 0.00069323
123.652 0.000671569
120.84 0.000638013
120.953 0.000637925
124.554 0.000705238
121.603 0.000645526
125.222 0.000486951
123.219 0.000739013
125.528 0.000453047
122.792 0.000662702
124.581 0.000666959
125.195 0.00049352
126.992 0.000722469
124.441 0.000722597
123.982 0.000726596
124.42 0.000679265
122.321 0.00071535
122.272 0.000632127
126.193 0.000674583
125.083 0.000653657
125.068 0.000695603
123.845 0.000661379
124.563 0.000627407
120.612 0.000691062
125.313 0.000641743
126.609 0.000627351
123.189 0.000655306
121.176 0.000642174
125.875 0.000634649
124.556 0.000727768
124.188 0.000555487
124.825 0.000668503
124.849 0.000723156
123.637 0.000647609
125.178 0.000656605
122.825 0.000721785
124.606 0.00031012
123.313 0.000733731
124.523 0.000652084
122.383 0.000633608
125.139 0.000677741
123.079 0.000145801
125.4 0.000661087
124.809 0.000668532
126.937 0.000672945
124.478 0.000629587
123.168 0.000299496
124.949 0.0007324
124.427 0.000691508
122.306 0.000668397
123.822 0.000504931
125.958 0.000664166
127.062 0.00064554
124.935 0.00073365
124.198 0.000641417
122.937 3.10711e-05
122.952 0.000646706
123.392 0.000642068
129.13 0.000662347
123.248 0.000652982
124.401 0.000657396
126.132 0.000638972
124.257 0.000601775
124.652 0.000650832
121.103 0.000673628
124.732 0.0002998
127.285 0.00064178
126.135 0.000651613
126.777 0.000638085
124.25 0.000651723
124.146 0.000667919
124.42 0.000650642
124.467 0.000586225
123.685 0.000626236
124.448 0.00065148
125.285 0.000630479
122.483 0.000649897
127.634 0.000666394
122.478 0.000689224
126.917 0.000632605
124.087 0.000734534
127.929 0.000743552
124.989 0.000633686
125.09 0.000661108
126.688 0.000637898
125.445 0.00064766
125.046 0.000680519
125.04 0.000732282
124.407 0.000549463
121.159 0.000690584
128.18 0.000669252
123.837 0.000746973
125.445 0.000649622
125.245 0.000632788
124.6 0.00055693
126.212 0.000244244
124.331 0.000743279
129.402 0.000619853
126.441 0.000636283
124.418 0.000700032
120.449 0.000496798
123.464 0.000638614
125.234 0.000653503
126.05 0.000662627
124.059 0.000656672
122.053 0.000642765
127.462 0.000663441
125.095 0.000674333
120.127 0.000599606
123.607 0.000674933
125.919 0.000434073
126.118 0.000671813
123.769 0.000648491
126.45 0.000566257
120.526 0.000654583
125.471 0.000568283
125.797 0.000635496
125.503 0.00019708
119.949 0.00069728
122.997 0.000637281
126.909 0.000711403
126.232 0.000738977
123.146 0.000688127
126.028 0.000735861
125.517 0.000651631
123.168 0.000253005
126.991 0.00064013
125.343 0.000632936
124.541 0.000657668
125.092 0.000549784
125.243 0.000678441
127.183 0.000674848
124.39 0.00060912
124.618 0.000660159
126.27 0.000740458
124.994 0.00069592
126.219 0.000639716
123.008 0.000701156
123.302 0.000632382
123.732 0.000744354
126.683 0.000616551
124.122 0.000585589
125.35 0.000714641
125.523 0.000642306
126.348 0.000673813
123.281 0.000611859
121.401 0.000658602
122.553 0.000642021
124.739 0.000717208
127.104 0.000731424
126.233 0.000665779
123.97 0.000664929
122.623 0.000636112
123.039 0.00067955
124.338 0.000639669
126.787 0.000635402
125.095 0.000719385
125.948 0.000714681
123.075 0.00013958
120.566 0.000550295
127.317 0.0006199
123.177 0.000677857
123.071 4.48319e-06
121.831 0.000633266
125.762 0.000653983
125.546 0.000667467
121.405 0.000694843
121.596 0.00067448
124.936 0.000727419
116.351 0.000640901
123.636 0.000643763
125.261 0.000660599
124.375 0.000662583
123.954 0.000742101
124.825 0.000642957
124.064 0.000645428
123.522 0.000730006
121.776 0.000648225
125.226 0.000630561
124.774 0.000684789
127.478 0.000691468
126.848 0.000671019
122.464 0.000650032
121.843 0.00064871
125.106 0.000679474
122.606 0.000601528
118.379 0.000662206
125.097 6.94277e-05
122.304 0.000685852
124.794 0.00065734
120.119 0.000587202
125.774 0.000721271
123.11 0.000673019
124.427 0.000638654
120.376 0.00070154
124.594 0.000734827
125.722 0.000557935
127.081 0.000641544
122.27 0.000748868
126.081 0.000642713
121.932 0.000647979
124.913 0.000740487
125.747 0.000640496
126.365 0.00069406
124.898 0.000655199
122.127 0.000508194
124.175 0.000686231
122.527 0.00063299
125.211 0.000667468
121.685 0.000678139
121.391 0.000704757
124.759 0.00064563
123.521 0.000644641
124.487 0.000637508
125.422 0.00065623
124.965 0.000650816
127.084 0.000651498
122.831 0.000650692
124.762 0.000101597
127.635 0.000671662
125.237 0.00068915
121.64 0.000673331
124.185 0.000547337
123.379 0.000728986
127.146 0.000562163
125.148 0.000648345
125.132 0.000710232
119.115 0.000752078
123.424 0.000677317
124.017 0.000647105
123.966 0.000637146
118.308 0.000631419
127.77 0.000751862
126.276 0.000654938
120.259 0.000538314
124.275 0.000657117
122.614 0.000633369
126.996 0.000663644
125.279 0.000632077
123.304 0.000583164
119.52 0.000650432
124.996 0.000717626
126.024 0.000662454
124.993 0.000647644
125.971 0.000646107
121.75 0.000624382
124.653 0.000715197
125.778 0.000661241
124.856 0.00072894
123.181 0.000655168
126.128 0.000661003
120.964 0.000639183
122.96 0.000687866
125.352 0.000676303
124.643 0.000666669
124.183 0.000734393
124.832 0.000652741
124.433 0.000669274
124.775 0.000698065
130.194 0.000680868
125.049 0.000602365
115.09 0.000502141
124.801 0.000653553
122.102 0.000731011
123.843 0.000686263
124.257 0.000653853
125.516 0.000637303
124.724 0.000718154
126.254 0.000674485
122.859 0.000706009
124.152 0.000651282
124.14 0.000609247
122.391 0.000665752
126.705 0.000665888
121.433 0.000678369
127.745 0.000664383
128.118 0.000646876
119.351 0.000649737
124.172 0.000288623
125.159 0.000637711
119.721 0.000728002
125.057 0.000386897
125.747 0.000649802
124.077 0.000724034
125.862 0.000500243
124.679 0.00064933
125.698 0.000702647
124.972 0.000655606
125.438 0.00066498
125.629 0.000366456
123.418 0.000248475
123.348 0.000373752
122.496 0.000308205
123.894 0.000658524
126.16 0.000308044
123.282 0.000692128
117.996 0.000674907
123.94 0.000188151
128.095 0.000688092
124.802 0.000725398
125.387 0.000607595
124.691 0.00068545
123.771 0.000660097
123.927 0.000669178
124.306 0.000635229
124.765 0.000727794
123.209 0.000664295
123.905 0.000641085
125.944 0.000247235
124.248 0.000373458
125.446 0.000643956
115.231 0.000648215
123.637 0.000696528
123.576 0.000651201
124.056 0.000618552
123.009 0.000648091
122.461 0.000637879
122.572 0.000719524
123.522 0.000667598
124.323 0.000643407
124.65 0.00063507
126.212 0.000362791
127.66 0.000706136
126.096 0.000651711
126.71 0.000310903
124.452 0.000648485
122.393 0.000745159
122.825 0.000654042
126.383 0.000719952
125.733 0.000663707
124.6 0.0005593
126.893 0.00067501
116.311 0.000709983
122.805 0.000644464
125.129 1.1497e-05
126.086 0.000606559
125.021 0.000666102
123.696 0.000670726
124.297 0.000711722
119.304 0.000651328
125.12 0.000653499
124.177 0.000704872
125.489 4.57386e-06
124.4 0.000652563
123.393 0.000643402
123.223 0.000687832
124.234 0.000746161
124.988 0.000670023
125.2 0.000679363
125.57 0.000673432
124.993 0.000633532
123.539 0.000638417
123.228 0.000726897
127.582 0.000636548
122.622 0.000636548
119.131 0.000665848
119.648 0.000675433
125.545 0.000647585
124.287 0.000639956
125.488 0.000685689
123.381 0.000636473
127.764 0.000629692
123.776 0.000666763
125.395 0.000677857
124.521 0.000605383
126.309 0.000660703
126.93 0.00069318
123.78 0.000725961
123.153 0.000730254
125.967 0.000641042
123.014 0.000594834
118.905 0.00069976
122.377 0.000246853
125.228 0.000720504
126.678 0.000140172
125.535 0.000644651
122.504 0.000605704
125.71 0.000737954
121.08 0.000735585
129.964 0.000634543
123.185 0.000649023
126.596 0.000741218
126.007 0.000662929
124.708 0.00064317
123.945 0.000562648
124.371 0.000662389
126.542 0.000625736
121.934 0.000655399
124.903 0.000743435
124.333 0.000668443
123.484 0.000640554
123.498 0.000372705
124.999 0.000649612
125.57 0.00066456
119.199 0.000701819
123.966 0.00073248
125.851 0.000656453
125.454 0.000727976
124.895 0.000632035
123.036 0.000662139
124.401 0.000719969
125.334 0.000642418
126.379 0.000664707
125.962 0.000632134
120.044 0.000600802
125.824 0.000644748
125.459 0.000666834
124.829 0.000640968
126.816 0.00076728
122.042 0.000747316
121.23 0.000660489
124.704 0.000381841
125.887 0.000646213
125.238 0.000645551
125.431 0.000653353
124.447 0.000667106
124.505 0.00069962
123.035 0.000371787
127.343 0.00018865
128.484 0.000634134
126.727 0.000730012
124.188 0.00066705
124.606 0.000586543
124.548 0.000632598
125.914 0.000376374
124.939 0.000640992
120.013 0.000640871
127.604 0.00064736
117.766 0.000700508
126.131 0.000511305
123.804 0.000720924
123.162 0.000654323
125.316 0.000638568
125.866 0.000636202
124.171 0.000682014
124.201 0.00069549
123.035 0.000634943
124.803 0.000664006
124.273 0.000666287
126.47 0.000704026
125.723 0.000639351
123.519 0.000665243
124.161 0.000602187
127.408 0.000655117
124.859 0.000653065
116.136 0.000658505
124.715 0.000623394
123.479 0.000638471
124.667 0.000708445
124.618 0.000643702
125.246 0.000188626
125.186 0.000666225
116.203 0.000714272
125.14 0.000652039
127.066 0.000635189
124.098 0.000674156
124.739 0.000677703
124.612 0.000374662
124.354 0.000673483
125.721 0.000649136
122.773 0.000728728
122.842 0.000498708
123.139 0.000646048
123.069 0.000725395
123.468 0.000252829
125.996 0.000498957
125.625 0.000671766
125.409 0.000553223
124.623 0.000688858
126.777 0.000687995
123.714 0.000664661
124.759 4.70508e-05
124.683 0.000667387
124.691 0.000671578
125.557 0.00064485
125.617 0.000653483
125.346 0.000718493
124.717 0.00065876
127.309 0.000138258
122.59 0.000639826
123.531 0.000632415
124.017 0.00060092
123.315 0.000663527
124.958 0.000646436
125.535 0.000672704
122.552 0.000762307
128.007 0.000688743
122.491 0.000672539
123.886 0.000669206
122.5 0.000648263
125.774 0.000630761
125.322 0.000726887
125.518 0.000706042
123.752 6.47527e-05
126.542 0.000370859
124.685 0.000692952
123.563 0.000433263
121.746 0.000616539
124.873 0.000640681
123.33 0.000642378
120.526 0.000639258
124.169 0.000725254
124.639 0.000664276
120.998 0.000668816
125.582 0.00063692
127.388 0.000636166
124.929 0.000664443
125.139 0.000651665
124.237 0.000664891
124.612 0.000655822
124.264 0.000644965
123.493 0.000618261
123.127 0.000659541
125.377 0.000761321
126.112 0.000633475
123.277 0.000648515
115.907 0.000640369
126.914 0.000636379
128.417 0.000715511
125.06 0.000733412
123.466 0.000719929
127.734 0.000731226
121.995 0.000677045
125.032 0.000668244
123.872 0.000719106
120.304 0.000664424
125.429 0.00064106
124.578 0.000665668
125.953 0.000310058
125.027 0.000647747
128.223 0.000618224
125.686 0.000676572
126.573 0.000645805
127.859 0.000659216
124.863 0.00060027
125.313 0.00071559
126.648 0.00073954
125.583 0.000548098
123.845 0.000636198
123.689 0.000675361
123.516 0.000676449
128.471 0.000636123
125.604 0.000654424
123.455 0.000650155
124.853 0.000609607
125.97 0.000659239
125.85 0.00062964
122.138 0.00062911
124.693 0.000631639
123.657 0.000501484
124.665 0.000678784
125.751 0.000693787
122.498 0.000620491
125.211 2.70493e-06
126.254 0.000636673
124.39 0.000658632
116.617 0.00071106
123.467 0.000666618
124.913 0.000621361
122.996 0.000678935
125.842 0.000674764
125.152 0.000641438
124.69 0.000554025
126.054 0.000634767
125.582 0.000643381
124.265 0.000741157
123.066 0.000656625
125.238 0.000658045
125.158 0.000732737
123.761 0.000735748
124.265 0.000631689
126.097 0.000632759
124.995 0.000670898
125.052 0.000644921
125.694 0.000741863
126.205 0.000645367
126.022 0.000693209
124.199 0.000767809
125.239 0.000722318
128.373 0.000683787
126.394 0.000639358
126.026 0.000744843
122.008 0.000644833
123.441 0.000659782
124.031 0.000715193
123.255 0.000693086
126.255 0.000644955
126.193 0.000684211
123.608 0.000662475
122.821 0.000719133
122.641 0.000644875
124.575 0.00066501
125.562 0.000661463
125.45 0.00064375
127.58 0.000657334
123.817 0.000683735
127.935 0.000645187
125.096 0.000655906
127.119 0.000684091
126.212 0.000650505
128.311 0.000641687
125.345 0.000717293
124.67 0.000656598
125.295 0.00065125
123.224 0.000666987
119.263 0.000647269
123.147 0.000714683
127.804 0.000684138
123.195 0.000434431
121.3 0.0006296
123.124 0.000667827
123.661 0.000642371
125.35 0.000746568
124.139 0.000656174
125.21 0.000648218
125.957 0.000638313
123.667 0.000560466
123.217 0.000668053
132.573 0.00072381
125.526 0.000648586
128.638 0.000723936
123.848 0.000637408
124.922 0.000674981
121.884 0.000642806
121.626 0.000714704
125.467 8.73859e-07
124.117 0.000640137
124.842 0.000720783
125.332 0.00066898
124.342 0.000663564
124.8 0.000647885
122.931 0.000706375
125.47 0.000609123
125.218 0.000641989
122.658 0.000649792
124.798 0.000632478
126.55 0.000634323
124.218 0.000594559
124.36 0.000646071
122.329 0.000635597
127.295 0.000645157
121.928 0.000642904
123.787 0.000656388
122.759 0.000644848
124.989 0.000640967
124.934 0.000661459
124.138 0.000603289
121.314 0.000676911
125.669 0.00073008
123.675 0.000576773
124.987 0.00067653
125.513 0.000673377
122.496 0.00063717
124.682 0.000549586
125.779 0.00067543
125.962 0.00030085
121.763 0.000556805
126.701 0.000659468
124.609 0.000701905
122.715 0.000680593
124.683 0.000647867
125.536 0.000737078
123.485 0.00067353
126.331 0.000671049
123.673 0.000696576
123.904 0.000669999
120.873 0.000605583
125.07 0.000632344
126.098 0.000735877
125.636 0.000573022
123.655 0.000620696
123.55 0.000725852
122.881 0.000500364
124.573 0.000652325
125.776 0.00073864
125.529 0.000309182
126.472 0.000723903
126.089 0.000657583
125.287 0.00031201
125.415 0.000643365
123.164 0.000614605
124.669 0.000651207
122.672 0.00064479
125.015 0.000188603
125.964 0.000629636
127.14 0.000639309
125.018 0.000375984
124.88 0.00064625
122.21 7.18756e-06
126.243 0.000712657
125.277 0.000137911
125.936 0.000670676
125.416 0.000663614
130.516 0.000634881
126.422 0.000639777
125.222 0.000657812
125.245 0.000655569
123.353 0.000647183
123.155 2.68062e-06
123.934 0.000594466
126.207 5.99597e-07
117.815 0.000648008
125.304 0.000664596
124.024 0.000626835
121.458 0.000691215
124.436 0.00057203
125.792 0.000696175
123.739 0.00073438
122.756 0.00069126
125.15 0.000741988
124.674 0.000689665
122.493 0.000620152
121.576 0.000635484
123.043 0.000670914
128.819 0.000688156
125.325 0.000646717
129.72 0.000748784
124.57 0.000651499
126.645 0.000636411
124.399 0.000599008
124.972 0.000553133
123.51 0.000659754
116.304 0.000741086
126.322 0.000728285
126.609 0.000643934
126.642 0.000430667
123.598 0.000647117
124.413 0.000721785
125.879 0.000663537
128.08 0.000665619
125.091 0.000641009
124.721 0.000667149
123.685 0.000671633
125.09 0.000657975
123.89 0.000725035
125.949 0.000691763
124.373 0.000318638
122.866 0.000670485
123.551 0.000661591
124.98 0.000712736
125.378 0.000656576
125.716 0.000644781
124.974 0.00063544
118.484 0.000676518
125.463 0.000656517
125.011 0.000643886
124.253 9.47049e-07
127.592 0.000766945
124.198 0.000669607
125.527 0.00063135
126.137 0.000641173
126.032 0.000652379
125.305 0.000654334
125.266 0.000608901
123.374 0.000685272
123.396 0.000734683
124.629 0.000676557
119.199 0.000375287
123.861 0.000659344
123.784 0.000665962
123.166 0.000617713
121.973 0.000669577
121.101 0.000641269
123.193 0.000680841
124.347 0.000665721
125.891 0.000651468
122.452 0.000190379
124.118 0.000710822
120.567 0.000679823
119.086 0.00062071
126.697 0.00067218
128.04 0.00071701
126.24 0.000444995
123.518 0.000693644
125.519 0.000726683
125.849 0.000643114
126.324 0.000648041
125.987 0.000638404
123.957 0.000632003
125.85 0.000641913
127.176 0.000708002
126.613 0.000675129
124.691 0.0007194
125.659 0.000739341
115.478 0.000657867
123.716 0.000713729
125.446 0.000641686
127.12 0.000369346
123.793 0.000651739
126.666 0.000737958
120.914 0.000727757
127.304 0.000311498
125.396 0.000632916
125.671 0.000635035
126.499 0.000757359
125.997 0.0006368
126.385 0.000641612
127.106 0.000657575
125.19 0.000648226
125.905 0.000659548
125.626 0.000675511
123.225 0.000636803
123.664 0.000647989
125.816 0.000649147
125.461 0.000770965
123.462 0.00067436
124.295 0.000763952
125.196 0.000653926
124.052 0.00072839
125.194 0.000100181
124.533 0.00064264
122.169 0.000649229
125.595 0.000636875
123.875 0.000634899
116.843 4.45423e-06
123.171 0.000651803
125.459 0.000719489
126.423 0.000657263
126.481 0.000661817
125.162 4.68462e-05
125.315 0.0006819
125.15 0.000473264
123.162 0.00066606
125.593 0.000310441
116.105 0.000664325
122.587 0.000651756
118.089 0.00063358
125.539 0.0007223
126.331 0.000501955
120.686 0.000641697
126.395 0.000643009
124.324 0.000616177
126.25 0.000644772
126.947 0.000648954
122.039 0.000686169
125.047 0.000660613
122.803 0.000635494
121.039 0.000626115
125.733 0.000691781
123.537 0.000654137
124.29 0.000644606
118.093 0.000721695
124.064 0.000663691
125.372 0.000248652
125.908 0.000730171
123.987 0.000634557
124.599 0.000670339
125.293 0.00063542
123.607 0.000652798
125.517 0.000429234
124.794 0.000140769
126.424 0.000718314
122.16 0.000670185
125.458 0.000640628
122.169 0.000667437
126.474 0.000646987
122.5 0.000673987
125.305 0.000633078
124.289 0.000645072
123.877 0.000724389
124.861 0.000648409
124.473 0.00065578
123.933 0.000592417
123.727 0.000667574
124.402 0.000685209
126.033 0.000141761
122.815 0.000734514
122.808 0.000648678
126.66 0.000646355
126.216 0.000674488
125.315 0.000659223
127.314 0.000687523
122.656 0.000646874
125.615 0.000633589
125.515 0.000738115
125.069 0.000673086
124.123 0.000692485
126.592 0.000738919
123.12 0.000653851
125.057 0.000646305
124.683 0.000660088
126.239 0.000652499
123.118 0.000609114
126.285 0.000136463
124.166 0.000754198
124.743 0.000660811
124.078 0.000310769
124.07 0.000653959
125.5 0.000667989
121.553 0.000737871
126.301 0.00074024
124.803 0.000673587
128.238 0.000638888
120.78 0.000676517
124.545 0.000621767
124.176 0.000645105
124.625 0.000727977
125.675 0.000638968
125.275 0.00068273
126.423 0.000657939
123.796 0.000738444
125.804 0.000492522
124.41 0.000642561
125.297 0.000605374
123.963 0.000737205
124.536 0.000635636
126.019 0.000633694
124.603 0.000674012
126.001 0.000646024
124.667 0.000664831
123.534 0.000643136
124.236 0.000636436
127.99 0.000664603
123.265 0.00069258
123.92 0.000726708
124.923 0.000641668
125.799 0.000655321
125.158 0.000650937
122.703 0.000650996
124.057 0.000660431
124.871 0.000636522
124.52 1.89993e-05
124.757 0.000730745
125.445 0.000741106
122.29 0.00065215
123.8 0.000643875
124.677 0.000659728
127.263 0.000743352
123.265 0.000667359
129.548 0.000702159
124.711 0.000653689
125.092 0.000655641
125.528 0.000651753
122.598 0.000647951
125.777 0.00064087
125.92 0.000640729
124.776 0.000734231
126.568 0.000694425
125.38 0.000646893
125.322 0.000657324
125.5 0.000569618
127.102 0.000739959
125.36 0.000648343
123.138 0.000768091
124.742 0.000669921
123.889 0.00063331
124.521 0.000634134
128.646 0.000437168
124.868 0.000693004
122.97 0.000583588
125.968 1.22993e-05
121.366 0.000659126
124.125 0.000639721
123.618 0.000638434
126.277 1.91638e-05
125.368 0.000608926
123.702 0.000683247
124.918 0.000734025
125.253 0.00065985
116.993 0.000645285
124.212 0.000609089
125.811 0.000645534
122.812 0.00061166
124.294 0.000637832
126.327 0.000657445
125.024 0.000657655
124.011 0.000646335
125.024 0.00063818
122.796 0.000644926
124.394 0.000646041
124.034 0.000663699
124.542 0.000727909
124.179 0.00063701
124.863 0.00065442
124.698 0.000142841
120.067 0.000712597
124.531 0.000600902
124.684 0.00073185
125.402 0.000677141
121.308 0.000729567
123.781 0.000721598
123.589 0.000663791
123.367 0.000668717
125.182 0.000645744
123.352 0.000671093
125.582 0.000577747
123.323 0.000679225
125.319 0.000644548
125.489 0.000610806
125.442 0.000721554
123.039 0.000661418
127.27 0.000654371
126.707 0.000697728
125.921 0.000637988
119.56 0.000646006
121.491 0.000646548
123.792 0.000651365
124.543 0.000674307
125.12 0.000650721
123.52 0.000653368
124.48 0.000605231
124.604 0.000642329
124.513 0.000644497
125.666 0.000642268
121.532 0.000646837
123.872 0.000696209
126.09 0.000496155
123.583 0.000654664
124.795 0.000640671
125.589 0.0007365
119.138 0.000639679
122.211 0.000688343
124.088 0.000658668
124.974 0.000638998
124.598 0.000548533
125.287 0.00069364
125.196 0.000504968
123.792 0.000696131
124.514 0.000658656
123.387 0.000660427
125.358 0.000669558
125.807 0.000721414
127.618 0.000653072
125.314 0.000625683
119.968 0.000664973
124.653 0.000134754
117.709 0.000739404
121.664 0.000519433
125.778 0.000666936
124.725 0.000672708
124.592 0.000637176
125.756 0.000730737
122.661 0.000660025
126.866 0.000681914
121.829 0.000706705
128.41 0.00066989
126.779 0.000596296
127.329 0.000548512
124.637 0.000678008
126.193 0.000650262
118.644 0.000650993
122.656 0.000682523
125.363 0.00065573
122.648 0.000709436
124.528 0.000439441
125.015 0.000431817
125.939 0.000654569
125.361 0.000724521
124.537 0.000672143
122.716 0.00074016
126.258 0.000673659
123.916 0.000649754
125.525 0.000741143
125.211 0.000647132
124.484 0.000638886
124.57 0.000650537
124.091 0.000716494
123.081 0.000633862
115.897 0.000627587
123.61 0.000652934
123.943 0.000599848
117.558 0.00065138
126.198 0.000694805
121.055 0.000727411
125.229 0.000575198
126.269 0.00066149
116.959 0.00065082
121.999 0.000664124
123.601 0.000689911
128.466 0.0006386
125.106 0.000741076
127.555 0.000648489
123.875 0.000645576
123.728 0.000643214
124.117 0.000738464
125.559 0.000723153
126.484 0.000640413
123.117 0.000634995
121.629 0.000735748
125.444 0.000707706
124.974 0.000646423
123.281 0.000645463
129.73 0.00063812
122.365 0.000662737
122.351 0.000721866
124.586 0.000652273
126.053 0.000652275
123.789 0.000683147
126.085 0.000741092
123.156 0.000309403
124.974 0.000644576
120.284 0.000710831
123.273 0.000662907
126.218 0.000648872
119.388 0.000679131
125.594 0.000643264
117.6 0.000656053
124.762 0.000643319
124.637 0.000100509
124.08 6.93141e-05
122.275 0.000658514
124.157 4.76472e-05
123.629 0.000247171
127.191 0.000625317
123.083 0.000661082
125.032 0.000641069
122.509 0.000635175
121.28 0.000742554
124.533 0.000138256
126.934 0.000706362
124.212 0.00066999
124.433 0.000660117
125.472 0.000443987
