129.73 0.000268536
128.305 0.000261194
129.478 0.000229562
131.068 0.000205218
132.189 0.000236015
130.715 0.000243026
129.431 0.000246208
126.366 0.000278696
129.545 0.000239144
129.216 0.00024128
131.54 0.000268114
128.707 0.000246238
126.894 0.000242514
132.727 0.000244618
129.382 0.000228365
128.768 9.2225e-05
134.712 1.10532e-05
126.97 0.000240891
123.608 0.00021616
129.351 0.000241041
128.045 0.000250928
127.241 0.000261308
123.833 0.000251509
127.773 0.000237673
130.366 0.000242818
131.343 0.000272332
128.948 3.78087e-05
130.787 0.000249786
127.047 0.000270692
126.766 0.000244354
129.777 0.000238311
128.893 1.19318e-05
131.847 0.000279114
128.756 0.000244107
128.963 0.000243797
124.164 0.000258093
130.282 0.000237414
124.724 0.000258467
128.313 0.000249508
129.687 0.000240744
129.322 0.000251944
131.227 0.000278884
131.023 0.000250662
123.468 0.00024921
129.239 0.000168875
129.101 0.000198534
131.308 0.000243191
129.595 0.000238852
130.022 0.000208222
127.189 0.000178496
129.883 0.000239929
131.683 0.000257308
128.098 0.00027545
130.223 0.000236494
129.338 0.000238757
129.597 0.000281875
129.787 0.000238868
129.039 0.000246478
130.029 0.000241963
131.47 1.75027e-05
132.082 0.000261778
126.847 0.000219878
126.747 0.000250279
134.454 0.00025984
128.779 0.000258696
131.136 0.000243258
127.543 0.000248368
129.968 0.000243056
130.353 0.00022803
128.822 0.000267719
115.272 0.000270731
130.138 0.000243336
124.648 7.19713e-05
120.877 0.000243463
135.868 0.000272793
127.521 1.21861e-05
128.455 0.000136936
124.764 0.000231008
129.607 0.000255188
131.781 0.000265578
131.914 0.00024225
127.405 0.00023975
130.374 0.000227115
130.277 0.000252327
130.663 0.000222033
134.892 0.000251538
128.238 0.00027705
128.66 0.000260699
120.536 0.000246162
130.35 0.000265103
129.521 0.000240749
129.928 0.000241968
129.578 0.000253021
126.607 0.000221275
123.622 0.000169613
128.263 0.000292291
127.15 0.000238037
129.44 0.000267542
131.841 0.000232827
129.01 0.000115439
130.19 7.22359e-06
128.986 0.0002615
129.484 1.79388e-05
131.668 9.17198e-05
118.08 0.000272664
129.35 0.000267962
129.334 0.000245232
130.2 0.000222105
128.586 0.000274131
130.643 0.000251386
127.545 0.000227272
130.442 0.000237009
128.252 0.00027138
130.258 0.000238464
124.694 0.000237916
130.105 0.000253595
129.15 0.000244275
129.746 0.000276947
129.066 0.000239144
130.157 0.000275132
130.56 5.28619e-05
131.185 0.000273392
131.677 7.28063e-06
131.327 0.000234617
128.641 7.1586e-05
125.715 0.000228879
129.144 0.000252033
127.685 0.000272991
141.817 0.000204047
130.071 2.60209e-05
128.952 0.000243732
129.566 0.000242035
129.614 0.000281517
131.274 0.000275765
131.34 0.00024248
129.405 2.8416e-06
129.692 7.30934e-06
128.54 0.000242689
127.991 0.000299668
132.644 0.000242124
130.736 0.000240661
129.647 0.000237889
128.907 0.000253847
133.345 0.000246448
129.57 0.000236351
132.164 0.000239253
128.906 0.00027638
120.789 0.000207151
131.344 0.00020919
128.752 0.000253781
128.071 0.000258038
129.646 0.00024037
129.514 0.00026527
126.099 0.000263557
125.663 0.000271413
124.184 0.000250771
132.007 0.00027027
129.326 0.000247789
130.142 0.000243585
130.996 0.000236694
128.978 0.000251221
129.808 0.000242417
131.467 0.000277645
132.192 0.000243177
131.562 0.00025591
133.377 0.000244437
129.624 0.000273348
129.65 3.76261e-05
128.348 0.000238082
130.248 0.00026089
131.902 0.000240827
127.906 0.00024552
129.48 0.00025629
131.771 0.000263838
129.526 0.00023827
124.537 0.000137952
132.032 0.000269511
131.078 0.000244127
127.039 0.000245203
131.654 0.000248449
130.465 0.000258771
130.79 0.000260645
131.378 0.000258786
129.643 0.000139524
128.318 0.000247288
127.907 0.000243013
120.133 0.000227964
129.839 0.00024036
129.819 0.000278692
127.063 0.000259534
127.317 0.000248634
132.135 0.000258468
129.928 0.000277359
130.26 0.000217097
129.475 0.000238748
130.245 0.000253092
131.184 0.000252402
130.218 0.000241309
124.994 0.000206876
123.028 0.000246158
127.88 0.000274782
130.806 0.000241041
125.233 4.59274e-06
120.222 0.000247326
128.769 0.000246808
129.535 0.000250871
126.744 0.000259596
128.93 0.000246051
129.537 0.000274327
130.75 0.000246691
129.332 0.000246033
129.589 0.000258
133.148 0.000254792
132.461 0.000249224
125.626 9.30046e-05
129.03 0.000278147
129.464 0.000233684
121.819 0.00026493
128.293 1.73728e-05
128.958 0.000247377
127.245 0.000115015
128.487 0.000239071
130.509 0.00016287
128.258 0.000257756
130.982 0.000237005
129.123 0.000242221
127.221 0.000264195
132.114 0.000251042
128.438 0.000241546
121.497 0.000250669
128.783 0.000245458
128.55 0.000235226
130.659 0.000249018
130.521 0.000253778
131.02 0.00027959
129.8 3.75436e-05
130.178 0.000273114
129.976 0.00023913
131.508 0.000242548
128.209 0.000239945
125.89 0.000288603
130.261 0.000258247
125.463 0.000246695
131.111 0.000258769
129.229 0.000256678
128.883 0.000193885
130.042 0.000243696
129.996 0.000204166
132.733 0.000239128
125.597 2.28502e-07
130.686 0.000239379
127.138 0.000206039
130.462 0.000272341
130.075 0.000240352
130.315 0.00027589
130.597 0.000265014
131.175 0.000211226
131.185 0.000266171
130.201 0.000254464
128.251 7.31192e-06
127.057 0.000238764
129.906 0.000278811
129.608 0.00024395
129.622 0.000237768
129.458 0.000241826
126.037 0.000241307
128.524 0.000249833
129.267 0.000242518
123.154 0.000254314
127.935 0.000210812
131.593 0.000268494
129.439 0.000247721
128.593 0.000277854
130.617 0.000274677
129.585 0.000241374
129.051 0.000232961
129.093 6.95592e-05
131.088 0.000249077
129.931 0.000275995
128.919 0.000244204
131.93 0.000245808
128.293 0.000265256
130.547 0.000278874
129.381 0.000268551
129.733 0.000246763
129.321 6.9974e-05
127.445 0.000261404
131.004 0.000239383
131.657 0.000249817
131.424 0.00022959
129.584 0.000277571
128.573 0.000273424
131.81 0.000242029
132.231 0.000206384
129.743 0.000242831
129.112 0.000284361
133.985 0.000204006
129.731 0.000249872
128.761 0.000238035
129.374 0.000276166
122.751 0.000248122
124.992 0.000270074
129.114 0.00024319
119.644 0.000140935
129.471 0.000246718
129.099 0.000237909
128.518 0.000138618
129.529 0.00024381
131.24 0.000244555
130.858 0.000275165
127.297 0.000279615
133.123 0.000290157
129.038 0.000244549
131.629 0.000245327
131.711 9.36126e-05
129.453 0.000205805
128.893 0.000239778
128.498 0.000273559
127.612 4.65518e-06
129.776 0.000232269
130.242 0.000237317
130.955 0.000253384
128.352 0.000246438
132.15 0.000241247
130.482 0.000254478
128.54 0.000251921
129.515 0.000237606
129.822 0.000243707
130.729 0.000268947
131.591 0.000207182
129.702 0.000233604
129.085 0.000261133
128.293 0.000271961
123.599 0.000271309
130.418 0.000275697
116.341 0.000246997
128.503 0.000267283
124.25 0.000247055
128.734 0.000260817
130.711 0.000276049
128.072 0.000249483
128.437 0.000241331
120.373 0.000248391
129.018 0.000271846
132.028 0.000275615
132.005 3.77045e-05
130.168 0.000243372
131.058 0.000258003
129.36 9.27941e-05
128.345 0.000242282
127.147 0.000113585
131.501 0.000274724
131.686 0.000243755
128.817 0.000254656
138.47 0.000239922
128.755 7.12355e-05
129.12 0.000239547
124.348 0.000261411
130.545 0.000246827
128.681 0.000249041
129.669 0.000278022
128.977 0.000258123
129.873 0.000238326
129.439 0.000163025
130.483 0.000238967
131.399 0.000252018
127.391 0.000272691
129.391 0.000241096
125.141 0.000244053
129.252 0.000245011
129.04 0.000241653
128.96 0.000274419
129.077 0.000247943
124.769 0.000236489
130.014 0.000258771
122.561 0.000242431
128.724 0.000239286
131.317 0.000240893
130.285 0.000240453
130.017 0.000246649
127.412 5.17225e-05
131.444 0.000250792
130.459 0.000234552
129.066 0.000261206
130.14 0.000253399
127.603 0.00022932
132.746 7.42456e-06
131.878 0.000247043
129.496 1.01094e-06
129.075 0.000240341
128.813 0.000246836
122.987 0.000249998
130.953 0.00025087
121.038 0.000249487
127.411 0.000283567
130.144 0.000252414
126.755 0.000251059
128.419 0.000250017
130.315 0.000139484
128.988 0.000246347
130.312 0.000240924
130.526 0.000279742
128.351 0.000249526
132.51 0.000241956
130.996 0.000251294
129.324 0.000227569
129.26 0.000238858
126.964 0.000265579
129.444 0.000241906
128.452 0.00024143
118.211 0.000243807
131.417 0.000238142
126.445 0.000242937
128.843 0.000249398
130.392 0.000244031
127.881 0.000236871
129.235 0.000270561
131.326 0.000250638
130.294 0.000163803
131.118 0.000251425
123.475 0.000249941
129.706 0.000275743
128.837 0.000288198
128.633 0.000250618
129.102 0.000255152
129.479 0.00024947
133.851 0.000235441
132.119 0.000237492
132.458 5.38316e-05
128.482 0.000140425
131.5 0.000276101
134.644 0.000274451
130.914 0.000277129
130.9 0.000161482
129.959 5.17454e-05
128.811 0.000247156
132.847 0.000254671
125.759 0.000226763
129.329 0.000239576
128.353 0.000246465
129.38 0.000251631
129.463 0.000243741
130.755 0.000243149
124.906 0.000254819
130.041 0.000252264
136.022 0.000280863
127.459 0.000253062
128.989 0.000239721
132.434 0.00026811
126.308 1.78503e-05
128.544 3.75906e-05
128.84 0.000253777
126.165 0.000234677
129.035 0.000217291
124.312 0.000261084
123.665 2.58535e-05
129.604 0.000237609
128.234 0.000239073
129.51 0.00024612
129.011 0.000250978
131.1 7.27574e-06
130.316 0.000206797
127.242 0.000234476
128.46 5.19787e-05
133.335 0.000246412
131.811 0.000277821
128.39 0.000238667
125.814 0.000265573
129.053 0.000237066
131.546 0.000263697
128.609 0.000254677
127.321 0.000230911
128.681 0.000289066
129.37 0.000260742
131.383 0.000252831
126.408 0.000242568
130.251 0.000233488
129.683 0.000238428
134.266 0.000253103
120.052 0.000241554
128.819 0.000247066
132.405 0.000236103
129.571 0.000242012
122.45 0.000245117
130.247 0.000271731
128.853 0.000270162
131.154 0.000224859
129.699 0.000247791
131.014 0.000240012
128.417 1.09753e-05
130.474 0.000238538
129.431 5.17555e-05
128.862 9.34968e-05
130.769 0.000276626
130.169 0.000243642
128.465 0.000263819
125.512 0.000253591
121.396 0.000247189
127.96 0.000150522
127.596 0.000274161
129.847 0.00027527
129.734 0.000258305
128.186 0.000258582
126.949 0.000254883
129.761 0.000229325
132.144 0.000247841
133.112 0.000234302
130.592 0.000267328
129.539 0.000277146
129.626 0.000239999
130.294 4.49191e-06
129.981 0.000250326
129.032 0.000251157
129.306 0.000243718
129.129 1.20852e-05
134.238 0.000246565
131.613 0.00022673
125.852 0.000244407
129.818 0.000249645
131.735 0.000253336
127.348 0.000251949
129.75 0.000272506
129.287 2.66534e-05
128.963 0.000137805
125.071 0.00026951
132.123 0.000209812
128.982 0.000251743
129.713 0.000240349
130.12 0.000245455
130.522 0.000261049
131.527 0.000269419
123.333 0.000245831
127.657 0.000252626
129.204 0.000271572
130.148 0.000246355
127.826 0.000189143
129.531 0.000281359
131.172 0.000140235
127.306 0.00022588
129.405 0.00024116
127.534 0.000220969
129.588 0.000278913
128.207 0.000262669
129.647 7.1279e-05
130.426 0.000246548
132.069 0.000223602
126.142 0.000206405
126.119 0.000235741
130.708 0.00024541
131.547 0.00027028
129.775 0.000238292
129.791 0.000238127
128.645 0.000271812
130.893 0.000275503
128.69 0.00025983
131.039 0.000240843
128.988 0.000245087
128.646 0.000224892
130.562 0.00024497
131.62 0.000277695
128.905 0.000242088
129.945 0.000247302
131.643 0.000221029
128.273 0.000239588
121.813 0.000275104
132.44 0.000241779
129.916 0.000239724
128.83 0.000245302
129.587 0.000286583
129.578 0.000275277
126.232 0.000252708
129.726 0.000227821
122.063 0.00025044
125.099 0.000262613
130.388 0.000273179
123.979 0.000247581
131.351 0.000237336
124.578 0.000263013
127.9 0.000275882
132.614 0.000263511
128.174 0.000259821
127.013 0.000272756
126.173 0.000249176
132.086 0.000240029
132.17 0.000233884
126.278 0.000238406
130.602 0.000272831
123.853 0.000228715
126.609 0.00021098
130.358 2.81121e-06
130.058 0.00019551
132.984 4.89246e-05
129.9 0.000271749
125.303 0.000246721
131.048 0.000163016
128.352 0.000146322
115.333 0.000262786
130.301 0.000275773
129.966 0.000198981
129.14 0.000237107
129.128 0.000275132
127.625 0.000266716
129.552 0.000246475
129.922 0.000253162
127.426 0.000240386
133.299 0.00023687
128.158 4.58769e-06
128.821 0.000256245
128.136 0.000239966
131.174 0.000259024
128.563 0.000248367
132.17 0.00026008
131.111 0.000239812
131.663 0.000236832
128.065 0.00024739
126.326 0.000233084
127.046 0.000257303
131.271 0.000242939
123.719 0.000279003
129.741 0.000248394
136.157 1.76866e-05
131.864 0.000250643
129.065 0.000262479
129.308 0.000245036
129.577 0.000243367
128.829 0.000247301
132.788 0.00024567
133.814 0.000244458
131.507 0.000245238
130.741 0.000275067
129.445 0.000239506
122.981 0.000223044
127.238 0.000239005
130.429 0.000227147
130.148 0.000246223
129.655 0.000242403
131.391 0.000274921
131.399 0.000261501
119.901 0.000238049
129.954 0.000239359
126.109 0.000244942
129.279 0.000281063
134.442 0.000234097
126.35 0.000246439
131.412 2.83274e-06
129.07 0.000253443
129.341 0.000261457
129.755 0.000277684
129.195 0.000220836
127.174 0.000236284
130.59 0.000229959
118.252 0.000230867
129.851 0.0002435
132.618 0.00023465
130.452 0.000251245
130.243 0.00018997
124.212 0.000145047
132.034 0.000264961
128.665 0.000234141
130.782 0.000256762
129.245 0.000245673
121.781 0.000248401
128.311 0.000240467
129.862 0.000243646
121.347 0.000266546
132.372 0.000244477
127.016 7.47801e-06
133.45 0.000239353
129.154 0.000241687
128.373 0.000243538
130.508 0.000242467
129.831 0.000239188
128.105 0.000264161
131.638 0.000220396
130.089 0.000241633
126.963 0.000158658
129.524 0.000270794
130.1 0.00022791
128.187 0.000253859
128.538 0.000277647
129.44 0.000239637
129.163 0.000252982
134.035 0.000246526
126.95 0.000231826
127.663 0.000234439
129.611 0.000273622
129.933 0.000287944
130.033 0.000270288
133.242 0.000238484
128.357 0.000248672
130.568 0.000237902
130.72 2.59639e-05
130.345 1.15905e-05
129.328 0.00024131
129.673 0.000253063
121.248 0.000223636
132.083 0.000253606
128.239 0.000268364
129.15 0.000239482
128.195 0.000258899
129.41 0.000275509
128.761 0.000247049
130.905 0.000240002
128.951 0.000240449
125.989 0.000237507
125.677 0.000266037
133.251 0.000273503
131.887 0.000255681
130.659 0.000263173
130.161 0.00022878
130.052 0.000249404
130.404 0.000224288
116.186 0.000244408
132.084 0.000236028
130.568 1.76615e-05
129.807 0.000239116
128.937 0.000221911
129.88 0.000251316
127.538 0.000241984
129.702 0.000263478
128.462 0.000216025
130.859 0.000138396
127.96 0.000241342
132.204 0.000222166
128.108 0.000243973
131.009 9.29974e-05
129.073 0.000259534
128.137 0.000239513
129.355 0.000274198
128.04 0.000241166
131.215 0.000276088
129.414 1.71367e-05
128.572 0.000241284
126.151 0.000251079
131.298 0.000250341
129.678 0.000249092
129.472 0.000245218
129.395 0.000273168
121.876 0.000256682
125.344 0.000273507
130.957 0.000237537
130.435 0.000276617
128.315 0.000263258
129.06 0.000265402
129.721 0.000263106
128.444 0.000259709
131.159 0.000242185
129.795 0.000229558
128.305 0.000237428
130.724 0.00025265
123.823 0.000246453
127.275 0.000239736
126.676 0.000275986
128.659 0.000117065
129.934 0.000165453
132.462 0.000239795
127.71 3.53745e-07
129.203 0.000251672
128.293 0.000253343
129.735 0.000239123
129.759 0.000275755
129.915 0.000254354
123.315 0.000245611
134.959 0.000253964
128.425 0.000262805
130.956 0.000279909
127.913 6.68013e-05
130.176 0.000240441
129.276 0.000252534
116.738 0.000265929
128.999 0.000246046
126.8 0.000266531
128.851 0.000269393
130.332 0.000203271
118.41 0.000264085
130.312 0.000256643
130.971 0.000268825
127.631 0.000271043
122.958 0.000237267
130.631 6.01469e-07
128.387 0.000268935
127.925 0.000241814
131.617 0.000242426
130.014 0.000236212
131.352 1.67831e-07
129.395 0.00024413
130.207 0.000241003
129.839 0.000254189
131.831 0.000277165
129.228 0.000243934
129.979 0.000277912
127.289 0.000273093
129.771 0.000248277
128.432 0.00025002
123.017 0.000248232
125.331 0.000249892
128.233 0.000240168
129.626 0.000205527
129.316 0.000205244
129.709 0.000247329
127.335 0.000251014
127.578 0.000243617
129.162 0.000243167
129.612 0.000272118
130.063 7.26348e-06
128.972 0.00026858
129.66 0.000265691
128.301 0.000234107
126.099 0.00024452
126.478 0.000225239
128.543 0.000181395
129.274 0.00024062
130.886 0.000249242
129.387 0.000283158
129.567 0.000243006
128.752 0.000241164
130.082 0.000242471
124.734 0.000240217
128.771 0.000272159
128.038 0.000257668
128.465 0.000258708
130.686 0.000267996
127.974 0.000242717
126.748 0.000256452
132.224 0.000234795
129.228 0.000218652
128.491 0.000266571
134.316 0.000256909
131.46 0.000240954
129.38 0.000249884
126.556 0.000221895
130.221 3.76253e-05
125.087 0.000263474
129.601 0.000258162
130.608 0.000251612
125.178 0.0002605
129.682 0.000251756
130.309 0.000237637
130.126 0.000275292
132.229 0.000234971
123.948 0.00025346
130.06 0.000252708
133.401 0.000180529
128.807 0.000254829
129.22 0.000210338
130.151 0.000274518
128.536 0.000247823
130.783 0.0002496
133.279 0.000223003
129.855 0.000250467
129.983 0.000258419
127.214 0.000244431
127.994 0.000248124
130.474 0.000251157
128.795 0.000247716
129.106 0.000139819
129.821 0.000261334
126.684 0.000227652
129.709 0.000240901
129.208 2.62637e-05
129.747 0.000275624
122.316 0.000231717
127.574 0.000257553
130.868 0.000239561
129.59 0.00027306
123.946 0.000248051
130.79 0.000265437
130.053 0.00026085
130.149 0.000242571
130.672 0.000114735
130.964 0.000241344
129.324 0.000250409
130.527 0.000240405
130.282 0.000237466
129.764 0.000251886
127.866 0.000242098
130.14 0.000253275
127.282 0.000273481
130.275 0.00023993
138.443 0.000235512
127.584 0.000191539
130.662 0.000262023
129.37 0.000244555
130.015 0.000258055
130.289 0.000237879
129.61 0.000239492
129.869 0.000274689
131.329 0.000245468
126.993 0.000253908
129.693 0.000247994
128.916 0.000183313
130.26 0.000238739
131.968 0.000271175
131.489 0.000245719
120.266 0.0002126
126.158 0.00026563
130.412 0.000254917
132.327 0.000249554
129.963 0.000248755
128.44 0.000237894
130.56 0.000233328
130.649 0.000116851
129.852 0.000237176
129.207 7.04224e-05
130.987 0.000263739
129.271 0.000241996
131.614 0.000210432
130.834 0.00020616
125.236 0.000275204
131.6 0.000260643
126.721 0.000251463
130.648 0.000278199
119.408 0.000251416
129.566 0.000251784
129.333 0.000280402
130.66 0.000280633
130.845 0.000239192
128.468 0.000245297
120.914 0.000246671
130.1 0.000248282
128.91 0.000270115
129.817 0.000253177
123.788 0.000265101
129.672 0.000255792
128.036 0.000238239
132.97 0.000235673
123.077 0.000280122
131.458 0.000246967
119.584 0.000243492
131.634 0.000272555
123.232 0.000236831
128.006 0.000250523
129.289 0.000248646
130.741 0.000240851
131.834 0.000269785
129.523 0.000241202
128.19 0.000240517
128.094 0.00024371
127.669 0.00025102
132.891 0.000266345
129.021 0.000240951
131.935 0.000265437
132.809 5.24243e-05
129.88 0.000237489
128.411 0.000256241
128.912 0.000251051
131.098 0.00025762
128.536 5.11048e-05
129.572 0.000256677
127.866 1.17528e-05
130.058 0.000161562
129.842 0.00023947
129.791 0.000248728
130.032 0.000206212
128.905 0.00024072
133.057 0.000208409
130.605 0.000278426
129.053 0.00023458
124.323 0.000243667
129.949 0.000269457
129.649 0.000242152
125.315 0.000262793
132.482 0.000254275
131.588 0.000250478
132.871 0.000184538
128.033 3.79781e-05
129.565 3.69449e-05
128.744 0.0002422
130.357 0.000258068
130.664 0.000288283
127.581 0.000247229
130.147 0.000240491
133.08 0.000250541
128.933 0.000241538
132.28 0.000229002
129.107 0.000256224
129.847 0.000243102
127.464 0.000242928
128.503 0.000253382
132.529 0.000229198
123.827 0.000256075
129.452 0.000261237
133.593 0.000254251
130.564 0.000259245
127.014 0.000263982
121.229 0.000236607
130.263 0.000242058
131.081 0.000246379
129.257 0.000243698
130.032 0.000280327
117.388 0.000257151
130.909 0.000244982
130.558 0.000252557
129.455 0.00024198
129.584 0.000266532
128.313 0.000243997
129.13 0.000244283
127.234 1.17052e-05
124.014 0.000272182
128.883 0.000160762
119.499 0.000266635
129.705 0.000239813
127.929 0.000238118
129.5 0.000223484
123.666 4.54972e-06
128.859 0.0002473
128.572 0.000249486
129.462 0.000243376
127.508 0.000114839
127.364 0.000271104
130.563 0.000239352
129.102 0.000274258
130.156 0.000246278
128.182 0.000269653
125.832 0.000244937
134.05 0.000210601
127.447 0.000242197
129.927 0.000252754
130.723 0.000247053
130.154 0.000190785
130.452 0.000245742
130.02 0.000232409
121.956 0.000250695
127.867 0.00025543
129.829 0.000244528
129.698 0.000239871
128.644 0.00024621
128.503 0.000253257
131.718 0.000243788
126.317 7.23382e-06
129.645 0.0002405
131.657 0.000225532
129.953 0.000268903
127.194 0.000242364
126.634 0.000245053
130.915 0.00026825
130.683 0.000231323
127.803 0.000239373
130.256 0.00011506
128.588 0.000208064
128.515 0.000248423
126.509 0.000242279
125.619 0.000240308
131.551 0.000244201
131.615 0.00022787
129.699 0.000269045
129.067 0.000283821
130.099 0.000279342
129.365 0.000276463
130.906 0.000262445
134.242 0.000257858
131.064 0.000238903
129.344 0.000235064
129.223 0.000246281
130.938 0.000247502
129.24 0.000186917
130.883 0.00018778
128.643 0.000244376
129.944 0.00023752
130.814 0.000273431
126.161 8.54869e-05
130.105 0.000248111
129.46 0.000250395
129.275 0.000253032
129.001 0.000273689
130.905 0.000223957
130.675 0.000274611
129.656 0.000253284
130.113 0.000252609
130.626 2.63615e-05
131.541 0.000278708
127.824 0.000244655
130.024 0.000242365
129.629 0.000275503
131.354 5.1506e-05
134.233 0.00027182
125.682 0.000228464
130.865 0.000251834
131.421 0.000254746
131.295 0.00025496
135.513 5.16647e-05
131.669 0.00024167
129.754 0.000274843
130.093 0.000275321
125.996 0.000254066
128.675 0.00025894
130.635 0.00024467
132.514 0.00027508
129.46 0.0002378
129.966 0.000270055
131.929 0.000272942
128.182 0.00024303
132.214 0.000138819
123.491 0.000249497
129.557 0.000232779
131.789 0.00022442
129.868 0.000268261
132.539 0.000258173
125.957 0.000254616
130.85 9.11026e-05
129.663 0.000238996
131.439 0.000245343
129.566 0.000251117
127.546 0.000252455
121.951 0.000205534
131.21 0.000248319
130.38 0.000245358
130.692 0.000251614
124.98 0.000249206
145.432 7.43588e-06
131.399 0.000275539
128.327 0.000253386
130.641 0.000259974
128.036 0.000248729
129.498 5.16372e-05
131.479 0.000249664
126.807 0.000240811
132.2 0.000258468
123.827 0.00020832
130.986 0.000238685
127.591 0.000243671
127.468 0.000119117
116.279 1.78638e-05
129.911 0.000249894
130.522 0.000252178
128.029 0.000249414
129.224 0.000240497
130.023 0.000242801
130.03 0.000253525
128.357 0.000243161
127.645 0.000240093
123.295 0.000238601
129.13 0.000189002
129.021 0.000275536
130.688 0.000242968
131.029 0.000249386
128.812 0.000254058
130.239 0.000275695
132.714 0.000236054
119.718 0.000189205
126.619 0.000249971
129.098 0.000244293
132.258 0.00024003
130.925 0.000265838
121.691 0.000238395
128.274 0.000139102
127.059 0.000277795
130.023 0.000242973
131.979 0.000241223
133.275 0.000207059
133.641 0.000251326
128.444 7.32577e-05
128.066 0.00025537
128.249 0.000287087
126.468 0.000231278
133.444 0.000246739
131.231 4.34529e-06
130.074 0.000270286
131.212 0.000242729
131.169 0.000241696
132.707 0.000272912
125.77 0.000240885
129.486 2.49925e-05
130.902 0.00027383
130.207 5.12768e-05
132.036 0.000158082
130.913 0.000275624
126.968 3.78942e-05
130.181 0.000288677
125.041 0.000251636
127.66 0.000254189
129.865 0.000238522
131.726 0.000257012
128.901 0.000265518
130.518 0.000243571
130.253 0.000280287
130.156 0.000251926
129.295 0.000247574
130.07 0.000263179
131.923 0.000244604
122.324 0.0002539
129.34 0.000238798
128.767 0.000242088
128.404 0.000216415
129.651 0.000224803
130.191 0.000246318
133.703 0.00024952
129.831 0.000273215
129.68 1.15933e-05
128.688 0.000256544
127.178 0.000249399
137.309 0.00024087
130.766 0.00024807
132.378 0.00020864
130.553 0.000237511
126.431 0.000274688
125.887 0.000224162
129.469 0.000269121
132.474 0.000256576
128.752 0.000249711
129.816 3.58311e-07
130.23 0.000255273
128.463 0.000238495
130.211 0.000261163
131.14 0.000240776
129.598 0.000251607
127.431 0.000262258
130.926 0.000239546
128.916 0.000232939
130.995 0.000247602
128.393 0.000248842
129.962 0.000276369
129.907 0.00024363
129.623 0.000141591
129.857 0.000142553
128.838 0.000279087
128.398 0.000245506
129.577 0.000283032
130.36 0.000243317
130.303 0.000245139
130.524 0.000233741
131.119 7.25639e-05
128.54 0.000242113
130.048 0.000263367
129.597 0.000240426
130.457 0.000250712
128.417 0.00027482
130.449 0.000250554
123.856 0.000249969
128.987 0.000239441
125.095 0.000265393
131.996 0.000242197
131.427 0.000243755
129.657 0.000251556
131.888 0.000268809
129.651 0.000241002
129.526 0.000207236
128.462 0.00025182
131.136 0.000232825
128.123 0.000257482
128.264 0.000242318
129.461 0.00023916
129.808 0.000248366
127.489 0.000250234
127.01 0.000245597
127.734 0.000247538
130.142 9.24841e-05
127.475 2.87703e-06
127.507 0.000163156
132.498 0.000229907
130.343 0.000247812
130.153 0.00025286
131.626 0.00027633
126.23 0.000273973
131.205 0.000233786
120.733 0.000274185
130.556 0.000241691
129.48 0.000248743
130.789 0.000254726
129.184 0.000271567
129.34 0.000251032
128.918 0.000237568
132.684 0.000242901
128.684 0.000246511
121.577 0.000215243
125.488 0.00024273
127.874 0.000233015
133.799 0.000246852
128.933 0.000243091
126.158 0.000242946
129.654 0.00024322
131.745 0.00024602
130.925 0.000237953
128.313 0.000279084
130.044 0.000274227
129.375 0.000241432
128.241 0.000244146
130.394 0.000116004
127.601 0.000132185
130.096 2.25482e-07
128.368 0.000252382
128.861 0.000241881
127.108 0.000268558
128.45 0.000259326
130.582 0.000249699
131.68 0.000239276
130.601 0.00024906
129.635 0.00025973
128.936 0.000191316
127.042 0.000242508
129.716 0.000275781
130.474 0.000246498
127.338 0.000261802
130.387 0.000254702
130.603 0.000245196
133.41 0.000271443
128.697 0.000182522
130.41 0.000274351
128.572 0.000274727
128.385 0.000231703
131.585 0.000245978
129.52 0.000245904
128.53 0.000250865
130.689 0.000250806
128.894 0.000247681
129.715 0.000241365
129.991 3.77194e-05
129.685 0.000248696
127.43 0.000248038
130.73 0.000230816
129.239 0.000249076
129.401 0.000225146
129.588 0.000247719
130.815 0.000115732
131.174 0.000239037
136.798 0.000270417
129.536 0.000240861
128.473 0.000248187
137.422 0.00023349
131.393 0.00027641
129.261 0.00023694
127.55 0.000244066
126.957 0.000241568
128.678 0.000260166
130.688 0.000239692
129.337 0.000279135
129.709 0.000276898
130.552 0.000274441
130.705 0.000240477
129.583 0.000278619
116.099 0.000240176
133.148 0.000268114
131.134 0.000240517
130.387 0.000237217
130.497 0.000140473
130.676 0.000239026
132.448 0.000236846
129.919 0.000245362
120.526 0.00018766
129.433 1.83521e-05
129.722 0.000246232
128.66 0.000251413
126.817 0.000175197
130.273 0.000266016
129.252 0.000239657
128.459 0.000237829
130.699 0.000241368
130.318 0.000246446
127.88 0.000212274
131.382 0.000242219
130.201 0.000270157
131.532 0.000251042
129.482 0.000241993
127.961 7.32028e-06
129.883 0.000246405
128.891 0.000270087
126.827 0.000280784
130.688 0.000245238
131.63 0.000255177
130.531 0.000243336
129.048 0.000247103
128.639 0.000268697
131.966 0.00024409
130.335 0.000247552
127.779 0.000274703
129.833 0.000258246
130.208 0.000265134
130.123 0.000253356
128.32 0.000242829
125.792 0.000235561
129.599 0.000244412
130.042 0.00026498
130.014 0.000250009
133.052 0.0002359
132.057 0.000255168
128.952 0.000228221
131.717 0.000237737
130.489 0.000251009
132.855 0.000279027
124.863 0.000252091
129.913 2.88087e-06
129.335 0.000242993
127.601 0.000255495
128.196 0.000229512
120.822 0.000251017
129.178 0.000271665
128.742 0.000250893
129.767 0.00025878
128.77 0.000274097
130.213 0.000248238
134.252 0.000251106
131.646 0.000237981
130.609 0.000246495
130.836 0.000263859
129.205 0.000237855
129.166 0.000258572
130.914 0.000237583
130.523 0.000229145
128.406 0.000223607
131.747 0.000246675
126.714 0.000254167
128.841 0.000281432
129.912 0.000244432
131.737 0.000189165
127.234 0.000273663
131.918 7.0245e-05
131.543 0.000236564
125.078 4.58771e-06
129.137 0.00023545
133.258 0.000226368
131.516 0.000194199
129.333 0.000242079
131.063 0.0002548
129.273 0.000233452
130.199 0.000270867
130.502 0.000239064
132.851 0.000240949
130.095 7.23298e-06
129.193 0.000278306
123.954 0.000255696
130.359 0.000241413
116.086 0.000238564
129.689 0.000249707
130.409 0.000250955
132.515 0.000269379
129.843 0.000265353
131.29 0.000264041
129.615 0.000245667
132.045 0.000239845
129.318 0.000116008
131.146 0.000252756
133.824 0.000262279
128.16 0.000244863
130.108 0.000276705
116.728 0.000237661
123.781 0.000255017
129.093 0.000238989
129.476 0.00025096
126.763 0.000243038
127.593 0.000246874
119.233 0.000247468
128.082 0.000234773
129.55 0.000238757
125.278 0.000263505
127.211 0.000273501
129.241 0.00023051
131.858 0.000222981
130.804 0.000251514
127.965 0.000242494
132.166 0.00025792
132.145 0.00027194
127.46 0.000258424
130.298 0.000231765
130.407 0.000249765
133.103 0.000265659
127.211 0.000266591
131.437 0.000187979
133.516 0.000226063
131.094 0.000286338
132.004 0.000231533
131.822 0.000235985
129.169 0.000117223
126.766 0.000233823
128.642 1.606e-06
127.97 0.000250752
128.803 3.69409e-05
131.102 0.000241969
128.816 0.000246733
127.873 0.00024009
129.33 0.000165078
130.753 0.000244528
127.446 0.000279784
129.797 0.000247651
126.203 0.000237573
130.652 0.000253147
129.977 0.000244525
127.263 0.000246346
129.783 0.000248076
128.435 0.000240589
128.326 0.000163157
129.182 0.000271778
126.432 0.000243405
130.315 0.000240738
118.841 0.000208107
133.47 0.000245211
128.697 0.000274243
131.24 0.00023032
130.207 0.000245528
127.054 9.4896e-05
127.726 0.000252279
126.667 0.00024432
129.411 0.000242462
130.282 0.000278101
129.988 0.000242276
128.826 0.000252837
132.622 0.000160035
130.261 0.000242734
128.698 0.000242253
130.652 0.000116366
131.422 0.000276719
130.738 0.00027584
127.972 0.000265618
119.41 0.000267161
128.77 0.000256681
130.966 0.000237826
126.244 0.000264326
129.764 0.000271731
129.822 0.00023034
131.288 0.000292461
130.203 0.000236056
130.896 0.000249509
129.292 0.000241443
132.538 0.000251633
119.113 0.000242477
128 0.000278669
129.906 0.000241854
128.202 0.000256915
130.211 0.000249029
118.15 0.000256934
130.507 0.000272026
130.388 0.000251626
129.962 0.000113541
129.526 0.000221906
129.392 0.000223143
133.14 0.000257198
126.629 0.000238348
130.343 0.000244409
128.779 0.000235891
130.159 0.000250787
123.145 0.000245657
130.975 0.000253545
128.329 0.000269433
133.697 0.00018752
117.405 0.000236991
130.39 0.000266098
129.683 0.000211335
125.889 3.66723e-05
125.711 0.000238771
131.174 0.0002434
129.644 0.000235424
123.388 0.000257857
129.463 0.000270873
130.066 0.000261855
130.481 0.000237888
126.035 0.000241334
129.981 0.000247344
127.505 0.000237846
129.591 0.000237471
132.909 0.000237791
131.117 0.000251156
129.623 0.000255581
130.728 6.99825e-05
116.995 0.000245791
131.687 0.000247018
131.814 0.000116857
127.839 0.000276163
126.294 0.000279985
127.097 1.52922e-06
130.836 0.00025168
130.404 0.000238362
129.605 0.000228386
130.068 0.000275922
120.64 0.000269012
129.204 0.000251338
130.231 0.000279507
128.774 5.21747e-05
129.908 0.000263135
129.246 0.000250823
128.792 0.000246639
128.447 0.000278538
126.61 0.000247756
129.056 0.000142255
131.727 0.000252934
126.021 0.000250722
129.088 0.000239887
133.05 3.79043e-05
131.066 0.000271894
130.87 0.000254775
129.191 0.000247108
129.673 0.000273625
127.658 0.000225017
126.906 0.000244724
130.137 0.000252728
130.165 0.000247033
127.71 0.000258752
129.993 0.000269726
125.188 0.000238289
129.555 0.000242176
130.304 0.000252918
130.123 0.000242135
129.306 0.00027013
132.91 0.000238946
117.111 0.000261533
132.927 0.000169273
131.115 0.000238497
130.127 0.000252817
128.517 0.000138625
129.276 0.000276326
127.615 0.000236989
133.598 0.000235968
130.724 0.000262172
135.065 0.000242266
129.66 0.00027172
129.897 0.000253146
129.426 0.000247069
127.624 0.000222716
127.246 0.000239769
127.494 0.00024519
126.22 6.80117e-06
127.796 0.00024046
129.112 0.000268202
127.849 0.000237338
126.272 0.000274741
129.818 0.000187303
126.33 0.000229803
128.739 0.000250648
131.376 0.000240765
126.966 0.000250889
117.597 0.000259693
130.91 0.000252477
129.532 0.000272269
125.013 0.000271654
128.761 0.000274455
130.549 0.000247872
133.941 2.66759e-06
128.214 0.000221767
129.606 0.000238748
128.798 0.000244735
131.01 0.000236279
127.287 0.000273428
130.394 0.000241729
130.193 0.000272644
130.644 0.000242957
130.575 0.000275541
128.651 0.000237432
128.4 0.000253835
130.449 0.000249146
128.745 0.000231608
129.476 0.000240727
128.531 0.000241143
129.061 0.000253036
128.543 0.000241972
129.296 0.000237623
128.625 0.00027226
130.195 0.000252619
130.52 0.000262292
127.927 0.000223854
130.404 0.000223445
128.589 0.000240148
130.17 0.000262924
131.95 0.000247838
133.963 0.000187942
129.281 0.000268924
127.752 0.000242027
134.834 0.000262911
131.51 0.000276653
117.94 0.000259399
131.263 0.000237186
129.875 0.000252897
131.554 0.000239114
126.55 0.000244789
125.721 0.000207795
128.745 0.000270115
128.208 0.000234006
133.274 9.26116e-05
132.27 2.25207e-07
129.056 0.000261191
128.764 0.000248637
130.554 0.000233888
130.258 0.000243064
130.208 0.000242116
128.972 0.000241665
131.828 0.000259024
131.3 0.000253274
128.234 0.000245189
129.901 0.000277106
130.607 0.00023059
127.068 0.000248263
130.964 0.00027368
131.875 0.000243045
129.919 0.000240668
128.884 0.000278314
129.698 2.60687e-05
130.344 0.000269738
130.415 0.000250256
127.212 0.000241422
126.631 0.000232798
129.543 0.000273325
128.151 0.000251301
129.587 0.000239549
128.835 0.000256555
130.701 0.000235057
126.45 0.000240506
126.65 0.000242746
128.268 0.000224896
132.072 0.000224033
131.317 0.000272359
127.967 0.000251697
127.848 0.000245917
132.189 0.000241165
128.067 0.000238839
130.313 0.000250056
130.333 0.000236663
129.799 0.000271964
130.779 0.000239166
131.077 0.000269627
130.611 0.000118474
127.794 0.000261896
129.816 1.76228e-05
130.52 0.000182125
131.04 0.000246636
129.573 0.000271839
129.824 0.00026675
132.299 0.000237487
131.315 0.00024344
127.925 0.000224099
125.42 0.00014496
129.12 0.000239612
118.82 0.00024955
128.862 0.000222315
128.297 0.000249609
129.662 0.00024167
127.539 0.000247396
131.56 0.000246656
130.29 0.000252096
127.846 0.000248131
117.825 0.000254383
128.028 0.000239696
128.728 0.00027288
123.297 0.000245153
122.188 0.000245565
124.739 0.000241056
129.228 0.000260761
131.378 0.00024592
130.814 0.000268977
127.833 0.000243171
130.112 0.000259409
129.676 0.000259669
129.744 0.000233135
131.066 0.000228305
132.992 0.00025719
131.356 0.000248177
129.944 0.000253513
130.085 0.00024853
131.187 0.00024441
128.326 0.000237034
129.76 0.000209722
121.627 0.000269044
129.818 0.000250668
126.263 1.78096e-05
130.573 0.000243416
130.346 0.000239249
126.337 0.000239265
128.388 0.00026827
129.821 0.000248471
124.885 0.000228969
132.142 0.000138017
129.566 0.000172127
128.625 0.000246692
128.412 0.000239161
130.995 0.000280725
129.549 0.000241565
129.025 0.000246736
129.188 0.000240112
129.801 0.000247618
131.995 2.59922e-05
128.644 0.00024695
130.806 0.000248591
128.607 0.000224802
127.588 0.00022332
130.045 0.000238097
128.498 0.000195334
130.769 0.000262138
130.486 0.000232961
128.259 0.000264455
129.755 0.000230197
127.703 0.000163386
130.64 0.000244589
129.974 0.000208439
127.826 0.000247401
130.011 0.000246665
131.363 0.000258147
130.776 0.000262449
129.816 0.000227723
130.285 0.000258837
128.265 7.09588e-05
127.063 0.000251291
128.516 0.000262012
128.563 0.000247444
131.412 0.000252774
131.545 1.76044e-05
130.409 0.00016327
129.25 0.00024821
130.435 0.000247832
129.836 0.000251377
129.439 0.000241328
126.418 0.000274736
129.011 0.000237059
129.57 0.000258172
129.603 0.000240571
127.191 3.73744e-05
129.643 0.00024747
132.821 0.000239783
127.391 0.000256425
128.794 0.000272712
129.403 0.000243664
129.207 0.000270435
130.568 1.14671e-05
129.817 0.000208325
131.179 0.000182338
130.91 0.000240433
128.087 1.77342e-05
129.677 0.000267882
129.834 0.000253456
131.234 0.000246179
130.534 0.000115455
129.346 0.000251327
122.228 0.000217807
129.365 0.000261448
131.165 0.000279746
131.496 0.000221946
127.724 0.00022783
128.511 0.00020644
129.741 0.000276364
127.96 0.000251982
128.382 0.000240601
128.91 0.000270603
130.462 0.000235015
128.214 0.000255932
130.956 0.000249964
130.352 0.00025954
127.568 0.000229461
130.875 0.000239129
131.587 0.00024807
127.32 0.000164933
131.348 0.000271548
132.444 0.000252106
123.737 0.000249133
130.19 0.000254317
127.694 0.000278125
129.336 6.7569e-06
131.08 0.000240539
129.14 0.000246409
129.515 0.000249047
129.765 0.000245961
129.491 0.000240058
129.572 0.000262052
127.728 0.000251119
133.202 1.73282e-05
130.175 5.19739e-05
128.006 0.000248581
129.967 0.000245235
129.545 0.000241591
130.671 1.78298e-05
131.339 0.000188226
128.045 0.000212691
129.742 0.000163469
128.389 0.000235227
129.381 0.000246576
123.217 0.000243135
132.613 0.000242273
129.139 0.00019488
118.933 0.000238998
130.729 0.000219693
128.447 0.000242038
129.541 0.000237789
131.028 0.000242868
129.607 3.72033e-05
130.992 0.000224846
122.942 0.0002292
130.254 0.000270747
131.299 0.00025474
128.611 4.95207e-05
131.233 0.00010927
130.915 0.000277361
127.332 0.000243322
128.597 0.000271088
130.518 2.64708e-05
128.843 0.000258992
128.363 7.14812e-05
137.317 1.76473e-05
130.993 0.000116915
123.053 0.000274313
129.32 0.000251847
132.264 0.000276625
123.279 0.000244779
131.436 0.000242179
126.936 0.000234416
129.91 0.000251489
122.514 2.26186e-07
130.869 0.000274279
126.246 0.000259626
129.768 0.000275354
127.097 0.000243197
130.204 0.000246779
123.296 0.000251191
130.676 0.000263891
129.25 0.000248932
129.44 0.000273005
132.33 0.00024328
127.386 1.77961e-05
130.01 8.92429e-05
133.354 0.000221899
131.509 0.000234278
129.906 0.000274452
132.447 0.00025162
129.824 0.000223458
128.341 0.000232424
129.746 0.00024126
126.353 0.000277621
131.344 0.000239421
129.147 0.000263182
128.911 0.000273848
129.86 0.000230196
130.556 0.000266715
125.337 0.00025416
132.999 0.000264099
130.834 0.000237718
130.169 0.000235737
133.127 0.00022706
129.093 0.000256819
130.434 0.00024428
129.04 0.000251419
131.409 0.000249786
122.453 0.00023744
129.313 0.000261996
132.602 0.000237083
127.871 0.000244756
131.161 0.000241916
129.746 0.000251878
131.484 0.000274238
126.331 0.000251299
129.831 0.000239352
130.134 1.16198e-05
128.913 0.000276739
129.878 0.000242144
130.336 0.000243198
130.031 0.000251381
128.844 0.000240945
129.243 0.00027946
128.787 0.000250162
129.324 0.000235568
127.267 0.000260431
131.848 0.000274484
128.717 0.000239355
130.625 0.000273684
130.402 0.000247902
130.723 0.000254572
133.008 0.000278281
129.71 0.000260417
129.774 1.76117e-05
131.207 0.00026047
128.448 0.000278516
130.465 0.00024482
130.662 1.55477e-07
129.777 0.000250911
132.05 0.000239171
132.106 0.000219911
130.111 0.000193358
130.182 0.00024458
129.48 0.000243085
131.425 0.000251437
128.681 0.000242755
128.767 0.000208497
127.14 0.000252628
131.314 0.000239171
126.709 0.000244041
132.383 0.00027102
128.266 0.000240192
129.18 0.000244944
131.142 0.000252954
130.745 0.000249492
129.877 0.000264937
130.156 0.000272663
130.652 0.0002753
133.005 0.000265479
126.725 0.000257567
128.849 0.000251083
132.024 0.000246854
130.174 0.000230352
127.666 0.000247559
129.62 0.000286159
128.137 0.000245754
126.852 0.000238978
133.976 0.000255263
128.279 0.000204936
130.617 0.000242827
127.504 0.000240447
122.392 0.00023756
131.717 0.000261593
127.883 0.000275771
127.705 0.000256803
131.666 8.99714e-05
126.406 0.000249353
128.059 0.000236198
129.3 0.000245905
128.195 0.000140952
126.327 0.00024102
130.592 0.00024893
130.368 0.000246873
130.591 0.000251781
131.29 1.76498e-05
129.415 0.000259146
131.44 0.000254429
117.687 0.000240763
130.591 0.000279833
127.7 0.000245049
127.643 0.000238729
130.977 0.000252294
128.094 0.000251169
131.713 0.000240033
129.219 0.000234649
128.782 0.000246361
128.027 6.00251e-07
129.794 0.000282698
129.768 0.000239388
127.618 0.000243697
130.18 0.000207456
126.097 0.00024665
124.268 0.000247365
129.646 0.000238155
129.173 0.000242577
128.052 0.000240609
129.198 0.000246071
129.883 0.00027854
129.658 0.000249353
129.282 0.000249043
127.356 0.000262833
128.14 0.000236785
126.786 0.00024407
131.609 0.000254608
130.474 0.000251158
130.01 0.000244738
126.307 0.000266054
126.806 0.000252817
119.655 0.000233265
128.481 0.000240666
125.96 9.04926e-05
124.915 0.000217151
128.632 0.000242616
131.585 0.000250232
130.099 0.000273662
130.802 0.000189441
122.519 0.000260783
131.447 0.000248944
131.642 0.000249533
131.473 0.000239903
132.548 0.000284229
128.47 0.000251776
128.415 0.000250849
131.158 0.000276991
129.739 0.000272615
128.514 0.0002457
128 0.000240095
129.521 0.000243398
130.503 0.000249562
126.801 0.000262702
131.924 0.00025017
129.623 0.000242333
127.998 0.000269273
130.082 0.000241345
131.187 0.000234384
128.358 7.16877e-05
129.246 0.000243361
129.81 0.000242891
126.856 0.000139247
130.247 0.000226731
129.262 0.000237505
129.958 0.000247235
129.781 0.000244866
130.937 1.69858e-06
134.219 0.000240129
125.209 0.000260313
129.793 0.000245491
129.433 0.000240182
130.018 0.000262478
130.137 0.00025848
130.934 0.000253591
130.61 0.000246113
132.14 0.000249271
127.49 0.00025457
130.742 0.000262855
130.579 0.000254384
125.493 0.000259936
131.885 0.000259585
129.13 0.000232687
128.057 0.000271281
128.387 0.000253967
131.948 0.00023924
126.96 0.000227666
129.797 0.000254787
130.333 0.000237924
121.793 0.000246303
131.09 0.000256911
131.996 0.000232241
127.256 0.000242674
129.646 0.00023953
130.286 0.000287112
126.756 0.000264842
130.581 0.000273284
127.092 0.000250138
130.47 0.000276697
131.236 0.000245743
129.841 0.000234184
130.51 2.61332e-05
131.12 0.000274272
130.872 0.000225033
128.266 0.000234172
129.209 5.22532e-05
126.063 0.00023586
132.47 0.000270048
133.33 0.000229573
128.031 0.000243129
118.103 0.000273661
128.572 0.000262532
128.329 0.000235142
133.638 0.000256515
132.298 0.00023886
131.331 0.000242629
128.968 0.000251319
134.922 0.000244488
128.844 0.000252181
127.657 0.000238523
130.856 0.000249451
131.77 0.000221195
130.465 0.000239014
130.263 0.000249406
126.164 0.000244573
129.464 0.000241574
130.897 0.000256408
131.658 0.000237012
135.878 3.72528e-05
131.578 0.000241828
130.557 0.000248396
129.397 0.000269151
129.883 0.000263122
128.088 0.000275122
131.428 0.000275816
131.029 0.000236634
131.564 0.000242883
129.3 0.000221151
130.614 0.000243523
132.857 0.000253586
128.978 0.000244654
130.667 0.000272223
130.019 0.000253934
128.279 0.000241847
129.234 0.000224954
129.379 0.00025202
127.463 0.00024706
117.524 0.000266386
117.987 0.000243872
128.547 0.000236637
125.401 0.000244612
130.953 0.000274038
119.598 0.000245592
131.209 0.000248541
127.849 9.3961e-05
129.459 0.000241735
130.914 0.000237055
130.531 0.000237648
132.641 0.000245697
130.323 0.000225863
128.94 0.000253182
131.208 0.000270777
127.739 0.000239587
130.841 0.000272252
130.728 0.00023619
123.24 0.000244944
131.627 0.000242938
133.157 0.000286823
127.684 0.000279147
128.392 0.000237377
121.081 0.000274733
119.775 0.000237244
124.296 0.000248272
130.744 0.000258146
132.651 0.000249462
132.102 0.000234512
128.022 0.000241558
129.011 0.000273153
129.91 0.000280956
129.873 0.000258535
131.198 0.000254011
132.267 0.000244432
123.072 0.000244824
134.248 0.000270444
129.035 0.000241647
131.177 0.000250605
129.646 0.000163934
127.651 0.000249706
128.771 0.000246689
133.663 0.000209837
127.292 0.000241818
120.817 0.00025079
127.31 0.000286223
130.041 0.000227443
129.08 0.000242179
128.984 2.78513e-06
131.76 0.000241491
129.59 0.000266044
129.901 0.00024284
130.336 0.000227202
128.05 0.000282299
132.424 0.000145525
130.19 0.000262526
131.149 3.71176e-05
130.249 0.000242759
130.566 7.41081e-05
128.8 0.000236728
129.707 0.000278825
127.864 0.000287756
131.063 0.000275692
129.207 0.000238869
127.79 0.000241263
128.068 0.000251793
129.053 0.000275296
132.262 0.000140713
128.76 6.61675e-05
133.23 0.000243151
131.99 0.000163673
129.205 0.000247929
129.111 0.00025283
127.976 0.000231766
131.099 0.000277012
130.108 0.000236816
128.572 0.000248876
129.974 0.000273448
127.622 0.000272361
130.194 0.000250936
128.307 0.00024421
130.03 0.00024099
130.23 0.000224686
128.584 0.000245789
131.023 0.000238887
129.606 9.19403e-05
127.917 0.000260715
130.659 0.000248684
128.463 0.000248031
122.468 0.000243178
129.753 0.000249643
127.628 0.000260326
128.663 0.000165594
128.525 0.000243165
130.285 0.000257363
128.98 0.000229286
128.617 0.000281295
129.658 0.000271385
128.649 0.000264672
130.111 0.000242538
129.466 0.00027509
130.232 0.000261592
127.966 0.000249111
122.881 0.000241727
128.734 0.000240475
127.605 0.00024561
128.304 0.00027252
128.919 0.000255307
129.392 0.000206078
128.894 0.000242963
130.312 0.000273674
130.962 0.000239775
128.707 0.00022404
129.806 0.000260457
128.584 0.000284254
128.084 0.000280961
130.587 0.000241644
131.047 0.000246245
127.46 0.00025305
128.255 0.000235695
130.222 1.70279e-06
130.943 0.000273845
126.783 0.000242724
128.771 0.000237771
132.272 0.000245692
129.304 7.0853e-05
130.085 0.000240605
127.48 0.000250952
128.441 0.000269165
131.923 0.000244713
127.798 0.000243835
129.347 0.000247749
127.723 0.000277942
128.073 0.000245235
127.883 0.000252832
127.568 7.16049e-05
128.301 0.000240751
132.994 0.00024176
128.795 0.000244201
130.203 0.000252039
129.919 0.000245879
127.274 0.000260627
125.233 0.000185704
130.576 0.000274821
127.657 0.000245617
138.143 0.000213508
122.701 0.000266404
129.156 0.00024087
130.333 0.000283703
134.966 0.000251367
127.823 0.000267952
131.193 0.000240926
127.098 0.000253351
129.254 0.000253269
131.186 0.000187008
131.999 0.000247881
135.768 0.000246486
126.981 0.000249885
129.561 0.000252957
128.563 0.000276078
129.184 0.000236713
128.402 0.000262544
129.459 0.000239172
130.523 0.00015537
127.621 0.000250725
129.299 0.000275322
128.448 0.000241681
127.964 0.000225312
132.041 0.000232246
127.64 0.00027052
130.083 0.000264718
128.833 0.00025707
131.189 0.000241697
130.378 0.000238825
128.785 0.000282764
127.229 0.000239186
122.895 0.000246796
131.432 0.000281934
127.048 0.000252649
130.619 0.000112256
129.721 0.000245468
131.161 0.000252376
126.894 1.16971e-05
132.681 0.000240651
130.443 0.000249254
131.063 7.36338e-06
125.778 0.000257518
129.602 0.000241669
130.585 0.000242208
130.004 0.000235234
131.115 0.000269649
128.254 0.000110743
128.903 0.000240406
127.403 0.000266225
131.007 0.000242509
130.929 0.000241091
129.975 0.000247646
130.5 0.000240669
133.435 0.000242579
129.803 0.000266874
131.192 0.000266633
128.006 0.000257213
131.029 0.000280007
131.199 0.000251551
127.245 0.000247363
124.512 5.3557e-05
128.403 0.00024252
124.247 0.00011172
130.115 0.000246072
131.633 0.000239356
123.205 0.000249866
129.792 0.000248263
130.064 0.000237291
128.871 0.000241173
129.531 0.000240009
128.797 0.000247785
127.152 0.000233576
132.28 0.000259697
130.915 1.7642e-05
129.251 0.000272638
129.731 0.000244582
129.429 3.86109e-05
131.839 0.00023933
123.73 0.000112679
129.146 0.000249587
128.759 0.000238905
129.677 0.000271693
128.002 0.000228271
127.43 0.000224347
131.084 0.000248825
128.96 0.00024831
115.264 0.000255352
117.694 0.00023988
129.744 0.000255332
126.809 0.000254904
128.786 0.000236023
129.001 0.00024032
132.711 0.000252914
128.987 0.000242218
130.586 0.000138304
130.191 0.000226802
136.615 0.000256686
131.113 0.000245579
128.701 0.000270269
129.42 0.000246817
129.054 0.000242368
132.134 0.000250567
128.927 0.000246112
128.625 0.000166151
126.378 0.000275173
129.569 2.50066e-05
128.359 0.000131524
131.514 0.000249632
118.108 0.000228548
129.681 0.000246041
129.987 0.000118596
127.877 0.000249292
130.187 0.0002355
128.247 0.00025679
128.933 1.1589e-05
131.108 0.000242755
129.983 0.000253045
130.502 1.76035e-05
127.526 0.000263846
128.269 0.000274042
130.957 0.000252926
129.926 0.00024431
130.637 0.000242441
130.186 0.000260366
124.63 0.000262563
128.679 0.000275634
130.372 0.000228218
128.637 0.000235882
130.126 0.000251973
131.033 0.000258504
127.574 0.00024855
129.99 0.000270992
128.32 0.000243847
131.241 0.000270483
127.309 0.0002426
130.331 0.000277887
131.648 0.000235226
130.609 0.000205449
134.305 7.32525e-05
130.806 0.000244056
129.278 0.000240803
128.522 0.000252575
129.03 0.000241817
130.673 0.000288172
123.119 0.000275006
129.444 0.000254989
127.793 0.000235901
129.049 0.000239469
130.312 0.00023871
124.054 0.00024845
128.14 0.000220516
130.098 0.000279335
132.255 0.000259756
131.76 0.000281277
129.089 0.000209166
128.816 0.000161223
129.011 0.000263768
128.567 0.000240148
126.504 0.000241808
129.025 0.000257594
129.044 0.0002466
129.731 0.000274721
123.928 0.000262791
127.16 0.000274699
130.949 0.000274225
130.221 0.000251054
123.914 0.000265969
129.104 0.000249651
130.471 0.000257474
132.148 0.000249345
129.207 0.000274472
130.63 0.000272953
130.654 0.000248714
128.773 0.000233544
129.743 0.000260714
129.01 0.00026077
130.509 0.000247394
116.512 0.000229199
127.082 0.000251026
132.929 0.000247277
123.495 0.000273656
129.524 0.000236863
125.528 0.000232613
129.514 0.000245294
129.437 0.000244856
129.761 0.00025084
131.6 0.000254871
129.371 0.000223151
132.068 0.000117981
128.335 0.000237663
127.961 0.000243062
115.527 0.000145834
131.851 0.000233892
129.433 0.000253393
129.323 1.18009e-05
123.735 0.000243031
129.891 1.76488e-05
127.864 0.000235444
131.414 0.000251248
129.462 0.000257823
130.945 0.000239222
128.067 0.000263017
132.252 0.000236756
117.734 0.000257568
128.823 0.000254315
128.844 0.00025116
131.476 0.000240669
129.913 0.000236177
130.479 0.000247711
127.824 0.000259726
129.413 1.78155e-05
130.405 1.02348e-06
131.428 0.000250353
128.304 0.000225714
125.69 0.000218433
127.767 0.000257126
127.86 0.000246409
128.821 0.000253349
132.273 0.00024006
130.308 0.0002491
131.484 0.00027327
130.842 0.000241858
128.242 3.75567e-05
130.776 0.00023299
125.109 0.000249959
116.936 3.76282e-05
132.546 0.000231167
127.568 0.000268552
122.018 0.00026171
129.169 0.000248976
129.164 0.000288555
128.842 1.0207e-06
128.825 0.000240545
131.224 0.00024268
129.454 0.000238451
130.714 0.000260473
130.298 0.000247324
128.109 0.000245728
133.13 0.00018862
122.61 0.000235814
129.768 0.000273517
131.499 0.000257462
129.055 0.000239114
130.928 0.000274307
130.09 3.81505e-05
130.884 0.000238296
130.432 0.000165221
133.063 0.000242463
128.046 0.000264631
133.754 0.000246641
128.241 0.000246284
127.918 0.000249131
129.494 0.000244652
130.158 0.000244258
130.375 0.000246715
130.556 0.000238219
127.434 0.000236721
124.628 0.000220336
131.289 0.000279306
133.098 0.000120036
128.757 1.17732e-05
128.529 0.000206541
130.698 0.000236969
128.324 0.000258509
128.974 0.000238795
130.709 0.000273495
126.415 0.000249419
128.766 0.000236865
128.897 0.000246243
126.727 0.000240349
129.943 0.00026688
131.277 0.000250236
129.711 0.000240656
127.733 1.17137e-05
129.337 0.00024641
129.864 0.000246186
128.633 0.000238488
131.119 0.00024033
127.896 0.000242057
130.061 0.000240786
129.858 0.000278994
130.205 0.000251229
129.714 0.000253536
129.127 0.00024967
129.095 0.000239112
128.512 7.44355e-05
130.417 0.000266607
128.94 0.000196138
127.021 0.000247294
128.833 0.000273389
130.252 0.000249259
124.329 0.000235742
121.76 9.39658e-05
128.601 0.000275559
129.621 0.000242422
121.857 0.00023639
130.486 0.000242606
131.138 0.000242973
119.481 0.000288897
128.894 5.24266e-05
129.63 0.000234444
128.511 0.000158081
129.45 0.00024545
130.818 0.000273159
126.168 0.00027222
130.068 0.000237439
129.55 0.00023885
125.466 0.000255113
130.173 0.000238881
131.039 0.000254667
129.309 0.000268679
130.022 0.000240098
129.459 0.000138753
130.685 0.00023846
130.149 0.000261987
130.525 0.000256613
128.615 0.000228245
130.256 0.00025595
128.678 0.000248332
130.981 0.00026266
128.466 0.000244392
127.545 0.000265633
125.58 0.000261409
128.713 0.000249883
124.788 0.000139613
129.871 0.00025649
129.487 0.000241692
131.15 0.000267167
125.719 0.000237113
130.61 0.000224142
126.073 0.000259985
128.032 0.000215934
128.782 0.000237618
127.893 0.000247201
129.541 0.000241079
130.712 0.000239289
128.197 0.000246895
129.462 0.000228149
131.137 6.85572e-05
128.235 0.000273037
126.839 0.000266886
131.592 0.000277908
133.846 0.000264136
131.068 0.000242432
131.123 0.000234362
127.181 0.000273641
129.006 0.000240303
130.847 0.000273221
129.159 7.05678e-05
128.611 0.000255837
128.485 0.000248876
131.93 0.000242652
130.95 0.000240646
130.343 0.000277205
131.878 0.00024107
130.407 0.00024821
126.087 2.44109e-05
131.222 0.000280618
127.161 0.000269874
133.218 0.000253496
130.241 0.00024955
129.74 0.000114466
130.084 0.000221573
134.022 0.000276231
127.643 0.000237637
129.864 0.000243946
125.162 0.000234898
130.735 0.000252108
126.156 1.65886e-05
129.33 0.000223342
130.117 0.000252294
128.666 0.000272199
132.432 0.000239245
130.414 0.000240213
130.009 0.000246062
123.828 0.00023216
128.975 4.73594e-06
130.233 0.000240779
129.329 0.000239728
126.846 0.00023318
133.527 0.00024223
122.212 0.000284629
128.392 0.000214769
131.303 0.000275224
129.863 0.00022144
129.12 0.000265219
125.679 0.000257656
131.364 0.000248965
131.406 0.000241356
131.371 0.000269714
132.66 0.000248748
130.745 0.00024219
134.141 0.000275706
131.492 0.000278495
126.943 0.000256182
130.307 0.000270092
123.649 0.000241175
129.202 4.46014e-06
131.078 0.000249613
129.342 0.000188693
129.488 0.000272267
130.756 0.000235566
132.164 0.00026231
130.385 0.000235469
127.892 0.000275145
127.143 0.000274431
126.943 0.000239211
129.056 0.000239983
129.009 0.000269197
125.251 0.000247987
129.79 0.000238879
128.301 0.000253126
125.808 0.000247451
122.54 0.000243391
124.18 0.000249688
129.453 0.000235414
127.522 0.000282451
129.124 0.00024385
128.664 0.000251247
118.887 3.76945e-05
133.455 0.000261901
129.074 0.000242148
127.43 0.000244201
129.711 0.000278404
116.879 0.000199819
128.772 0.000250462
130.731 0.000256862
126.605 0.00027751
130.934 0.000247017
130.719 0.000256313
129.716 0.000239856
129.794 0.000226173
130.086 0.000206726
129.946 0.000249961
126.672 0.000246355
128.931 0.000257356
130.501 0.000247124
128.831 0.00025905
130.103 0.000222106
130.147 0.000227078
128.901 0.00027895
128.715 0.000269266
126.931 0.000244456
128.276 0.000269907
131.701 0.000246832
126.519 0.000244485
125.674 0.000240498
132.151 0.000237615
129.369 0.000231538
129.351 0.000238201
128.479 0.000139271
127.023 0.00028777
129.429 0.000250259
129.051 0.000245352
130.133 0.000284723
129.366 0.000252755
131.022 0.000247527
129.707 0.000237681
129.631 0.00024192
120.45 0.000262284
128.423 0.000241905
130.5 0.000253263
129.809 0.000238714
129.803 0.000238133
131.079 0.000256195
121.294 0.000276671
129.177 0.000243989
123.435 0.00027404
131.85 0.000234554
127.23 0.000274347
129.805 0.000257516
128.538 0.0002507
128.583 0.000243297
127.914 0.000240891
132.387 0.000279649
130.361 0.000242625
130.902 0.00023421
127.366 0.000252391
129.025 0.000237196
129.557 0.000247793
126.948 0.000255978
132.924 0.00023085
130.026 0.000248647
131.019 0.000113788
128.922 0.000244541
127.856 0.000139211
128.952 0.000233682
130.737 0.000276397
127.709 0.000244975
124.796 0.000171131
128.186 0.000239836
129.029 0.000238562
128.588 0.000240416
129.368 0.000239797
132.021 0.000247475
130.276 0.000268528
128.128 0.000248851
129.646 0.000251124
129.524 0.000256324
128.031 0.000226081
120.947 0.000232018
128.321 0.000248175
130.511 0.000240317
130.23 0.000110967
129.805 0.00022813
131.196 0.000268406
127.765 0.000246149
132.359 9.27329e-05
131.161 0.000270896
128.661 0.000240486
131.258 0.000256727
129.501 0.000277371
129.913 0.000250743
129.448 0.000210444
128.781 0.000242331
129.392 0.000245995
130.259 0.000265725
129.591 0.000248337
131.712 0.000239354
131.112 0.000273981
129.105 0.000270219
128.17 0.000273931
131.245 0.00025314
128.964 0.00024072
133.805 0.000258341
128.253 0.000253019
127.367 0.000253796
130.757 0.000248491
129.31 0.000251604
130.12 0.00025634
131.14 0.000227577
129.971 0.000275595
129.561 0.000251788
125.437 0.000239691
130.783 0.000271429
129.658 0.000242707
128.815 0.000269555
128.729 0.000275352
130.1 0.000261979
129.096 0.00025806
130.599 0.000235682
130.719 0.000240688
128.875 0.000257405
130.533 0.000247533
129.338 0.000246897
131.843 0.000175785
131.197 9.19276e-05
130.658 0.000120161
129.682 0.000272708
129.104 0.000221931
129.765 0.000243637
129.836 0.000233748
128.314 0.000231415
128.129 0.000261795
129.256 0.000263754
122.546 0.00026232
125.632 0.000244949
127.237 0.000238801
130.279 0.000249891
131.429 0.000242866
131.271 0.000239678
127.224 0.000244683
133.363 0.000243122
127.236 0.000225775
131.556 0.000238227
130.843 0.000272048
130.269 0.000254127
126.661 0.000258001
130.061 0.000240688
130.121 0.000248044
130.568 0.000250534
132.176 0.000243821
132.293 0.000247546
130.122 0.000247269
126.766 0.00023684
128.019 0.000226475
129.434 0.000246031
132.866 0.000252295
129.23 0.000250637
127.938 0.0002536
126.357 0.00026592
127.557 0.000248523
126.14 0.000239121
131.733 0.000230536
131.414 0.000267883
134.389 0.00023828
129.593 0.000276638
127.086 0.000244881
129.29 0.000250831
127.214 0.000187142
129.817 0.000233315
127.597 0.000241509
129.33 0.000242365
130.347 0.000240856
130.97 0.000258407
128.294 0.000248
129.364 0.000249817
129.457 0.000252013
128.921 0.000242207
131.366 0.000243776
129.462 0.000280508
132.625 0.000254324
130.885 0.000137339
131.183 0.000251861
127.66 0.000223019
130.911 0.000254186
128.393 0.000239014
129.928 0.0002767
135.044 0.000243001
130.25 0.000245999
130.53 0.000253074
125.008 0.000247258
118.996 0.000255847
128.042 0.000241427
128.62 0.000242771
131.383 0.000238949
129.938 0.000242337
134.847 0.000247783
132.037 0.000247475
127.685 0.000271888
132.131 0.000240204
129.86 0.000255518
129.206 0.000253201
128.503 0.000241659
128.759 0.000245349
130.734 0.000243046
126.849 0.000274311
129.906 0.000216777
123.665 0.000238011
131.703 0.000241555
130.784 0.000235523
130.289 0.000221286
129.115 4.63539e-06
130.143 0.000241777
129.793 0.000247354
130.715 0.000248584
129.845 0.000243989
129.814 0.000262552
127.773 0.000274983
131.235 0.000276883
129.834 0.000239872
131.959 0.000223578
129.81 0.000243909
131.881 0.000241442
128.013 0.000249807
129.562 0.000138236
130.447 0.000224414
128.122 0.000237332
129.554 0.000277042
129.389 0.000249457
128.954 0.000242098
131.609 0.000240047
126.463 0.000262064
129.231 0.000279252
129.723 0.00025182
132.049 0.000238396
129.78 0.000237143
123.405 0.000232669
129.81 0.000224743
129.456 0.000244839
127.303 0.000259396
133.226 0.000241052
131.579 0.000275433
130.415 0.000248042
128.18 0.000226871
131.353 0.000233404
129.065 0.00027265
130.483 0.000251742
132.928 0.000261557
131.183 0.000239238
129.922 0.000249012
129.93 0.000259567
130.764 0.000200508
121.198 0.000275196
129.903 0.000219912
133.055 0.000236329
130.141 0.000242938
131.223 0.000241643
130.175 0.000242398
130.378 0.000246089
133.632 0.000274165
130.014 0.000270282
130.255 0.000247234
119.464 0.000242876
131.646 0.000263087
128.537 0.000265041
129.566 0.00022219
130.72 0.000230282
129.038 0.000228104
129.594 0.000267957
130.466 0.000255157
129.554 0.000247125
129.528 0.000261165
130.708 0.000241294
133.608 0.00025188
132.762 0.000229463
127.634 9.56208e-07
127.728 0.000271624
129.096 0.000239423
131.527 0.000250967
129.789 0.000269179
129.419 0.000258926
130.813 0.000276186
133.701 6.91783e-05
128.79 0.00024995
129.799 0.000185526
126.938 0.000240923
129.744 0.000237407
131.578 0.000281028
128.745 0.000139287
128.623 0.000244766
132.086 0.000267536
129.602 0.000225907
127.243 0.000244873
126.49 0.000244772
125.429 0.000247151
129.806 0.000241654
132.409 0.000247668
125.008 0.000247761
130.63 0.000274284
128.787 0.000267744
129.922 0.000247514
129.873 0.00024604
129.953 0.000278193
120.875 0.000244325
129.209 0.000231388
125.699 0.000271743
128.983 0.000270999
130.529 0.000262287
130.627 0.000284565
129.578 4.62201e-06
126.774 0.000278681
130.221 0.000247116
129.94 0.000247931
127.349 0.00025329
127.111 0.000229556
129.156 1.02073e-06
129.466 0.000245285
129.198 1.73726e-05
124.498 0.000239256
126.846 0.000254995
129.505 0.000237022
130.758 0.000242036
131.115 0.000250161
128.777 0.000252731
129.541 0.000240966
121.536 0.000273486
129.013 1.54283e-07
132.024 0.000245096
130.423 0.000205785
126.897 0.000240645
131.883 0.000276833
131.533 0.000242127
126.928 0.000249283
131.77 0.000219508
128.792 0.000251639
130.042 0.000163892
124.72 0.000238083
130.622 0.000242738
131.962 0.000255997
130.976 0.00028171
128.625 0.000233166
128.911 0.000243605
129.553 0.000261072
128.954 0.000237527
127.673 0.00018654
134.495 0.000266716
129.466 0.0002424
125.453 0.000242251
130.736 0.000251723
119.281 0.000271305
128.332 0.000256497
128.716 0.000252564
128.746 0.000250732
129.322 0.000250273
130.368 0.000247439
127.878 0.000234421
128.324 0.000242156
132.087 0.000247
130.848 0.000239056
129.206 0.00023808
128.315 0.000254065
131.037 0.000273349
127.497 0.0002391
131.245 0.000185039
128.897 0.000239084
130.11 0.00024478
130.816 0.000270023
129.821 0.000257751
128.97 0.000236902
130.165 0.00020648
129.902 2.77178e-06
128.676 0.000227852
130.018 0.000242126
128.09 0.000241147
130.877 7.20463e-06
129.388 0.000261354
128.233 0.000263041
124.273 0.000252942
130.963 0.000282093
131.901 0.000254055
128.796 0.000268334
129.902 0.000226234
130.69 0.000242623
130.046 0.000262062
126.411 9.25982e-05
130.881 0.000221638
128.127 0.000244739
123.618 0.000242976
130.977 0.000248393
127.653 0.000275019
116.827 0.000116501
131.482 0.000274088
126.638 0.000269131
130.21 0.00026353
132.479 0.000242427
128.612 0.000259721
131.122 0.000274215
129.021 0.00025351
128.386 0.000225472
128.161 0.000238338
129.186 0.000242138
131.794 0.000235277
131.365 0.000245271
130.638 0.000241475
127.959 0.00026951
128.205 0.000245419
128.6 0.000242203
129.779 0.000273699
129.978 0.000223937
130.032 0.000248901
121.888 0.000243395
128.602 0.000241252
131.646 0.000247787
124.426 0.000238548
117.302 0.000258411
128.253 0.000275894
127.23 0.000227931
129.324 0.000244355
130.572 0.000235638
130.443 1.17506e-05
131.347 0.000243124
130.254 0.000269273
128.645 0.000225331
129.045 0.00024907
131.019 0.0002413
130.224 0.000240451
127.54 0.000245085
129.425 0.000250527
129.456 0.000238925
128.129 0.000248316
129.447 0.000276545
130.295 0.000244815
125.083 0.000253952
128.889 0.000244762
127.38 0.000272635
130.568 0.000241118
121.984 0.000236484
130.263 0.000246209
126.497 0.00025577
128.212 0.000262533
128.986 0.000273814
129.307 0.000247023
130.723 0.000240516
127.5 0.00024839
129.266 0.000243869
127.605 0.000257169
125.119 0.000217826
129.986 0.000244575
127.726 0.000232304
130.222 0.000208809
129.769 0.000254648
128.591 5.23718e-05
128.515 0.000235968
124.352 0.000251194
132.464 0.000240836
131.725 0.000253556
130.41 0.000229334
128.852 0.00024943
126.448 0.000240417
131.051 0.000255003
129.812 0.000242619
128.282 0.000270208
128.913 0.000247398
131.066 0.000237277
126.526 1.14877e-05
129.925 0.000245103
132.108 0.000140342
129.619 0.000248623
128.875 0.000245126
130.899 0.000250474
130.333 0.000240213
129.409 9.14358e-05
131.405 0.000234846
135.366 0.000243406
131.413 0.000242053
131.4 0.000274532
130.046 0.000214594
126.135 0.000246013
128.384 0.000241143
131.984 0.000286338
129.657 0.000247252
122.319 0.000272448
132.065 1.67911e-06
129.747 0.00024325
130.97 0.00023676
129.586 0.000243109
130.382 0.000210568
128.066 0.000256048
129.166 0.000245425
130.65 0.000217298
128.406 0.000275277
131.538 0.000237971
130.746 0.000280941
129.155 0.000272679
120.736 3.72944e-05
130.329 0.000258271
131.49 0.000241181
130.103 0.000216326
126.957 0.000255578
130.082 1.79532e-05
128.542 0.000238479
128.832 0.000251844
129.31 0.000237145
132.852 0.000238308
130.428 0.000262072
130.022 0.000251363
129.063 0.000237351
132.964 5.19147e-05
127.411 0.00025124
132.238 0.000267686
124.186 0.000118376
132.301 0.000251791
127.752 9.30185e-05
130.543 0.000270811
127.005 0.000238654
129.525 0.000243198
127.78 0.000115413
127.286 0.000261298
129.921 0.000193336
128.215 0.000243342
129.42 0.000242079
129.404 0.000277358
127.081 0.000237499
125.969 0.000259577
130.633 0.000251814
128.107 3.72818e-05
130.082 0.000270607
115.664 0.000230962
130.738 0.000246718
130.334 0.000248131
127.256 0.000243201
130.204 0.000240057
130.197 0.000255261
127.621 0.000229851
129.078 0.000220398
130.774 0.000238876
128.133 7.17105e-05
123.278 0.000251622
130.095 0.000251971
133.219 0.000261774
123.227 0.000276343
133.369 0.000230559
128.89 0.000266903
130.552 0.000239474
128.661 0.000238423
127.576 0.000260395
130.224 0.000249747
131.21 0.000246313
131.382 0.00026555
129.799 0.000250267
131.016 0.000237012
122.845 0.000288098
124.542 0.000212735
130.638 0.000242945
129.261 0.000186309
130.322 0.000114917
130.284 0.000261833
129.826 0.000242487
127.12 0.000237164
124.267 0.000262742
128.358 0.000253269
130.108 0.000274435
129.757 0.000251295
126.883 0.000185861
127.857 0.000271325
130.445 0.000247505
130.982 0.000239877
130.036 0.000242394
131.756 0.000239863
129.914 0.000236113
128.565 0.00020857
125.762 0.000251833
129.68 1.17823e-05
121.374 0.000240725
126.422 0.000241011
131.214 0.000253037
129.841 7.18354e-05
131.409 0.000214077
130.303 0.000236707
132.229 0.000253878
125.929 0.000240085
130.272 0.000241579
123.923 0.000232459
131.491 0.000255761
129.513 0.00027651
129.764 0.000262881
128.945 0.000245017
132.693 0.000274995
127.795 0.000245737
129.285 0.000242323
130.569 0.000236266
129.317 0.00024351
129.3 0.000262634
129.4 0.00027674
129.462 0.00024108
129.037 0.000238921
128.727 2.67271e-05
127.46 0.000249787
129.664 0.000248113
129.096 0.000254899
128.022 0.000287254
127.155 0.000242572
131.075 0.000201428
130.485 0.00024123
127.623 0.000246236
130.291 0.000276733
131.432 0.000279006
128.069 0.000242945
130.169 0.000264616
128.014 0.000277655
129.667 0.000273002
130.146 0.000262363
123.458 0.000225336
126.051 0.000270154
126.418 0.000233443
131.818 0.000242806
132.138 0.000237852
126.672 0.00024285
128.017 0.000274119
133.407 0.00025681
130.418 0.000250598
129.949 0.000147716
129.639 0.000248702
131.933 0.000259699
130.467 0.000238154
133.119 0.000242271
128.972 6.11057e-07
131.942 0.000234341
135.098 0.000218987
128.693 0.000207109
130.169 0.000241604
129.113 0.000264476
131.591 0.000254481
131.163 2.6912e-06
130.508 0.000239827
130.644 0.000272808
130.369 0.000250308
130.361 2.78691e-06
124.267 0.000276049
130.001 0.000257701
131.408 0.000249911
134.426 5.46214e-05
123.652 0.000234275
129.881 0.000255975
128.25 0.000245489
130.237 0.000243909
124.645 0.000243365
129.896 0.000244956
131.066 0.000258729
127.937 0.000247761
127.716 0.000240663
126.967 0.000267492
130.077 0.000273095
131.782 0.000267939
129.064 0.000246305
130.354 0.000265636
129.597 0.000249134
123.883 0.000196166
122.941 0.00024769
131.339 0.000247882
131.76 0.000242166
130.774 0.000250956
127.851 0.000212971
129.055 0.000248321
127.861 0.000139978
129.919 0.000224493
130.098 0.000277698
128.737 0.00024323
131.698 0.000262816
126.83 0.000219872
125.808 0.000247321
130.988 0.000270409
128.559 0.000247538
129.314 0.000227998
128.93 0.000243398
129.46 0.000253475
128.252 0.000247656
132.45 0.000240863
128.545 0.00024346
130.988 0.00024481
129.042 0.000221373
127.565 0.000260769
129.028 0.000248456
129.923 0.00024208
128.449 0.000250886
130.559 0.000207907
128.519 0.000251323
132.812 0.000252132
127.035 0.000247561
127.748 0.00026015
130.733 0.00023686
129.331 0.000253959
129.084 0.000220516
128.782 0.000244255
128.712 0.000189825
130.228 0.000238928
129.081 0.000228106
130.303 0.000223372
131.643 0.000249858
128.947 0.000187932
133.828 0.00023927
120.707 0.000112115
128.87 0.000211538
133.067 0.000243032
129.154 0.000241507
129.226 0.000245267
126.545 0.000266213
118.329 0.000235481
129.217 0.000238945
131.691 0.000241842
124.69 0.000243591
129.197 0.000252576
131.107 0.000259388
129.543 0.000222773
129.578 0.000260266
129.374 1.1693e-05
128.792 0.000243844
125.689 0.000247087
131.09 0.000258335
132.273 0.000247161
124.732 1.13059e-05
128.093 0.000241765
129.401 0.000223124
127.245 0.000246993
123.674 0.000250986
130.105 0.000243158
128.495 0.000264916
131.778 0.000256617
128.549 0.000270559
122.094 2.55566e-05
128.523 0.000271002
131.241 0.000264869
132.011 0.000251185
129.696 0.000249862
128.53 0.000244473
131.977 0.000252239
127.488 0.000138508
128.051 0.000250159
129.489 -0.000242524
130.492 0.000250986
129.896 0.000202746
130.34 0.000240041
129.18 0.000239812
126.829 0.000240205
131.297 0.00024303
128.068 0.00025627
127.893 0.00023856
127.042 0.000271994
129.224 0.000244296
130.286 0.000139299
131.066 2.36186e-05
130.541 0.000139532
129.032 0.000259439
128.339 0.000229062
131.477 0.000253602
129.073 0.000267294
130.165 0.000246808
131.046 0.00011712
128.916 0.000252276
127.218 0.000236763
125.836 0.000245353
131.321 0.000273133
130.315 0.000244849
128.95 7.2788e-06
127.663 0.00024313
131.245 0.000239153
130.528 0.000240173
129.947 0.000275234
130.604 0.000243733
127.229 0.000273302
134.038 0.000271003
131.423 0.000250034
130.602 0.000269272
128.747 9.29607e-05
130.605 0.00026946
130.783 0.000219487
130.835 0.000237877
127.389 0.000260317
127.563 0.000263152
126.927 0.000274391
132.776 0.000253677
129.848 0.000244574
130.771 0.00026717
133.685 0.000235154
129.469 0.000255165
129.407 0.000237835
130.179 0.000275251
123.537 0.000249134
128.059 0.000247499
129.128 0.000276827
129.233 0.000250421
131.414 0.000252093
129.567 0.00024251
129.283 0.000255664
130.615 0.000242659
126.883 0.000236784
127.35 0.000245968
129.705 0.000244106
127.852 0.00026957
131.246 0.000262347
130.025 0.000237265
126.043 0.000242287
127.095 0.00024072
129.721 0.000116503
130.81 0.000277561
132.11 0.000240717
125.241 0.000258132
130.148 0.00025468
128.149 0.000247513
129.965 0.000240814
130.774 0.00025683
131.548 0.000242019
130.028 0.000260302
129.657 0.000240713
131.146 0.000274635
130.557 0.000277273
129.951 0.000237452
130.09 0.000242294
131.966 0.000241147
129.691 0.000242149
128.857 0.000188234
129.968 0.000256681
128.358 0.000248308
129.795 0.000272936
130.03 0.000240198
122.869 0.000247892
130.427 0.000252893
126.129 0.000246016
132.028 0.000246928
129.748 0.000247559
130.602 0.000252079
134.062 0.000237037
130.764 0.000245046
131.881 0.000274342
131.164 0.000261708
130.809 0.000241532
129.883 0.000251068
129.241 0.000274411
127.683 0.000238513
131.306 0.000246068
127.553 0.000251601
125.313 0.000236708
132.948 0.000114687
130.62 0.000205041
130.647 0.000242181
119.659 0.000237292
127.976 0.000250348
131.242 4.60166e-06
129.268 0.00027709
132.098 0.000277047
127.706 0.000253034
129.092 0.000247744
126.124 0.00018901
127.9 2.8458e-06
131.67 5.28007e-05
130.628 0.000237854
130.403 0.000248601
127.93 0.000240859
131.594 0.000114575
128.793 0.000248613
129.705 0.000244451
131.128 0.000115169
131.744 0.000226383
129.813 0.000257638
130.24 0.000240658
126.47 0.000232326
130.341 0.000252301
131.407 0.000222235
128.2 0.000246592
128.935 0.000235762
130.65 0.000254095
127.874 0.000251576
128.994 7.42474e-06
130.596 0.000243835
128.822 0.000246387
129.547 0.000278254
130.106 0.000230708
128.231 9.39371e-05
129.803 0.000244569
130.926 0.000245608
129.033 0.000275767
119.876 0.000287784
130.753 0.00024396
130.263 7.27667e-06
128.611 0.00024444
126.123 0.000258927
128.871 0.000238576
130.857 7.20436e-06
127.059 0.000253394
126.39 0.000209438
131.155 0.000268729
126.31 0.000279982
126.454 0.000250744
129.412 0.000255373
128.725 0.000243406
130.459 1.78653e-05
126.548 0.000249274
131.072 0.000243046
134.21 0.000275423
127.946 0.000227753
125.885 6.82526e-05
128.634 0.000245633
130.184 0.00026124
128.533 0.000278457
126.176 0.000261092
129.885 0.000246051
127.226 0.000250847
127.606 0.00023529
128.69 0.000247575
129.943 0.000170071
128.929 0.000252548
129.124 0.000251504
123.649 0.000249489
125.348 2.56594e-05
128.451 0.000241422
133.545 7.16317e-05
133.315 0.000162862
130.731 0.000259987
117.242 0.000270028
129.674 0.000243504
125.487 0.000226926
128.662 1.78623e-05
128.192 0.000250041
128.696 0.000248658
129.334 0.000270602
124.987 0.000265809
129.832 0.000240812
132.564 0.000228245
129.73 0.000174833
129.76 0.0002752
126.974 0.000243038
130.521 0.000277186
130.289 0.000242406
128.545 0.000117688
129.919 0.000241676
128.726 0.000244075
128.446 0.000243319
127.712 0.000269058
131.228 0.000274048
128.531 0.000263121
127.192 0.00025095
128.922 0.000242914
129.865 0.000242555
129.662 0.000241995
129.163 0.00025017
128.939 0.000261259
130.678 0.000138993
126.435 0.000273395
127.765 0.000241085
128.225 2.42476e-05
117.037 0.000216393
128.228 0.000274695
129.239 0.000269983
128.743 0.000242857
128.739 0.000273909
129.4 0.000255792
127.558 0.000245316
130.57 9.24537e-05
129.755 0.000227977
128.323 0.000250073
129.374 0.000194853
130.341 0.000234873
130.021 0.000273437
122.825 0.000241768
129.35 0.000232925
126.901 0.000262042
129.493 0.000239467
127.219 0.000244496
129.994 0.000237641
130.868 0.000275506
132.128 0.000255806
131.11 0.000249436
132.095 0.000244587
130.127 0.000188812
127.158 0.000253269
130.816 0.000253132
120.031 1.80616e-05
130.757 0.000243129
118.961 0.00027421
129.577 0.00025583
129.439 0.000245959
129.159 0.0001646
129.851 0.000208955
131.47 0.00025386
124.887 0.000271396
127.299 0.000222728
130.54 0.000278674
126.08 0.000244582
130.955 0.000240768
131.596 0.000266013
131.383 0.000237493
129.01 0.000269474
130.728 0.000228583
130.833 0.000258424
129.767 0.000246746
131.114 0.000238698
130.95 0.000275524
132.151 0.00026386
129.954 0.00025557
131.234 0.000233745
128.777 0.000268154
129.725 0.000256957
131.371 0.000264642
129.669 0.000240245
127.619 0.000181604
116.415 0.000242013
130.463 0.000242238
130.503 0.000214548
129.835 0.000239791
128.998 0.000250224
131.483 0.000244183
127.756 0.000244371
121.519 0.000233209
129.226 0.000249837
132.671 0.000246502
130.364 0.000251272
130.604 0.000275514
127.84 0.000238345
126.907 0.000240042
130.033 0.000288118
129.202 0.000223372
131.251 0.000185366
129.476 0.000259819
122.186 0.000252588
129.667 0.000241024
122.911 0.000283633
127.919 0.000237612
120.995 0.000243569
130.323 0.000248124
128.863 0.000236436
132.898 0.000251409
129.293 0.000273379
130.455 0.000277925
129.061 0.000211358
129.862 0.000254703
132.303 0.000244991
130.498 0.000243268
128.349 0.00026361
129.313 0.000225292
128.679 7.28779e-06
133.179 0.000278318
129.735 0.000237498
129.517 0.000205117
127.052 0.000234621
128.86 0.000239361
129.471 0.000280559
129.046 0.000141379
126.177 0.000246359
130.38 0.000269994
130.31 0.000241443
129.729 0.000243347
121.465 0.000139032
129.88 0.000252762
130.38 0.000255332
130.194 0.000275168
130.326 0.000260322
127.628 4.63416e-06
129.996 0.000274974
128.932 0.000242608
128.801 0.000254985
127.722 0.000252564
129.782 0.000244616
130.556 0.000247645
130.354 0.000207312
132.374 0.000238457
115.827 0.000244536
128.814 0.000244355
133.199 0.0002373
128.622 0.000246314
127.82 0.000261114
129.885 0.000226775
121.275 0.000246531
128.76 0.000264408
129.557 0.000239842
125.582 0.000182386
129.179 0.000272024
129.121 6.59587e-05
131.9 0.000245847
128.807 0.000239365
118.109 4.64538e-05
130.709 1.17981e-05
129.818 0.000266055
129.547 0.000115476
131.826 0.000243578
129.395 0.000114005
127.776 1.01198e-06
129.133 0.000274829
129.927 0.000250346
133.646 0.000249434
131.137 0.000163447
130.404 0.00028182
127.324 0.000231895
122.404 0.000256491
131.951 0.000243242
128.728 0.000247477
130.037 0.000241919
130.291 0.000227473
127.857 0.000250368
120.607 0.000240886
131.645 0.000251992
130.158 0.000238063
131.351 0.000164662
131.432 0.00023947
129.926 0.00024954
124.987 0.00025045
126.964 0.000253913
130.803 0.000251726
131.175 0.000261525
128.955 0.0002611
125.36 0.000253619
130.47 0.000271875
128.796 0.000265578
124.425 0.000251096
129.3 0.000240618
126.582 0.000247744
134.597 0.000256189
127.596 0.000278943
126.867 0.000270197
132.674 0.000256042
130.706 0.000235539
128.305 0.000278662
130.345 0.000240632
129.419 0.000270662
130.039 0.000245432
129.398 0.000252187
128.695 0.000259357
129.461 0.000277071
131.165 0.000246688
130.51 0.000287107
130.687 0.000235336
130.529 0.000277359
126.414 0.000271917
127.024 0.000268114
130.925 0.000210634
127.055 0.00024975
129.727 0.000272583
128.75 0.000241072
131.685 0.000211736
129.431 0.000263738
129.652 0.000247629
139.974 0.000231088
128.691 0.00023043
119.811 0.00023035
128.257 2.66702e-05
129.633 0.000270854
132.047 0.000248029
130.125 0.000273885
129.029 0.000243101
131.771 0.000164949
132.598 0.000251228
128.739 0.000242068
128.812 0.000251248
130.901 0.000242168
129.336 0.000244106
130.703 0.000243554
129.643 0.000252918
132.541 0.0002472
130.964 0.000228289
131.923 0.000234811
127.715 0.00024902
130.044 0.000162053
132.581 0.000227151
127.772 0.000187829
127.457 0.000232769
129.638 0.000273258
130.976 0.00026012
131.45 0.000248434
129.239 0.00021163
131.297 4.61405e-06
119.435 0.000247966
129.342 0.000158883
127.993 0.000229747
129.249 0.000226941
130.815 0.000244788
122.658 0.000241237
132.445 0.000248632
129.824 0.000271151
128.838 0.000207198
125.174 0.00023663
127.664 0.000241019
128.241 0.000243726
129.982 0.000231528
130.239 3.86187e-05
121.421 0.000248715
130.795 0.000163951
133.455 0.000238786
130.792 0.000279348
129.804 7.1262e-05
127.567 0.000159583
126.515 0.000242582
130.022 0.000276029
131.519 0.000238834
129.704 0.000277269
130.631 0.000265115
129.415 0.000248888
129.716 0.000243095
129.416 0.000237514
128.213 0.000245839
130.164 0.000246113
129.295 0.00024481
128.736 0.000270564
130.011 0.000258884
128.065 0.000115103
129.586 0.000261463
128.765 0.000225675
129.317 0.000248271
128.837 0.000139347
128.497 2.79345e-06
130.196 0.00013749
126.468 0.000252397
130.631 0.000276695
130.803 0.000257675
134.056 0.000257837
129.489 0.000266375
130.265 0.000255116
130.422 0.000239197
129.041 0.000241722
128.182 0.000269241
128.703 0.000242266
130.907 0.00024778
130.048 0.00027283
129.769 0.000248436
130.287 0.000238892
130.48 0.000189552
129.492 0.000148992
128.201 0.0002684
128.631 1.14154e-05
128.292 0.000221678
128.989 0.00023989
128.715 0.000241476
131.46 0.000243165
130.33 0.000242907
133.148 0.000251324
130.584 0.000275461
130.657 0.000238401
128.952 0.000222401
128.379 7.16067e-05
130.057 0.000248768
129.216 0.000250111
134.026 0.000234202
126.382 0.000250474
130.381 0.000240193
129.802 0.000245804
128.77 0.000246568
127.943 0.00021068
131.727 0.000267166
130.867 0.000244903
132.108 0.00027409
130.888 0.000285797
133.215 7.00418e-05
129.504 0.00023954
128.083 0.000244409
130.426 0.000273419
128.394 0.000266029
131.571 0.000263311
130.697 0.000241217
131.387 0.000233846
128.963 0.000275852
128.172 0.000266428
124.728 0.000259588
131.677 0.000238762
131.253 0.000222374
130.566 0.000256608
132.917 0.000163545
129.797 0.000225045
127.756 1.02996e-06
130.337 0.000238039
128.134 9.25264e-05
126.614 0.000275728
127.678 0.000240191
120.129 0.000242669
125.47 0.000245781
131.197 0.000241477
118.304 0.000259946
129.123 0.000247733
129.124 0.00023733
131.25 0.000214399
131.869 0.000245476
125.78 4.90198e-05
127.782 0.000246957
128.322 0.000238322
130.37 0.00027082
125.027 0.000236483
130.849 0.000239325
129.535 0.000264196
126.827 0.000256099
131.238 0.000283549
131.973 0.000255567
128.619 0.000249452
131.28 0.000246752
133.082 0.00022802
131.641 0.000237696
129.955 0.000253856
118.054 0.000257993
130.76 2.7902e-06
129.609 0.000244078
129.511 0.000248585
141.714 0.000233518
132.37 0.000236578
133.957 0.000247033
127.348 0.000250033
128.496 0.000278109
128.029 0.000251774
132.651 0.00021858
132.85 0.00028037
129.453 0.000247078
128.166 0.000241763
131.956 0.000262086
128.92 0.000243834
130.129 0.000240312
128.731 0.000256946
119.528 0.000248259
128.635 0.000245879
132.539 0.00024283
122.934 0.000237339
126.459 0.000238322
130.251 0.000247179
128.441 0.000243039
130.629 0.000260029
132.593 0.000270355
128.545 0.0002586
127.411 0.000234438
129.213 4.88492e-05
125.812 0.000249133
129.118 4.56026e-06
123.724 0.00027589
129.954 0.000263512
130.537 0.000280176
130.065 0.000244944
128.433 0.000273283
128.203 0.000258751
129.647 0.000247035
130.719 0.000249933
126.538 0.000225706
128.914 7.17196e-05
129.976 0.000234765
128.451 0.000241824
126.11 0.000253149
129.586 0.000239551
132.291 0.000280459
129.236 0.000235586
127.716 0.000248398
130.369 0.000203547
131.399 0.000243605
125.907 0.000238007
129.065 0.000229196
123.312 0.000250035
129.823 0.00011455
126.171 0.000254481
129.769 0.000276708
128.339 0.00024358
130.24 0.000233269
131.889 9.33254e-05
128.216 0.000242377
130.273 0.000245705
130.508 0.000277612
130.177 0.00018077
130.948 0.000266535
128.515 0.000278571
131.241 0.000234457
129.946 0.000241729
127.79 0.000254256
126.767 0.000237829
128.548 0.000245235
129.284 0.000265148
129.899 0.00016279
127.563 0.000272484
125.901 0.00024767
131.16 0.000276921
130.854 0.000253639
128.106 0.000246228
129.1 0.000255775
129.732 0.000243042
129.145 0.000237003
130.527 0.00027336
129.477 0.000248935
122.403 0.000257947
131.89 0.000275801
130.468 0.000261144
129.05 0.000264913
130.441 2.46976e-05
127.033 0.000192088
130.444 0.000238679
128.75 0.000245141
130.618 0.000248268
127.214 0.000252426
130.764 0.000275337
130.555 0.000274429
127.623 0.00025845
129.611 0.00026602
130.684 0.000238616
127.841 0.000265619
131.095 5.17453e-05
133.127 0.000265355
122.529 0.000238283
130.992 0.000274344
129.314 0.000250396
129.894 0.000258973
130.899 0.000248151
132.724 0.000235577
130.166 0.00024743
131.2 0.000238091
131.719 0.00023648
132.385 0.000233433
129.797 0.000232331
129.976 0.000239305
130.149 0.000243652
123.961 0.000251584
128.868 5.22342e-05
