125.543 0.000734229
117.875 0.000692001
125.578 0.000645079
122.552 0.000724633
125.206 0.000677214
125.155 0.000657981
120.717 0.000670187
122.378 0.000738611
125.985 0.000630403
125.395 3.10789e-05
124.76 6.85765e-05
124.151 0.000621525
123.272 0.000646558
125.627 0.000432747
124.644 1.9237e-05
124.829 0.000727051
121.39 0.000688373
126.277 0.000696329
126.418 0.000665956
124.548 0.0007318
127.84 0.000673315
123.555 0.000627565
128.29 0.000493352
124.124 0.000727556
122.786 0.000653647
122.947 0.000638564
124.871 0.000660224
120.825 0.000664361
116.959 0.000680103
125.945 0.00072914
128.795 0.00060207
125.307 0.000676307
126.896 0.000648905
124.232 0.000640005
125.083 0.000556943
122.802 0.000648787
124.901 0.000650502
122.46 0.000718224
124.651 0.000648495
123.517 0.000647989
125.808 0.000660896
127.007 3.09962e-05
125.439 0.000696567
126.148 0.000248579
122.141 0.000728172
124.587 0.00072005
120.825 0.000100198
122.907 0.000728454
119.937 0.000698706
125.258 0.000600179
124.868 0.000719595
128.679 0.000711355
116.998 0.00074658
124.74 0.000680457
124.77 0.000652822
126.309 0.000646016
123.463 0.000230351
124.827 0.000102509
125.272 0.000197878
124.166 0.000638548
127.092 0.000637984
129.625 0.00071692
123.83 0.000734556
122.031 0.000672482
121.639 0.000654097
125.178 0.000190106
125.116 0.00073873
123.507 0.000566445
119.138 0.000645706
124.51 0.000659182
125.221 0.000718781
120.933 0.000637295
121.869 0.000705105
127.292 0.000674147
