122.892 0.000218067
127.969 0.000233261
130.275 0.000229738
125.307 0.000252618
131.838 0.000278794
128.144 0.000250717
130.222 0.000238027
131.103 0.000273141
128.95 0.000252663
128.218 0.000243725
130.125 0.000233782
127.046 0.000273348
128.249 0.000251335
127.243 0.000238439
118.856 0.00027211
128.299 0.000268771
131.506 0.000268831
128.233 0.000260243
130.2 0.000247207
122.133 0.000251199
125.001 0.000273812
130.429 0.000276629
126.383 0.000245813
127.219 0.00014623
129.018 0.000164061
128.75 0.000246786
125.308 0.000247941
132.212 0.000242238
130.974 0.000287252
130.035 2.64397e-06
129.564 0.000264236
131.98 0.000270388
131.655 0.000256008
118.683 0.000273804
129.416 0.000271445
131.03 0.000275848
133.194 0.000244858
124.006 0.000226746
128.606 5.21156e-05
131.689 0.000255755
128.765 0.000257982
129.533 0.000271136
126.322 0.000277616
131.657 0.000239001
127.94 0.000253169
130.487 0.000134051
130.357 0.000256154
130.96 0.000252754
131.181 0.000259999
129.09 0.000262383
127.092 0.000250627
132.741 0.000245264
131.605 0.000244655
131.2 1.17029e-05
129.64 0.000246624
129.662 0.000245425
129.739 0.000251686
125.947 0.00022515
129.221 0.000249983
130.465 0.000249311
128.104 0.000250246
130.188 0.000270586
129.979 0.000238454
131.061 0.000270017
129.982 0.000239317
130.671 0.000241747
126.307 5.21633e-05
130.209 0.000244328
132.213 0.000267304
129.287 0.000242655
130.884 0.000256027
127.327 0.000260705
129.298 0.000251357
128.695 0.000262788
130.756 0.000243681
130.661 0.000271574
130.207 0.000240949
131.533 0.000242559
126.472 0.000255593
115.86 0.000247753
134.631 0.000247977
130.888 0.000272407
129.5 0.000243478
131.558 0.000243796
121.175 0.000270715
127.293 0.000249135
129.06 0.000251269
131.831 0.000263172
126.394 0.000271165
129.178 0.000267628
129.553 1.71145e-06
131.657 0.000249398
129.612 0.000250318
129.371 0.000243969
126.08 0.000247498
130.996 0.000280637
130.059 0.000259159
126.71 0.000244484
127.46 0.00023734
129.089 0.000139892
129.045 0.000255399
131.604 0.00025162
130.27 2.64154e-05
125.626 2.84044e-06
129.18 0.000227549
126.805 0.000275237
131.367 0.00022377
130.365 0.000249961
130.463 1.76775e-05
130.54 0.000239243
129.39 0.000255491
126.703 0.000257476
128.015 0.000243043
131.309 5.04494e-05
129.668 7.30796e-06
126.023 0.000249727
130.814 0.00022583
136.024 0.000242029
125.737 0.000244528
128.406 0.000268003
127.98 7.125e-05
129.774 0.000236961
127.494 0.000270775
126.992 0.000244494
129.445 0.000238121
133.13 0.000243546
126.343 0.00024991
130.343 0.000268616
128.486 0.000251225
130.201 0.000241778
129.013 0.000240449
129.95 0.000261757
129.677 0.000272531
129.056 0.000248794
135.22 0.000253213
128.528 0.000244887
131.316 0.000259242
131.295 0.00024016
127.559 0.000266319
129.319 0.000255364
126.028 0.000249104
126.133 0.000239359
128.454 0.000282875
130.011 0.000247821
131.288 0.000252068
123.246 0.000251003
130.29 0.000241546
132.27 0.000242616
129.695 0.000281903
130.309 0.000239592
121.562 0.00024329
131.241 0.000242547
126.592 0.00020806
127.452 0.00025309
126.332 0.00026432
127.457 0.000241195
129.471 0.000241582
129.15 0.000274274
130.82 0.000246841
130.629 9.38313e-05
125.613 0.000243459
131.265 9.34523e-05
131.514 0.000265879
128.879 0.000262425
128.198 7.35575e-05
125.187 0.000245517
127.185 0.000257918
128.298 0.000281442
130.297 0.000238255
130.397 0.000245194
130.393 0.000260624
125.114 0.000271627
118.201 0.000235431
128.369 0.000274585
130.47 0.000243593
118.627 0.000226382
129.221 0.000142564
130.483 0.000140429
129.07 0.000250729
129.676 0.000219664
129.841 0.000270134
127.587 0.000246776
132.818 0.000229422
126.201 0.000205049
125.928 0.00024923
125.304 0.000225794
131.075 0.000280691
127.747 0.000240604
137.749 0.000140903
130.677 0.00025246
129.632 0.000239378
128.331 0.000247293
131.114 0.000231128
130.255 0.000261965
131.35 0.00027714
127.343 0.000229575
127.401 0.000258332
133.042 0.000257566
133.321 0.000256148
130.737 5.01525e-05
128.287 0.000284697
130.193 0.000280954
127.448 0.000245773
134.666 0.00023132
130.741 0.000243252
132.512 0.000275355
131.206 0.000242225
132.1 0.000222743
124.385 0.000259625
131.074 0.000190106
128.759 0.000261569
128.993 0.000269282
132.202 0.000239857
129.742 0.000181046
118.205 0.000244499
127.567 0.000237886
131.074 3.52412e-05
129.445 0.000237285
130.179 0.000236814
135.892 0.00022941
127.922 7.19134e-06
130.435 0.00027111
116.024 7.2038e-05
127.877 6.81561e-06
130.4 0.000241011
128.478 0.000271726
134.691 0.000254648
128.825 0.000240364
130.017 0.000208861
129.539 0.000262987
134.9 5.17975e-05
128.681 0.000255516
130.581 0.000251891
128.014 0.000207877
128.297 0.000253622
129.078 0.000248101
129.633 0.000243935
126.442 0.000256206
127.739 0.000224307
131.098 0.00023495
129.614 1.75306e-05
130.924 0.000235714
130.768 0.000251806
130.505 0.0002544
129.802 0.000238715
129.898 0.000240396
129.058 0.000272583
131.269 0.00024871
128.976 0.000272794
128.819 0.000271488
127.704 0.000252434
131.568 0.000239122
129.72 0.000239912
129.035 2.67107e-05
128.71 0.000236564
128.317 0.000271564
131.178 0.000285619
128.888 0.000251084
131.465 0.000248715
129.758 0.00024077
129.659 0.00023602
130.98 0.000245017
128.676 0.000245348
130.163 0.000264564
125.866 0.000275977
128.059 0.000275792
130.854 0.000248937
127.803 0.000244721
129.366 5.39533e-05
130.055 0.000246858
127.39 0.000242433
129.087 0.000276498
128.45 0.000248765
122.795 0.000254477
129.258 0.000234703
130.147 0.000245326
129.717 0.000116583
129.362 0.000248792
128.475 0.000250865
129.859 0.000239761
128.848 0.000244011
136.93 0.000236249
129.948 0.000241816
130.702 0.00026076
130.465 0.000248436
124.429 0.000274297
130.721 0.000241359
129.761 0.000278651
126.15 0.000254904
120.235 0.000264723
130.247 0.000242765
131.454 0.000243318
131.191 0.000238092
133.988 0.000279013
130.194 0.000246353
127.161 0.000265457
131.019 0.000244258
128.014 0.000242723
129.929 0.000251101
130.103 0.00025161
129.353 0.000240982
128.865 0.000227006
128.278 0.000279203
130.94 0.000229668
128.732 0.000247218
130.468 0.000276967
137.426 0.00025028
130.908 0.000251595
125.175 0.000252696
127.97 0.00022699
129.382 0.000258943
128.513 0.000245461
130.345 0.000267484
128.084 0.000241972
131.842 0.000245798
127.34 0.000258324
127.73 0.000247868
126.684 0.000241352
133.169 0.000251444
132.279 0.00023907
129.148 3.73371e-05
126.39 0.000137758
128.764 0.000249481
130.148 0.000223556
129.705 0.000238017
132.576 0.000276339
131.571 0.000219964
132.651 0.000227165
130.094 0.000114896
130.657 0.000250316
126.623 0.000239245
128.57 5.46646e-05
127.823 0.000236598
129.675 0.000241652
130.749 0.000287074
130.856 0.000237217
129.911 0.000188948
126.967 0.000253228
124.795 0.000228989
129.519 0.000257724
128.531 1.17676e-05
129.154 0.000225695
129.319 0.000163228
127.623 0.000229864
130.004 0.000238426
128.753 0.000251381
132.434 0.000251152
131.371 0.00024175
130.311 0.000113487
130.369 0.000255481
129.953 0.0002502
124.988 0.000118192
124.335 0.000274226
129.887 0.000274399
127.409 0.000269951
127.93 0.000238195
129.813 9.32189e-05
129.01 0.000227687
130.082 0.000235712
128.705 0.00025068
125.951 0.000204874
130.836 0.000229543
129.046 0.00024806
128.641 0.00023717
129.605 0.000240583
118.481 0.000251426
128.073 0.000238753
123.248 0.000275963
129.941 0.000243406
125.62 0.000251439
128.364 0.000243757
131.999 0.000232215
128.738 0.000247599
119.118 0.000245563
130.181 0.000246129
132.596 0.000243093
128.683 0.0002378
128.825 0.000275587
128.757 0.000263891
129.094 0.000239771
131.631 0.000241845
126.675 0.000231969
127.602 0.000237361
128.019 0.000265761
130.195 0.000235604
129.02 0.000249437
123.051 0.000244394
127.938 0.00022159
119.067 0.000223719
135.067 0.000263688
128.665 0.000233623
118.479 0.000164243
130.494 0.000228358
125.829 0.000246101
130.472 0.000205354
130.298 0.000243219
129.461 0.000245241
130.166 0.000238932
129.551 0.000241324
129.771 0.000265931
130.48 0.000291587
130.079 0.000244217
128.735 0.000238891
129.582 0.000253705
130.294 0.000275008
126.931 0.00022816
124.641 0.000185367
131.09 0.00026936
129.906 8.89411e-05
128.954 1.12045e-05
136.652 0.000234995
129.589 0.000243085
129.814 0.000248467
123.592 0.000249139
127.31 0.00022809
117.497 0.000262672
126.709 0.000195901
115.075 0.000224922
130.643 0.000243481
130.831 0.000257603
127.691 0.000274644
129.737 0.000263409
129.986 0.000244099
127.642 0.000276089
134.57 0.000237337
127.09 0.000240826
131.044 0.000259431
130.815 0.000208892
130.035 0.000251829
128.227 0.000273595
130.825 0.000258456
129.438 0.000262049
135.887 0.000245175
128.609 0.000267175
130.624 0.000242281
120.172 0.000242972
132.031 0.000255053
132.232 3.69989e-05
128.694 0.000269572
127.312 1.67987e-06
128.683 3.83134e-05
127.269 0.000253646
126.478 0.000244025
124.45 0.000242584
130.073 0.00027164
123.88 0.000153102
131.164 0.000283945
129.084 0.000225504
123.647 0.000277709
129.023 0.000247553
131.723 0.000247411
123.307 0.000243079
130.842 0.000138224
127.826 0.000253924
128.721 0.000228716
129.906 0.000230374
128.482 0.000259609
131.071 0.000140177
127.634 0.000272282
129.393 0.000208347
131.066 7.33671e-06
129.125 0.000248118
127.947 0.000275802
129.91 0.000242178
128.889 0.000270738
129.477 0.000251034
131.078 0.000258466
131.838 0.000262045
130.072 0.000287204
128.401 0.000243789
128.585 0.000248285
129.33 0.000241094
131.409 0.000263478
130.974 0.000227115
125.712 0.000268456
130.271 0.000251649
129.664 0.000238842
131.595 0.000206768
128.266 0.000244693
130.129 0.00027202
127.778 0.000246951
130.6 0.000240591
127.242 0.000238241
129.822 0.000251264
130.64 0.000239317
130.952 0.000141423
130.198 0.000236846
129.684 0.000261118
126.288 0.000252428
130.821 0.0002371
129.339 0.000246227
130.843 0.000241149
123.775 0.000233508
128.485 7.06124e-05
129.541 0.00011291
128.939 0.000232235
130.033 0.000248867
127.889 0.000250747
129.188 0.000258697
131.706 6.81061e-05
126.624 0.000115204
129.594 0.000241344
129.221 0.000227301
131.247 0.000244681
130.843 0.000243325
129.576 0.000238953
131.319 0.000238886
127.691 0.000249763
130.415 0.000277886
127.653 0.000247359
130.248 0.000239181
129.33 1.75023e-05
129.673 0.000258392
128.761 0.000273796
132.077 0.000241799
132.635 0.00023935
129.903 0.000276298
130.046 1.1809e-05
128.069 0.00023785
132.618 0.000242358
127.966 0.000114604
131.732 0.000231392
130.603 0.000243616
134.824 0.000262198
129.264 0.000243937
130.86 0.000203199
129.247 0.000248978
129.143 0.000241737
129.529 0.000259908
131.143 0.000248191
128.756 0.000249324
130.079 0.000237704
131.661 0.000249143
130.304 0.000242981
131.543 9.38566e-05
133.148 0.000223779
127.054 0.000236526
117.37 0.000207401
129.838 0.00023843
129.834 1.62502e-07
129.574 0.000116896
130.811 0.000240366
129.327 0.000188017
125.321 0.000253389
131.945 0.000241745
132.354 0.000249033
130.196 0.000229865
133.318 0.000241995
129.263 0.000239218
132.984 0.00023935
129.521 0.000241014
129.625 0.000249447
128.976 9.37685e-05
130.798 0.000260653
130.925 0.000274476
128.59 0.000276899
128.832 0.00024193
129.156 0.000239212
129.439 0.000243116
122.731 0.00027063
130.957 0.000273052
130.054 0.000138724
130.422 0.000243258
131.062 0.000246481
129.925 0.000244706
128.835 0.000244069
125.856 0.000278586
130.685 0.000240543
129.242 0.000270445
130.22 0.000245937
127.373 0.000249499
127.726 0.000240871
133.215 0.000240621
129.572 3.72622e-05
127.264 0.000262206
130.512 3.50891e-05
130.056 0.000272014
126.821 0.000273314
132.882 0.000196338
131.065 0.0002378
129.3 3.79777e-05
127.659 0.000268454
124.285 0.00027341
124.748 0.000272415
127.485 0.000246634
126.498 0.000274834
125.614 0.000239158
129.168 0.000241948
128.668 0.000164577
128.894 0.000249895
131.211 5.31019e-05
128.312 0.000242892
128.912 0.000252654
128.744 0.000255363
125.857 0.000242795
130.008 0.000239274
128.132 0.000113965
131.243 0.000278897
131.511 0.000244555
129.14 0.000229255
126.774 0.000247037
128.139 0.000261075
130.066 0.000268344
125.775 0.000244601
129.828 0.000240248
130.245 0.000264226
129.687 0.000211501
129.716 0.000250403
127.381 0.000248039
131.512 0.000241862
130.385 0.000241401
133.912 0.000254712
130.43 0.00023911
129.837 0.000223077
130.34 0.00024378
131.786 0.000164521
129.259 1.1592e-05
129.82 0.000200939
132.087 0.000250464
125.195 0.000243376
130.809 0.00022451
124.014 0.000240385
126.669 0.000278842
124.363 0.000235029
127.226 0.000274036
126.764 0.000223009
128.628 0.000263058
127.555 0.000260795
131.795 0.000230897
127.538 0.00024106
129.36 0.000263091
130.303 0.000277905
131.366 0.000229882
130.833 0.000258729
130.255 0.000267635
127.866 0.000260843
129.208 0.000252387
126.422 0.000270728
129.631 0.000246154
129.646 5.24886e-05
130.039 0.000251696
127.72 0.000273524
127.16 0.000263246
116.655 0.000252777
120.649 0.000238262
130.692 0.000199013
128.498 0.000252472
131.367 0.000238211
128.726 0.000239565
129.246 0.000244565
132.365 0.00025372
126.796 0.000247905
129.263 1.1743e-05
128.494 0.000269718
128.073 0.000259155
130.201 0.000258828
129.706 0.000276371
128.246 0.000270285
127.045 0.000245525
131.715 0.000250608
131.229 0.000251103
130.115 0.000265232
121.03 0.000261819
126.393 0.000249029
129.561 0.000249988
131.657 0.000243782
126.28 0.000169829
128.582 0.000113627
127.266 0.000253538
129.507 0.000238516
130.954 0.000243437
129.772 0.000243386
127.205 -0.000252888
125.383 0.000266726
130.076 0.000258829
131.685 0.000272616
129.177 0.000247798
129.195 0.000259073
128.022 0.000260188
129.053 0.000222121
128.308 0.000239319
128.826 0.000274892
129.292 0.000277896
129.175 0.000246708
126.891 0.000238822
128.526 0.000247268
128.28 0.000239667
120.058 0.000243849
131.462 0.000270693
129.355 0.000262703
119.931 0.000275452
129.379 0.000276469
130.385 0.000279706
126.886 0.000262346
129.995 0.000188603
122.434 0.000277859
137.597 0.000235627
130.896 0.000245306
129.116 0.000167149
121.321 0.000278164
130.634 0.000263436
132.862 0.00024896
130.118 0.000274895
128.734 0.000236062
127.971 0.000274548
130.536 0.000243709
130.742 0.000239847
130.975 0.000253732
127.695 0.00024414
131.246 0.000250214
131.796 0.000274869
128.672 0.000265397
127.529 0.000222933
128.813 0.000282655
127.189 0.000272051
129.603 0.000241458
130.742 0.000245646
130.922 0.000265645
128.154 0.000223144
131.864 0.000246491
132.789 0.000243834
128.102 9.40841e-05
133.614 0.000270619
131.964 0.000226214
132.352 0.000249448
131.005 0.00024703
128.872 0.000252073
126.828 0.000256421
127.819 0.000240681
132.97 0.000245832
131.358 0.000249552
129.632 0.000248055
131.084 0.00024272
129.026 0.000243227
130.161 0.000260196
127.439 0.000111855
132.564 0.00023532
122.763 0.000206421
128.357 0.000247069
131.905 0.000278693
130.159 0.000242052
128.524 0.000253678
126.042 0.000264855
131.295 0.00024448
126.668 0.00025497
127.479 0.000244444
129.447 1.16195e-05
127.075 3.77697e-05
131.053 0.000260006
129.572 0.000252207
128.339 0.000242269
130.024 0.00024014
128.959 1.69188e-06
129.278 0.000275624
129.885 0.000287867
130.281 2.6292e-05
128.837 0.000237299
127.997 0.000259203
128.273 0.000238543
127.77 0.000226161
122.886 2.23853e-07
127.446 0.000230687
131.544 0.000258468
130.399 0.000251098
128.888 5.32335e-05
129.885 0.000258815
126.258 0.00024354
128.011 0.000273313
129.309 0.000237597
129.591 0.000191524
128.002 0.000220627
130.125 0.00025978
128.762 0.000278929
131.723 0.00026596
129.284 0.000242866
132.456 0.000232648
127.163 0.000282437
129.1 0.000258584
129.37 0.000243737
127.013 0.000240722
127.37 0.000238626
121.841 0.00024038
129.752 0.000241851
130.403 0.000258828
127.504 0.000248117
129.088 0.000242364
128.763 0.000209926
133.053 0.000196475
127.813 0.00025265
130.847 0.00025535
130.317 0.000225771
126.629 0.000243171
129.661 0.000241684
130.649 0.000222356
126.737 0.000240198
127.873 0.000247275
127.942 0.000276241
129.186 0.000245355
133.215 0.000254824
128.107 0.000242764
129.754 0.000253022
123.675 0.000242727
127.871 0.000231971
127.43 0.000251918
130.492 0.000262054
131.228 0.000239084
130.416 0.000191891
129.001 0.00028005
127.948 0.000232517
129.256 0.000241435
130.639 0.000254826
132.467 0.000272275
115.001 0.000250006
133.655 0.000279974
125.09 0.000214435
128.507 0.000250553
116.612 0.000244267
131.06 0.000247982
120.752 0.000224908
128.917 0.000198279
132.476 0.000255541
121.203 0.00024384
135.993 0.00024824
129.804 0.000270162
130.423 0.000251941
131.248 0.000252476
126.532 0.000232502
130.279 0.000243917
127.822 0.000138972
130.096 0.00024704
132.743 0.000279422
130.798 0.000279979
130.119 0.000267561
120.207 1.70715e-06
130.226 0.000275257
130.173 0.000256676
127.639 0.000239619
120.409 0.000253207
130.46 0.00027352
127.936 0.000241696
130.014 7.06274e-05
116.41 0.000246143
130.061 0.000247719
129.15 0.000254942
129.865 0.000242528
126.478 0.000274823
128.689 0.000276285
131.851 0.000212297
126.254 0.000241546
128.399 0.000241207
130.449 0.000256097
126.216 0.00024642
130.827 0.000245045
130.817 0.000253807
124.048 0.000244652
130.181 0.000257407
130.912 0.000241189
131.367 0.000196848
129.011 0.000271626
122.622 0.000209018
127.125 0.000252911
131.464 0.000227474
128.901 0.000242561
127.285 1.17094e-05
127.758 0.000237839
129.707 0.000225942
130.953 0.000233856
132.164 0.000266085
128.471 0.000250176
129.582 0.000244696
127.04 0.000272293
132.394 0.000238335
127.586 0.000247968
125.439 0.000201484
121.949 0.000228974
129.942 0.000237959
130.278 0.000241587
128.489 0.000245241
128.69 0.000249008
128.687 0.000243135
120.52 0.00025556
124.834 0.000238465
127.254 0.000243194
130.505 0.000227868
129.273 0.000251006
129.101 0.000251637
128.337 0.000264831
129.703 0.000237859
127.852 0.000240125
129.231 0.000245645
128.071 7.09574e-05
130.14 0.000166992
128.047 0.000247814
117.142 0.000248916
130.35 0.000241464
128.158 0.000238247
134.332 0.000258161
125.714 0.000115119
129.434 0.000272671
126.143 2.59946e-05
123.708 0.000251315
119.071 0.000250015
121.346 0.000271888
119.622 0.000274411
131.202 0.000275833
132.25 0.000185742
131.085 0.000275476
130.161 0.000238627
125.372 0.000249737
129.624 0.000243416
129.794 0.000244606
132.206 0.000235202
129.046 0.000277475
131.14 0.000259009
132.874 0.000235009
129.833 0.000237931
130.881 0.00024888
131.388 0.000268858
131.051 0.000251798
127.189 0.000273473
128.175 0.000243294
130.912 0.000266509
131.118 0.000244286
129.206 0.000247373
130.576 0.000246103
131.094 0.000262155
130.084 0.00022959
131.587 0.000239544
130.993 0.000259471
125.275 0.000260811
129.01 0.000274846
130.164 0.000250306
127.809 0.000242879
129.917 0.000279897
128.252 0.000275792
132.287 0.000271636
130.335 0.000247568
125.887 0.000260268
131.418 0.000253227
131.05 0.000240343
127.134 0.00022866
129.549 0.000271215
131.82 0.000242324
130.543 1.16436e-05
129.098 0.000262068
130.724 0.00019403
129.18 0.000208972
127.101 3.85199e-05
134.216 0.000242175
128.089 0.000247547
128.363 0.000233543
130.287 0.000240957
126.694 0.000243527
128.453 0.000241173
123.979 0.000245104
126.837 1.74526e-05
126.12 0.000211138
129.694 0.000229403
128.877 0.000250306
129.527 0.000117061
128.705 0.00023689
128.722 0.00025235
129.532 0.000231871
132.467 0.000240037
131.355 0.000264741
134.334 0.000234663
130.84 0.000244722
127.497 0.000247905
125.569 0.00024712
130.865 0.000262013
130.327 0.000228048
129.968 9.23596e-05
129.161 0.000229201
129.451 0.000242941
130.431 0.000272481
130.824 0.000265514
131.058 0.000278674
128.172 0.000247536
130.494 0.000228459
130.66 0.00025104
123.984 0.000271393
127.115 0.000243626
131.083 0.000238948
128.202 0.000270663
129.548 0.000244615
130.059 0.000252018
132.298 0.000244483
128.902 0.000257175
124.762 0.000229813
129.216 0.000246191
116.846 0.000249528
130.553 0.000251854
128.22 0.000223932
129.704 0.000243408
129.575 0.000239234
130.34 0.000264934
130.057 0.000257251
128.552 0.000243293
129.304 0.000252927
128.602 0.00026391
128.876 0.000269563
131.474 0.000256772
123.882 0.000259951
130.884 0.00023493
129.517 0.000235908
129.379 0.00023863
129.424 0.000242933
128.718 0.000275809
128.532 0.000242922
125.139 0.000262515
129.25 0.000250303
130.41 0.000238093
124.712 0.00027448
127.088 0.000250887
129.309 0.000140145
131.118 0.000248374
129.085 0.00024113
127.215 0.000215701
125.954 0.000244021
130.897 0.000243045
125.84 0.000239747
130.542 0.000240205
127.687 9.15307e-05
128.671 0.00024248
129.37 0.000245613
124.394 0.000231032
126.199 0.000256072
130.251 0.000276127
129.05 3.56978e-07
131.014 0.00025511
130.07 0.000205224
131.742 0.000250304
128.36 0.00025729
130.914 0.000274004
124.233 0.000273487
130.34 0.0002396
129.271 0.000263965
130.127 0.000279665
130.172 0.000238086
129.368 0.000264336
126.811 0.000271525
127.424 0.000239317
128.525 0.000206148
129.292 0.000247795
130.147 0.000221344
129.917 0.000272392
130.263 0.000248761
126.62 0.000248639
130.136 0.00023041
135.376 0.000242973
129.17 0.000237351
130.148 0.000241608
127.458 0.000277516
128.244 0.000279874
128.929 0.000251136
131.84 0.000284157
131.414 0.000187709
128.273 0.000243709
131.277 0.000255182
129.573 0.000272874
121.903 0.000115256
122.749 0.000241558
130.34 0.000248337
129.537 9.17975e-05
129.263 0.000246642
126.374 0.000242515
129.473 0.000286245
125.481 0.0002541
127.095 0.000250776
130.333 0.000251886
123.646 0.000235958
131.094 0.000248775
130.149 0.000289721
129.237 0.000259355
123.875 0.000248313
132.507 0.000250313
127.568 0.000276402
128.56 0.000260025
129.713 0.000280538
129.961 0.000248365
129.515 0.000262366
126.357 0.000223046
128.985 6.12652e-07
131.283 0.0002292
130.507 0.000272378
128.454 0.000273689
130.912 0.000271072
130.369 0.000260486
129.712 0.000238605
128.675 0.000275091
129.02 0.00027476
128.279 0.000260011
128.595 0.000243363
129.032 0.000243968
129.265 0.000248621
128.967 0.000189792
129.295 0.000241117
127.047 0.000242551
117.589 0.000242672
129.377 0.000243443
128.676 0.000269872
129.943 0.000224167
132.804 0.000244114
129.382 3.71996e-05
132.289 0.000240468
129.715 0.000269536
131.337 3.75154e-05
128.933 0.000235991
124.366 0.000252238
129.044 0.000236762
129.215 7.07568e-05
