119.51 0.000950055
118.39 0.000456848
120.836 0.000958683
120.309 0.00101492
119.882 0.00108688
121.076 0.000887921
120.875 0.000989956
120.994 0.000946234
116.23 0.000971002
122.574 0.000147259
120.972 0.000974683
122.22 0.0009409
117.905 0.000949337
120.468 0.000957311
121.115 0.000988885
119.901 0.00100366
117.135 0.000817604
119.718 0.00098512
118.818 0.000967468
118.316 0.000976326
123.102 0.00100389
122.493 0.000945712
120.815 0.0010824
120.256 0.000947166
118.89 0.000647337
121.263 0.000897767
119.655 0.000991236
119.361 0.000994205
121.544 0.00106381
120.802 0.00108065
118.725 0.000948734
115.879 0.00103693
119.338 0.00093922
120.174 0.00106476
116.786 0.000928451
118.313 0.000948785
120.589 1.82579e-05
120.355 0.00106052
117.909 0.000965385
119.204 0.000983887
117.483 0.0010338
117.999 0.000967054
115.135 0.000645826
117.893 0.0010288
120.452 0.00107832
120.936 0.000951948
121.879 0.00100184
117.583 0.00108445
120.281 0.00107812
121.137 0.00076837
115.473 0.000948826
122.163 0.000938516
117.411 0.00081557
118.581 0.000985806
120.267 0.000102316
121.139 0.00109924
124.437 0.00095619
118.56 0.00106347
121.581 0.000957695
121.639 0.000962363
119.277 0.000969432
121.925 0.000973458
118.425 0.000715161
118.089 0.00108668
116.179 0.000955679
119.296 0.000964474
119.016 0.000902436
120.869 0.000958953
120.29 0.00096518
118.287 0.000965288
119.489 0.000947867
118.55 0.000945391
120.733 0.000953834
121.27 0.000938857
121.597 0.000990632
119.472 0.000998061
122.156 0.00100342
120.05 0.00110264
116.091 0.000999824
118.016 0.00103378
123.621 0.00107924
119.177 0.000974533
119.359 0.000992026
123.537 0.000969294
119.951 0.000664262
116.031 0.000959342
118.395 0.00106362
120.516 0.000906382
120.583 0.000963123
121.351 0.00106469
119.458 0.00108343
117.676 0.00101075
119.329 0.000999669
120.745 0.000884351
117.052 0.000938826
120.472 0.000982274
119.065 0.000976932
117.595 0.00102181
117.857 0.00105258
116.123 0.000949909
119.31 0.001087
118.286 0.00109743
120.052 0.000937202
115.69 0.000982839
121.406 0.000959974
120.787 0.000983631
118.87 0.000946138
118.605 0.000987298
120.32 0.00100758
121.404 0.000972479
121.045 0.00109827
124.343 0.000994226
120.253 0.00100346
121.481 0.00098481
121.606 0.000948741
117.806 0.000999582
115.656 0.00104932
119.551 0.00102824
120.466 0.00101147
119.452 0.000806942
119.356 0.00106152
119.346 0.00106087
121.311 0.000369549
119.48 0.00108446
118.224 0.000968935
122.62 0.00102
119.19 0.000954167
117.11 0.000931451
120.202 0.00095408
119.465 0.00096981
118.977 0.0011126
120.597 0.000981517
120.687 0.000949032
122.839 0.000991487
120.997 0.000982848
122.227 0.000953679
117.169 0.00106879
118.929 0.00110555
116.774 0.000972436
120.501 0.00100558
119.462 0.00101279
117.635 0.000932061
121.089 0.000947292
120.583 0.00096443
118.362 0.000988069
119.062 0.000988982
119.026 0.000969243
126.444 0.00108871
117.743 0.00108414
120.072 0.000947521
115.049 0.00105724
119.368 0.000982866
122.242 0.00109108
118.973 0.000942408
120.509 0.000987354
118.935 0.000825289
116.54 0.00099579
120.778 0.00110292
118.811 0.00106235
119.493 0.0010135
118.586 0.000956629
116.907 0.000928322
126.541 0.00095729
120.967 0.00106314
118.128 0.000990517
119.062 6.97925e-05
121.335 0.000991531
120.078 0.0010093
116.741 0.000974478
120.558 0.000985696
118.702 0.000937758
119.412 0.00108882
119.388 0.000982455
118.959 0.00102736
117.784 0.00105097
119.837 0.000980073
118.983 0.000899201
119.715 0.000982924
