129.332 0.000617755
131.188 0.000582252
131.939 0.000599452
143.894 0.000578866
133.594 0.000395064
118.93 0.00059463
125.119 0.000611857
131.1 0.000571191
132.509 0.000659743
144.522 0.000565892
129.338 0.000283366
122.948 -0.000580393
143.627 0.000571155
129.453 -0.000584356
129.801 0.000554254
118.95 0.000646835
128.103 0.000597494
122.133 1.08297e-05
129.224 0.000553476
132.021 8.55346e-05
129.866 0.000597244
129.847 0.000598438
125.206 0.000593726
128.395 -0.000451934
126.464 0.000603294
122.074 0.000651932
126.329 0.000544795
129.348 0.00017098
126.285 0.000605222
136.586 0.000606858
129.187 0.000500826
129.728 0.000446061
131.745 0.000545164
127.383 0.000548734
135.031 0.000406656
129.368 0.000577437
121.856 0.000650629
127.294 0.000606524
131.197 0.000654716
125.757 0.000125195
130.984 0.000595925
136.039 0.000658381
131.062 0.000635208
122.521 1.09756e-05
129.862 0.000609897
150.321 0.000625487
129.291 0.000548644
129.222 0.000447535
129.404 0.000573841
128.705 0.000559448
130.332 0.000624335
129.119 0.000574352
124.302 2.29584e-06
120.142 0.000584342
143.093 0.000575981
126.68 0.000569842
132.939 0.000660202
132.639 0.000657898
119.506 0.000590857
121.134 0.000597475
120.149 0.00057099
135.926 0.000665405
130.402 0.000588539
128.229 0.000575911
118.031 0.000590433
125.984 0.000597511
152.4 0.000609184
127.481 0.000390664
130.857 0.00057507
122.582 0.00022364
134.899 0.000593632
125.79 0.00057392
131.287 -0.000579731
163.205 0.00064133
121.729 0.000605174
131.125 0.000572925
129.85 0.000593507
130.478 0.000618112
122.255 0.000631211
135.869 0.000395986
132.096 0.000572199
129.014 0.000518682
128.935 0.000477853
123.39 0.000605637
128.204 0.000575143
129.724 0.000653081
130.866 0.000600369
120.063 0.00059637
132.8 0.000573896
126.231 0.000574795
128.78 0.00066644
128.62 0.000634302
132.365 0.000461366
128.31 0.000577573
134.566 0.000573412
129.786 0.000640767
133.064 0.000545844
130.615 0.000544139
117.474 0.000568281
125.407 0.000225091
133.574 0.000607662
131.762 0.000594118
127.969 0.000591433
129.277 0.000646314
131.95 0.000543329
145.274 0.000494117
127.468 0.000565861
126.882 0.000654755
131.52 0.000591903
128.959 0.000653777
117.755 0.000633505
128.686 0.000668147
131.853 0.000617758
117.009 0.000626006
118.771 0.000536646
129.958 0.000607524
131.03 0.000581726
121.72 0.000597248
131.851 0.000693319
129.419 0.000571773
125.135 0.00062825
130.719 0.000611556
130.331 0.00059649
129.086 0.000640787
124.856 0.000627167
138.689 0.000583237
129.108 0.00063572
118.536 0.000549816
150.185 0.000555625
130.033 0.000625075
154.652 0.000525687
133.311 0.00060824
128.217 0.000541229
129.427 0.000611231
132.807 0.000634774
121.162 0.000641986
142.713 0.000647861
130.264 0.000645025
150.168 0.000397238
128.234 2.52881e-06
129.594 -8.68062e-05
149.885 -0.000579202
126.336 0.000602353
149.228 0.000587751
132.211 0.00063002
130.079 9.02357e-05
132.411 0.000641091
156.26 0.000123983
131.076 0.000585388
131.477 0.000582551
130.499 0.000575378
130.558 0.000583604
138.796 0.000523197
126.739 2.79503e-05
132.739 0.00065919
130.67 1.11801e-05
131.246 0.000599005
130.319 0.000577011
129.117 0.000604025
130.057 0.000122977
139.459 0.000642065
130.136 0.000586128
117.808 0.000578696
122.628 0.000586588
137.668 0.000604566
131.113 0.000581717
128.884 0.000576641
132.248 0.000594186
141.073 0.000586775
128.369 0.00058756
116.541 0.000585506
121.904 0.000602722
117.546 0.000582226
130.137 0.000650049
151.29 0.000597318
