129.695 0.000276942
130.161 0.000248028
129.933 0.00026155
123.276 0.000266456
129.593 0.000259079
129.045 0.000243057
130.602 0.00025348
129.089 0.000239458
129.503 0.000240689
128.758 0.000241359
128.994 0.00024669
128.992 0.000253817
125.771 0.000240484
130.213 0.000270467
128.51 0.000241523
128.927 0.000255336
128.78 0.000239521
130.396 1.82442e-05
130.69 0.000251883
133.498 0.00025764
129.963 0.000251154
129.165 0.000276611
129.616 0.000240548
118.192 0.000240667
130.202 7.27706e-06
129.11 0.00023233
129.957 0.000240864
128.423 0.000231574
118.879 0.000246201
126.836 0.000116482
127.973 0.000243463
124.974 0.000243714
131.275 3.7875e-05
130.356 0.000242323
130.76 0.000277899
128.616 0.000247883
129.386 0.000241242
127.802 0.00018862
128.309 0.000250851
130.926 0.000229407
129.075 0.00027139
129.734 0.000243463
131.497 0.000249405
130.934 0.00024664
130.172 0.00024323
129.546 0.000245028
130.647 0.000277687
132.911 0.000247938
132.376 0.000241818
128.144 0.000137982
119.194 0.000242916
123.998 0.000243868
129.856 0.000270669
129.947 7.40754e-06
128.617 0.000246082
131.397 0.00024176
130.437 0.000239219
131.59 0.000274156
130.574 0.000184386
128.83 0.000242628
130.234 0.000239364
123.073 0.000277859
128.9 0.000201647
127.914 0.000244963
128.15 0.000225332
125.72 0.00024445
127.745 0.000263576
128.967 0.000241236
129.884 0.000242801
128.261 0.000240238
125.862 0.000249049
