128.361 0.000147554
121.368 0.000141644
117.773 0.000145645
125.671 0.000155275
126.231 0.000136926
126.547 0.000117396
120.889 9.96402e-06
120.128 0.000136749
123.927 6.46456e-05
124.027 0.000140181
125.719 0.0001457
124.862 0.000143983
123.465 0.000146851
119.991 0.000147426
123.672 0.000104086
132.013 0.000104611
125.092 0.000141207
123.296 4.03488e-05
126.595 0.00013641
125.648 0.000143152
126.931 0.000136267
128.6 0.000142182
124.22 0.000106616
122.941 0.000142227
123.898 0.000141013
134.375 0.000132581
118.348 0.000135273
125.566 0.000141339
127.372 0.00013581
134.636 0.000136074
165.268 0.000151492
126.859 0.000142892
122.182 0.000141109
123.937 0.000154499
124.637 9.48774e-05
115.336 0.00013839
124.789 0.000137166
126.882 0.000137228
125.4 6.53089e-06
122.138 0.000105784
122.18 0.000143913
124.998 0.000140065
125.523 0.000133754
123.653 0.000134646
123.981 0.000141781
127.498 0.000155079
125.279 0.000154468
124.728 0.000135519
124.216 0.00013725
128.283 0.000130076
127.044 0.000137961
123.456 0.000149959
124.158 0.000153992
125.113 0.000141587
124.315 0.000136328
125.759 0.00015633
126.102 0.000155206
123.502 6.48351e-05
122.479 2.07732e-05
126.623 0.000138437
126.1 0.00012431
129.989 0.000146322
123.345 0.000135077
127.35 0.000158408
124.375 0.000139529
127.383 0.000137854
121.337 0.000102049
127.721 0.000137011
126.399 0.000137307
124.528 0.000147699
124.891 0.000140214
120.61 0.000154332
124.704 0.000130691
124.764 0.000125199
125.748 5.88822e-06
124.758 0.000134052
123.618 7.8591e-05
120.158 0.000117173
150.412 0.000146107
124.661 0.000135607
125.085 3.34384e-07
119.093 0.000143026
145.5 0.000137438
121.941 0.00014273
123.322 9.21321e-05
123.444 0.000133112
127.246 0.000136655
126.862 0.000144684
124.275 0.000154528
123.689 0.000118013
123.579 0.000139519
118.44 0.000135001
122.975 0.000135141
125.642 3.93027e-05
122.986 0.000153971
120.762 0.00015021
122.704 0.000140548
127.039 0.000140742
119.072 9.24965e-05
130.937 0.000151564
122.067 0.000134924
126.93 0.000136487
152.5 0.000141443
124.261 0.00015746
123.716 0.00014112
140.895 0.000135467
123.535 0.000133183
122.359 9.27822e-05
126.022 0.000139469
155.771 6.45471e-05
133.405 0.000143832
129.263 0.000149545
125.484 0.000136777
126.175 0.000146089
128.271 0.000154588
124.879 0.000140811
124.574 0.000142343
125.945 5.62222e-07
121.168 6.59231e-06
132.218 0.000141749
125.722 0.000135334
125.972 0.000134259
152.408 0.000136368
124.061 0.000138275
133.295 0.000127152
123.068 0.000135896
124.127 0.000124903
121.084 4.14721e-06
122.042 0.000119196
125.367 0.000134233
124.623 0.000137355
124.773 0.000141092
125.897 0.000134858
124.439 0.000143969
124.501 0.000135557
125.171 -0.000147436
122.781 0.000135477
121.223 0.000143489
125.111 0.000157618
125.352 0.000129253
122.884 0.000154221
125.083 0.000108611
115.202 2.9867e-05
120.355 0.000153579
124.219 0.000135682
117.511 -2.13928e-05
120.576 0.000137883
123.586 0.000105042
124.525 0.000154169
128.438 0.000131078
123.833 0.000139338
123.607 0.000141731
124.138 0.000138331
123.038 0.000138568
121.56 0.000135869
125.388 0.000139037
124.641 0.000139771
125.856 0.000136517
124.033 0.000133329
126.66 0.000138592
123.015 0.000133229
124.236 0.000136273
122.588 0.000152856
138.912 0.00013865
122.113 0.00013259
126.342 0.000137239
126.018 5.07664e-05
124.367 0.000121817
124.844 0.000155124
116.64 0.000138761
125.868 4.06329e-06
125.971 0.000104524
125.427 9.98358e-06
123.943 0.000150395
132.555 4.87413e-05
117.104 0.000140794
127.949 0.000134963
125.079 0.000134108
140.088 0.000132485
131.257 0.000142685
123.983 0.000140499
125.241 0.000136916
122.969 0.000160381
128.287 0.000141313
126.069 0.000117622
126.057 0.000153882
119.162 0.000138474
124.972 0.000146995
125.222 0.000125993
125.169 0.000143392
125.916 0.000150442
124.59 0.000137011
117.396 0.000135078
125.918 0.000135272
133.646 0.000141025
124.007 0.000119821
124.683 1.46018e-05
118.609 0.000140775
124.911 0.000150634
125.954 0.000139594
125.371 0.000140256
126.344 0.000136398
119.748 2.58634e-06
118.222 2.94912e-05
122.803 0.000135853
124.793 0.000134603
125.692 0.00014367
125.173 4.01799e-05
120.915 0.000139271
119.376 0.000136039
123.636 0.000153454
138.205 0.00013592
125.402 -0.000136626
129.578 5.67941e-07
125.495 0.000141048
124.195 0.000134125
126.451 0.0001344
124.37 -0.000134141
122.387 0.000152107
123.263 0.000127718
117.491 0.000136876
123.919 0.000160612
121.842 0.000150555
124.698 0.00013226
125.611 6.58657e-05
160.901 0.000140458
121.594 0.000133369
124.676 0.000152308
125.381 0.000142006
122.448 0.00014238
124.295 0.000105291
125.419 0.000142051
124.516 0.000152214
124.306 0.000138318
148.846 2.08699e-05
123.047 0.000160141
125.704 6.17545e-05
123.454 0.00013525
122.996 0.000155744
123.958 2.63322e-06
126.119 0.000134025
152.667 0.000155107
126.426 0.000152275
129.322 0.000109798
128.506 9.47114e-05
122.557 0.00013711
120.777 0.000135585
125.946 0.000142018
126.904 6.50974e-05
125.75 6.51697e-05
122.597 0.000139016
125.853 0.00013821
121.08 0.000143871
122.479 0.000154869
135.677 0.000163207
122.405 0.000155679
122.54 0.000144293
120.133 -0.000137764
124.861 2.12613e-05
143.807 0.000135302
124.899 0.000154627
125.077 5.13026e-05
122.885 0.000140401
125.101 0.000135401
126.584 0.000135069
123.462 0.000144683
124.767 0.000141027
125.312 0.000153645
127.375 0.000149269
124.008 -0.000143321
123.574 0.000145738
147.092 9.4059e-07
124.692 0.000138033
125.212 0.000134329
127.778 0.000152963
124.02 0.000140666
126.776 0.0001365
138.015 0.000136773
125.219 7.79974e-05
120.217 0.000156789
126.708 0.000156934
118.661 0.000153833
123.218 0.000117207
126.275 0.000137289
124.446 0.000141191
125.195 0.000151883
122.669 0.000144819
124.462 0.000137612
125.127 0.000143981
125.357 0.000135168
120.107 0.000141485
127.054 0.00014689
122.945 0.000135768
124.936 2.75463e-05
125.6 0.000133977
124.313 0.000106999
124.848 0.000104218
125.617 0.000156738
123.391 0.000141409
123.494 0.000137816
124.932 0.000136927
126.312 0.000139327
122.022 0.000116809
125.267 0.000155467
126.152 0.000151998
153.836 0.000138707
123.029 5.2354e-05
123.98 0.0001389
124.369 0.000135362
124.605 0.000156342
119.6 8.47146e-05
130.287 0.000103806
125.479 0.000133139
117.129 0.00015137
122.182 0.00013691
125.88 0.000136483
124.862 0.000134418
123.277 4.00901e-05
125.626 0.000144681
122.042 0.000138873
126.532 0.000145601
124.589 0.000139704
118.642 0.00015153
126.113 0.000142157
125.314 0.000141943
126.566 0.000147287
124.397 0.000139653
126.457 0.000146934
125.132 0.000138267
146.964 0.000135482
122.842 0.000153402
125.032 0.000136426
124.993 0.000133767
123.52 0.000127352
167.081 0.000155936
126.286 0.000154296
125.361 0.000137605
124.606 0.000140045
123.721 0.000143407
124.305 0.000151841
123.747 0.000139283
124.715 0.000141479
127.204 0.000134663
121.833 0.000138943
121.8 0.000130089
124.895 4.14242e-06
125.122 0.000137929
126.384 0.000137593
125.295 -7.65676e-05
122.971 0.00013596
120.197 0.000135516
127.021 0.000147454
127.024 3.06053e-05
123.747 0.000139459
119.029 0.00010508
126.896 7.9322e-05
126.479 0.000144273
123.509 0.000154387
124.853 5.7341e-07
124.222 0.000144617
125.479 0.000139823
141.28 0.000139544
125.688 0.000156092
122.962 0.000137848
123.456 0.000137587
124.763 0.000141573
118.194 0.00012371
141.112 0.000142835
126.331 0.000147857
124.388 0.000135686
129.205 0.000134965
121.449 0.000153424
123.784 0.000131547
123.975 0.000142893
121.571 0.00014592
122.987 0.00013681
136.238 0.000137703
125 0.000133516
127.591 0.000140286
117.46 0.000138701
122.348 0.000156838
124.64 0.000130063
125.047 0.000142318
125.481 0.000152767
124.817 0.000145747
115.889 7.80148e-05
126.236 -0.000138634
124.98 0.000135256
124.468 3.39076e-07
130.453 0.000136228
124.693 0.000149465
122.557 0.000138944
126.023 0.000153661
125.403 9.52051e-07
123.503 0.000138308
123.474 0.000152757
121.826 0.000143365
151.299 0.000136837
125.186 0.000134298
144.96 6.00276e-05
150.392 0.000136444
122.356 0.000134704
123.641 0.000142789
124.933 0.00013952
120.77 0.000135146
148.295 6.36246e-05
122.709 0.000133195
122.719 0.000140138
131.519 0.000139671
125.342 0.00013931
125.222 0.000138984
124.658 0.000156179
123.052 0.000137447
126.193 0.000154472
118.702 0.000139032
125.47 0.000152424
123.761 6.50569e-05
119.155 0.000157838
124.496 0.000140863
123.004 0.000136318
124.122 0.000145862
125.95 0.000134847
123.317 0.000134841
125.153 2.13385e-05
127.325 0.000120654
127.453 0.000151651
124.561 0.0001392
123.638 0.000158994
126.462 0.000142157
125.697 0.000140348
124.545 0.000139584
123.384 0.000137758
124.193 0.000142212
122.739 0.000135347
126.728 0.000143069
123.028 0.00015807
129.052 0.000135358
127.054 0.000138134
127.581 0.000156308
122.376 0.000140889
128.398 0.000137417
122.77 9.74937e-06
120.512 0.000153657
127.915 6.42361e-06
126.104 2.42622e-07
153.247 0.000135854
122.797 0.00013847
124.815 0.000151656
125.683 0.000137156
122.563 0.000126458
118.968 0.000141706
126.196 0.000146124
124.787 0.000129744
125.342 0.000137971
127.127 0.000159177
122.592 0.000134544
126.65 -0.000134242
125.11 0.000132116
124.853 0.000135719
155.569 0.000135726
125.344 0.000156607
127.414 0.000157967
122.595 0.00013686
124.054 0.000146496
123.542 0.000138958
146.465 1.41585e-05
125.012 0.000135024
125.066 0.000150984
125.856 0.000134277
124.149 0.000138505
124.809 0.00013646
120.245 0.000135853
159.906 0.000141329
122.853 0.000155847
123.782 0.000117444
124.118 0.000145799
125.906 0.000141542
115.329 0.00014683
125.621 0.000149781
121.497 0.00014264
124.266 0.00013802
123.297 0.000125954
125.544 0.00015985
124.642 0.000155232
125.584 0.000129438
136.153 -0.000135555
115.575 0.000140569
123.822 0.000116765
138.36 6.01895e-05
125.353 0.00014125
125.94 0.000143119
124.505 0.000144554
124.676 0.000117368
117.053 0.000139628
124.771 0.000135212
123.957 0.000144673
125.015 0.000135681
126.277 2.64121e-06
123.054 0.000136365
125.374 0.000126669
125.8 0.00013953
125.164 0.000141634
126.654 0.000157047
131.908 2.99512e-05
119.745 0.000139438
125.755 0.000140517
124.594 0.000128121
123.919 0.000138464
122.025 0.00015771
125.434 0.000151803
127.074 0.000135123
124.254 0.000145002
121.008 9.95977e-06
125.48 0.000137087
126.423 -0.000127476
128.964 0.00014089
129.859 0.000142953
126.102 1.9518e-05
125.292 0.00013619
123.921 0.0001543
126.228 0.000155296
126.072 0.000136252
125.136 0.000104009
124.148 0.000145512
122.161 0.000135587
123.139 9.37722e-08
126.266 0.000131945
125.247 0.000133268
126.916 0.000135024
125.098 0.000137743
126.514 0.00014216
125.223 0.000136941
124.947 0.00013836
124.07 0.000158738
124.572 0.000138979
125.714 0.000131977
125.842 0.000140928
142.827 0.000156698
120.746 0.000138052
139.854 0.000139461
123.648 0.000155139
154.741 0.000128594
123.717 0.000135742
125.441 0.000154044
126.061 0.000154616
125.239 0.000134361
155.439 0.000143555
123.456 1.46938e-05
122.551 0.000145458
123.661 0.000133627
125.564 0.00013658
117.545 0.000127929
125.627 0.000140238
139.088 0.000155534
118.748 0.000157991
123.175 0.000157098
124.36 0.000144154
126.66 0.000137109
123.211 0.000123766
116.645 0.000139516
123.851 0.000138462
124.39 0.000138312
127.166 0.000152216
125.795 0.000151616
126.901 0.000146266
123.21 0.000139971
126.012 0.000145348
124.773 0.000138415
125.047 0.000154823
124.835 0.000134009
127.694 0.00013682
121.693 0.000136655
124.506 0.000137395
115.187 0.000154552
123.026 0.000145047
126.779 3.47286e-07
126.033 0.000135563
123.501 0.000135319
124.066 0.000134799
123.85 0.000142548
124.946 0.000136519
125.166 0.000140265
126.429 0.000142298
142.575 0.000142308
126.207 0.000153884
128.498 -0.000126113
126.21 0.00015507
123.299 0.000140048
140.235 0.000136261
124.878 0.000134547
140.955 0.000138685
125.297 0.000135443
124.355 0.000148158
125.731 9.83804e-06
125.511 0.000139316
122.337 0.000146286
123.999 0.000155408
123.038 0.000156453
125.777 0.000115458
122.554 0.000134643
125.474 0.000108512
122.775 0.000138366
124.78 0.000117066
127.152 0.000155948
124.588 0.000134675
123.497 0.000142118
127.174 0.000141137
115.133 0.000137604
120.817 0.000142894
150.948 0.000128527
123.848 0.000140651
124.443 2.92024e-05
119.915 0.00014206
127.785 0.000134761
124.517 4.03586e-05
126.722 0.000155478
126.012 0.000144967
123.828 0.000145398
125.201 0.000137811
122.984 0.00014684
126.42 0.000137932
125.199 0.000150933
123.941 0.000133163
126.028 0.000137481
121.001 0.000130527
126.59 0.000143277
125.923 0.00014108
126.216 0.000153851
126.396 0.000139036
125.482 0.000157291
120.633 0.000141973
135.081 0.000133234
124.782 0.000138528
121.061 0.000138254
126.502 0.00013709
127.092 0.000136685
125.565 0.000136351
121.853 0.000127666
120.892 0.00013761
124.595 0.000135579
122.788 0.00013809
123.575 0.000153464
125.815 0.000145859
120.961 0.000146205
124.346 0.000124792
123.609 0.00015335
122.448 0.000142527
145.538 0.000132805
149.323 0.000127511
124.93 0.000152086
126.324 0.000152164
124.954 0.000151545
126.206 0.000141683
117.057 0.000140705
124.356 2.10018e-05
124.35 0.000144132
125.339 0.000139966
125.31 0.000135488
123.679 0.000134938
126.22 0.000142905
126.016 0.000139443
125.329 0.000136678
126.263 0.000140541
125.797 0.00014195
126.986 0.000135347
123.193 0.000144752
123.712 0.000137407
123.392 0.000139089
124.974 2.59384e-06
120.026 0.000147117
163.266 0.00014153
125.469 0.000146408
125.128 0.000145898
117.75 0.000145006
125.199 0.000145072
126.475 0.000140653
124.802 0.000156057
123.808 0.000138425
122.901 0.00013668
122.938 0.000133337
123.825 0.000141573
121.341 0.00013605
122.929 0.000135623
127.061 0.000135138
120.859 0.000134823
123.887 2.09258e-05
125.831 0.000129547
118.134 0.000146031
126.904 0.000138204
124.762 0.000135384
122.896 0.000136051
125.708 0.000155452
124.844 0.000141654
125.044 0.000134693
