119.865 0.000151489
121.72 0.000148116
116.672 0.000150902
120.272 0.00015458
119.886 0.000169619
118.922 0.000155547
118.354 0.000171082
122.875 0.000148558
116.902 0.000156848
118.48 0.000157794
116.08 0.000140709
120.145 0.000152161
121.573 0.000148869
120.497 0.000156114
117.442 0.000150657
118.69 7.39119e-05
119.354 0.000162784
123.361 0.000143606
120.464 0.000148958
118.476 0.000149237
121.391 0.000104159
118.009 0.000169425
119.236 2.87111e-06
120.741 0.000158767
118.138 0.000147648
119.915 0.000116941
119.394 0.00015775
119.665 0.000147158
115.694 0.000147101
119.747 4.3635e-05
116.233 0.000170549
120.587 3.36058e-05
118.527 0.00012668
120.201 0.000146455
120.854 0.000155186
120.288 0.000164309
124.239 0.000143169
119.748 0.000164979
120.106 0.000159762
120.489 0.000158731
119.107 0.000168254
120.985 0.000163984
117.906 0.000150158
121.595 0.000151485
118.936 0.000139995
121.016 0.000148483
120.077 0.000150099
120.988 0.000161368
120.663 0.000139964
121.267 0.000156989
122.424 0.000153091
121.319 6.71666e-05
118.011 0.000148672
120.206 0.000147812
119.426 0.000103558
117.4 0.000152429
120.309 0.000149886
120.325 0.000148519
119.997 0.00014887
116.166 0.000156015
119.167 0.00013547
119.095 0.000152556
122.049 0.000159188
120.861 0.00014918
119.756 0.000156188
120.312 0.00015225
116.691 0.000170788
118.72 0.000152821
120.033 0.000154945
119.863 0.00014425
120.822 0.000159398
119.629 0.000147404
120.828 0.000169893
122.78 0.000147501
120.495 4.05805e-05
125.206 0.000151228
119.662 4.5077e-05
120.964 0.000149036
119.063 0.000148443
121.342 0.000148677
121.436 0.000151027
120.622 0.000154244
119.99 0.000153374
116.411 6.98178e-06
119.556 0.00014055
121.17 0.000130118
119.727 0.000151078
116.215 0.000174339
120.674 0.000167019
119.192 0.000150209
118.879 0.000149216
119.67 0.00015514
120.598 0.000148777
118.774 0.000156215
119.672 0.000155652
119.608 0.000159107
121.526 0.000148461
119.291 0.000166576
119.887 0.000144128
121.372 0.000150655
116.628 0.000139805
122.936 0.000153109
119.918 0.000172525
119.28 0.00015763
116.467 2.32951e-05
115.707 0.000149755
120.332 0.000153302
116.542 0.000166689
119.615 0.000151331
118.72 0.000156118
119.933 0.000141841
118.787 0.000149133
119.779 0.000173369
119.852 0.00014672
119.636 0.000147927
119.999 0.00017252
116.132 0.000168424
122.953 0.000152996
117.412 0.000151226
119.453 0.000168317
119.298 0.000150746
120.556 0.000144882
117.918 0.000168486
120.119 0.000149041
119.362 0.000152506
120.332 0.000145154
120.436 0.000150852
120.753 0.000147273
118.146 0.000169466
122.268 0.000172084
118.856 0.000154039
120.453 0.000153911
118.862 0.000131149
116.763 0.000152061
115.23 0.000172072
119.972 0.000172139
120.255 0.000165539
124.631 0.000151813
142.809 0.000152562
121.034 0.000140468
116.999 0.000163007
120.163 0.000154457
115.544 0.000147687
124.713 1.10505e-05
120.219 0.000146652
120.616 0.000164713
120.267 0.00016663
119.413 0.000171724
118.184 0.000142483
116.199 7.92653e-05
120.501 0.000156405
121.323 0.000150209
126.603 0.000143893
119.136 0.000170517
120.728 0.000175854
119.446 0.000161056
121.123 0.000153537
118.431 0.000163206
115.923 0.000155105
118.448 0.00016787
117.119 0.000147158
127.458 0.000146144
118.842 1.12593e-06
119.965 0.000147998
118.564 0.000156072
120.266 0.000166528
120.543 0.000167764
117.836 0.000158267
118.727 0.000166723
119.1 0.000155239
119.74 0.000173002
118.403 0.000138654
119.511 0.0001374
123.542 0.000132509
120.663 0.000145596
121.212 0.000154927
117.355 3.19156e-05
117.871 0.000158772
116.35 0.000154243
121.115 0.000172657
122.758 0.000147949
121.304 0.000146559
120.026 0.000168024
119.035 0.000156201
121.735 0.000167614
118.682 4.48278e-06
120.577 0.000145961
122.434 0.000143824
121.966 0.000142739
120.083 0.00015026
120.381 0.000156131
119.585 0.000145211
121.711 7.00872e-06
117.483 0.000154266
119.482 0.000100265
119.311 0.00015541
119.17 0.000149773
121.576 0.000170394
120.003 0.000137828
118.443 0.000151035
120.347 0.000139849
117.719 0.000151903
119.872 0.000149331
118.389 0.000175019
119.486 0.000140729
121.138 0.000166016
117.66 0.000151413
118.127 0.000156464
119.67 -0.000147564
120.45 0.000114257
118.766 0.000174709
121.94 0.000151716
120.742 6.96296e-05
119.754 0.000157473
119.348 0.000149376
119.008 2.18824e-07
120.684 0.000150734
119.271 0.000160878
120.512 0.000149512
121.045 0.000135148
115.479 0.000145277
117.254 0.000144797
118.226 0.000151734
119.555 0.000156485
119.777 0.00015474
120.075 0.000153889
119.608 0.000155668
115.921 0.000136614
119.941 0.000170073
121.256 0.000142201
120.084 0.000169145
122.421 0.000154373
119.057 0.000148338
117.836 0.000150232
118.042 0.000155764
120.524 0.000150789
118.651 0.000149734
118.987 2.32046e-05
118.034 0.000163799
115.406 0.000152548
119.073 0.000163178
120.5 0.000142786
119.673 0.000152814
119.284 0.000150906
119.356 0.000100744
119.227 0.000149629
121.965 0.000146879
121.763 0.000115648
125.559 0.000142658
116.607 0.00015223
120.776 0.000140331
122.438 0.000151302
120.182 0.000163342
120.029 0.000158866
119.661 0.000113872
120.281 0.000146431
117.673 0.000148657
119.525 0.000159558
120.031 0.000152369
121.164 0.00016155
120.089 0.000149085
118.812 0.000148826
121.104 0.000153105
115.561 0.000166573
122.462 0.000148909
118.762 0.000164845
117.504 0.000141924
120.132 0.000155612
119.939 0.000162322
117.21 0.000150122
117.88 0.00015808
117.32 0.000154288
119.684 0.000149292
118.517 6.43217e-06
119.625 0.000166146
120.079 0.000149666
121.056 0.000169609
119.601 0.000158751
120.36 0.000147513
118.017 0.000155596
123.44 7.06801e-05
118.069 0.000145586
121.03 0.000149249
119.735 0.00014452
118.24 0.000159334
121.426 0.000164462
119.219 0.000173469
117.902 0.000149148
120.654 0.000145729
119.271 0.000151614
119.718 0.000148981
117.502 0.000165419
119.848 0.000150264
120.147 0.000144108
120.239 0.000149295
117.223 0.000171299
117.154 0.000149448
121.208 0.000149395
120.47 0.000151896
118.682 0.000153784
118.964 0.00015968
120.628 0.00016514
123.081 0.000150029
119.594 9.93353e-05
123.442 0.00014969
117.804 0.000146393
115.354 0.00014579
119.405 0.000153315
121.996 0.000151783
120.301 0.000156782
121.665 9.99889e-05
118.477 0.000146663
120.522 0.000146465
118.622 0.000151457
115.789 0.000168887
119.221 0.000150058
119.684 0.000140871
119.738 0.000140345
119.254 0.000157232
119.997 0.000154685
118.575 0.0001601
118.957 0.000166332
115.367 0.000156604
123.217 0.000161039
117.314 0.00016357
118.465 0.000150849
117.173 0.000174156
116.165 0.000181258
122.31 0.000152634
119.257 0.000140585
118.969 0.000142755
121.786 0.000143475
118.482 0.000150224
119.61 0.00015792
119.289 0.000146859
121.739 0.000154264
115.338 0.000160327
122.39 0.000164822
119.08 0.000149469
123.568 0.000161397
120.053 0.000153302
124.438 8.32359e-05
119.345 0.00014914
119.085 0.000147758
117.391 0.000175098
120.827 0.000149253
119.254 0.000153284
118.272 0.000163605
120.317 0.000167079
120.379 0.000146569
120.227 0.00015482
118.735 0.000147785
119.254 0.000165447
119.936 0.000152622
120.208 0.000149962
119.056 0.000151342
121.3 0.000159841
119.977 0.000147659
120.898 0.000161661
119.733 0.000154407
120.37 0.00014701
119.846 0.000150303
119.933 0.00016991
116.957 0.000170748
118.762 0.000146086
120.171 1.59153e-05
120.542 0.000149616
120.995 0.00013718
119.544 0.000149655
118.365 0.000145667
121.521 0.000150726
119.23 0.000159279
116.795 0.000148314
118.5 0.000143225
120.755 0.000156914
121.982 0.000174047
118.809 0.000162217
121.129 0.000154819
117.111 0.000154818
120.335 0.000165116
120.769 0.000154564
120.026 0.000149462
118.746 0.000151655
120.607 0.000152628
117.87 0.00012555
119.933 0.000147169
120.396 0.000165194
119.189 0.000150128
118.874 0.000170675
120.089 0.00014976
121.151 0.000153145
116.837 4.13003e-06
117.844 0.00016721
119.427 0.000158535
121.257 4.37303e-05
121.436 0.000156517
116.372 8.95731e-05
117.031 0.000164436
118.851 0.000146947
118.41 0.000150844
118.704 0.000163667
118.428 1.03904e-06
120.695 0.000169398
117.851 0.000148767
117.06 0.000131933
125.123 0.000141055
118.317 0.000154177
119.356 0.000145925
118.231 0.000170192
119.102 0.000153632
120.187 0.000152703
119.444 3.17048e-05
119.825 0.000155122
117.987 0.00014804
119.339 7.22134e-06
119.257 2.26293e-05
116.321 0.000167685
119.078 0.000152561
120.845 0.000171114
120.01 0.000167971
120.657 0.000149718
118.259 0.000161087
120.381 0.000141803
118.115 0.000164976
119.529 0.000150842
120.03 0.000145446
116.332 0.000101812
119.805 0.000150246
119.971 7.1448e-05
123.382 0.000159203
120.768 5.71646e-05
119.78 0.000137552
117.907 0.000101494
122.09 0.000149842
120.562 0.000171649
118.408 0.000149375
118.02 0.000148942
119.291 0.00014815
121.499 0.000158165
120.527 0.000150226
119.707 2.2368e-05
117.498 0.000140696
119.701 0.000148492
119.642 0.000156011
115.852 0.00016713
117.721 0.000168017
116.923 0.00013958
120.196 0.00016302
118.567 0.00017578
119.531 0.000161856
116.569 0.000153596
121.381 4.40346e-05
120.664 0.000153107
118.555 0.000148729
119.552 0.000155484
119.68 0.000147319
118.54 0.00017308
121.48 0.000141198
118.727 0.000159847
119.092 0.000152993
118.535 0.000162676
117.973 0.000144015
121.265 0.000139514
118.824 0.000141693
120.121 0.000147052
120.397 0.000148497
118.717 0.000170023
118.862 0.000171126
120.816 0.000124845
116.172 0.000170258
118.576 0.000169722
118.888 0.000138012
119.59 0.000152058
119.709 0.000145779
118.413 0.000149804
120.402 0.000158441
117.694 0.000155164
119.577 0.000127853
120.199 0.00015209
120.046 0.000149715
121.568 0.000150081
118.431 0.000184443
118.695 0.000156314
118.742 0.000148869
119.172 0.000178829
119.109 0.000150024
117.677 0.00016484
119.776 0.000141689
118.816 0.000155358
118.438 0.000153381
121.251 0.000169126
119.641 0.000154973
120 0.000148835
120.304 0.000168812
121.393 0.000147869
121.654 0.000155928
120.298 0.000157668
118.103 6.13419e-07
120.199 0.000148496
118.356 0.000153918
118.276 0.000156405
119.028 0.000156331
119.98 0.000144481
118.575 0.000153138
117.981 0.000155094
119.009 0.000164511
120.004 0.000139179
119.561 0.000145074
122.242 0.000159618
118.071 0.000124761
120.033 0.000168979
119.889 0.000138928
117.801 0.000150105
119.296 0.000139439
117.542 0.000147714
125.183 0.00014229
119.204 0.000160144
119.729 0.0001512
121.005 0.000127422
121.23 0.000152466
119.669 0.000156016
119.794 0.000174324
117.788 0.000101746
123.125 0.000154646
117.518 0.000151595
118.868 0.000152436
121.187 0.000151348
119.677 0.000156714
122.452 0.000158501
119.875 3.19281e-05
115.479 0.000165255
119.686 0.000152796
117.912 0.000154116
117.46 0.000125571
119.101 0.000150423
117.338 0.000177922
116.018 0.000155535
120.712 0.00014643
118.368 0.000155741
120.64 0.000150823
118.877 0.000150471
118.193 4.30495e-05
119.203 0.000147269
121.702 0.000138968
120.272 0.000149256
117.007 0.000154673
119.232 0.000151086
119.047 3.26331e-05
120.925 0.000167905
119.404 0.000167697
118.47 0.00015903
115.169 0.000147447
120.72 8.55016e-05
121.947 0.00015363
119.422 0.000152871
118.808 0.000163511
119.269 0.000152123
120.578 0.000163036
121.371 0.000149312
120.861 0.00016193
118.842 0.000157891
117.722 0.000160034
122.174 0.000152806
124.424 0.000139082
120.682 0.000150152
116.949 0.000153944
119.448 0.000145968
119.607 0.000138116
121.34 0.000143619
119.961 0.00014693
120.196 0.000154879
120.378 0.000163961
119.621 0.000151562
117.883 0.000148221
121.25 0.00016023
118.327 0.000143648
119.112 0.000154993
121.026 0.000160098
117.752 0.00014603
122.394 0.000138555
121.493 0.000167244
119.742 0.000115362
120.456 0.000149634
121.799 0.000139585
121.988 0.000108948
118.608 0.000171389
120.198 0.000157107
119.935 0.000149416
119.619 7.08498e-05
119.502 0.00014693
118.719 0.000129198
119.344 0.000161788
118.382 0.000159105
119.608 0.000149554
117.241 1.0403e-05
117.97 0.000153931
120.754 0.000174706
116.978 0.000140185
121.716 0.000154257
123.569 0.000154613
116.593 0.000151254
119.937 0.000125485
118.499 2.33282e-05
119.353 0.000151869
119.862 0.000156097
118.942 0.000151664
118.14 0.000153778
120.273 0.000146611
119.601 0.000161643
121.535 0.000168657
118.352 0.000167433
119.945 0.000176059
121.833 0.000148537
120.758 0.000147004
120.733 0.000149401
120.212 0.000168643
118.034 0.000157361
118.659 0.000150311
117.841 2.38843e-05
121.827 0.000153727
118.671 1.71767e-06
118.181 0.000148294
118.167 8.62138e-05
120.502 3.2183e-05
118.867 0.000153481
118.474 0.000154559
119.859 0.000159073
120.915 0.000154592
118.97 0.00014316
118.418 0.00016047
122.092 0.000147991
123.124 0.000146382
118.627 0.000149256
118.667 0.000152169
119.64 0.000148948
119.979 0.000147314
119.675 0.000148243
117.692 0.000144987
119.509 0.000149332
116.804 0.000138423
120.823 6.68228e-06
120.602 0.000144463
119.401 0.000134433
121.331 0.000153063
118.385 0.000170025
119.841 0.000149857
122.37 0.000162158
117.487 7.26172e-06
118.767 0.000162316
118.922 0.000162214
121.037 0.000160105
119.249 0.000150994
118.485 0.000152593
119.078 0.000137713
120.524 0.000145493
119.426 0.000165452
121.404 0.000149068
118.698 5.68446e-05
121.156 0.000175935
116.66 0.000111019
120.158 0.000148894
122.15 0.000156718
120.649 0.000150731
115.081 0.000128407
117.309 0.000160334
119.621 0.000155105
118.996 0.000136683
115.179 0.000157867
119.949 0.000123951
120.847 0.000115889
120.207 0.00015554
121.606 0.0001472
117.582 0.000164673
119.814 0.000160861
120.365 0.00014976
121.269 0.000145089
116.298 0.000150381
117.896 0.000146998
121.34 0.000174879
117.886 0.000167346
120.245 0.000148453
121.306 0.000167344
118.181 1.37926e-07
118.403 0.000163341
118.051 0.000116701
119.944 0.000159795
119.055 0.000167746
118.299 0.000154925
117.604 0.000150894
119.592 6.98674e-05
120.884 0.000168268
121.337 0.000153704
120.23 0.00016109
119.365 0.000168266
118.186 7.224e-05
118.823 0.000148494
121.736 0.000159409
121.215 0.000154073
118.503 0.000149524
122.624 0.000158855
123.07 0.000147376
116.563 2.28925e-05
120.472 0.000170526
115.874 0.000156961
120.445 5.96262e-05
121.348 0.000134051
118.882 0.000163455
122.901 4.50119e-05
121.64 0.000149818
120.255 0.000162761
119.472 0.000146997
120.295 0.000167859
118.834 0.000154675
118.36 0.0001554
118.456 0.000140146
120.277 0.000142987
119.149 0.000154954
116.599 0.000148296
122.891 0.000145766
122.742 0.000158927
115.98 0.000154633
124.406 0.000157992
117.507 0.000146807
119.603 0.000166983
116.815 0.000153302
120.446 0.00014225
120.705 0.00015626
119.921 0.000150499
121.592 0.000156739
121.272 8.41784e-05
120.47 0.000158564
119.608 0.000124908
119.175 0.000134431
118.766 0.000158651
122.329 0.000147217
122.758 0.000148616
118.63 0.000165558
123.377 2.30094e-05
119.103 6.59195e-05
120.814 0.000154595
121.598 0.000150817
117.667 0.000102146
119.146 0.0001596
122.468 0.000154981
119.585 0.000151336
116.961 0.000159508
122.264 0.000149305
116.887 0.00013974
117.977 0.000149321
120.305 0.0001675
119.881 0.000150445
117.282 0.000147465
120.201 0.000149291
120.633 0.000150073
119.364 0.000149896
121.943 0.000143537
120.508 0.00015831
119.061 0.000161839
120.316 0.000175962
115.745 0.00016842
120.145 0.000149386
118.82 0.000170445
121.305 0.000154838
121.905 0.000146068
119.038 7.20189e-05
119.015 0.000147745
117.523 0.000146385
119.117 0.000150164
118.314 0.000145652
117.954 0.000114999
119.512 0.000138614
122.448 0.000148878
118.941 0.000145341
119.62 0.000169671
118.547 0.000154293
119.039 0.000149183
115.067 0.000143219
119.899 0.000146454
117.056 0.000156735
119.451 0.000154795
118.523 0.000169909
117.779 0.000149637
119.03 0.000152237
120.889 0.000163249
122.072 0.000150235
120.956 0.000149827
121.728 0.000167937
118.491 0.000152669
120.754 0.000153879
117.6 0.000143599
119.718 0.000154756
119.691 0.000146822
120.5 0.000149579
120.603 0.000157343
120.722 1.69076e-05
119.05 0.000159678
119.235 3.00181e-05
122.422 0.000142457
120.06 0.000153919
116.781 0.000168826
119.096 0.000152787
122.054 0.000148146
119.613 0.00013341
123.221 0.00015507
120.145 0.000156364
118.622 0.000103002
120.956 0.000151743
116.239 4.46354e-05
120.006 0.000147716
119.519 0.000146842
121.104 0.000147248
118.257 1.37149e-07
116.989 0.000154519
121.044 0.000149209
117.838 0.000153178
121.165 0.000149842
116.941 0.000148133
120.453 0.000143518
120.283 0.000163034
120.405 0.000157954
120.365 0.000146119
118.395 0.000114976
121.291 1.60468e-06
120.191 0.000136155
121.158 1.09887e-05
120.274 0.000149204
120.019 0.000147533
120.788 0.000161188
117.913 0.00014021
119.106 0.000152789
122.299 0.000100901
118.582 0.000146737
117.718 0.000156504
118.7 0.000152371
119.927 0.000173779
118.364 0.000162083
119.021 0.00015122
121.14 0.000147112
122.686 0.000151178
120.095 0.000151123
121.613 0.000151771
118.642 0.00015693
116.759 0.000151844
115.725 0.00014363
118.549 0.000144964
121.57 0.000165826
118.842 0.000149547
120.111 0.00015529
117.106 0.000162267
122.557 0.00014495
121.527 0.000145351
118.899 0.000148215
118.876 0.000148451
119.574 0.000145366
119.819 1.70678e-06
119.619 0.00015193
118.488 0.000152211
120.273 0.000145691
118.481 0.000155827
116.596 0.000162369
121.021 0.000116598
121.503 0.000147671
118.074 0.000160711
115.844 0.000146093
119.467 0.000145889
123.369 0.000163091
120.564 0.000177071
119.519 0.00014938
121.906 0.000154409
119.973 0.000148451
119.722 0.000160516
119.456 0.000152739
118.357 0.000161106
119.803 0.000168065
119.228 0.000115305
120.886 0.000137982
117.76 0.000149346
119.789 0.000165579
118.549 0.000145116
121.055 0.000156923
122.176 0.000171812
118.845 0.000130679
119.522 0.000171062
119.656 0.000148236
122.146 0.000169598
119.908 0.000154751
117.989 0.000155355
119.346 0.000153365
121.561 0.00016073
122.907 0.00014817
120.959 0.000152212
119.515 0.00014917
118.012 0.000148956
116.133 0.000140736
118.684 0.000147796
119.721 0.00014758
120.096 0.000158719
123.606 0.000101555
117.167 0.000147346
118.283 0.000147977
117.421 4.34826e-06
120.117 0.000168356
119.896 0.000164842
120.597 0.000153217
124.491 6.98574e-05
120.055 0.000153074
117.9 0.000146896
120.933 0.000155127
116.68 0.00016787
119.693 0.000158462
121.636 0.000161793
120.425 2.86809e-06
121.761 0.000155666
119.891 0.000130217
118.258 3.16964e-05
119.739 0.000153022
119.622 0.000148174
122.708 0.000143809
122.017 0.000152025
122.624 2.87912e-05
120.205 0.000147677
120.573 0.000153449
120.919 0.000169421
122.825 0.000137722
119.319 0.000153299
118.982 6.85845e-05
119.375 0.000149492
121.434 0.000151034
119.738 0.000156552
121.511 0.000138664
121.918 0.000150087
119.49 0.000147169
120.706 0.00015074
121.069 0.000159196
116.979 0.000151573
117.996 5.77016e-05
121.494 0.000147329
120.308 0.000149217
116.014 0.000149613
117.381 0.000151088
119.499 0.000171394
119.623 0.00015843
120.857 0.000150736
118.614 0.000141191
123.237 0.000171268
121.345 0.000154915
118.434 0.000154719
121.122 0.000149575
116.818 0.00017093
120.137 0.000164114
119.938 0.000159705
121.2 0.00014959
120.07 0.000174078
120.086 2.0296e-05
117.574 0.000160198
116.861 0.000155256
120.193 0.000173825
119.661 0.000168301
123.149 0.000171601
119.61 0.000143265
121.954 0.000154809
121.035 0.000153552
119.477 0.000147659
121.546 0.000126331
115.101 0.000152811
120.014 0.000147133
121.104 0.00016326
121.935 0.000133811
117.805 0.000145238
116.361 0.000157248
117.147 0.000170195
121.266 0.000147435
120.539 0.000156037
124.092 4.52297e-06
118.354 0.0001675
118.869 0.000148282
115.069 0.000157201
120.875 0.000100755
117.785 0.000158404
117.347 0.000168997
118.019 0.000152244
118.997 0.000169309
122.777 0.000148478
119.483 0.000170142
118.714 0.000151474
123.78 0.00014774
120.152 0.0001458
117.919 0.000164775
117.209 0.000145492
119.749 0.000147532
123.4 5.6761e-07
118.776 2.86785e-06
120.876 0.000162653
120.798 0.000146843
115.794 0.000153783
121.677 0.000158321
120.002 0.000151142
119.358 0.000150841
117.906 0.000146751
120.597 0.000166968
120.577 0.000152806
120.191 0.000169996
121.45 0.00014887
118.615 0.00016921
119.671 0.000148941
119.765 1.08532e-05
118.961 0.000148461
117.359 0.000160707
123.603 0.000150477
120.056 0.000164536
116.377 0.000168696
120.598 0.000151869
120.921 0.000155202
116.79 0.000152938
116.434 0.000155691
120.3 0.000158731
119.179 0.000151336
122.492 0.000148779
119.912 0.000150333
121.069 0.000150876
121.715 4.18404e-06
121.362 0.000171044
119.613 0.000153947
