126.966 0.000174577
124.454 0.000168314
127.552 0.000130267
123.672 0.000169902
124.363 0.000168531
124.839 0.000166586
125.923 0.000142681
115.158 0.000164652
127.834 0.000188166
123.622 0.000172621
125.214 0.000183727
122.678 0.00018812
125.391 0.000183801
123.474 0.000190799
126.013 0.000161314
124.84 0.00017393
123.807 0.000164151
126.743 0.000184414
124.358 0.000188545
125.257 7.94643e-05
120.503 0.000187109
123.836 9.42111e-05
124.775 0.000169839
124.212 0.00016356
124.106 0.000189569
124.46 0.00016847
126.358 1.83736e-05
124.911 9.57348e-05
