118.283 0.000147639
121.509 0.000102557
119.371 0.000170452
119.272 0.000146765
120.393 0.000149062
118.713 0.000167023
120.261 0.000154287
118.121 5.43527e-05
132.971 0.000158002
120.723 0.000106508
121.165 0.000101948
119.625 0.00013649
119.307 5.75878e-05
117.379 0.000157971
119.585 5.72893e-05
120.476 0.0001585
122.553 0.000148504
120.322 0.000148302
117.789 0.000135161
123.324 0.000122095
119.167 0.000166538
119.327 0.000150942
117.601 0.000148503
120.123 0.000179292
116.59 0.000132046
119.209 0.000148335
119.954 0.000156405
120.058 0.000149839
119.507 0.000163168
117.385 0.000160298
120.132 0.000158904
123.672 0.000167685
119.816 0.000151963
120.234 0.000155126
122.484 0.000147921
118.188 0.000166985
115.131 2.24697e-05
118.717 0.000146506
119.017 0.00014954
118.386 0.000153858
120.834 0.000147699
118.217 0.000150604
119.86 0.000165091
120.16 0.000177026
117.057 0.000143169
121.459 0.000157272
120.306 0.000129504
120.158 0.000139681
118.312 0.000156117
119.001 0.000167386
120.807 8.72528e-05
120.188 1.09335e-05
121.018 0.000165546
121.885 0.000167497
119.453 0.00015311
121.851 0.000145234
117.269 0.000169267
124.002 6.643e-05
116.431 0.000147833
121.071 0.000168695
115.621 0.000149386
121.269 0.000154871
118.141 0.00014837
119.404 0.000129422
118.465 0.000150997
117.799 7.43672e-05
119.777 0.000146267
123.071 0.000166206
117.611 0.00016474
117.275 0.000151477
121.95 0.000159618
118.69 0.000152456
118.204 0.000170736
116.954 0.00016069
119.127 0.000162737
119.465 0.000147303
122.156 0.000150442
118.306 0.000160616
120.136 0.000174363
120.665 0.000151572
119.159 0.000150304
116.086 0.000150049
118.743 7.10336e-05
118.9 0.000153817
118.761 0.000154779
119.003 0.000158111
120.762 0.000157094
119.285 0.000164204
118.315 0.000149248
120.424 0.000161659
116.092 0.000156802
119.586 0.000153617
119.132 0.000150564
117.02 0.000154811
118.077 0.000140254
118.119 0.000160251
120.92 0.000135602
119.383 0.000156327
122.655 0.000155754
120.503 0.000145869
118.047 0.000134526
120.482 0.000152037
119.234 0.00015964
120.893 0.000170168
119.56 0.000150735
120.316 3.19281e-05
120.938 0.000177582
119.48 0.000147972
121.412 0.000157496
121.28 0.000140093
118.432 0.000147411
116.961 0.0001754
118.874 0.000167537
119.408 0.000155735
119.887 0.000147808
120.939 0.000170137
119.173 0.000131611
120.92 0.000150408
119.309 0.000154325
119.689 0.00014644
118.46 3.28866e-05
118.984 0.000163382
120.262 0.000147394
119.336 0.000149939
121.662 0.000157985
118.589 0.000142188
121.144 0.000158738
118.762 0.000112233
119.291 0.000162837
121.273 3.27534e-05
117.729 2.94624e-06
118.087 0.000103943
120.696 0.000160315
120.549 0.00014816
121.267 0.00013562
118.445 0.000148391
119.397 0.000149566
119.251 0.000164501
123.235 0.000158712
119.912 0.000168373
124.383 0.000153034
120.097 0.000150375
120.449 0.000156714
120.254 0.0001039
118.965 0.000159923
117.017 0.000165574
119.28 3.75402e-07
121.076 0.000153108
118.654 0.000155375
120.094 0.000157857
120.533 0.000151734
120.525 0.000151273
118.089 0.000127344
118.788 3.30285e-05
120.172 0.000169364
115.892 0.000156017
117.55 0.000135866
117.741 0.000168086
119.037 9.95296e-05
122.118 0.000151844
119.55 0.00015072
118.382 0.000176201
123.535 0.000149956
118.307 0.000105534
121.408 0.000148164
120.048 0.000152828
120.943 0.000150447
120.944 0.000146554
119.878 0.000164277
120.202 0.000163625
120.171 0.000149274
119.527 3.22667e-05
119.599 0.000167438
121.111 0.000152097
119.751 0.000148609
123.177 0.000146544
117.644 0.000150893
120.596 0.000141091
118.393 0.000140285
117.35 0.000133219
120.626 5.37761e-05
119.047 9.90377e-05
121.039 0.000147322
119.686 3.23804e-05
119.074 0.000148484
121.811 4.55247e-06
121.593 0.0001579
119.059 0.000149891
115.472 0.000167213
120.072 0.000167453
118.676 0.000171662
119.257 0.000147215
121.134 0.000154922
120.556 0.000147911
119.115 0.000152065
119.92 0.000149045
121.096 0.000151097
119.853 0.000166511
118.784 0.000147463
119.833 7.20512e-06
121.68 0.000146895
120.864 0.000151691
117.959 0.000160301
118.198 0.000150682
122.092 0.000149307
118.385 0.000152015
118.858 2.31495e-05
120.914 0.000148408
119.372 0.000157154
118.502 0.000141312
120.365 0.00015532
118.391 0.000163761
119.332 0.000148652
119.442 0.000156535
120.83 0.000149932
120.969 0.000149484
121.364 0.000152139
120.191 0.000151258
121.872 0.000122637
118.497 0.000171103
118.269 0.000133799
122.199 0.000140849
117.68 0.000160993
116.654 0.000137227
119.241 0.000157379
121.529 0.000141364
121.258 0.000150851
121.248 0.000147936
118.145 0.000147167
119.897 0.000138805
121.75 0.000145424
121.473 0.000147636
118.044 0.00014305
116.148 0.000161605
120.865 0.000158401
117.73 0.000156337
120.543 0.000147674
115.541 0.000148229
119.807 0.000155374
121.055 0.000146848
118.858 0.000170137
121.174 7.12471e-05
121.949 0.000151061
117.464 0.000146343
120.057 0.000148733
116.662 0.000163729
119.885 0.000144767
120.193 2.28778e-05
124.68 0.000150018
115.617 0.000143753
121.11 0.00016763
118.894 1.59455e-05
119.786 0.000157856
119.364 0.000148944
119.28 0.000150062
118.238 0.000141267
121.339 0.000154876
119.95 0.000149666
115.067 0.000152516
116.167 0.000140664
122.155 0.000159399
119.554 2.31307e-05
120.065 0.000157361
119.299 0.00015916
117.313 0.000114592
120.725 0.000146553
119.045 0.000151715
118.504 0.000159128
118.75 0.000152081
122.007 0.000155882
122.721 0.000137618
120.136 0.000154258
117.388 0.000141198
119.174 0.000147675
118.558 0.00012043
121.751 0.000160157
121.691 0.000153382
120.288 0.000154466
120.636 0.000164195
118.787 0.000150691
123.382 0.000149933
117.423 0.000136017
121.794 0.00014325
120.935 0.000146003
120.119 0.000157146
118.702 0.000153132
118.91 0.000155422
120.022 0.000165267
118.163 0.00014603
117.438 0.000149808
120.752 0.00014607
119.593 0.000140857
120.515 0.000147373
120.237 0.000172623
121.032 0.000141936
118.929 0.000155179
118.228 0.000144578
118.689 0.000162214
118.872 0.000168566
119.919 0.000149313
120.775 0.000153151
119.737 0.000147325
122.272 7.04984e-05
117.078 4.25024e-06
122.126 0.000140286
118.229 0.00016014
118.712 0.000166866
120.696 0.000152173
119.049 0.000174529
118.801 0.000133089
121.074 0.000125166
119.279 0.000141489
121.051 0.000150654
115.448 0.000146076
121.345 0.000142341
120.991 0.000170005
117.078 0.000140379
120.757 0.000147351
118.593 0.000163609
120.308 0.000152103
121.74 0.000151171
116.315 0.000154941
119.612 0.000159912
122.268 0.000147335
120.706 0.000136333
119.794 0.00016719
118.631 0.000149355
119.165 0.000134391
122.978 0.000146903
117.853 0.000141181
115.969 0.000147228
121.718 0.000153736
116.86 0.000169288
120.88 6.57008e-05
122.385 5.72728e-05
122.668 0.000146377
118.163 0.000171647
123.216 0.000166171
120.917 0.0001736
120.04 0.000138325
118.619 0.000146941
121.223 0.000116026
121.456 0.000151087
122.041 0.000150473
120.125 0.000157884
116.147 0.000166172
120.271 7.16949e-05
117.917 0.000150038
121.065 0.000147082
120.417 0.000158708
118.264 0.000155293
116.603 8.49566e-05
117.416 0.000175051
121.095 0.000158755
119.626 0.000147457
120.931 0.000166255
118.603 0.000146858
120.424 0.000165075
118.105 0.000160346
120.681 0.000151668
119.306 0.000157717
119.489 0.000144892
122.614 -0.000139292
121.408 0.000166834
126.687 9.59124e-05
120.664 7.07644e-05
120.516 4.40331e-06
120.322 0.000150326
119.047 0.000146269
120.966 0.000137834
118.467 2.17627e-07
116.343 0.000140089
116.093 0.000147284
118.81 0.000115307
119.309 0.000139556
119.121 0.000142285
121.73 0.000149445
121.424 0.000154575
119.002 0.000159161
118.693 0.0001453
120.956 0.000147472
121.059 0.000147783
118.319 0.000154099
118.675 1.07871e-05
116.286 0.00015527
117.417 0.000171842
119.184 0.000143547
120.68 0.000169062
119.129 0.000137824
121.066 0.000149028
120.304 0.000169389
116.427 0.000152777
119.477 0.000154907
117.773 0.000159377
120.297 1.59436e-05
119.748 0.000149346
121.231 0.000152972
120.036 0.000156824
118.723 0.000167882
120.863 5.61848e-05
122.831 9.82101e-06
122.614 0.000150425
121.827 0.000152052
118.622 0.000145855
116.848 0.000149469
121.072 0.000148612
121.533 0.000151565
120.466 0.000147041
119.729 0.000149841
119.855 0.000145385
118.894 0.000152695
116.01 0.000157628
117.912 0.000101094
117.862 0.000145683
119.979 0.00015472
122.612 0.000149217
119.563 0.00017166
117.539 0.000147868
120.226 0.000146425
121.816 0.000155828
118.987 0.000147815
119.142 0.00012983
125.714 0.000154305
118.562 0.000148425
117.522 0.000169984
119.156 0.000120234
120.652 0.000156747
