130.878 0.0017375
129.333 0.00160597
130.403 0.00149786
115.34 0.00148075
125.143 0.00150038
125.984 0.00155901
124.193 0.00109954
124.102 0.0017236
134.379 0.00130207
130.032 0.00153917
130.848 0.00160397
128.728 0.00150943
130.502 0.00158342
128.279 0.00152287
130.874 0.00170837
129.871 0.00167977
127.647 0.00153604
130.302 0.00165061
129.159 0.00152949
117.357 0.00161398
131.33 0.000440565
121.156 0.00153309
131.548 0.00172619
129.087 0.00144132
128.005 0.00147936
125.418 0.000576277
129.819 0.00153791
132.332 0.00152713
127.949 0.00159437
127.569 0.000868509
132.908 0.00141062
129.933 0.0015434
130.898 0.000725671
122.832 0.00155408
128.268 0.00106159
130.492 0.00153087
132.495 0.00140598
133.743 0.00140099
129.588 0.00168573
132.779 0.0015108
132.589 0.00121741
131.265 0.00148605
128.037 0.00167331
125.096 0.00153447
128.838 0.00171611
128.782 0.00159529
131.219 0.0016239
130.543 0.00156653
162.605 0.00158831
131.218 0.00149982
128.255 0.000329425
129.6 0.00153838
130.335 0.00145041
123.209 0.00166852
118.609 0.00148945
129.211 0.00150988
130.223 0.00154656
129.622 0.00155564
121.918 0.0015199
