131.463 0.00151468
128.596 0.00142833
129.233 0.00148868
133.224 0.00171703
128.662 0.00150456
128.56 0.00154104
130.85 0.000112158
132.47 0.00106171
128.502 0.00135815
129.017 0.00139175
131.269 0.00159624
130.034 0.00148732
126.66 0.00152796
127.821 0.00154952
131.305 0.00171674
124.854 0.00171304
129.11 0.00156668
127.373 0.00171876
131.419 0.0014931
131.258 0.00150345
129.33 0.00150965
131.077 0.0014819
129.312 0.00153135
128.161 0.00156654
128.388 0.00134809
129.464 0.00157301
127.353 0.00146361
127.734 0.00161765
130.317 0.00150297
125.958 0.0014637
130.789 0.00150345
130.82 0.00156365
124.738 0.00162138
126.81 0.000233809
128.753 0.0015638
128.271 0.00170415
131.074 0.00162939
128.652 0.00170081
131.039 0.00169002
132.262 0.00164401
129.598 0.00163084
131.769 0.00163381
130.504 0.00105669
130.853 0.0014092
130.156 0.00032918
116.062 0.0014988
130.951 0.00153989
129.333 0.00148589
130.386 0.00134097
133.399 0.00132772
130.538 0.00149217
132.344 0.00150484
130.317 0.00149419
131.39 0.00164649
129.837 0.00148528
129.07 0.00150779
126.362 0.00157665
127.538 0.00160288
129.292 0.00159324
128.666 0.00173013
131.327 0.00141374
129.496 0.0016074
130.706 0.000441454
126.966 4.54904e-05
129.378 0.00151358
130.15 0.00151929
127.627 0.00164168
130.185 0.0015529
129.233 6.32242e-06
130.972 0.00135187
130.97 0.0012693
131.112 0.00148235
130.159 0.0014901
130.374 0.00171857
131.834 0.00170417
128.684 0.0016404
129.13 0.00162174
130.156 0.00151682
130.598 0.00150142
130.912 0.00160706
129.381 0.00156126
129.161 0.00144133
120.481 0.00169541
123.667 0.00169159
129.427 0.00146202
129.303 0.000909393
131.216 0.0015361
132.872 0.00154027
126.718 0.00098215
127.726 0.00124865
127.61 0.0015786
126.132 0.0016219
128.211 0.00152314
129.157 0.00154035
132.039 0.00169687
126.565 0.00150224
129.917 0.00153705
130.214 0.000715688
129.638 0.00153352
127.214 0.00164408
130.25 0.00170892
129.643 0.00170066
128.661 0.00150529
128.274 0.00172595
127.242 0.0014977
130.024 0.00166621
129.933 0.00151567
139.926 0.0016205
122.77 0.00152898
127.398 0.00153015
128.091 0.0014605
130.144 0.00154229
130.374 0.0013988
127.462 0.00151146
129.41 0.00151432
128.446 0.00154394
129.355 0.00148776
128.915 0.0013037
130.629 0.00149882
130.072 0.000336289
128.108 0.00158169
129.033 0.00151733
128.032 0.00173667
129.107 0.00148249
129.479 0.00137227
131.041 0.00150392
132.433 0.00149763
131.601 0.00173349
120.583 0.00157033
129.28 0.00153141
129.164 0.00129667
129.157 0.00154622
124.818 0.00126513
124.075 0.00139342
131.625 0.00146421
129.976 0.00158876
126.035 0.00156711
129.613 0.00163114
130.059 0.00155185
130.09 0.00171704
130.278 0.00148697
129.455 0.00153146
131.679 0.000853499
125.911 0.00162676
131.29 0.00132032
126.668 0.00150527
129.813 0.0015355
136.542 0.00148281
128.735 0.00160372
130.588 0.00156908
126.632 0.00177336
127.68 0.00150545
126.647 0.00152157
127.379 0.00135013
132.343 0.00140525
128.618 0.00145138
130.168 0.00130575
130.635 0.00169506
128.981 0.0015098
130.189 0.00118489
129.92 0.00149433
122.063 0.00158219
131.504 0.00159018
122.877 0.00148856
127.837 0.00146056
133.877 0.00149265
130.591 0.00165693
127.706 0.00173432
132.323 0.00156986
130.125 0.00157336
128.611 0.0015679
131.837 0.00101965
134.966 0.00162703
128.624 0.00146277
126.929 0.00136513
130.594 0.00148702
130.222 0.00169385
129.943 2.64504e-06
131.538 0.00150886
128.654 0.0016243
128.009 0.0015118
128.646 0.00149674
116.511 6.37318e-06
133.327 0.00155666
129.836 0.00140912
130.325 2.9115e-05
117.208 0.00154502
130.909 0.00138136
127.519 0.00159979
129.861 0.00152994
130.352 0.00152996
130.772 0.00149463
129.016 0.00168653
128.565 0.00149215
130.598 0.00143415
130.435 0.00179657
130.828 0.00149746
129.894 0.00163504
125.956 0.00157418
130.447 0.00169036
129.626 0.00116795
132.707 7.10681e-05
124.962 0.00145851
132.897 0.00152879
129.545 0.00150517
129.446 0.00153924
129.917 0.00153947
128.692 0.00168856
118.235 0.00173407
128.924 0.00151516
131.475 0.00153072
127.001 0.00154121
129.179 0.00173499
124.779 0.000317676
130.405 0.00170236
126.538 0.00148224
130.911 0.00172638
127.424 0.00141286
131.254 0.00151749
127.279 0.001502
131.755 0.00165527
128.989 0.00170396
132.093 0.0015645
129.852 0.000716536
129.713 0.00150458
129.963 0.00160607
129.723 0.00147429
130.767 0.000874937
129.647 0.00178373
135.768 0.0012972
130.549 0.00152449
127.096 1.04993e-06
129.374 0.00159516
131.611 0.00155205
127.346 0.00146274
125.903 0.00155599
131.457 0.00170644
128.808 0.00171487
129.651 0.00101312
129.708 0.00148263
129.424 0.00166698
129.419 0.00153175
127.23 0.00160427
131.173 0.00154163
128.679 0.00154229
130.421 0.00165777
128.413 2.91993e-05
130.173 0.00169804
132.379 0.00155649
131.188 0.00138797
128.186 0.00152353
128.922 0.00153329
131.316 0.00146715
132.188 0.00149512
128.265 0.00171992
128.721 0.00149684
129.486 0.00178559
124.193 0.00148072
128.549 0.00148568
131.364 0.00151684
129.511 0.00149787
127.514 0.00148667
131.646 0.00154692
128.617 0.00162292
131.038 0.00155501
130.274 0.00157528
130.411 0.00159827
130.378 0.00168955
129.403 0.00147041
124.746 0.00119353
129.294 0.0013893
127.88 0.00154427
129.556 0.000704711
129.309 0.00152894
121.158 0.00151142
130.785 0.00155671
126.944 0.00136807
130.508 0.000111573
132.363 0.00163538
127.187 0.00155078
128.262 0.00149684
129.128 0.00169332
127.131 0.0013843
129.027 0.00153359
127.041 0.00156544
132.006 0.00171558
127.458 0.00155354
130.117 0.000161238
132.547 0.00151697
128.311 0.00156523
131.075 0.00153843
128.53 0.00150527
133.592 0.00148499
125.7 0.00167344
129.485 0.00156043
128.546 0.00156498
129.798 0.000573348
127.302 0.00173067
129.338 0.00102072
130.573 0.00155688
129.286 0.00156371
129.963 0.00151217
129.257 0.00160835
129.892 0.00127386
130.804 0.00148107
131.737 0.00149556
129.762 0.00168646
129.072 4.48546e-05
123.177 0.0015983
128.95 0.00153042
130.299 0.000723825
132.391 0.00102627
128.873 0.000721797
122.33 0.00151193
129.641 0.00150174
128.985 0.00163811
134.618 0.00115542
131.509 0.00147503
125.394 0.00171604
131.071 0.00150608
128.69 0.00153653
127.483 0.00150302
131.69 0.00170414
127.158 0.00135311
131.138 0.00155835
128.124 0.00173369
128.318 0.00157246
130.485 0.00170015
129.25 0.00148912
132.137 0.00023391
126.544 0.00151668
129.668 0.00151224
129.365 0.00154666
127.877 0.000711644
128.599 0.00146175
126.194 0.00168522
133.014 0.0015136
126.396 0.00171155
129.138 0.00154986
125.922 0.00150662
129.643 0.00149901
116.834 0.00147954
125.214 0.0016104
128.019 0.00170892
131.617 0.00151397
126.142 0.000235959
131.437 0.00167921
130.863 0.00156282
130.228 0.00128602
127.535 0.00147195
124.688 0.00157597
127.972 0.00145032
128.292 0.0014602
130.687 0.00140663
127.564 0.00155774
132.547 0.00163181
123.938 0.00155116
126.22 0.00155389
130.827 0.00170507
129.914 0.00148516
131.851 0.00119018
130.006 0.00149047
126.743 0.00130055
129.682 0.00170789
130.367 0.00150225
127.071 0.00156174
129.498 0.00159079
131.909 0.00150765
129.396 0.00166245
129.835 0.00116858
129.853 0.00166324
127.578 0.0014905
129.586 0.00156018
129.534 0.00172777
130.433 0.00155285
131.213 0.00158187
130.205 0.00115771
130.085 0.00167343
127.345 0.00170795
132.122 7.39697e-05
128.394 0.00159331
127.913 0.00146773
126.233 0.00127118
130.993 0.000160184
129.866 0.00165593
124.285 0.00162854
130.435 0.00155985
130.696 0.00152188
135.562 0.00156504
134.679 0.00147142
128.351 0.00145831
128.755 0.000721042
131.351 0.00154529
130.941 0.00158852
130.042 0.00157629
123.137 0.00151038
125.648 0.00149897
133.326 0.00160791
133.307 0.00151226
129.3 0.00150725
130.448 0.00148481
129.275 0.00137071
129.721 0.00171967
130.406 0.00149102
124.458 0.00161689
129.404 0.00154132
129.596 0.00147936
127.673 0.00157616
132.847 0.00177348
128.17 0.00149451
122.027 0.0014974
131.461 0.00150353
129.11 0.00172077
127.026 0.00150369
131.612 0.000321943
128.911 0.00147242
131.911 0.000710495
130.14 0.00157839
130.82 0.00153189
128.957 0.00156265
130.59 0.00159169
123.233 0.0015389
125.733 0.00142808
131.311 0.0017105
129.609 0.00148423
129.974 0.00156961
125.282 0.00148737
127.326 0.00142152
129.612 0.00144161
118.072 0.00149019
132.958 0.000949275
127.064 0.00151163
125.934 0.00164291
124.142 0.00158764
130.377 0.00161613
129.254 0.00153493
130.689 0.00152687
128.598 0.00149625
130.336 0.0015947
131.775 0.0016579
123.472 0.00169495
129.605 0.0014893
129.154 0.00157262
129.049 0.0015656
128.867 0.00153799
128.498 0.00156462
127.909 0.00152538
130.16 0.00147376
128.839 0.00147809
129.202 0.00153505
130.818 0.00147878
132.211 0.000325703
129.26 0.00169741
128.226 0.00138401
128.465 0.00156426
130.588 0.00143029
128.025 0.00168185
132.152 0.0011661
127.677 0.00142472
130.9 0.00148348
130.308 0.00161145
130.841 0.00153479
130.84 0.00148794
130.309 0.00156042
131.211 0.00169592
115.988 0.00136135
128.791 0.00148826
125.557 0.000833653
128.877 0.00129695
129.789 0.000864594
132.384 0.0014869
127.855 0.00174488
132.005 0.00148565
116.449 0.00167244
129.475 0.00144572
131.012 0.00155137
129.573 0.00173526
120.21 0.00153101
131.382 0.000443108
133.922 0.00164414
129.836 0.00158612
133.615 0.00154232
127.84 0.0015489
132.484 0.00158336
127.45 0.000111451
128.993 0.00152895
133.736 0.0015795
128.867 0.00173341
123.961 0.00172871
127.406 0.00158178
129.367 0.00157841
128.236 0.00161057
130.172 0.00155871
133.185 1.06634e-05
132.056 0.00150307
128.716 0.00149121
129.161 0.00149241
131.063 0.001547
129.253 0.00160235
127.189 0.001448
126.68 0.00151576
130.543 0.001571
128.689 0.00152972
129.636 0.00157082
131.931 0.00138591
133.276 0.00174091
130.365 0.00150146
130.809 0.00149832
129.39 0.00149602
127.325 0.000465087
130.481 0.00149229
129.386 0.00149137
128.856 0.00170913
126.204 0.00147771
129.229 0.00154684
130.816 0.00169486
129.718 0.000728677
131.319 0.00101889
133.066 0.00170906
131.289 0.00169233
129.237 0.00072317
129.367 0.00167263
125.331 0.00160304
130.453 0.00158528
131.248 0.00160467
131.871 0.00164465
127.734 0.00158247
129.699 0.00149639
117.03 0.00129075
128.961 0.00148966
132.949 0.0016294
129.189 0.00149936
134.31 0.00167316
130.571 0.00154604
128.951 0.00153182
128.575 0.00153947
129.76 0.00143671
133.114 0.00179044
130.482 0.00140396
120.641 0.00150473
126.555 2.22947e-06
128.06 0.00127948
130.817 0.00147627
130.174 0.00172024
119.828 0.00171105
132.201 0.000162829
129.615 0.00156239
124.261 0.00146389
129.169 7.21013e-05
132.305 0.00168484
131.944 0.00149529
124.966 0.00169996
130.577 0.00163903
128.554 0.000586956
125.989 0.00155286
130.353 0.00148627
128.875 0.00170804
127.031 0.00101689
129.724 0.00153744
119.373 0.00147929
133.444 0.00148628
132.364 0.00162285
128.435 0.00158254
129.35 0.00170843
131.173 0.00164358
129.943 0.00151266
129.145 0.0016364
131.829 0.00174755
127.945 0.00163752
128.909 7.27631e-05
128.116 0.00156652
131.526 0.00145785
127.408 0.00145316
132.014 0.0015128
131.352 0.00149169
131.494 0.00170758
129.484 0.00148006
131.015 0.00146945
127.974 0.00161091
127.739 0.001534
131.354 1.03931e-05
131.569 0.00173301
129.886 0.00164473
128.353 0.00154693
127.798 0.00170703
126.616 0.00156504
130.77 0.00169799
130.753 0.00158042
128.126 0.00149794
128.072 0.00159967
129.82 0.00138323
130.447 0.00146193
123.687 0.00156507
130.851 0.00153772
129.043 0.0015173
128.249 0.00162618
128.139 0.00146156
123.868 0.00150279
131.014 0.00151542
129.574 0.00160579
128.874 0.00146629
130.851 0.0015609
123.767 0.00152063
125.745 4.59288e-05
130.132 0.00171011
131.343 0.00172118
128.618 0.00152405
129.491 0.00151268
131.298 0.0015915
130.031 0.0014649
131.063 0.0016221
131.484 0.00161174
125.099 0.0015879
130.713 0.00132029
130.467 0.00146315
128.97 0.00154756
127.113 0.00149674
130.185 0.00147697
125.136 0.00141028
134.056 0.00148426
131.716 0.00171309
128.424 0.00155294
129.763 0.00149905
129.265 0.00146587
130.667 0.00143838
130.106 0.00153848
129.213 0.00165973
129.03 0.0016234
123.772 0.00156718
129.127 0.000163744
127.801 0.00157772
133.441 0.00172317
133.584 0.00156789
129.112 0.0017346
129.575 0.00150644
128.081 0.00170487
128.212 0.00153224
128.257 0.00156575
121.571 0.00130737
129.67 0.00154754
129.164 0.00149514
130.637 0.00153509
126.713 0.00155234
133.15 0.0017517
130.381 0.00144872
130.9 0.0015178
126.961 0.00150474
128.857 0.0015372
128.076 0.00130098
127.943 0.00162549
129.927 0.00168658
130.257 0.00148362
126.291 0.00139624
130.447 0.0015066
130.136 0.00151907
131.788 0.000110967
124.709 0.00159066
132.863 0.00171826
126.642 0.00168223
129.804 0.00148986
126.975 0.00152075
129.259 0.00155113
134.305 0.00171338
129.572 0.00016508
129.913 0.00151735
127.745 0.00150944
132.49 0.00147706
129.956 0.00149285
129.256 0.00119656
122.117 0.000110847
130.44 0.00170879
131.458 0.00161057
129.687 0.00148063
128.656 0.00157436
131.606 0.00172138
129.575 0.00151643
131.086 0.00153029
128.955 0.00153674
121.576 0.00153145
129.655 0.00137527
123.182 0.00139894
125.109 0.00171799
125.727 0.00148787
128.908 0.00154972
130.43 0.00167204
130.213 0.000579842
131.117 0.00171359
130.555 0.00121466
131.035 0.00163824
127.193 0.00143032
127.997 0.0014261
130.087 0.00153216
130.643 0.00163767
128.377 0.00157072
128.446 0.00167346
130.657 0.00148295
130.842 3.79786e-06
130.483 0.00152033
128.082 0.00171644
127.952 0.00058218
130.254 0.0014398
132.481 0.00138816
129.587 0.0014026
129.101 0.00158511
129.651 0.00151741
129.48 0.00147978
130.46 0.00150689
129.868 0.00102483
130.264 0.00168782
128.066 0.00166086
131.137 0.00143649
130.347 0.00149223
129.819 0.000577124
131.553 0.00158691
130.866 0.001747
121.156 0.00139708
128.471 0.00149171
131.572 0.0017583
131.018 0.00169491
124.234 0.00154904
129.153 0.00156544
130.712 0.0015701
123.114 0.00163556
126.498 0.00136649
129.902 0.00167651
124.039 0.00174145
133.746 0.00134484
129.978 0.00152987
129.213 0.0015109
128.185 0.00161171
128.439 0.00158639
126.153 0.00176336
129.188 0.00146719
131.244 0.00172524
133.097 0.00151026
123.769 0.00157445
131.027 0.00149638
128.486 0.00150299
122.907 0.000851017
132.832 0.00152615
121.703 0.00176148
127.843 0.000576203
130.804 0.00151576
128.634 0.000320977
132.268 0.00141922
126.968 0.00154316
129.116 0.00162362
126.484 0.00148666
129.486 0.00128804
131.996 0.0015319
122.398 0.00149163
126.461 0.00167908
130.071 0.00157234
130.651 0.00158953
131.563 0.00163228
129.024 0.00148444
124.386 0.00149191
126.775 0.00131087
130.077 0.00159656
130.093 0.00151067
127.498 0.0014299
131.136 0.00174319
123.664 0.00145887
128.852 0.00159839
129.295 0.000327373
129.85 0.00149525
132.778 0.00148429
127.211 0.00166945
128.664 0.0014959
128.479 0.00152658
132.033 0.00150031
128.097 0.00155298
126.619 0.00161807
130.472 0.00150105
130.265 0.00157657
131.702 0.00169711
127.532 0.00151376
115.734 0.0015266
129.447 0.00149518
131.513 0.00151853
134.663 0.000231314
129.507 0.00171446
129.332 0.0015807
125.285 0.00174705
130.802 0.00152919
131.374 0.00168452
132.232 0.00148321
129.69 0.00157418
128.568 0.001561
128.154 0.00153726
128.179 0.0017178
129.726 1.77394e-05
123.626 0.00167559
126.304 0.00141184
129.4 0.00160326
123.649 0.00169522
130.059 0.00103981
137.209 0.00143163
133.841 0.00149913
127.908 0.00161026
130.143 0.00174375
127.167 2.88054e-05
131.066 0.0015987
131.391 0.00153112
131.114 0.00153697
130.011 0.00150277
132.082 0.00144069
130.349 0.00166682
132.351 0.00170271
129.273 0.00149793
128.896 0.00110817
130.046 0.00149669
128.048 0.00155225
131.21 0.00156761
130.631 0.0010082
130.169 0.00153398
125.107 0.00161207
129.291 0.00152833
128.291 0.00150761
130.445 0.00153758
130.552 0.0015236
130.8 0.00128804
129.54 0.00147269
129.356 0.00163682
129.154 0.00141266
131.605 0.00157575
130.098 0.00148842
128.256 0.0015308
128.294 0.00160144
130.814 0.00170759
130.804 0.00151996
127.164 0.00170727
126.924 0.00167739
128.2 0.000110164
122.106 0.00152319
129.379 0.00149652
127.317 0.00160347
130.046 0.00152471
131.406 0.00160109
129.05 0.00056798
131.521 0.00162817
128.433 0.00162217
132.806 0.00158771
129.812 0.00133251
133.251 0.00156415
132.853 0.00151812
127.124 0.00151834
128.941 0.000242028
130.728 0.0015048
128.689 0.00170522
127.836 0.00148768
128.293 0.00155418
130.851 0.000111407
128.867 0.00151777
127.183 0.00160983
130.335 0.0014825
130.509 0.0016052
134.487 0.00127393
130.396 0.00144941
133.142 0.00154998
130.689 0.00140438
130.295 0.00159571
132.65 0.00150579
130.13 0.00149398
131.492 0.00150511
128.264 0.00173029
132.182 0.00157977
135.164 0.0013373
129.212 0.00153474
131.516 0.00151863
130.903 0.00150514
132.071 0.00153718
129.862 0.00157771
129.321 0.0017623
129.854 0.00151814
126.132 0.00148868
129.374 0.00127935
128.877 0.00169535
128.295 0.00148441
128.51 0.00167046
129.509 0.00153479
120.166 0.00172938
128.734 0.00158339
128.924 0.00161005
128.059 0.00159757
130.595 0.00172724
129.758 0.00173737
128.266 0.00148727
131.482 0.00174751
130.782 0.00165351
128.095 0.00148994
124.656 0.00150576
124.81 0.00173131
131.262 4.22025e-05
131.098 0.00169062
135.433 0.00160406
130.258 0.00159389
130.017 0.00128452
127.547 0.00169074
128.387 0.00119034
130.627 0.00152297
132.349 0.00174434
131.244 0.00169384
126.545 0.00164291
115.178 0.00159604
122.077 0.00105134
131.805 0.00156113
128.303 0.00143043
128.08 0.0016799
130.727 0.00149981
127.751 0.00143146
119.009 0.00151218
129.419 0.00173007
124.368 0.00170055
131.373 0.00162976
130.687 0.00157454
129.418 0.00168744
128.667 0.000856957
131.325 0.00151123
129.258 0.0015674
131.285 0.00153378
129.81 0.00148609
129.445 0.00172604
122.121 0.00164213
130.781 0.00150119
129.074 0.00150623
133.251 0.00143683
130.875 0.00157961
131.973 0.00150436
129.943 0.000237543
128.757 0.00165562
130.16 0.00169873
132.356 0.00150942
128.457 0.00153777
131.147 0.00139696
130.933 0.00157245
128.395 0.00151715
130.115 0.00101147
129.028 0.0015946
129.157 0.00171494
130.458 0.00159725
128.948 0.00173764
120.502 0.00151482
133.297 0.00146953
123.839 0.00174587
124.732 0.00169607
135.814 0.0014546
127.823 0.00170074
129.905 0.00152513
127.751 0.00150063
132.924 0.00151659
129.025 0.00149799
128.778 0.00152266
129.401 0.00149678
132.759 0.00171548
129.497 0.00130558
129.82 0.00113448
130.035 0.000623251
130.935 0.00156158
130.116 1.04576e-06
128.124 0.00170699
116.877 0.00145806
131.507 0.00154295
132.002 0.00156635
131.81 0.00157877
119.826 0.0015157
129.171 0.000887023
127.505 0.00173312
128.388 0.00126341
130.06 0.00153519
130.811 0.00171733
128.481 0.00156269
130.378 0.00154701
128.332 0.00162222
128.209 0.00151042
129.284 0.00173081
132.236 0.00169877
130.24 0.00149893
130.243 0.00170342
129.039 0.00171623
129.022 0.00138182
130.489 0.00168845
129.466 0.00148671
126.323 0.00154975
127.237 0.00154715
127.115 0.00169234
129.113 0.00153911
129.96 0.000320871
133.184 0.00156515
132.25 0.00152214
128.419 0.00172136
129.51 0.00147509
128.195 0.00148126
129.364 0.0015275
128.537 0.0017333
129.933 0.00162601
130.723 0.00148483
126.041 0.00157823
130.079 0.00149769
129.242 0.00151604
130.433 0.00155805
131.819 0.00156946
128.054 0.00159953
131.915 0.00166072
128.98 0.00170585
128.848 0.00159946
128.377 0.00148093
131.719 0.00168638
127.249 0.00148158
131.892 0.00148121
124.765 0.00145446
132.215 0.00160513
129.343 0.000445048
134.069 0.00146899
128.393 0.00171356
128.156 0.00155816
128.773 0.00152735
130.548 0.00147198
127.057 0.0015979
128.985 0.0015413
130.728 0.00101953
127.933 0.00137663
132.669 0.00160247
129.737 0.000726288
129.359 0.00154769
122.914 0.00154518
130.506 0.00153373
131.254 0.00152099
128.051 0.00171718
135.466 0.00157127
127.653 0.00156738
133.769 0.000319198
130.496 0.00153023
128.067 0.00169255
125.388 0.00155188
132.687 0.00149569
130.59 0.00172283
115.518 0.00139302
125.931 0.00153601
130.594 0.00149518
129.845 0.000329653
129.647 0.00159268
128.914 0.00149063
130.591 0.0014503
127.502 0.000325016
131.319 0.00150478
127.916 0.00170546
126.279 0.00150828
128.361 0.00148047
127.286 0.00143828
129.956 0.00155451
128.069 0.00156237
124.886 0.00154484
130.34 0.00158391
124.887 0.00153637
128.087 0.00154692
130.686 0.00128352
125.688 0.00161856
128.746 0.00151429
129.197 0.00164979
128.121 0.00151519
128.519 0.00102545
126.317 0.0014806
129.409 0.00155228
122.218 0.00148833
125.764 0.00152265
130.158 0.00147622
129.114 0.00151638
129.806 0.00171122
129.611 0.00103473
130.091 0.00147666
131.082 0.00150152
132.064 0.00149696
129.588 0.00156713
132.731 0.00150955
131.097 0.001597
132.468 0.00149434
130.129 0.00154908
128.326 0.0016103
115.032 0.00149616
130.084 9.9974e-06
130.11 0.00164153
129.608 0.00140969
133.295 0.00150019
125.524 0.00155934
129.776 0.00166112
130.54 0.000581674
131.148 0.00129392
127.335 0.00153382
130.282 0.00162126
131.306 0.00147088
131.576 0.00155354
128.042 0.00151925
130.487 0.00152498
130.973 0.00153354
130.442 0.00116933
128.535 0.00089348
131.273 0.00150321
129.993 0.00150615
128.283 0.00152056
133.604 0.00149367
130.361 0.00148415
125.939 0.00155483
130.374 0.00154085
131.914 0.00146201
131.354 0.00175093
128.677 0.0014993
130.034 0.00071936
133.279 0.00168945
132.354 0.00156822
130.995 0.00135971
127.77 0.00121906
129.791 0.0015141
127.456 0.00176254
134.292 0.00150572
131.494 0.00151139
129.306 0.00154111
132.669 0.00133168
124.632 0.00153965
133.656 0.00151843
130.082 0.000584307
127.522 0.00169196
130.248 0.00160619
132.117 0.00139884
133.201 0.00172362
128.621 0.00156121
130.06 0.00133385
131.426 0.00167788
129.759 0.0014662
131.733 0.00157045
129.005 0.00145276
130.664 0.00167745
130.746 0.00117981
128.926 0.00150062
130.902 0.00149493
128.175 0.0017308
131.279 0.00165463
126.334 0.00156153
128.068 0.00172422
131.173 0.00152063
132.675 0.0015534
130.953 0.00159262
128.893 0.00161421
128.92 0.00168779
130.961 0.00148976
129.724 0.00149459
128.756 0.00150502
129.578 0.00153047
129.542 0.00171911
130.179 0.00154494
130.426 0.00173305
129.77 0.00173539
130.764 0.0014816
128.762 0.00154933
130.815 0.00150398
130.883 0.00147657
119.641 0.00140597
124.65 0.00167324
129.329 0.000911678
128.829 0.00170679
129.799 0.00164865
129.495 0.00151633
133.017 0.00140945
130.345 0.00156117
131.249 0.00165786
132.252 0.001572
124.024 0.00150003
129.308 0.00157799
131.058 3.80016e-06
129.185 0.00163375
133.284 0.00172668
128.974 0.00172944
130.348 0.000947296
129.772 0.00148626
130.46 0.00167149
129.301 0.00169714
131.283 0.00170941
130.397 0.0014884
134.35 0.00164768
128.997 0.00117791
131.425 0.00169826
129.105 0.0014956
128.314 0.00178358
129.915 0.00154231
134.519 0.00149679
120.046 0.00152575
115.49 0.00147448
131.68 0.00150811
130.274 0.00168928
128.909 0.00149966
129.618 0.00152133
128.953 0.00153155
131.382 0.00146053
128.47 0.00146766
129.972 0.00155656
128.324 0.00168746
133.027 0.00145805
130.51 0.00137819
130.402 0.00153554
129.572 0.00136627
125.22 0.00150034
132.335 0.00167348
131.06 0.00149139
131.116 0.00151645
127.963 0.00155026
128.252 0.00160199
131.459 0.00151472
125.165 0.00152483
128.958 0.00143544
129.965 0.00155717
130.905 0.00151273
130.032 0.00158116
132.312 0.00149462
129.72 0.00167089
127.36 0.00140636
126.443 0.00149654
133.89 0.00149239
115.347 0.00155567
130.227 0.00162951
130.248 0.00138517
130.575 0.0004435
128.616 0.00141203
129.217 0.00140485
129.867 0.00152413
129.692 0.00149767
131.128 0.00148111
126.132 0.0015071
128.255 0.00155999
130.574 0.00165363
129.972 0.00178639
127.614 0.00173305
128.631 0.00156435
130.785 0.00165608
130.736 0.00146809
131.943 0.00161444
127.669 0.00155743
128.262 0.00151683
129.889 0.00153408
128.371 0.00149138
129.917 0.00154897
125.956 0.00155265
131.054 0.00158046
129.834 0.00153354
129.353 0.00151679
128.653 0.00160985
128.714 0.00152837
130.941 0.00144234
129.358 0.00155719
127.733 0.00152944
129.343 0.00149437
126.265 0.0017063
127.301 0.0015177
128.832 4.49379e-05
130.27 0.00150634
130.917 0.000309481
130.264 0.0015382
128.249 0.00154172
128.733 0.00160233
126.645 0.00172281
129.038 0.0015933
131.166 0.00172388
129.134 0.00149783
129.51 0.0015118
130.632 0.000222604
133.162 0.00151577
129.733 0.00146993
128.373 0.00157991
128.773 0.00171793
129.598 0.00167067
129.515 0.000440472
128.22 0.00143961
129.659 0.00173055
129.381 0.00160013
129.876 0.00153286
128.579 0.00147861
132.131 0.00165416
129.612 0.00151166
131.705 0.00149355
129.029 0.000569336
131.565 0.00159874
131.159 0.00159657
128.821 0.000163754
131.199 0.00148766
129.158 0.00167486
129.456 0.00152824
128.529 0.00151032
128.122 0.00150118
128.555 0.00154188
131.333 0.00145651
127.462 0.00145583
128.172 0.00153655
125.951 0.0015121
120.557 0.00053965
130.484 0.00148274
130.518 0.00135283
131 0.000233999
129.287 0.00155518
125.942 0.00144301
128.469 0.00171886
128.751 0.00153198
133.882 0.00173061
130.766 0.000106948
129.878 0.00170136
130.503 0.00146763
129.84 0.00126877
132.071 0.00150797
132.366 0.00153109
130.425 0.00151009
120.163 0.00152154
128.328 0.00150504
123.311 0.00162285
128.033 0.00153265
130.208 0.001526
129.927 0.00179617
121.454 0.00163695
131.359 0.000943939
128.41 0.000236881
129.924 0.00160172
130.058 0.00171414
131.689 0.00160173
129.887 0.00158498
127.941 0.00155146
131.363 0.00152864
128.186 0.001507
130.798 0.0014915
130.712 0.00158732
128.791 0.00169419
130.383 0.0015602
131.136 0.0015111
128.316 0.00161911
131.174 0.00154638
127.811 0.000728425
130.252 0.00154965
127.317 0.0010187
131.288 0.00157034
129.449 0.00154245
124.575 0.00164437
131.339 0.00150462
125.709 0.0015211
128.55 0.00147762
132.116 0.00103059
129.964 0.00157055
131.336 0.00152856
129.944 0.00147794
133.48 0.00146597
134.348 0.00152498
127.773 0.00126691
132.757 0.00168852
130.538 0.00171694
130.227 0.00165678
133.897 0.00160404
131.584 0.00129358
131.126 0.00144964
131.825 3.82324e-06
128.23 0.00175932
130.043 0.00148489
130.738 0.00132704
130.516 0.00146995
129.581 0.0016286
130.177 0.00146259
131.739 0.00167052
128.832 0.00156753
128.969 0.00171324
123.678 0.00154612
130.437 0.00152041
128.789 0.00159524
133.145 0.00154752
130.718 0.00155518
123.866 0.00155148
129.439 0.00150288
127.754 0.00151052
131.26 0.00149539
130.466 0.000234313
128.27 0.00179025
129.246 0.00131336
129.848 0.00172089
122.852 0.00164222
128.849 0.00154604
128.874 0.00157423
129.751 0.00153666
123.331 0.00153297
129.344 0.00145994
126.053 0.00148256
127.621 0.00153178
121.51 0.000218343
129.251 0.0015671
130.926 0.00168019
129.719 0.00172526
130.097 0.00154438
131.718 0.0013021
130.912 0.00159883
129.28 0.00139804
130.138 0.0016554
128.796 0.00157375
127.681 0.000579923
129.811 0.000108867
132.417 0.00151729
131.501 0.00168343
129.397 0.00152149
131.183 0.00151047
130.616 0.00149652
131.761 0.00160381
130.257 0.00154972
130.126 0.0016813
129.149 0.0015657
132.311 0.00141135
129.72 0.00152692
132.673 0.00150967
131.105 0.00155204
130.814 0.00150394
131.078 0.00162644
131.202 0.00149834
132.341 0.00172209
129.138 0.00129735
130.856 0.0015004
130.523 0.00148214
128.937 0.00147849
131.068 0.0015803
129.875 0.0015701
125.801 0.00149866
130.138 0.00170233
131.195 0.000232578
121.01 0.00148769
127.753 0.00152488
131.042 0.00137068
130.116 0.00153365
130.738 0.00154313
128.754 0.00156442
130.074 0.00153127
128.01 0.00156645
128.637 0.00137084
130.28 0.00142988
131.311 0.001499
132.406 0.00154332
130.841 0.00149025
125.13 0.00165416
131.606 0.00159981
129.947 0.0015724
129.851 0.00144251
129.396 0.000163407
128.375 0.00151974
130.582 0.00148944
124.679 0.00149819
129.383 0.00153611
130.174 0.00168997
132.687 0.00148139
129.466 0.00138457
130.227 0.000874496
129.23 0.00150806
130.273 7.28724e-05
128.925 0.00177253
127.786 0.00164242
129.413 0.00156458
129.003 0.00164351
128.274 0.00158975
131.051 0.00160149
132.898 0.00084753
130.887 0.00171399
129.199 0.00150302
129.007 0.00172471
132.132 0.00153359
130.763 0.00167492
129.381 0.00150355
130.461 0.00172029
132 0.00151255
135.877 0.000157451
128.669 0.00164142
128.577 0.00171787
128.473 0.00165287
129.072 0.00021779
125.006 0.00149978
131.08 0.00172529
127.844 0.00161984
129.264 0.000713387
117.89 0.0016042
128.41 0.00140674
133.787 0.00150813
132.502 0.00152115
129.868 0.00152766
129.965 0.00167722
127.827 0.00158204
130.305 0.000445421
127.67 0.00154074
123.411 0.00153271
129.428 0.00155902
128.05 0.00140342
128.874 0.00171109
132.961 0.00147561
130.823 0.00167345
128.653 0.00138063
129.106 0.00152021
129.732 0.00156867
128.105 0.00148114
131.987 0.00171134
125.643 0.00150581
130.429 0.00170019
130.864 0.00163839
124.553 0.00151092
130.084 0.00143301
130.319 0.00153833
125.386 0.00154786
130.317 0.00151209
124.534 0.00145686
128.426 0.00170474
132.87 0.00170938
132.291 0.00145439
130.066 0.00160073
128.264 0.00155016
117.658 0.00154803
132.51 0.00156408
129.584 0.00151853
127.43 0.00149054
127.588 0.00153583
128.76 0.00139446
130.484 0.0014394
126.787 0.00154421
129.481 0.000860123
130.759 0.0016153
129.034 0.000161522
131.31 0.00151317
130.021 0.00153813
129.662 0.00153194
129.781 0.00179715
132.609 0.00156836
128.193 0.00170787
128.509 0.00138694
129.113 0.00150951
128.451 0.00150972
129.866 0.00151959
132.16 0.00147513
127.502 0.00148169
126.993 0.00148065
121.001 0.0015537
128.816 0.00100647
131.471 0.00158852
129.878 0.00147936
131.426 0.00149911
127.818 0.00152669
130.471 0.00162138
126.325 0.00149805
127.685 0.00157217
130.052 0.00156112
129.67 0.00148127
128.327 0.00161527
129.69 0.00169099
127.604 0.00155554
130.888 0.00170886
130.272 0.00156904
129.947 0.00149708
129.105 0.00149137
131.634 0.00153382
129.81 0.00163376
129.612 0.00151865
123.337 0.00156759
132.065 0.00170287
130.191 0.00167559
130.378 0.00151246
129.911 0.00157723
128.1 0.00153507
128.259 0.00169466
126.039 0.00155357
127.697 0.00159904
129.329 0.00148549
129.778 0.00172424
128.312 0.00172789
129.185 0.00154222
127.986 0.000418547
129.415 0.00153816
130.009 0.00150921
154.757 0.0014949
129.427 0.00152199
130.555 0.00155671
129.099 0.00160514
126.437 0.00173945
127.809 0.00159848
132.058 0.00155484
123.656 0.00167163
132.524 0.001589
133.199 0.00149837
116.769 0.00156434
130.572 0.00154723
128.027 0.00153958
127.938 0.00169449
129.037 0.00151058
131.912 0.00145043
128.673 0.00151948
131.002 0.00169682
132.267 0.00148904
130.509 0.00170354
129.394 0.00172936
128.556 0.00145982
128.142 0.00149597
131.49 0.00176964
130.99 0.00171785
129.299 0.00145811
129.927 0.00171599
132.203 0.00149509
117.083 0.000876265
131.367 0.00157626
128.776 0.00156913
128.739 0.0014221
129.781 0.00154073
129.19 0.00147429
131.681 0.00148854
128.058 0.00170256
131.42 0.00147483
129.947 0.000581052
129.712 0.00119888
132.405 0.00159439
128.33 0.0014954
133.646 0.00156116
130.447 0.00149903
129.118 0.001488
129.084 0.00150642
131.186 0.00151754
128.842 0.0015962
117.296 0.00156462
119.88 0.00100612
122.767 0.00171742
127.772 0.0015225
127.966 0.00148985
132.457 0.00150267
131.168 0.00150362
129.789 0.00168089
120.499 0.00146032
130.866 0.00137129
128.532 0.00172654
129.054 0.00157689
128.057 0.00142618
127.356 0.00164854
128.1 0.000441158
130.72 0.00136524
130.094 0.0016419
132.843 0.00116622
128.111 0.00140131
130.203 0.00159212
124.782 0.00169181
127.614 0.00152917
127.434 0.00149084
129.703 0.000552371
132.436 0.00153672
129.439 0.00149015
128.888 0.00147284
132.863 0.00165522
128.952 0.00155198
130.96 0.00144978
128.417 0.00156683
128.765 0.00153881
124.464 0.0014932
129.209 0.00167407
126.919 0.00160518
129.571 0.00143624
134.795 0.00166075
130.089 0.00148516
126.984 0.00168433
129.604 0.00157188
131.837 0.00146728
129.725 0.00174283
127.806 0.000161494
126.865 0.00148016
129.478 0.00154373
130.201 0.00155877
130.169 0.00174531
127.824 0.00152431
128.069 0.000580123
129.673 0.00154662
129.234 0.00150346
130.195 0.00069046
124.512 0.00158827
131.632 0.00158543
131.336 0.00153101
130.58 0.00152153
134.666 0.0016502
130.208 0.00167704
128.702 0.00153957
130.547 0.00169208
130.616 0.000587098
131.209 0.00151577
128.169 0.00153413
129.851 0.00162225
128.969 0.0016008
129.565 0.00146532
125.154 0.00152224
127.777 0.00155418
127.822 0.0015099
128.608 0.00153423
127.753 0.00153975
127.926 0.00146775
130.656 0.00149297
129.53 0.00172622
130.271 0.00151622
129.923 0.00158043
130.826 0.00141807
129.886 0.00169873
130.05 0.00173265
131.484 0.00106745
130.184 0.0011676
129.14 0.0015534
129.761 0.00100295
128.943 0.00171523
128.367 0.00145231
129.937 0.00161768
127.411 0.00156521
127.601 0.00153487
130.702 0.000463653
131.543 0.00172857
131.846 0.00158704
131.267 0.00171798
132.015 0.00146017
125.326 0.0013892
127.28 0.00164663
131.667 0.00152047
127.873 0.00103979
130.905 0.00170135
129.928 0.00146304
127.351 0.00156113
132.332 0.00149229
126.796 0.00144045
133.028 0.00148977
129.848 0.00168287
130.254 0.00170941
129.803 0.00157941
126.057 0.00176956
132.342 0.0014748
131.093 0.00154203
127.735 0.000238454
129.288 0.00152538
129.736 0.00164465
129.423 0.00164772
130.016 0.00149381
127.866 0.00154192
127.115 0.00150045
129.039 0.000712275
129.782 0.00173681
131.064 0.00140973
129.371 0.00155884
130.316 0.00158
130.587 0.000441623
129.64 0.00153495
122.119 0.00149644
130.072 0.00100999
129.014 0.000322649
129.671 0.00153933
129.055 0.000420048
128.29 0.00144262
129.799 0.00155537
129.338 0.0014713
129.963 0.00131634
127.704 0.000722448
129.063 0.00155538
127.625 0.00153136
127.141 0.00145283
129.253 0.00152177
130.239 0.00155078
128.993 0.00152791
129.863 0.00147696
130.917 0.00168028
130.448 0.00148186
130.7 0.00145277
128.247 0.0015275
128.767 0.00168301
130.331 0.00165017
129.671 0.00148302
128.558 0.0015367
126.629 0.00164078
132.278 0.00147683
128.757 0.00168673
130.765 0.00173718
131.057 0.00151485
131.499 0.00154191
129.897 0.00129475
130.203 0.000733119
128.227 0.00150213
128.74 0.00155123
129.157 0.00148819
130.956 0.00163789
128.665 0.00169426
130.028 0.00150918
131.058 0.00161759
131.173 0.00168784
126.235 0.00161622
128.243 0.00161097
123.411 0.00150142
130.003 0.00152071
127.273 0.00167986
127.956 0.0015154
130.32 0.00169203
127.542 0.00170611
126.243 0.00157009
122.157 0.00146242
130.904 0.00153772
129.467 0.00178111
130.003 0.00157401
129.953 0.00158086
129.316 0.0014928
130.307 0.00147755
129.394 0.00136188
128.457 0.00150126
128.904 0.00167699
129.566 0.00164896
129.462 0.00149843
129.81 0.00158106
120.924 0.00150089
128.848 0.00162173
132.302 0.00152744
123.642 0.00135745
126.816 0.00160275
129.151 0.00173767
135.984 0.00146021
129.828 0.00168094
131.656 0.00147717
130.58 0.00155352
131.651 0.00152347
132.13 0.00173937
124.842 0.0015348
133.407 0.00156541
129.541 0.00150168
128.593 0.0015485
131.468 0.00153652
129.814 0.00151453
133.277 0.00158147
124.218 0.000304572
129.809 0.00161198
130.032 0.0014916
129.238 0.00153135
128.956 0.00148434
129.5 0.00148039
127.894 0.00161153
129.475 0.00172406
132.017 0.00148934
129.201 0.00170405
128.423 0.00150574
129.478 0.00166553
127.442 0.0013955
131.16 0.00172199
130.009 0.00165509
128.746 0.0017088
129.726 0.000445993
131.103 0.00147541
129.493 0.00143336
125.317 0.00154404
131.838 0.00150162
121.977 0.00147978
133.086 0.00148357
128.124 0.00149696
129.607 0.00163473
130.255 0.00150601
129.959 0.00148817
130.214 0.00151414
129.434 0.00148091
128.617 9.8243e-07
128.401 0.00153006
127.733 0.000324882
128.978 0.00158974
128.109 0.00153314
127.986 0.00148057
131.527 0.00149226
130.916 0.00154291
121.162 0.000330146
129.534 0.00161524
129.638 0.00150497
130.721 0.00155075
128.037 0.00167392
136.581 0.00146144
128.385 0.000883944
128.339 0.00117705
129.097 0.00155372
127.42 0.00157829
131.283 0.00149462
128.443 0.000328379
130.678 0.00147945
128.232 0.00151049
128.65 0.00151768
128.41 0.00153815
129.338 0.00150894
131.819 0.00148606
129.368 0.0015527
124.477 0.00151973
131.661 0.00149609
129.926 0.000709662
130.676 0.00151791
129.926 0.0014933
121.627 0.00149767
128.219 0.00155267
130.825 0.00157488
126.871 0.00170348
127.088 0.000233423
131.857 0.00147944
130.871 0.00151627
130.301 0.00156278
134.548 0.00153818
130.462 0.0015881
129.679 0.0014765
127.73 0.00145241
133.611 0.00156291
129.955 0.00165932
131.352 0.00150423
130.792 0.00156168
126.163 0.00167271
128.854 0.0015909
129.903 0.00161199
129.666 0.00161716
121.735 0.00146504
130.704 0.00158235
127.328 0.00156303
128.852 0.00139965
124.166 0.00150415
128.25 0.00151229
129.076 0.00141119
129.602 0.00151171
131.172 0.00172411
128.745 0.00161743
132.186 0.0015604
129.201 0.00157263
129.162 1.75038e-05
128.259 0.00146799
130.659 0.00156239
129.348 0.0015044
133.59 0.00152155
131.625 0.00154597
130.495 0.00148789
127.218 0.00155031
121.311 0.00155177
132.488 0.00156494
128.666 0.00167851
125.683 0.00139041
128.947 0.00150145
127.956 0.00148541
126.223 0.00140942
123.587 0.00148511
130.107 0.00167826
129.785 0.00150598
131.764 0.00143897
129.108 0.0014915
127.485 0.00153709
131.771 0.00172867
129.108 0.00157251
128.066 0.00149527
128.779 0.00156493
128.402 0.00170254
129.651 0.00152407
128.827 0.000582734
127.37 0.000710148
128.411 0.00147881
131.665 0.00085893
130.05 0.00140684
129.81 0.000704494
131.581 0.00158393
130.963 0.00147193
132.328 0.00144698
131.32 0.00169038
128.922 0.00148753
128.316 0.00151522
127.961 0.00173852
129.953 0.00118794
125.983 0.00164472
130.54 0.00155009
126.157 0.000325421
130.801 0.00159245
130.768 0.00152244
130.177 7.29884e-05
128.485 0.00130708
122.376 0.00154642
129.701 0.00149393
128.978 0.00154706
128.739 0.00151829
132.66 0.00154036
133.696 0.00153406
129.391 0.00170293
132.173 0.00172221
125.63 0.00144615
128.682 0.00170757
128.022 0.000583979
128.24 0.00130306
128.49 0.00147117
133.081 0.00150419
134.106 0.00146324
130.794 0.00150506
125.356 0.000327395
126.431 0.000112209
131.396 0.00158279
128.384 0.00150247
131.785 0.00152027
130.748 0.00147204
128.089 0.00149254
130.684 0.00116663
129.342 0.00150274
127.828 0.00158104
120.472 0.00158165
129.937 0.0014132
128.65 0.00150785
131.135 0.00129235
131.683 0.00137646
129.344 0.00150284
128.3 0.0014971
124.78 0.00163307
129.485 0.00157016
127.531 0.00148393
128.424 0.00154704
132.22 0.00150374
129.713 0.00150724
126.227 0.00011095
129.323 0.00171857
128.189 0.00155134
127.693 0.00163327
131.261 0.00162916
129.977 0.00153588
131.263 0.00149671
127.715 0.00156874
130.37 0.00176628
130.391 0.00152492
126.608 0.00159024
132.471 0.00155058
129.399 2.92441e-05
129.796 0.00151726
130.679 0.00170079
129.548 0.00166641
125.804 0.0015608
129.952 0.000707682
127.443 0.00142155
130.673 0.00160609
128.674 0.00156212
126.858 0.001491
129.358 0.0016735
129.955 0.000586536
128.379 0.00155893
129.221 0.00157635
131.602 0.00164028
135.594 0.00150956
132.135 0.00149302
128.886 0.0014891
130.351 0.00163449
130.568 0.00175729
129.746 0.00156736
128.521 0.00154419
130.588 0.00141094
126.359 0.000886097
131.93 0.00158114
123.212 0.00153147
130.726 0.00171755
131.7 0.000107732
132.139 0.00160332
124.36 0.00157934
130.605 0.00157582
131.819 0.00157617
129.252 0.00148148
130.063 0.000582286
131.4 0.00151212
130.446 0.00156527
128.273 0.000114954
129.815 0.00145781
129.655 0.00163444
131.688 0.00166967
132.145 0.00159031
136.465 0.00139132
129.452 0.00156876
142.186 0.00136195
128.553 0.00148561
132.639 0.00154232
129.315 0.00155861
124.627 0.00101487
130.674 0.00163313
128.266 0.00142131
129.043 0.000807549
129.387 0.00141825
131.174 0.00168699
123.995 0.00149771
130.955 0.00171762
129.496 0.00139315
128.405 0.0013625
129.469 0.0014882
130.696 0.00151784
128.837 0.00164857
130.335 0.00172086
129.934 0.0016064
131.454 0.00156986
130.955 0.00164179
131.883 0.00179427
130.424 0.00157557
131.095 0.00170438
125.512 0.00154964
129.814 0.00158296
127.854 0.00155865
128.784 0.00169741
127.624 0.00174429
125.771 0.00163841
128.355 0.0015699
130.695 0.00140606
131.324 0.00151682
131.135 0.00150628
120.508 0.000696875
132.811 0.00167624
126.959 0.00152276
130.367 0.00157062
122.564 0.0017584
131.836 0.00153582
129.902 0.00154711
129.274 0.00155499
130.72 0.00151834
131.274 0.00163096
132.299 0.00148464
132.043 0.00151059
128.843 0.00166802
128.506 0.0015081
116.128 0.00151214
125.263 2.77034e-05
128.516 0.00157131
130.79 0.00153958
132.331 0.00155761
129.641 0.00148991
129.42 0.00174991
130.961 0.00150741
129.493 0.00160389
130.759 0.00151085
133.963 0.00167113
131.206 0.00152942
131.896 2.86583e-05
127.478 0.00152295
130.549 0.00153128
128.181 0.0015803
130.57 0.00118202
130.925 0.0017309
123.426 0.000858218
131.034 0.00148707
128.89 0.00173764
127.43 0.00146554
128.008 0.00153828
130.024 0.000865314
131.842 0.00153184
128.751 0.00151079
129.889 0.00147625
130.297 0.00173724
131.862 0.00149806
128.751 0.0014681
129.562 0.0014268
133.212 0.00139673
131.69 0.001629
124.49 0.00170601
130.769 0.00153036
128.031 0.000949929
130.061 0.00150455
130.714 0.00151567
131.299 0.00167985
130.995 0.00169456
129.002 0.00145007
130.157 0.00151536
128.102 0.00147169
129.896 0.0016856
129.298 0.00148996
129.59 0.00153277
128.243 0.00147126
130.378 0.00155169
131.233 0.00150904
129.3 0.00153959
128.468 0.00160525
130.51 0.00171359
122.881 0.000222782
128.24 0.00138133
126.695 0.00149786
122.334 0.0015434
128.902 0.00155465
129.258 0.00170884
128.971 0.00162805
130.282 0.00157396
131.906 0.00152138
129.948 0.00165696
130.18 0.00151251
123.407 0.0016446
129.945 0.00158882
128.274 0.00158993
131.512 0.00163718
131.206 0.00148545
130.627 0.00152695
131.452 0.00125701
130.3 0.00152801
129.345 0.00162619
133.436 0.001439
128.541 0.00145617
129.088 0.00154084
129.618 0.00156141
127.859 0.00172096
131.838 0.00156744
128.607 0.00152007
129.506 0.0016403
131.065 0.00150771
131.317 0.00144171
130.408 0.00146454
131.009 0.00144254
128.283 0.0016776
127.07 0.00157115
137.822 0.00153917
130.591 0.00152317
130.521 4.57926e-05
129.49 0.00170818
127.661 0.00146289
128.423 0.00157787
129.573 0.00167177
127.791 0.00151018
132.162 0.00140705
131.96 0.00153307
122.77 0.00141702
128.834 0.000893529
130.19 0.00120301
129.781 0.00150845
127.158 0.00138572
127.924 0.00142965
129.502 0.00149472
129.155 0.00141802
130.874 0.00151097
130.521 0.00151343
129.012 0.00155938
127.825 0.00149984
128.172 0.00164241
130.501 0.00158675
129.322 0.00150203
130.992 0.0017131
127.404 0.000595962
127.373 0.00156775
129.146 0.00152108
129.748 0.00170978
128.192 0.00152743
128.44 0.00151316
129.777 0.00150769
129.338 0.00151442
130.22 0.00128335
128.015 0.00152272
128.382 0.00146203
132.181 0.00154405
131.926 0.00168366
128.141 0.00124674
130.433 0.00157173
130.432 0.00153211
129.887 0.00151152
127.238 0.00173287
129.957 0.00150346
127.119 0.00156287
131.416 0.00156004
128.786 0.00149672
129.16 0.000105478
129.707 0.00158609
130.664 0.000110241
128.072 0.00167515
130.161 0.00155175
129.708 0.00154398
130.111 0.00169353
130.735 0.00154095
128.817 0.00148227
126.27 0.00155069
130.107 0.00147639
131.164 0.00157961
130.283 0.00155234
127.431 0.00149639
130.136 0.00157421
131.989 0.00155417
127.866 0.00170467
130.44 0.00153633
129.284 0.00175395
131.101 0.00147222
127.582 0.00163394
129.088 0.00151904
122.849 0.00155982
129.5 0.00150317
130.775 0.00153704
126.607 0.00151355
130.638 0.00153664
130.556 0.00152996
132.835 0.00158313
130.052 0.00151756
131.899 0.00173702
129.097 0.00171584
131.601 0.00141083
127.111 0.00145419
128.488 0.00138644
117.833 0.00157104
130.314 0.00155111
128.587 0.00154762
116.594 0.00168671
134.277 0.00155695
119.658 0.0014805
128.623 0.00102023
129.697 0.00147074
129.578 0.00149341
131.175 0.00149464
133.654 0.00156036
131.046 0.000224702
125.609 0.00148047
130.549 0.0017374
130.725 0.00156041
131.215 0.00164503
132.173 0.00162687
132.271 0.00158938
131.79 0.00146631
130.942 0.00148529
130.011 0.00170492
133.407 0.00155693
130.705 0.00154084
129.009 0.00160551
129.638 0.00172722
129.823 0.00149446
128.42 0.00170866
130.307 0.00167423
130.211 0.0016273
127.486 1.04859e-05
126.403 0.00142116
130.77 0.00148105
130.722 0.00151505
128.552 0.00154327
129.991 0.00167952
129.151 0.00156082
129.523 0.0018001
129.421 0.00149887
123.403 0.0014403
130.316 0.00150215
130.59 0.00139022
127.405 0.00157418
125.141 0.00175802
132.232 0.00151518
128.812 0.00165948
129.287 0.00159252
129.819 0.00151482
130.928 0.00154908
129.241 0.00137707
130.014 0.000231916
129.358 0.00154382
127.732 0.00168464
130.818 0.00150647
130.027 0.00161431
131.899 0.00164637
130.99 0.00162294
126.973 0.00151345
129.511 1.05693e-05
128.572 0.00153167
130.081 0.00146205
130.416 0.00156338
128.792 0.00157678
118.348 0.00139455
135.292 0.00153189
130.646 7.35318e-05
129.635 0.00152573
129.074 0.000580123
129.683 0.00148301
129.513 0.00150383
128.696 0.000160243
129.101 0.00168146
129.96 0.00133188
128.33 0.0013035
127.876 0.00160869
123.595 0.000595178
132.223 0.00157895
131.554 0.0014923
128.286 0.00165526
129.665 0.00162734
130.036 0.001706
126.74 0.000710346
132.069 0.00172473
130.078 0.00138222
130.481 0.00151084
130.685 0.000318817
130.76 0.0016257
126.149 0.00163887
131.486 0.00159858
128.355 0.00169209
131.048 0.0017429
130.721 0.00150036
130.336 0.00149497
130.096 0.00157736
129.19 0.00144999
130.471 0.00071882
129.87 0.00150986
129.718 0.00170028
132.143 0.00171115
131.106 0.00155314
128.781 0.00164627
129.567 0.00152007
130.351 0.00148949
130.605 0.00163872
128.295 0.00151427
130.959 0.00149238
130.211 0.00149051
126.923 0.00143753
130.8 0.00172637
129.458 0.00153326
130.778 0.00149685
136.835 0.00149719
132.105 0.00152147
128.312 0.00151383
128.635 0.00152509
130.871 0.00168324
130.824 0.00169181
133.523 0.0015174
128.722 0.00171377
127.635 0.00156007
125.092 0.00159181
127.171 0.00151327
133.555 0.00174298
128.348 0.00150342
129.632 0.0016217
128.407 0.00151752
126.001 0.0014909
130.427 0.0016733
130.714 0.00165232
129.078 0.00141826
129.49 0.00174012
126.265 0.00159397
130.998 0.00172752
128.793 0.00147265
129.083 0.00168796
122.735 0.000575327
126.588 0.000745244
124.174 0.00166477
130.235 0.00183937
132.802 0.00150982
131.073 0.00147153
122.926 0.00154684
133.15 0.00162405
131.21 0.00141071
131.443 0.00147605
130.906 0.00156874
128.813 0.00157495
129.965 0.00157345
128.937 0.00154491
116.168 0.00150723
128.6 0.00159385
129.342 0.00156802
130.004 0.00171146
127.95 0.00140229
123.842 0.00163802
128.896 0.00126809
130.456 0.00168884
127.659 0.00103228
129.458 0.00158836
128.745 0.0014477
129.11 0.000330282
120.845 0.00171982
126.549 0.00150207
121.556 0.00160545
130.951 0.00159971
123.783 0.0014667
132.797 0.00145863
131.739 0.0015405
131.759 0.00183385
129.056 2.84418e-05
130.597 0.00102327
131.104 0.00149329
130.786 0.00101612
133.628 0.00148496
128.479 0.00152925
127.961 0.00151431
131.8 0.00144656
131.872 0.00149602
130.765 0.00150929
129.285 0.00127526
129.756 0.000234275
130.835 0.00173746
129.335 0.00148141
130.347 0.00150931
131.384 0.00153875
128.932 0.00151805
128.72 0.00156586
129.496 0.00160938
129.456 0.000726602
130.125 0.00171099
131.146 0.00145946
127.051 0.00152318
131.403 0.00148947
131.954 0.00178133
136.128 0.0017732
127.996 0.00152986
128.616 0.00152695
129.111 0.00106982
130.351 0.00156929
130.228 0.00124127
129.269 0.00153747
127.336 0.00170447
128.298 0.00171354
128.037 0.00151221
130.266 0.00135763
121.906 0.00165802
127.686 0.00151502
130.415 0.00156619
131.737 0.00150578
130.637 4.6919e-05
130.54 0.00151143
131.122 0.00148413
129.03 0.00168853
130.716 0.0014893
132.39 7.51319e-05
132.134 0.00176175
132.079 0.00166904
128.815 0.00146532
128.841 4.61335e-05
132.066 0.0015265
130.502 0.00155805
129.584 0.00150785
117.385 0.00168877
131.047 0.00151298
129.976 0.00139436
132.011 0.0015227
128.301 0.00157254
129.863 0.00150153
135.707 0.00142336
129.068 0.00150018
126.94 0.00145276
127.547 0.00164962
132.267 0.00163538
131.511 0.00156461
128.988 0.00149364
130.725 0.000236888
128.835 0.00152029
129.91 0.00151025
128.253 0.00160219
130.058 0.0016948
127.476 0.00151764
128.358 0.00159407
133.469 0.00129951
128.806 0.00162897
130.39 0.00152817
126.718 0.00149012
123.802 0.000428217
128.709 0.00155102
129.254 0.0017235
118.328 0.00164411
131.752 0.00160835
130.318 0.00164539
128.93 0.00170842
129.529 0.00144695
129.838 0.00168877
128.969 0.000110338
124.599 0.00170929
128.115 0.00155602
124.435 0.00171098
129.882 0.00157993
124.683 0.00149649
128.003 0.00157144
130.971 0.00170677
129.279 0.00151285
130.889 0.001516
130.537 0.00154028
125.675 0.00150377
130.198 0.00156972
128.748 4.54602e-05
128.949 0.00158061
132.235 0.00156803
130.324 0.00154217
129.005 0.00153661
131.127 0.00163178
128.352 0.00175647
131.696 0.00162772
131.733 0.00152347
130.052 0.00140228
131.227 0.00174404
128.393 1.75281e-05
128.332 4.60253e-05
128.836 0.0017018
130.051 0.000325415
123.912 0.00175256
132.452 0.0017529
131.361 0.00150567
129.309 0.00153976
129.243 0.00148473
130.815 4.55367e-05
131.934 0.00153983
133.453 0.00150885
128.461 0.00157039
128.554 0.00151865
122.943 0.0017292
130.845 0.00137484
131.28 0.000879791
120.236 0.00159294
130.221 0.00159091
128.949 0.00174036
129.095 0.00179867
128.146 0.00169757
131.872 0.00169242
128.26 0.00160389
128.071 0.00156606
129.751 0.00153062
129.922 0.00149997
128.809 0.00154534
128.714 0.0017455
125.343 0.00145143
130.763 0.00156281
131.752 0.00148457
131.909 0.00154228
127.805 0.00159432
128.876 0.00165156
127.834 0.00124617
131.769 0.00160972
128.883 0.00148442
126.059 0.00153006
129.472 0.00147652
129.52 0.00152042
131.065 0.00044929
128.354 0.00175748
128.766 0.00157118
128.559 0.00146248
128.938 2.75305e-06
129.59 0.00174778
132.867 0.00150401
130.017 0.00151834
131.5 0.00173529
130.246 0.00172111
128.428 0.00156271
130.348 7.27804e-05
129.65 0.000413869
130.702 0.00151486
129.347 0.00156513
129.802 0.00167627
135.805 0.000910099
129.832 0.00168663
133.331 0.00149251
131.724 0.00149889
132.967 0.00142769
121.965 0.00159418
131.456 0.00163016
130.333 0.00031959
129.641 0.00158593
130.646 0.00146707
132.705 0.00152926
123.116 0.00150745
128.98 4.56873e-05
129.088 0.00149799
129.951 0.001693
128.584 0.00147429
128.136 0.0014776
129.768 0.00155735
129.305 0.00159191
130.953 0.00167786
130.767 0.00152431
131.039 0.00172058
127.955 0.00139364
123.339 0.00148886
127.538 2.98422e-05
134.061 9.73453e-06
131.074 0.00148781
129.132 0.00172019
128.339 0.00150045
128.219 0.00157996
129.439 0.00167569
129.513 0.00166154
130.41 0.00127788
132.023 0.00169417
131.262 0.00155523
130.057 0.00166738
131.029 0.00171101
130.358 0.00146211
126.952 0.00140995
128.218 0.00171866
133.753 0.00146806
132.442 0.00180266
127.674 0.001528
131.158 0.00133297
128.457 0.00152746
128.102 0.00112018
129.91 0.00165792
128.302 0.00043925
128.059 0.001575
129.116 0.00172332
133.979 0.00150444
130.018 0.00154937
131.06 0.00101858
130.643 0.00150084
129.329 0.00149608
126.046 0.00163147
129.912 0.00159754
132.016 0.00157301
129.788 4.47077e-05
132.69 0.00156401
128.855 0.00151198
134.337 0.00157239
126.065 0.00100603
126.697 0.00157384
130.407 0.0014999
130.417 0.00151588
130.3 0.00158573
130.072 0.0015621
130.792 0.00149165
120.777 0.00151599
131.966 0.00154654
129.044 0.00168683
128.851 0.000160871
130.696 0.00151578
131.881 0.00152426
125.075 0.00150311
130.34 0.00156258
128.365 0.000110574
130.24 0.00103929
127.241 0.00155768
129.589 7.25011e-05
131.181 0.00157
128.374 0.00168852
124.235 0.00168769
131.27 0.00153462
133.125 0.0014722
127.92 0.00148455
129.793 0.00158628
127.766 0.00156057
130.711 4.52285e-05
131.028 0.0017283
129.835 0.00151205
128.734 0.00131053
130.316 0.00143864
130.028 0.00168312
135.853 0.00148869
131.989 0.00147051
125.237 0.00115818
129.668 4.44881e-05
130.983 0.00142682
123.318 0.0011716
129.019 0.00171098
130.536 0.00152954
133.355 0.0017275
124.955 0.00158932
128.66 0.00152523
128.73 0.00147707
129.497 0.00169066
128.685 0.00163985
128.305 0.00156739
126.155 0.0014983
129.746 0.00151046
129.891 0.00152241
135.238 0.00169029
129.106 0.0015801
131.151 0.0015729
130.299 0.00170512
129.332 0.00154918
126.637 0.00149417
130.344 0.0014839
130.7 0.00151742
130.778 0.00149553
122.455 0.00148005
117.083 0.0017279
131.644 0.00152199
127.813 0.00115413
130.406 0.00151524
127.611 0.00164887
129.276 0.000231826
129.784 0.00158739
132.047 0.00149758
129.735 0.00150741
128.403 0.00156879
129.557 0.00142168
132.158 0.000542239
130.243 0.00154663
129.585 0.00142399
131.918 0.00149567
135.1 0.00156893
130.271 0.00149985
121.222 0.00153918
125.05 0.00145258
130.126 0.00149809
131.995 0.00170832
129.661 0.00151023
129.432 0.00134339
130.237 0.00148347
128.175 0.00147417
127.339 0.0016331
131.609 0.00071424
128.833 0.00107216
130.084 0.00151175
129.354 0.00141243
128.123 0.00152405
125.336 0.00169606
128.871 0.00171867
130.437 0.00155119
129.658 0.00157947
128.932 0.00150364
127.166 0.00170621
128.587 0.00146999
131.697 0.00161482
129.45 0.000567401
128.348 0.00151363
126.823 0.00165773
128.765 0.00156435
130.665 0.00169268
130.654 0.00151616
130.49 0.0015071
130.469 0.00152669
129.47 0.00152096
128.138 0.00157454
128.887 0.00169952
130.26 0.00149391
129.222 0.00167441
130.66 0.00139913
128.047 0.00152564
129.239 0.00153273
129.83 0.0015317
130.172 0.00162233
127.368 0.00151585
130.18 0.00149361
132.125 0.000720022
130.116 0.00150943
127.839 0.00176665
129.377 0.00150546
129.86 0.00140598
131.401 0.000570287
131.615 0.00155745
127.158 0.00168744
128.794 0.00163153
127.799 0.00163297
127.282 0.00130147
129.668 0.00152826
128.005 0.00149702
132.284 0.00144012
128.169 0.0014556
130.803 0.0015157
133.602 0.0015192
130.607 0.00157649
131.596 0.00157972
128.354 0.00151576
128.889 0.00149602
136.273 0.00151554
131.156 0.00156648
128.587 0.00164255
127.134 0.00155866
127.397 0.00149217
129.625 0.00136816
126.923 0.00150266
132.759 0.001483
127.448 0.000108802
128.795 0.00157429
130.356 0.00169766
127.675 0.00170183
131.457 0.0014958
129.638 0.00163641
132.436 0.00155032
126.598 0.0016076
129.03 0.00162313
132.835 0.00146235
130.688 0.00150037
128.959 0.00152245
128.866 0.00160196
129.629 0.00128787
125.257 0.00153908
129.411 0.00101465
128.732 0.00151066
132.167 0.00143384
129.785 0.0015482
128.456 0.00148708
130.915 0.00144626
127.153 0.00152727
129.949 0.00154203
131.327 0.00151832
126.834 0.00148255
128.73 0.00162447
134.291 0.00150179
129.583 0.00157436
128.612 0.0015913
127.895 0.00166703
128.47 0.00137498
126.999 0.00149673
129.269 0.00152641
124.759 0.00139104
127.462 0.00151809
130.299 0.0017294
127.527 0.00154528
123.92 0.00150544
132.125 0.00167192
130.445 2.84606e-05
128.502 0.00172547
130.391 0.00150623
130.647 0.00150884
128.724 0.00159816
131.662 0.00157912
123.271 0.00117258
131.253 0.00145265
131.383 0.00153164
124.898 0.00153047
131.416 0.000582101
120.08 0.00149752
128.725 0.00154883
128.483 0.00148354
125.804 0.00141589
129.654 0.00145489
133.971 0.00081608
129.954 0.00147509
129.438 0.00149671
128.202 0.00121346
132.003 0.00166532
131.478 0.00145473
130.088 0.0016013
130.332 0.0015102
127.858 0.00151041
129.424 0.00155852
131.35 0.00148684
130.409 0.00150812
130.486 0.00163315
132.223 0.00147696
129.248 0.00151167
130.164 0.00153043
127.231 0.00175153
128.114 0.0014841
128.373 0.00108913
128.86 0.00149795
127.932 0.00161236
129.699 0.00169574
127.5 0.00170577
130.989 0.00150352
131.872 0.0015046
131.099 0.0015579
129.109 0.000571284
130.415 0.00139942
131.496 0.00167823
128.469 0.00165372
127.086 0.00147494
129.143 0.00155447
127.592 0.000588948
128.861 0.00158438
130.364 3.80616e-06
130.348 0.00142819
126.966 0.00168941
121.973 0.00160916
127.283 0.00166407
128.912 0.00150131
130.089 0.00155287
127.482 0.00148427
129.841 0.00167662
128.867 0.00154893
131.089 0.00129183
129.235 0.00101878
127.816 0.00174599
130.396 0.00143673
129.225 0.00168702
125.829 0.00170738
133.34 0.00141375
130.471 0.00169304
128.953 0.00156371
129.183 0.00166154
127.022 0.0015665
129.124 0.00161047
131.374 0.00145588
130.783 0.00158549
128.379 0.00135966
129.648 0.00152466
128.033 0.00153608
132.491 0.00139041
128.119 0.00141373
128.209 0.00171202
127.568 0.00152119
130.17 0.00170598
131.136 0.00101372
129.516 0.00157026
129.58 0.00155613
121.752 0.0015042
128.927 0.00148525
125.922 0.0015124
127.738 0.00163056
123.213 0.00168091
127.784 0.001611
134.58 0.00136365
131.633 0.000875735
134.178 0.00152448
127.69 0.00154984
131.69 0.00161661
131.587 0.00148955
128.481 0.00152355
131.777 0.00161529
127.542 0.00165367
127.604 0.00151733
129.987 0.0015756
130.094 0.00149167
129.837 0.000321445
