122.668 1.85751e-05
122.453 0.000412001
131.521 0.000329038
117.401 0.000437811
119.591 0.000147971
147.574 0.000387496
120.925 0.000447967
120.915 0.0003945
116.279 0.000383722
115.722 0.000388466
118.953 0.000396208
117.548 0.000328126
120.452 0.000373755
116.264 0.000386915
123.447 0.00039811
117.729 0.000401701
120.438 0.000385496
116.357 0.000387157
120.597 0.000378995
122.716 0.000409804
123.701 0.000375279
134.708 0.000435565
118.761 0.000387715
121.155 0.000382281
131.742 0.000378349
120.028 0.000415095
117.046 0.000390536
131.528 0.000377558
122.236 0.000442655
116.17 0.000352392
122.533 0.000432658
115.311 0.000385665
126.96 0.00021431
120.15 0.000376372
122.725 0.00040092
128.354 0.000425488
145.832 0.000383848
123.314 0.000372359
121.395 0.000395533
120.011 0.000394029
121.581 0.000368709
150.752 0.000406209
120.02 0.000423033
115.596 0.000431425
116.379 0.000395337
118.895 0.000382022
118.429 0.000379845
120.114 0.000383689
116.608 0.000409902
118.218 0.000382582
121.641 6.0397e-05
132.74 0.000400078
125.183 0.000442085
118.613 0.000432713
117.725 0.000321695
122.494 0.000379737
116.926 0.000405749
122.538 0.000390512
119.892 0.000395674
117.716 0.000374394
125.404 0.000437437
123.158 0.000390541
129.801 0.000438883
116.929 0.000409124
131.269 4.22222e-05
117.164 0.000396084
131.427 0.000378239
116.369 0.000379133
115.785 0.000147947
118.686 0.000426945
129.045 0.000375847
121.856 0.000381886
123.436 0.000385024
118.999 0.000413013
127.894 0.000380286
117.36 0.000389694
120.947 0.000385141
119.041 0.000182256
122.107 0.000182687
130.881 2.68857e-05
116.375 0.000407343
130.822 0.000389024
137.773 0.00043183
122.3 0.000373333
142.594 0.000427389
119.625 0.000403436
115.14 0.000403209
120.023 0.000378002
119.436 0.000404562
144.753 0.000343596
116.352 0.000384051
120.334 0.00039988
139.887 0.000410168
137.091 0.000386082
124.315 0.000426203
121.905 0.000382754
116.201 0.000392772
118.913 0.000386287
119.235 0.000435609
136.28 0.000114343
131.539 0.000386696
126.602 0.000369727
119.405 0.000421948
118.362 0.000379454
117.491 0.000295445
119.031 -0.000363732
117.703 0.000392814
117.515 0.000390236
118.432 0.000371159
115.227 0.000391468
143.114 0.000410923
119.533 0.000427639
119.608 0.000385228
119.431 0.00038724
120.987 0.000388592
118.598 0.000114962
121.764 0.000394581
120.662 0.000261164
123.683 0.000329034
118.554 0.000380081
120.302 0.000369981
122.878 0.000376604
127.169 0.000404147
119.335 0.000441785
123.204 0.000364639
115.554 0.000340847
130.953 -0.000397529
119.639 0.000380026
