120.812 0.000153054
118.465 0.000149404
122.249 0.000166706
120.08 0.00014631
121.609 0.000149996
119.59 0.000100823
121.327 0.000150483
121.444 0.000165455
119.4 0.000154746
119.155 0.000158352
119.503 0.000150557
120.407 4.42217e-05
121.848 0.000147983
119.36 0.000169485
118.27 0.000146628
121.289 0.000160941
121.61 0.00014689
121.793 0.000155497
119.464 0.000150627
118.323 0.000172933
117.614 0.00014739
122.399 0.00015879
123.173 0.000159114
119.012 0.000136466
119.848 0.000152951
120.447 0.000170561
116.26 0.000159449
119.181 0.000131846
121.537 0.000151297
118.573 0.000139957
121.204 0.000154461
118.914 0.000144975
119.801 0.000169796
118.886 0.000172711
120.159 0.000156099
120.993 0.000147761
120.289 4.38357e-05
120.073 0.000149019
120.21 0.000152107
120.78 0.000148995
119.561 2.16853e-07
123.338 0.000127779
117.774 0.000157193
119.919 0.000151235
117.897 3.21626e-05
121.414 4.36955e-05
121.652 0.000154917
119.188 0.000160303
119.956 0.000144819
117.906 0.000143234
119.693 0.000138469
122.559 0.000151942
119.847 0.000140476
116.91 0.000152184
115.486 0.000117537
120.724 0.000159851
117.443 0.000158959
119.311 0.000166687
120.075 0.000148648
117.904 0.000167811
115.452 0.00015864
121.309 0.000148737
115.573 0.000144435
118.854 0.000149717
119.158 4.37281e-05
120.405 1.54011e-05
119.169 0.000130592
122.029 0.000152471
119.497 0.000170542
117.41 0.000153834
120.078 0.000149076
117.72 0.000155751
118.462 0.00013865
117.121 0.000151212
121.644 8.41555e-05
120.948 0.000156395
122.751 0.000147047
120.396 0.000158289
118.751 2.28649e-05
120.247 0.000152524
116.754 0.000156917
119.943 0.000148633
120.66 0.000167061
121.099 0.000138412
120.31 0.00015015
122.637 0.000144763
117.013 0.000109046
118.174 0.000142212
117.932 6.98198e-05
119.39 0.000147458
118.942 0.000147438
120.066 0.000152942
120.866 0.000149311
119.801 0.00015044
119.715 0.000151465
118.747 0.000149088
118.99 0.000148628
119.363 0.000148133
119.061 0.000148726
118.895 1.09254e-05
119.062 0.000155332
121.19 0.000144143
119.454 0.000162087
118.743 0.000126616
119.928 0.000125965
120.008 0.000170386
120.159 0.000160955
118.291 0.000148573
115.99 0.000130874
121.926 0.000151421
122.161 0.00014082
119.652 0.000170543
118.763 0.000150515
120.514 9.95581e-05
119.639 0.000149142
120.269 0.000147246
120.788 0.000149719
119.676 0.000146641
123.746 0.000146834
117.511 0.000150943
117.221 0.000168056
118.19 0.000136423
119.762 0.000133724
119.266 0.00015166
118.187 0.000162032
118.713 0.000148393
119.076 0.000153381
118.788 0.000142066
115.87 0.000125845
117.319 0.000152107
121.592 0.000171023
118.492 0.000148976
119.497 0.000149065
120.784 0.000154446
118.055 0.000115933
120.337 0.00015461
117.83 0.000151762
120.208 0.000161569
119.498 2.82945e-06
122.353 0.000147384
118.833 0.000156143
116.577 0.000166514
122.015 0.000145813
119.97 0.000157516
121.515 0.000117851
115.897 0.000158796
119.053 0.00014291
118.893 0.000138369
120.106 0.000148804
119.592 0.000152112
120.428 0.000169203
121.062 0.000152123
117.458 0.00015426
117.886 0.000149149
120.22 0.000160704
122.329 0.000110225
119.209 7.10621e-05
117.012 3.1994e-05
116.525 0.000141238
117.529 5.68291e-05
118.384 1.08936e-05
120.57 5.58621e-05
118.087 0.000167376
119.613 0.000160353
120.48 0.000166822
118.952 0.000153991
120.287 0.000126336
126.807 0.000142101
115.471 0.000153215
120.173 0.000148864
120.163 5.70624e-05
119.607 0.000167195
117.12 0.000157499
120.096 0.000166349
118.476 0.000154901
120.297 0.000157735
120.737 0.000156551
119.242 2.86385e-06
120.153 0.000168568
122.585 0.000156081
120.102 2.24095e-05
120.22 0.000150359
116.886 0.000149718
118.05 0.000167887
122.453 0.000159284
116.156 0.000169368
116.991 0.000132194
118.116 8.48343e-05
120.544 0.000163522
119.975 2.34606e-05
118.028 0.000155997
119.929 0.000150184
119.835 7.13228e-05
118.192 0.000143242
119.188 0.000167465
125.28 0.00012853
118.572 0.00017258
120.918 0.000148155
118.329 0.000144904
120.814 0.00014717
119.952 0.00014921
120.937 0.00010539
122.631 0.000156114
115.807 0.000144599
118.429 0.000165809
121.471 0.000125302
119.424 0.000151126
120.928 0.000148047
118.724 0.000149487
120.204 0.000152659
117.312 0.000168432
117.746 0.000150414
121.721 0.00016747
121.692 0.000169115
121.485 0.000155823
119.639 0.00016056
120.581 0.000167979
118.753 0.000147842
116.699 0.000147692
123.027 8.36138e-05
123.296 0.000150228
118.771 0.000149865
118.856 0.00015526
116.09 0.000155599
119.274 0.000153998
118.369 0.000149541
120.056 0.000156249
121.45 0.000101009
117.987 0.000151875
120.011 0.000170068
118.791 0.000115125
120.3 0.000149385
122.862 0.000149713
123.254 0.00014473
121.237 0.00015317
121.248 0.000160324
119.193 0.000161019
121.497 0.000159858
120.168 0.000157823
119.068 0.000149713
115.647 6.56414e-05
119.586 0.000153024
120.889 0.000158243
122.118 1.03741e-07
119.557 0.000154485
118.086 0.000149121
118.669 0.000172068
119.746 0.000156305
117.798 0.000155042
117.196 0.00015248
120.775 0.000167471
121.829 0.00016103
119.587 0.000153095
119.152 0.000147879
122.555 0.000145159
120.019 0.000169022
120.41 0.000148257
121.529 0.000169549
120.988 0.000155117
119.973 0.000154225
121.219 0.000155501
119.292 0.000157272
118.342 0.000166274
119.714 0.00014914
119.166 0.000149055
120.839 0.000160896
117.148 0.000152424
119.862 0.000148085
119.486 0.000151879
120.869 0.000154301
119.054 0.000166362
119.408 0.000151728
118.796 0.000168393
120.208 0.000147138
119.908 0.000154498
119.498 0.000150489
120.134 0.000147114
122.365 0.000157298
118.955 0.000168317
118.637 0.000147333
123.352 0.000156715
157.636 0.000142552
117.897 0.000147706
123.542 0.00012775
120.566 0.000170373
120.1 0.000161734
119.998 0.000117513
116.511 0.000155164
119.651 0.000150511
118.781 0.00010085
118.518 0.000162394
118.626 0.000139499
121.441 3.6911e-07
120.3 0.000175574
120.721 0.000139489
117.172 0.000149641
122.217 0.000150431
119.776 0.000153593
121.549 0.000142301
117.23 0.000159187
120.126 0.000147242
119.446 0.000139177
121.079 0.000159834
119.642 0.000172368
120.516 0.000171561
119.767 0.000155336
118.497 0.000150578
120.624 0.000154893
122.084 0.000154089
120.288 0.000149646
119.591 0.000145682
117.956 0.000149459
119.822 0.000146582
115.5 8.57584e-05
122.005 8.51217e-05
119.708 0.000159759
119.854 0.000158517
119.902 0.000150884
118.486 0.000152194
119.058 0.000155145
120.309 0.000124121
121.098 0.000153658
120.047 0.000100479
120.901 0.000160738
119.926 0.000170601
119.566 3.20515e-05
120.841 0.000145465
121.57 0.00014375
118.902 8.68792e-05
117.951 0.000153801
122.02 0.000101161
118.145 0.000169572
119.878 0.000153527
120.046 0.000153974
118.881 0.000153332
122.268 0.000142226
124.174 0.000136179
118.759 0.000152391
120.326 0.00016704
120.513 0.000149873
119.227 0.000164983
122.916 0.000135145
120.499 5.85287e-05
118.223 0.000155798
116.84 0.000135762
117.783 0.000138847
116.685 0.000133457
119.707 0.000154065
119.72 0.00015176
119.599 0.000113014
119.367 0.000168252
118.006 0.000145002
122.621 2.29162e-05
121.947 0.000155811
115.551 0.000149868
120.173 0.000174631
118.666 0.000156828
121.904 0.000159684
118.27 0.000169232
117.377 7.12051e-05
119.42 0.000155134
117.415 0.000159487
120.723 0.000151761
122.195 0.000167166
120.855 2.83421e-06
116.35 0.000168581
120.088 0.000161467
115.683 0.000170906
120.421 0.000169015
116.147 0.000151416
119.741 0.000103479
119.91 0.000158002
120.557 0.00015088
122.138 0.000156868
118.452 0.00015474
120.61 0.000169098
119.201 0.000145665
119.416 0.000154363
119.493 0.000152547
121.389 0.000155842
119.128 0.000154929
120.027 0.000161347
123.147 0.000148677
123.095 0.000168071
117.198 0.00014254
121.47 0.000163601
120.745 0.00015407
119.871 4.32362e-05
118.791 0.000152872
117.198 0.000155654
118.707 0.000163353
120.54 0.000168868
118.825 0.000114522
120.366 0.000149761
118.853 0.000166375
117.02 0.000143023
119.429 0.000164477
122.82 0.000149671
120.469 0.000148932
119.318 0.000167963
115.266 0.00015271
116.613 0.000167793
119.682 0.000158607
120.305 0.000171253
118.903 0.000160542
119.301 0.000167302
121.738 0.000137197
120.971 0.000155741
119.498 0.00015182
119.99 0.000157041
119.719 0.000155178
118.388 0.000152119
121.239 0.000152827
119.255 0.000168378
119.48 0.000171845
120.022 0.000132854
122.197 0.000129086
119.487 0.00015254
118.628 0.00014864
121.794 0.000149342
119.57 0.000150564
119.34 0.000177913
119.929 0.00015595
119.861 8.83146e-05
115.124 0.000140691
117.974 0.000165203
122.43 0.000145654
121.896 0.00016878
119.007 0.000164082
119.697 9.91861e-05
119.848 0.000140883
118.869 0.000169725
119.956 0.000146963
116.841 0.000150414
119.91 0.000148376
118.659 0.000155971
121.374 0.000147327
118.452 0.000166726
117.475 0.000115208
117.541 1.09535e-05
121.239 0.000161011
119.611 0.000166458
120.93 0.000165965
118.474 0.000166026
117.814 0.000148758
119.39 0.000149846
120.649 0.00015091
120.092 0.00015767
119.691 0.000132231
117.465 0.000167293
120.946 0.000149718
115.523 0.000162017
117.578 0.000152998
119.299 0.000151461
120.955 0.000115735
116.192 0.000155113
118.728 0.000149501
119.285 0.000171428
122.319 0.000146788
119.621 2.40789e-05
117.622 0.000157953
121.137 0.000140742
120.122 0.000135556
117.697 0.000177715
120.477 0.000163657
120.015 0.000155219
120.053 0.000160685
122.251 0.000162403
119.912 0.000150278
117.87 9.82311e-05
117.353 0.00015501
118.172 0.000155692
120.518 0.000149117
118.476 0.000155456
118.668 0.000160255
118.998 0.000148502
119.375 0.000151186
120.114 0.000114897
120.743 0.000156325
115.172 0.000167016
120.871 0.000158874
121.504 0.000157188
120.395 0.000148673
118.02 0.000150262
120.488 0.000157595
120.87 0.000139431
119.593 0.000149196
117.68 0.000156376
117.344 0.000150521
117.415 7.29237e-06
120.955 0.000159432
119.348 0.0001626
119.791 0.00015482
121.104 0.000152229
122.764 0.000150068
123.332 0.000172195
120.144 0.000154825
118.549 0.000140832
121.133 0.000165911
120.996 0.000170887
118.788 0.000152786
118.728 1.05195e-06
119.85 0.000166864
119.93 0.000148056
117.82 0.000153288
117.976 0.000148701
120.362 0.000155532
119.549 0.000149813
120.355 0.000155468
117.219 6.5565e-05
117.005 0.000148292
119.792 0.000165717
118.123 0.000159935
117.448 0.00010557
119.198 0.000149256
119.708 0.000147831
124.089 9.5895e-05
120.695 0.000155836
118.517 0.000156736
122.928 0.000142641
120.304 1.04862e-07
122.17 0.000155808
118.287 0.000148924
121.148 0.000149032
120.278 0.000148624
121.81 0.000143642
118.577 0.000147111
120.689 0.000170185
121.489 0.00016217
118.19 0.000148561
120.316 3.23864e-05
118.477 0.00015092
119.105 0.000154466
121.858 0.000147972
119.888 0.000154982
119.77 0.000172204
118.067 0.000138334
120.881 0.000140845
121.498 0.000147493
118.376 0.000152769
118.832 0.000150191
119.655 0.000149022
120.75 0.000153325
117.367 0.000145212
120.149 3.22105e-05
121.022 0.000157668
120.766 0.000152112
122.951 0.000151529
119.951 2.31811e-05
121.482 0.000152027
119.343 0.0001491
119.329 0.000172478
122.271 2.35487e-05
115.335 0.000156075
120.497 0.000155913
121.883 0.000169114
120.45 0.000149371
119.687 7.1122e-06
118.34 0.000160851
120.2 0.00015368
119.44 0.000155745
120.586 0.000125267
119.259 0.000141445
119.506 0.000149664
115.88 0.00014088
119.814 0.000145101
120.281 0.000140665
121.322 0.000155977
122.062 0.000151664
119.466 0.000151718
126.992 0.000159638
119.334 0.00015379
119.345 0.000169863
120.924 0.000118204
122.859 0.000148986
116.892 0.000168073
118.104 0.000147325
121.631 0.0001575
120.328 0.000148104
119.639 0.000148643
118.889 0.000151513
119.982 0.000147271
116.897 4.42189e-05
118.436 0.000150407
120.101 0.000134724
121.052 0.000142912
119.154 0.000155478
118.744 0.00014834
116.202 0.000150508
119.133 0.000141465
118.176 0.000150814
119.568 0.000145907
115.595 0.000146632
121.076 0.00015001
121.483 0.000155625
120.156 0.00015471
119.682 0.000141329
119.309 0.000147622
119.843 0.000155798
120.142 0.00013898
121.841 0.000148378
117.856 0.000148591
118.73 0.000164989
119.198 0.000143362
120.019 1.61124e-05
120.186 4.46365e-06
120.391 0.000150804
120.681 1.61518e-05
119.612 0.00016831
119.841 0.000166804
122.63 6.26275e-05
119.055 0.000155791
119.246 0.000148812
119.519 0.000150866
120.179 3.25565e-05
120.708 0.00016706
119.993 0.000146785
118.877 0.00016212
119.502 0.000151847
119.174 0.00014892
119.059 0.000169202
120.89 0.000147052
119.715 0.000127471
121.092 0.000158414
119.133 0.000147454
118.634 0.000148161
122.097 0.000157198
118.734 0.000149817
120.637 0.000146742
121.662 0.000139299
119.57 0.000168743
116.858 0.000141555
120.064 0.000147412
119.085 0.000149824
121.819 0.000146416
121.041 9.61315e-06
120.717 0.00014853
123.407 0.000151295
119.324 0.00015249
119.507 8.81287e-05
120.283 0.000158888
120.358 0.00015011
119.786 0.000146503
121.456 0.000145374
117.51 0.000150272
119.631 0.000153649
116.914 0.00016979
122.764 0.000131006
121.228 0.000157024
119.505 0.000149949
119.227 0.000167244
120.474 0.000152673
119.539 0.000152842
118.066 0.000140701
118.492 0.00017524
121.092 0.000144089
118.38 0.000171233
119.39 0.000145738
120.063 0.000152667
120.89 0.000167203
119.282 1.65965e-05
120.938 3.17122e-05
123.047 0.000142263
120.006 0.000166747
119.279 0.000167558
121.927 0.000165493
120.136 -0.00014904
116.019 0.000149381
122.416 0.000147528
119.421 0.000149599
124.149 1.07266e-05
121.163 6.39968e-05
119.224 0.000150896
119.206 0.000154533
121.576 0.000170545
120.149 0.000150185
117.982 0.000125829
120.019 0.000149823
119.031 0.000148686
119.542 0.000147478
120.108 0.000122558
118.525 0.000161624
120.134 0.000147943
117.984 0.000165184
119.529 0.000151877
121.169 0.000169851
120.323 3.11924e-05
120.396 0.000162641
121.531 0.000158984
124.439 0.000149499
118.771 0.000166142
116.608 0.000141845
118.194 0.000152852
120.159 7.09067e-05
121.244 0.000151399
119.826 0.000149465
119.857 0.000141803
122.2 3.29747e-05
122.182 3.3581e-05
119.489 0.000172185
120.324 0.000158178
119.682 0.000150124
121.731 0.000149864
121.713 0.000152676
121.365 0.000166971
118.586 0.000141306
119.508 0.000154893
120.809 0.000168388
125.433 0.000148928
115.96 0.000173068
119.008 0.000155526
120.254 0.000148406
121.036 0.000147636
117.865 0.000158335
119.443 0.000162608
118.634 0.000146274
120.328 0.000166189
120.079 0.000150091
116.527 0.000158874
125.605 0.000148236
120.909 0.000146352
117.04 0.000149348
119.139 0.000152832
118.464 0.000154292
119.577 0.000146966
120.54 0.000158603
117.193 0.000146774
118.585 0.000149421
119.978 0.000150355
118.474 0.000151343
116.803 0.000150006
118.291 0.000154355
153.258 0.000149931
121.612 0.000149694
120.764 0.000150816
119.309 0.000150652
116.439 0.000167452
117.749 0.000151897
118.219 0.000162124
120.933 0.000154089
116.4 0.000144311
119.723 0.000156323
119.504 0.000114259
124.214 0.000137353
116.112 0.000160637
120.134 0.00017022
119.908 0.000148364
119.054 0.000142821
119.94 0.000148621
121.292 0.000167156
117.184 0.000150052
121.433 0.000149402
119.101 0.000154965
120.826 0.000149508
120.787 0.000150751
121.38 4.45466e-05
119.967 0.000150454
120.194 0.000152265
117.541 0.000161243
120.377 0.000157857
119.788 0.000165919
116.083 0.000177999
119.676 0.000159725
119.999 0.000156304
118.034 0.000156731
115.547 0.000154592
119.502 0.000168399
119.478 0.000148308
125.071 0.000151273
119.641 0.000141878
119.758 0.000147589
119.755 0.000148212
121.539 0.000165306
119.553 0.000159072
117.339 0.000136588
119.203 3.24705e-05
120.367 0.000153332
120 0.000172979
119.027 0.000151529
120.925 0.000150273
120.266 2.29587e-05
119.484 0.000151142
121.569 0.000154605
120.468 0.000151009
121.253 0.000166358
118.942 0.000163396
117.342 0.000147348
118.635 0.000168996
119.297 0.000155342
118.663 0.000148878
120.639 0.000169059
122.416 0.000172648
118.75 0.000161265
119.801 0.00014745
120.188 0.000148566
120.854 0.000155226
118.493 0.000169832
119.995 0.000155694
118.969 0.000127507
117.298 0.000157098
119.427 0.000146631
119.135 9.95291e-05
119.563 0.000147709
119.238 0.000156239
120.501 0.000163752
121.311 0.000174016
121.062 0.000148343
119.247 0.000160058
120.568 0.000153342
119.256 0.000149735
121.48 0.000148545
119.422 0.000149336
119.791 0.000151693
119.496 0.000150787
119.309 0.000149351
120.012 0.000150322
121.396 0.000146788
119.975 1.60639e-05
119.523 0.000125716
120.137 0.00011453
119.169 0.000140013
118.063 0.000149585
120.4 0.000153214
118.054 0.000172831
122.411 0.000158744
119.995 0.000168725
121.07 0.000166134
119.457 1.09119e-05
120.393 0.000148766
120.914 0.00014866
117.38 0.000160018
118.965 0.000127447
122.176 0.000139204
118.697 7.09878e-05
120.089 0.000173259
117.428 0.000142766
117.492 0.000153628
119.725 0.000141595
119.411 0.000162797
120.962 0.000147618
120.041 0.000144082
116.341 0.000150912
120.092 0.000168276
122.304 0.000146729
118.758 0.0001549
118.311 0.000151247
120.698 0.000149783
118.729 0.000152199
121.254 0.000136841
121.197 0.000153017
117.132 0.0001526
119.534 0.00014765
118.715 0.000159567
121.042 0.0001543
121.099 0.000165431
119.666 0.000143525
117.742 0.000149405
117.809 0.000151336
117.523 0.00015602
119.039 0.000153575
115.47 0.000138544
120.335 0.000151272
119.093 0.000144719
117.696 0.000153584
120.17 0.000148736
117.915 0.00014171
119.998 0.000148258
119.706 0.00015128
120.519 0.00014128
121.119 0.000147104
119.309 0.000146001
123.265 0.000162511
119.393 0.000148466
120.935 0.000153425
119.497 0.000157617
118.031 0.000132674
119.899 0.000158376
122.841 0.00014921
119.126 0.0001015
119.586 0.000138091
120.931 0.000153134
120.664 0.000150198
120.263 0.000157201
119.063 0.000140403
121.188 0.000174121
119.561 0.000161073
120.415 0.000170696
118.486 0.000154441
118.783 0.000153523
122.516 0.000154622
117.095 0.000132092
122.258 0.000168528
119.456 0.000148898
119.631 2.83951e-06
119.565 0.000129915
120.475 0.000171817
118.813 0.000161749
121.396 0.000145672
121.436 0.000149478
119.875 0.000149537
123.108 0.000163434
118.626 0.000153094
121.587 0.000149048
118.983 0.000134789
119.994 0.000149841
118.994 0.000167161
119.455 0.000174206
119.848 0.000114903
120.79 0.000157894
121.456 0.000154994
120.827 0.000147597
123.062 0.000150158
118.36 0.000157647
119.685 0.000151505
120.047 0.000145813
119.557 0.000155259
119.966 0.000147221
116.434 0.000157914
120.503 0.000150973
119.709 0.000149899
122.635 0.000149901
117.275 5.84188e-05
119.886 0.000148988
118.734 0.000149784
120.256 0.000168592
119.764 0.000133477
116.004 0.000150734
122.006 0.000147688
119.513 0.000149815
124.053 0.000107334
118.802 5.62454e-05
119.769 0.000168223
118.875 0.000168464
117.519 0.000155695
121.507 0.000155664
118.799 0.000159046
118.999 0.00014559
116.429 0.000148818
120.288 7.33281e-05
120.553 0.000147121
118.72 0.000100893
117.585 0.000148461
120.172 0.00015709
118.111 0.000169589
122.945 6.91163e-05
119.194 0.000150692
122.5 0.000172498
116.973 0.000143222
120.41 0.000157905
115.914 0.00015165
119.088 0.000148944
124.831 0.000166291
122.546 9.58126e-08
119.857 0.000147523
120.012 0.000149207
118.358 0.000153224
120.665 2.37657e-05
120.504 0.000149757
121.584 5.68537e-05
120.203 0.000146291
118.294 0.000136919
117.334 0.000148893
119.635 0.000169668
118.039 0.000168765
119.828 0.000150228
117.694 0.000138153
120.125 0.000151378
121.803 0.000167868
118.454 0.000156768
117.937 3.21088e-05
116.416 4.00084e-05
118.888 0.000152318
117.451 0.000146271
121.07 0.000150136
120.308 0.000154031
124.079 0.000140066
119.409 0.000139403
119.705 0.00015105
118.207 0.000154371
119.733 0.000150144
121.302 0.000141249
121.617 0.000147485
120.119 0.000152834
120.804 0.000152427
120.292 0.00014867
120.217 0.000139108
115.7 1.45468e-07
120.849 0.000138633
117.543 0.000145395
120.546 0.000168509
122.203 0.000144062
119.333 0.00013217
119.244 0.000171149
120.741 7.19551e-06
121.507 0.000155754
121.71 0.000161877
120.306 0.000168451
119.255 0.000155294
119.763 1.09592e-05
116.93 -0.000145652
121.067 0.000165112
119.513 7.03165e-05
120.749 0.000163069
120.564 0.000149158
120.029 0.000161398
122.323 0.000145496
119.547 0.000172241
115.259 0.000157976
121.785 0.000105684
124.779 0.000150574
119.953 0.00010451
115.953 0.000150123
119.033 0.000149132
119.52 6.21859e-07
118.387 4.54205e-05
119.708 0.000146689
118.385 0.000157387
115.4 0.000156214
118.296 0.000150504
119.272 0.000154983
123.008 9.52496e-05
120.996 3.15825e-05
119.704 8.6502e-05
120.008 0.000145678
121.844 0.000147785
116.109 0.000163574
120.88 0.000152049
119.846 0.000167241
121.038 0.000129409
119.377 0.000170813
119.553 0.00015277
118.961 0.000151882
120.37 0.000147906
116.392 7.06316e-05
119.175 0.000159832
119.289 0.000108048
123.757 0.000164975
118.682 0.000152996
121.441 0.000151527
118.412 0.000167297
122.135 0.000168312
119.062 0.000167975
119.219 0.00013635
120.06 0.000148454
117.867 0.000154511
120.169 0.000100862
120.567 0.000150082
120.989 0.000172773
120.453 0.000148785
120.099 0.000165698
118.346 0.000104762
118.875 0.000149958
119.569 0.000140795
119.078 0.000150419
120.151 0.000148316
120.064 0.000149199
120.145 8.04293e-05
120.657 0.000156597
118.906 0.000146923
117.438 0.000155223
121.319 0.000158845
120.627 0.000167639
121.097 0.000158255
120.528 0.000156641
118.609 0.000143104
120.702 0.000146491
118.763 0.000164409
121.255 0.000171013
121.093 0.000150056
118.544 0.000164967
118.974 0.000150348
120.079 0.000166387
117.815 0.000176145
119.093 0.000158097
118.794 0.00013599
119.612 0.000116087
119.179 0.000160505
133.308 0.000148019
119.808 0.000153882
116.321 0.000155121
119.87 0.00016792
122.938 0.000164787
115.844 0.000161882
119.426 0.000149574
121.287 0.000171697
123.795 0.000143568
125.556 0.000162057
118.764 0.000101783
120.53 0.000170812
120.441 0.000151482
122.45 0.0001341
118.564 0.000146223
117.587 0.000147949
120.211 0.000153966
118.333 4.43057e-05
118.154 0.000153628
118.933 0.000156385
119.724 0.000151875
121.976 0.00016929
118.779 0.000126708
120.09 0.000166805
122.068 1.08541e-05
119.268 0.000154626
119.307 0.000157836
118.792 0.000169789
118.412 0.000156461
120.101 0.000162584
122.15 0.000148326
120.953 0.000146978
122.604 0.000128494
122.112 0.000148976
118.823 0.000156154
122.467 0.000168553
118.476 0.000140514
118.32 0.000149595
115.107 0.0001663
119.032 0.000154754
117.458 0.000169152
120.16 0.000149734
120.014 0.000154457
119.027 0.000154491
119.609 7.07888e-05
119.463 0.000152684
116.884 0.000152894
117.222 0.000162606
118.667 0.000155628
118.918 0.000151663
118.862 0.000146965
115.272 0.000169215
119.718 4.40298e-05
118.173 0.000139224
122.067 0.000147989
120.898 0.000134752
120.364 0.000149062
121.535 0.000161794
118.347 0.000150048
115.65 0.000170739
115.844 0.000127506
117.63 0.000154536
119.3 0.000154212
121.267 0.000157476
119.158 0.000151913
117.152 0.000105238
119.423 0.000165097
119.351 0.000149394
119.738 0.000161078
119.964 0.000153879
122.183 0.000152961
119.867 0.000139625
116.9 0.000160279
119.917 0.000160729
116.764 0.000147527
118.805 0.000115534
120.137 0.000156155
117.317 0.000162281
119.736 8.58019e-05
116.278 0.000147035
121.701 0.000143151
119.838 0.000148855
120.414 0.000162701
117.661 0.000171117
119.901 0.000150101
119.902 0.000152162
122.413 0.000143978
118.442 0.000145874
121.514 0.000145968
121.458 0.000167995
115.232 0.000153321
118.71 0.000153848
118.344 0.000150326
120.035 0.000150483
116.698 0.00014764
119.256 0.00012951
120.22 0.000145366
122.408 0.000168155
119.631 0.000149661
116.137 0.000151083
118.872 0.000148476
121.03 0.000177136
120.178 0.00015107
121.183 0.000159576
117.558 0.000149392
119.955 0.000149662
120.16 0.000171974
119.891 0.000151761
120.133 0.000158476
119.154 0.000149658
117.042 0.000150269
121.663 0.000169532
119.714 0.000143346
119.987 0.000161542
121.338 0.000156955
119.292 0.000148108
118.961 0.000150089
118.425 0.00015033
117.205 0.000148522
121.621 0.000153645
117.031 0.000163592
119.224 0.000138418
117.906 0.000144655
120.074 0.000150735
120.598 0.000158614
119.515 0.000148262
120.002 0.000149356
120.271 0.000171701
122.552 0.000135365
118.843 0.000161451
120.734 0.000147887
124.352 0.000146515
117.104 0.000151793
116.341 0.000173466
116.234 0.000167718
119.013 0.000139666
119.786 1.09878e-05
120.885 0.000155071
122.099 0.000152653
121.103 0.000169826
120.486 0.000140845
121.768 5.74238e-05
119.441 0.000153131
121.579 0.000152827
117.924 0.000168807
117.291 0.000159399
118.62 0.000168018
122.091 0.000148166
118.394 0.000151148
118.383 4.47468e-06
116.565 0.000159094
121.556 0.000169655
118.54 0.000154493
119.462 0.000147965
117.689 0.000132627
115.963 0.00015228
121.797 0.000129304
120.362 0.000156003
118.015 0.000150693
119.673 0.000167813
119.949 0.000115222
118.568 0.000149497
118.503 0.000161258
120.179 0.000156187
119.47 0.000151994
119.566 0.000156137
120.342 0.000158298
122.794 0.000172298
123.115 0.000154096
119.448 0.000152629
129.327 0.000164757
120.291 2.39757e-05
120.737 0.00014423
122.969 0.000100391
117.721 0.000160083
118.465 0.000166467
120.503 0.000150305
120.548 0.000169937
120.328 0.000148005
118.708 0.00015519
120.529 0.000170916
119.893 0.000153627
118.099 0.000147514
118.175 0.000158287
123.379 0.000146941
120.088 2.69299e-06
117.959 0.000155257
118.834 0.00016807
118.496 0.000145443
119.409 0.000150967
122.129 0.000169289
120.465 0.000165351
120.046 3.21207e-05
119.511 0.000152894
121.105 0.000141815
119.615 0.000174364
120.654 0.000167204
120.123 0.000150972
119.171 0.000149096
119.073 0.000169373
121.795 0.000142527
120.643 0.000154541
115.157 8.53071e-05
119.505 0.000115304
123.165 1.11823e-05
119.523 7.0589e-05
123.932 0.000141599
120.498 0.000135872
118.048 0.000147015
120.403 0.000142984
122.868 0.000172691
118.707 0.000154654
120.133 0.000166758
121.174 0.000152752
120.636 0.000163911
120.497 0.000149052
120.773 0.000147835
120.971 0.000149186
120.363 0.000140492
119.809 0.000159708
120.04 0.000103014
118.522 0.000152762
117.499 1.7128e-06
119.157 0.000153939
122.839 0.000144624
121.249 0.000152149
120.385 9.48649e-08
121.862 0.000148151
123.232 0.000153242
118.801 0.000149092
116.234 0.000165571
118.817 0.000147392
119.73 0.000148605
119.376 0.000169454
124.128 0.000154712
120.388 0.000149858
119.524 0.000147449
120.029 0.000151315
119.844 0.00011923
118.671 0.000155149
116.465 0.000164545
118.038 0.000173908
121.298 0.000154903
115.941 0.000148403
120.159 0.000145954
120.614 0.000150239
121.685 0.000149135
118.32 0.000170435
115.099 0.000148883
121.097 0.000149027
118.756 0.000148577
118.009 0.000148361
118.125 0.000152148
119.856 0.000163885
118.234 0.000137346
118.901 0.000169728
121.097 0.000118378
117.094 0.000153238
120.943 0.000151022
121.625 0.000142262
119.153 0.000149042
119.326 0.000154523
118.791 0.000169414
120.213 3.70973e-07
122.718 0.000149091
119.237 7.20981e-05
117.129 0.000155258
119.102 1.61862e-05
124.633 0.000159663
119.287 1.73162e-06
119.79 0.000154388
119.274 0.000160091
119.935 0.000151188
119.871 0.000148268
119.585 0.000142335
120.721 0.000116358
119.14 0.00015327
124.084 0.000148125
117.289 0.000149679
119.189 0.000148173
118.669 0.000148821
119.479 0.000149543
120.436 0.000149429
118.917 3.3036e-05
116.9 0.000137689
118.053 0.000153701
121.92 5.73347e-05
121.774 0.000155888
120.662 0.000148732
121.597 0.000153939
118.98 0.000153393
118.798 4.32444e-05
118.99 0.000159997
119.826 0.000148084
120.092 0.000163728
118.242 0.000149813
120.572 0.000163461
119.855 0.000154263
117.832 0.000124152
119.8 0.000168941
116.739 0.000141741
116.336 0.000171546
121.513 2.32654e-05
121.932 0.000151912
117.88 0.000154753
119.61 0.000148938
118.286 0.000149857
119.884 0.000154843
121.308 0.000159478
120.092 0.000172317
121.242 0.000154008
119.127 0.000148479
120.14 0.000168893
121.488 0.000143454
117.148 0.000156915
116.157 0.000164097
117.138 0.000149231
119.473 0.000164802
120.212 3.26095e-05
119.686 0.000153802
122.608 0.000148445
119.772 0.000141683
120.766 0.000156186
120.01 0.000150241
118.314 0.000149537
121.493 0.000171398
121.24 0.000129215
120.135 0.000132544
119.59 0.000153113
118.49 0.000163926
123.721 0.000148217
118.246 0.000150011
120.731 1.63176e-05
121.475 0.000154011
120.187 0.000139971
120.162 0.000151244
118.6 0.000164
119.034 0.000149306
119.186 0.000172819
118.646 0.000159991
120.597 0.000156842
119.179 0.000168142
118.391 0.000139262
120.346 0.000146984
117.67 0.000142742
117.935 0.000165827
115.057 2.82117e-05
119.904 0.000150584
118.531 0.000171333
118.235 0.000159558
119.336 0.000153991
121.252 0.000171663
120.921 0.000154268
120.302 0.00014737
119.081 0.000151482
120.046 0.00014722
119.675 0.000116264
120.944 0.000147627
120.903 0.000157317
116.947 8.5418e-05
120.117 0.000152776
121.442 0.000172846
121.197 0.000155147
126.2 0.000169469
130.756 0.00014548
119.513 0.000148521
115.632 0.000156337
120.829 0.000127645
119.424 0.000173764
119.195 0.000153169
120.819 0.000160683
118.031 0.000157636
122.172 0.000140772
118.728 0.000163451
119.425 0.000143846
119.416 0.00015474
119.727 0.000158972
119.188 0.000147956
118.458 0.000152635
120.342 0.000140334
118.315 0.000145106
120.979 0.000171078
119.617 0.000148443
118.796 0.000153742
119.479 0.000161941
122.209 0.000102353
118.04 9.92498e-05
120.232 0.000101585
119.458 0.000151172
120.339 0.00017642
120.451 0.000148561
121.171 0.000149183
121.603 0.000146266
119.869 0.000153156
120.03 0.000153953
122.053 0.000137214
121.011 0.000157042
117.174 0.000167631
117.21 0.000164617
121.556 0.000169211
122.471 0.000151517
123.265 3.12416e-05
121.121 0.00015099
117.605 0.000157195
115.005 0.000147955
118.654 0.000150809
131.887 6.6703e-05
118.93 0.000149075
119.884 0.000136689
119.022 0.000166444
120.809 8.57747e-05
119.479 0.000152747
119.901 0.000164226
121.03 0.000147879
118.681 0.000161496
119.501 0.000148438
119.191 0.000139859
119.318 0.000148538
120.276 0.00015728
120.438 0.000171784
119.748 0.000154687
119.231 0.000153965
120.027 0.000169971
119.843 0.000154765
122.744 0.000159241
119.233 0.0001543
118.65 0.000148302
121.824 0.000152962
119.671 0.000150464
120.448 0.000156614
119.567 0.000114967
123.004 0.000149739
121.958 0.000163785
120.338 0.000155566
119.956 0.00014745
118.925 0.000169316
120.91 0.000141686
120.266 0.000137853
118.633 1.73278e-06
119.25 0.000104971
121.267 0.000144077
119.652 0.000160469
118.875 0.000129814
116.572 0.00014738
120.87 0.000145881
116.485 0.000144234
119.485 0.0001476
119.297 0.000163798
120.228 0.000149862
123.608 0.000148649
119.447 0.000158107
121.318 0.00015929
120.52 0.000148831
118.337 0.000143537
119.399 0.000145914
120.413 1.09279e-05
119.558 0.000168804
121.723 0.000152479
121.815 0.000136619
117.534 0.000147937
121.054 0.00015536
119.709 0.000171622
120.306 0.000152119
121.514 0.000154409
121.738 0.000163809
118.936 0.000143561
119.687 0.000163123
119.3 0.000157757
118.678 0.000161502
119.186 0.000170713
119.431 0.000169666
119.913 0.000129401
120.19 0.000138904
122.134 5.77596e-05
119.833 0.00015358
118.548 0.0001509
119.587 0.000150068
118.599 0.000170025
120.232 0.000149719
121.227 0.000151118
119.617 0.000158273
117.259 0.000156934
118.011 0.000148374
118.369 0.000151213
117.829 0.000137932
122.646 8.98915e-05
118.591 0.00015228
119.588 0.000153927
119.927 0.000156424
117.59 0.000142435
118.059 0.000162209
121.832 0.000168876
117.679 0.00014182
126.017 0.000113258
120.941 0.000167688
119.231 7.13289e-06
120.556 0.000150741
123.331 0.000160965
120.489 0.00017098
121.092 0.000157425
120.587 0.000169205
119.021 0.000102396
118.955 0.000166353
116.769 0.000147959
122.027 0.00014831
120.818 0.000141908
119.507 0.000147694
117.008 0.000151701
115.773 0.000135569
115.56 0.000151396
120.182 0.000149404
120.843 0.000150784
124.848 0.000166908
120.621 0.000159852
120.274 0.000146534
116.821 0.000146155
117.663 0.000167243
121.928 0.000153664
119.009 0.00014809
120.038 7.22102e-05
120.508 0.000158342
121.571 0.00016392
119.295 0.00015535
119.869 0.000153246
121.45 0.000151154
119.636 0.000170177
120.364 0.000149286
119.381 0.000164673
120.04 0.000148953
123.148 0.000153971
164.334 0.000159009
119.715 0.000164868
119.677 0.000148679
119.537 0.000147633
118.618 0.000127869
119.99 0.000157088
116.522 4.45977e-05
120.83 0.0001482
122.254 0.000148558
118.307 6.1931e-07
120.539 0.000152865
120.198 3.23438e-05
120.762 0.00017142
119.343 0.000146862
119.605 0.000146619
120.371 0.000166218
122.117 0.000172414
116.355 0.000172043
119.935 7.03825e-05
119.902 0.00015482
120.205 0.000168757
120.466 0.000149584
117.394 0.000143241
118.715 0.000135202
122.204 0.000170329
117.332 2.87672e-05
121.564 0.000150904
119.768 0.000170135
120.724 0.000168388
115.856 3.69399e-07
119.196 0.000169468
120.603 0.000161972
121.597 0.000169439
118.981 0.000160902
116.956 0.000151024
116.383 0.000172761
120.824 0.000153576
121.191 0.000142803
119.952 0.000155593
119.931 0.000170978
128.956 0.000140484
120.392 0.000152455
119.904 0.000153892
120.329 0.000149633
121.688 0.000146717
121.81 0.000161829
119.709 0.000105156
119.039 0.000152948
119.819 0.000158565
119.351 0.000151654
119.881 0.000148881
115.941 0.000146702
121.567 0.000149904
120.651 0.000151541
116.867 0.000149397
121.928 0.000153293
119.839 0.000152951
118.233 0.000162653
118.866 0.000137681
119.343 0.000149269
118.048 0.000153532
123.337 0.000147797
118.87 0.000150164
116.3 0.000168997
118.98 0.000158554
118.442 0.000146449
118.77 0.00014585
119.493 0.000153441
119.577 0.000151186
117.53 0.000143099
120.682 0.000149334
119.84 0.000171616
119.424 0.000148529
118.6 0.000149794
124.832 0.000154293
118.547 0.000161454
119.992 0.000149762
122.165 1.09184e-05
119.313 0.000149839
120.086 0.000147902
119.127 7.28881e-06
121.547 0.000137859
122.419 0.000142695
121.69 0.000151797
117.44 0.000148788
117.825 0.000148847
121.429 0.000145885
120.191 0.000151657
118.916 0.000121099
120.705 0.00015045
121.43 0.000152593
120.286 0.000170015
125.563 0.00015078
118.361 0.00015254
118.624 0.000151534
116.921 0.000167893
115.208 0.000155569
118.07 0.000153451
118.622 0.000167938
119.548 0.000170672
120.024 0.000137662
116.897 0.000160601
119.143 0.000147803
119.724 0.000158757
119.343 0.000162346
124.355 0.000139169
119.882 0.000156145
119.258 0.000171513
121.754 0.000150174
119.886 0.000155101
118.919 0.000147212
118.891 0.000139012
121.543 0.00014794
121.657 0.000147322
119.065 0.000146377
120.105 0.000150828
120.916 0.000167492
116.632 0.000153784
117.531 0.000170517
119.899 0.000150062
118.515 0.000174182
119.662 0.000150625
121.81 0.000154762
121.806 0.000159233
120.729 0.00014943
119.472 0.000146237
119.429 0.000149415
119.648 0.000152594
119.337 0.00015674
116.549 0.000145121
119.374 0.000146979
117.596 0.000106142
119.801 0.000156603
119.954 0.000155751
119.76 0.000149568
120.673 0.000149606
119.418 0.000143446
118.846 0.000151838
118.424 0.000152527
119.681 0.00012912
119.04 0.000146934
119.559 0.000158156
119.13 0.000150361
120.621 0.000147553
117.554 0.000177274
119.737 0.000174259
119.221 0.000145541
118.163 0.000149933
120.043 0.000152205
119.588 0.000146903
118.822 0.000155652
119.666 0.000161725
119.925 0.000153864
115.839 0.000148742
119.923 0.000149418
121.227 0.00016883
120.151 0.000154332
120.208 0.000146621
120.455 5.70745e-05
120.33 0.000157231
118.136 0.00015351
118.685 0.000148491
122.761 0.000156462
120.007 0.000168316
118.466 0.000171042
120.56 5.82893e-05
120.684 0.000151381
119.491 7.09551e-05
117.931 0.000170521
119.053 0.000128521
118.241 0.000166809
121.027 0.00013031
118.236 0.000173099
118.672 0.000151678
118.768 0.000165398
121.094 0.000169181
119.961 0.000153663
119.886 0.000152949
117.862 0.000171648
115.709 0.000172223
120.86 0.000163522
118.185 0.000150168
119.371 0.000100541
116.547 0.000152822
121.318 0.00014899
119.897 0.000157091
121.972 0.000149602
118.194 0.000141489
120.622 7.00266e-05
121.855 0.000146728
119.281 1.595e-05
121.297 0.000149694
121.074 0.000156927
118.027 0.00015183
118.153 0.00014406
118.362 0.000160673
120.232 0.00014954
118.238 0.000165144
115.304 -0.000170825
121.287 0.000151232
120.819 0.000154704
119.057 0.00016527
119.942 0.000148391
121.674 5.69984e-05
120.865 0.000152546
116.299 0.000155081
120.843 0.000159732
118.949 0.000128761
120.312 0.000148222
119.609 0.000155612
120.179 7.08722e-05
119.674 0.000153152
117.849 1.62196e-05
120.341 0.000167696
118.464 4.52743e-06
121.673 0.000156599
121.458 0.000147618
119.779 0.000152591
120.461 0.000162155
117.238 0.0001485
116.976 0.000146442
118.417 0.000148921
120.076 0.000148504
119.47 0.000161878
120.169 0.000150336
118.836 0.000115062
122.774 0.000164752
119.959 0.000152856
120.7 0.000166285
119.792 1.04429e-06
118.36 0.000100319
118.443 4.62008e-06
118.241 0.000149947
121.462 0.000141384
118.594 0.000151608
119.454 0.000146753
115.712 0.000170628
119.512 0.000148356
120.448 0.000161188
118.757 0.000147699
121.238 0.000147364
120.015 0.000152351
115.149 0.0001531
117.648 0.000161359
120.817 0.000151948
116.274 0.000120084
118.801 0.000113375
118.382 0.000150203
119.921 0.000142169
116.91 0.000160116
120.754 0.000114384
123.993 0.00014569
121.337 0.000150997
121.837 0.000140114
119.94 0.000148294
119.996 0.000147069
119.659 0.000150289
119.195 0.000156486
121.433 0.000147887
120.546 0.000160129
122.334 0.000153669
120.275 0.000139048
119.158 0.0001699
118.882 0.000161363
119.775 0.000154004
119.695 0.000117748
119.657 0.00015408
124.821 0.00013388
119.717 2.31088e-05
117.102 0.000151166
116.506 0.000146093
118.46 0.000150726
120.52 0.000155087
122.005 0.000148041
121.364 0.000170633
120.809 0.000155889
119.004 7.21162e-05
118.247 0.000159541
118.192 0.000149337
120.176 0.000149691
124.263 0.000154799
116.85 0.000167996
116.56 0.000154678
120.312 0.000150129
117.168 6.78025e-05
121.37 0.000143095
121.563 0.000158091
120.622 0.000151982
118.094 0.000159159
117.482 0.000168066
121.453 0.000152543
120.809 0.000149036
121.715 0.000149154
119.549 0.000155456
120.063 0.000147944
117.296 0.00017483
115.874 0.000165303
120.562 0.000165604
119.094 0.000150364
118.823 0.000149166
120.468 0.000148563
119.96 1.08499e-05
119.231 4.42891e-05
120.593 0.000155011
119.642 0.00014591
118.387 0.000154287
121.545 0.000154752
117.153 0.000158721
123.562 0.000138608
119.431 0.000164998
120.1 0.000170667
119.416 0.000168431
119.156 0.000152185
115.937 0.000148226
120.652 0.000152828
117.244 0.000147392
119.942 0.000170136
121.03 0.000171124
118.23 0.000148953
118.359 0.000145005
118.125 0.000128219
117.359 1.63294e-05
115.354 0.000150112
119.076 0.00015529
121.681 0.000153598
116.98 0.000151168
119.887 0.000151374
118.099 0.000171303
121.262 0.000149773
119.979 0.000168541
118.323 0.000152048
120.669 0.000148006
120.311 3.17116e-05
118.623 0.00014945
119.419 0.000165516
120.701 0.000166183
121.362 0.000161395
121.963 0.000158459
118.282 0.000170208
118.301 0.000172766
120.588 0.000141015
121.352 0.00017176
118.881 0.000172317
120.314 0.000169127
119.739 0.000167611
117.765 0.000153515
124.736 0.000172294
119.021 0.000168395
115.912 0.000126284
115.153 0.000164606
119.029 0.000148112
121.401 0.000158915
119.537 0.000152426
119.118 0.000156263
120.301 0.000162275
116.285 0.000149255
119.906 0.000156314
115.456 0.000149618
119.73 0.000141028
119.358 0.000139489
120.906 0.000146448
117.51 0.000144109
120.016 0.000173692
120.161 4.29016e-05
118.273 0.000152641
119.813 0.00016765
120.807 0.000143492
116.511 0.00014599
117.34 0.000146602
119.207 0.000162628
117.733 0.0001514
121.374 0.000166969
118.393 0.000147109
119.32 0.000163962
119.378 0.000149916
120.37 0.000148948
120.334 2.31584e-05
119.65 0.000149085
115.195 0.000150428
117.489 0.000145331
121.551 0.000162023
115.932 0.000169171
119.874 0.000156059
122.727 0.000147659
116.961 2.88095e-05
120.708 0.000170866
119.715 0.000150109
122.752 0.000163693
116.908 1.58301e-05
118.547 0.000156022
121.645 0.000139697
120.886 0.000147452
120.333 0.000116605
121.552 0.000148767
115.887 0.000144674
119.066 0.000160327
119.535 0.00015226
119.318 0.000154888
119.086 0.000146984
123 0.00015214
120.178 0.000158181
119.484 0.000171564
118.693 0.00014547
119.619 0.000154149
118.756 0.000148852
118.187 7.1577e-05
121.733 0.000136885
119.55 0.000138776
119.168 0.000138683
121.824 0.000154478
117.59 0.000151535
121.084 0.00015514
117.069 0.000142406
120.421 0.000171885
121.015 0.000147717
120.425 0.000155678
116.118 0.000169515
118.11 0.00014826
121.28 0.000149631
118.919 0.000147962
120.683 0.000150937
119.297 8.65145e-05
120.732 0.000156537
119.016 0.000101884
118.572 0.000161325
117.771 0.000166169
123.092 0.000148711
120.645 0.000154023
121.21 0.000153339
118.772 0.000148033
120.953 0.000149427
119.24 0.000169311
119.314 0.000150499
120.865 0.000150133
117.84 0.000145553
119.436 2.34124e-05
121.093 0.000153082
118.898 0.000169238
119.656 0.000163114
120.718 0.000149199
119.953 0.000101883
120.654 0.000117277
121.274 0.000180005
119.612 0.000148531
121.902 0.000153372
120.305 0.000155238
120.49 0.000156262
119.837 0.000149935
120.049 0.000168703
115.78 0.000136691
120.741 0.000152964
117.334 0.000145775
118.029 0.000168098
118.652 0.000146756
120.441 7.12242e-05
124.925 0.000156997
119.766 0.000147243
118.517 0.000143112
120.886 0.00014264
120.75 7.15614e-05
119.817 0.000149812
120.029 0.000152327
118.594 0.000176491
118.991 0.000152221
119.605 0.000170261
119.877 0.000148604
119.298 0.000154584
121.983 0.000149369
121.692 0.000161835
118.703 8.6233e-05
120.252 0.00014918
118.497 0.000149211
120.729 0.000160331
115.879 0.000171992
117.938 6.7498e-05
121.186 0.000155123
120.702 0.000168987
120.376 0.000147195
119.193 0.000165566
120.202 0.000150483
118.706 0.00015293
120.816 0.000147268
122.633 0.000147611
120.954 0.000168427
118.429 0.000124479
115.392 0.000146412
120.187 0.000141903
117.011 2.33092e-05
123.461 0.000164894
121.338 0.000153492
120.913 0.000169398
119.069 0.000157213
119.518 0.000150296
120.776 1.61851e-05
116.504 0.000143365
120.227 0.000162901
119.988 0.000145155
119.396 0.000149482
117.844 0.000148022
121.896 0.000154685
117.285 0.000147438
120.108 0.000139516
119.958 0.000147384
118.738 0.000170503
117.98 0.00015738
119.201 0.000148159
120.149 0.000161569
120.747 0.000139689
118.241 0.000148411
119.621 0.000158956
120.915 0.000147911
