122.723 4.58263e-05
123.057 9.66084e-05
126.994 0.000104677
124.581 3.69481e-05
127.769 9.43758e-05
124.174 9.645e-05
124.344 0.000107763
123.361 9.46142e-05
123.936 9.99186e-05
123.101 5.50069e-05
122.624 9.79802e-05
127.203 0.000105452
125.537 9.44769e-05
118.613 9.66084e-05
122.898 9.72032e-05
123.163 9.64757e-05
123.813 5.48824e-05
124.998 9.30405e-05
121.985 0.000101704
124.103 1.02774e-05
124.554 9.54702e-05
118.47 9.57871e-05
123.818 0.000107689
125.068 9.77676e-05
125.663 0.000102601
125.927 0.000108723
117.981 9.51713e-05
124.141 2.06779e-05
123.378 9.73665e-05
125.311 9.47056e-05
123.052 9.63371e-05
124.653 9.49484e-05
120.823 9.97091e-05
121.285 0.00010816
122.579 0.000105955
125.753 9.56975e-05
124.563 0.000107205
117.132 9.53163e-05
123.441 9.51064e-05
124.816 7.87474e-05
122.448 9.07714e-05
125.058 7.67808e-05
125.995 9.60492e-05
123.086 9.71588e-05
124.069 0.000100663
126.058 0.000109978
119.717 9.90222e-05
124.99 0.000104553
118.716 0.00010058
122.365 5.61479e-05
129.228 9.93312e-05
121.773 0.000101516
128.993 8.24256e-05
122.778 9.87689e-05
127.688 9.79144e-05
118.181 1.03793e-05
119.326 9.52233e-05
118.998 0.000100827
120.312 8.82763e-05
125.341 9.57317e-05
123.838 0.000100269
122.539 9.49891e-05
124.873 8.91073e-05
127.13 8.01541e-05
127.771 9.67195e-05
122.594 9.89331e-05
126.389 8.32933e-05
117.923 9.96272e-05
120.05 7.24431e-05
117.183 9.48578e-05
122.665 9.53792e-05
125.568 0.000107915
126.207 9.92665e-05
124.887 0.000106696
119.107 0.000105841
116.38 9.3326e-05
124.245 9.6985e-05
124.548 5.51739e-05
122.9 0.000107495
121.827 0.000101225
125.526 0.000100533
124.418 0.000106315
119.834 9.11639e-05
124.173 8.20594e-05
119.598 9.13127e-05
123.649 9.13846e-05
124.767 0.000112841
123.728 9.84941e-05
127.633 0.00010018
124.642 0.000100067
121.184 9.6547e-05
124.98 4.54536e-06
121.769 9.24002e-05
124.271 8.48658e-05
125.016 8.37225e-05
128.863 0.000100298
123.121 9.7825e-05
131.046 9.13745e-05
125.631 0.000104333
125.455 9.62971e-05
123.954 9.66765e-05
124.578 8.68328e-05
126.587 9.40588e-05
122.422 9.3276e-05
126.723 9.52155e-05
131.742 9.49671e-05
127.21 9.56351e-05
125.928 0.000100557
124.875 0.000107271
120.758 9.35166e-05
119.829 0.000100361
124.417 9.82591e-05
123.418 9.70977e-05
121.495 8.8384e-05
126.513 9.76254e-05
122.337 9.57919e-05
117.979 9.42503e-05
126.769 9.53652e-05
122.263 0.000103131
120.776 9.75574e-05
119.752 0.000104325
125.321 0.000108273
124.695 0.000108443
130.075 0.000103296
127.005 0.000105327
122.48 9.53595e-05
125.082 8.26359e-05
123.054 2.10184e-05
124.755 5.5252e-05
124.619 9.47514e-05
117.613 0.000106885
123.128 8.72625e-05
121.778 9.31961e-05
116.887 8.95477e-05
128.302 2.27601e-05
120.697 9.7664e-05
123.93 9.56124e-05
126.458 9.22688e-05
120.725 0.000101553
126.29 0.00010556
125.637 9.43342e-05
124.408 9.96157e-05
123.134 0.000109202
124.159 0.00010366
127.794 6.74823e-05
125.752 9.53243e-05
118.233 0.000100119
121.055 9.69622e-05
123.546 9.72648e-05
118.193 9.62528e-05
120.577 0.000100348
126.627 9.78124e-05
128.501 9.80401e-05
123.665 0.000106447
126.11 9.88305e-05
125.764 0.000109806
124.093 9.51312e-05
124.219 9.06315e-05
122.846 9.12488e-05
123.693 9.79405e-05
123.994 9.71221e-05
122.496 7.18871e-06
123.938 0.000102959
121.599 9.53822e-05
116.142 1.47063e-05
122.909 2.06417e-05
118.932 0.000106885
124.339 9.9062e-05
120.727 9.31092e-05
125.672 0.000107021
123.629 9.5519e-05
121.725 9.95251e-05
123.752 1.48868e-05
124.821 9.90596e-05
125.523 9.88635e-05
124.986 9.54016e-05
122.596 9.13614e-05
123.427 9.96629e-05
125.321 9.94043e-05
124.746 7.37739e-05
127.581 9.14934e-05
122.544 9.59643e-05
121.208 0.000109029
126.231 9.86155e-05
122.87 9.21571e-05
125.21 9.92593e-05
127.961 0.000112374
121.113 9.59278e-05
121.089 0.000108054
125.031 0.000101393
124.912 0.000106687
124.976 7.08771e-05
124.403 3.6695e-05
121.563 9.76365e-05
123.208 9.54465e-05
122.383 9.06628e-05
130.096 7.19376e-05
125.228 8.93404e-05
125.896 9.46267e-05
123.753 9.80774e-05
124.32 9.76661e-05
121.652 0.00010938
122.25 9.89893e-05
129.705 9.96377e-05
125.387 1.02368e-05
127.718 9.69486e-05
127.367 1.03834e-05
125.136 0.000102515
122.104 9.61883e-05
120.825 0.000106739
126.987 0.000108948
126.966 9.77349e-05
124.895 0.000109633
117.681 8.74144e-05
122.663 0.00010147
124.095 0.000105922
122.131 0.000101244
125.73 9.50071e-05
127.587 0.000104866
127.106 9.76203e-05
126.184 9.50352e-05
122.691 9.79796e-05
129.837 8.96941e-05
123.541 8.96044e-05
122.958 9.72754e-05
123.189 9.38119e-05
115.838 8.94567e-05
124.239 0.000110757
125.968 0.000102525
123.748 9.57733e-05
127.764 9.94798e-05
122.854 0.000108212
126.451 9.81881e-05
122.296 6.24175e-05
128.498 9.3025e-05
127.732 3.63345e-05
120.284 9.50723e-05
125.796 0.000100111
123.648 9.62433e-05
125.927 8.2974e-05
126.886 9.5884e-05
125.99 9.65605e-05
117.173 9.10982e-05
115.591 8.72751e-05
118.797 6.47504e-05
122.813 0.000107141
123.009 9.63472e-05
122.766 9.96272e-05
116.125 0.000106705
122.577 9.33669e-05
121.107 9.25818e-05
125.224 9.44398e-05
123.22 9.94225e-05
127.331 0.000100957
124.019 9.71291e-05
125.454 8.65135e-05
121.744 1.48548e-05
123.985 9.54303e-05
126.393 0.000103327
128.54 0.000101433
121.377 9.79159e-05
124.491 9.48886e-05
124.123 0.000103177
127.422 9.38459e-05
124.828 9.0029e-05
123.217 9.89476e-05
123.83 0.000103699
116.576 9.84476e-05
121.736 9.02335e-05
121.06 9.76025e-05
120.426 0.000101656
123.705 9.72434e-05
124.555 9.4848e-05
120.194 0.000100275
125.36 0.000104425
122.568 9.424e-05
125.304 9.57313e-05
122.216 9.55693e-05
122.522 1.03841e-05
125.61 8.99298e-05
124.91 9.94957e-05
126.857 9.53854e-05
123.942 0.000100698
126.739 9.71763e-05
119.293 1.04765e-05
122.452 8.86819e-05
117.964 6.46138e-05
123.675 9.82279e-05
123.275 6.94406e-05
120.755 4.64086e-06
126.673 0.000109351
118.326 9.70035e-05
124.714 9.44696e-05
125.147 0.000110749
125.299 0.00010067
125.658 9.71026e-05
122.121 9.5404e-05
124.164 9.87388e-05
124.128 9.6915e-05
125.922 9.68013e-05
115.995 9.55263e-05
124.412 0.000109057
123.22 8.5926e-05
125.964 9.63382e-05
124.607 0.000100556
120.293 8.19722e-05
121.353 9.40581e-05
116.575 0.000104235
124.605 0.000105874
121.543 5.59163e-05
122.478 9.95789e-05
123.177 9.50259e-05
124.393 9.31352e-05
123.299 0.000108699
123.277 9.64309e-05
121.364 9.64643e-05
122.136 9.50986e-05
127.853 0.00011036
124.369 9.67788e-05
116.352 9.87795e-05
125.514 9.67091e-05
131.6 9.60677e-05
120.719 9.41423e-05
123.919 2.87413e-06
122.798 9.97638e-05
123.609 9.78273e-05
124.203 0.000111568
126.01 0.000107981
124.628 9.79463e-05
124.095 9.62255e-05
121.656 9.7582e-05
125.064 8.92076e-05
126.692 9.5237e-05
121.848 9.12457e-05
123.952 9.60714e-05
124.965 9.87829e-05
127.869 9.62851e-05
128.399 9.96454e-05
126.469 0.000105324
124.292 7.65442e-05
126.343 9.98382e-05
126.023 9.91299e-05
125.396 9.93179e-05
123.644 6.40045e-05
120.043 0.000102624
123.331 9.6089e-05
120.118 0.000103887
124.428 9.53916e-05
125.023 0.000104816
117.653 0.000109038
119.692 0.000102021
125.096 9.60846e-05
122.073 9.80292e-05
120.716 0.000112777
121.495 9.62172e-05
127.762 9.87554e-05
123.1 9.97184e-05
123.846 9.56213e-05
121.073 0.000107175
129.59 0.000109317
121.82 9.44401e-05
123.207 0.000107152
122.876 0.000108369
118.871 0.000107555
126.677 0.000102555
121.781 8.86887e-05
123.679 9.53813e-05
120.86 0.000102546
124.542 7.45327e-05
118.549 9.90958e-05
125.189 0.000102151
126.209 0.000109452
121.328 9.74128e-05
123.541 1.02246e-05
125.864 9.84333e-05
123.369 0.000103666
123.347 0.000107102
125.609 0.000106931
126.456 9.23901e-05
124.926 0.00010642
126.885 0.000104679
127.497 0.000101486
115.303 9.29966e-05
126.077 5.52893e-05
119.469 9.95545e-05
119.953 0.000110265
119.461 0.000107127
123.054 0.000104581
125.055 9.7207e-05
122.554 9.81226e-05
120.003 9.11461e-05
126.504 3.68639e-05
119.818 9.67157e-05
120.522 9.69555e-05
124.346 0.000109505
125.229 0.000101693
129.498 3.61381e-05
125.16 9.45881e-05
121.43 0.000100995
117.734 9.46743e-05
124.331 2.73957e-05
121.348 9.41437e-05
116.235 9.32265e-05
127.369 1.42778e-05
124.709 0.000106783
124.147 9.90973e-05
125.8 0.000113591
123.062 1.59459e-05
122.873 9.54511e-05
123.348 9.44479e-05
121.351 0.000112058
122.264 9.50079e-05
127.286 0.000110111
118.874 9.89373e-05
125.4 6.61117e-07
123.846 9.81842e-05
124.537 9.42713e-05
125.593 0.000100862
125.23 9.89571e-05
118.917 9.60587e-05
126.107 2.02009e-05
120.282 0.000106961
120.647 0.000108716
122.451 9.64846e-05
122.598 0.000100816
120.076 0.000109798
122.519 0.000112147
124.899 0.000108627
125.139 1.03088e-05
122.861 9.4393e-05
124.856 0.000107764
118.8 9.3341e-05
124.089 9.53323e-05
124.143 9.50553e-05
126.576 8.54204e-05
123.738 9.27803e-05
124.68 9.56412e-05
122.446 9.26517e-05
127.288 0.000107088
121.957 6.62014e-07
124.567 9.40464e-05
122.248 9.95723e-05
123.766 0.000109131
124.054 9.56916e-05
127.125 0.000106102
125.123 9.6885e-05
126.686 0.000103698
126.641 9.25965e-05
122.323 7.92741e-05
137.393 9.5023e-05
125.711 9.65992e-05
118.989 0.000110683
123.815 9.92912e-05
117.62 9.43796e-05
126.886 9.47499e-05
126.044 9.56206e-05
125.737 9.59513e-05
121.037 0.000108831
125.803 9.95971e-05
124.771 9.90296e-05
126.42 0.000107328
123.117 0.000109285
127.092 0.000112715
122.671 8.4415e-05
115.815 9.91161e-05
125.634 9.53783e-05
123.083 9.60002e-05
125.578 0.000107547
123.214 9.76703e-05
120.087 9.54299e-05
129.16 9.50908e-05
122.858 0.000110029
121.653 9.93225e-05
124.427 0.000105644
125.343 9.07644e-05
123.156 9.97339e-05
124.295 0.000102329
124.779 9.99849e-05
122.803 0.000109392
124.729 0.000106816
120.49 0.000105193
125.58 9.65918e-05
126.035 9.63129e-05
120.701 9.93384e-05
124.561 9.56162e-05
119.701 8.87998e-05
125.206 9.74267e-05
126.325 9.50234e-05
120.084 0.000102603
127.634 0.000102875
121.901 0.000112505
123.656 0.000103028
121.447 9.75097e-05
120.125 8.97352e-05
124.628 0.000106309
123.47 9.57022e-05
124.061 9.76701e-05
126.402 9.49657e-05
125.835 9.2166e-05
120.375 0.000106302
125.14 4.71132e-06
123.229 9.68757e-05
125.148 9.43797e-05
127.941 9.6516e-05
125.46 9.52641e-05
122.619 0.000100931
118.632 0.000101641
125.415 4.35972e-06
124.731 8.92534e-05
122.823 9.58165e-05
123.803 9.55268e-05
123.764 0.000107783
122.815 9.53026e-05
122.881 9.47191e-05
126.487 0.000108799
126.236 9.48674e-05
124.258 9.62535e-05
124.646 9.82408e-05
126.41 9.55312e-05
123.016 7.04999e-05
120.728 9.79105e-05
125.797 0.000105273
126.917 0.00010793
124.443 0.00010915
124.736 0.000100846
122.766 9.89373e-05
124.471 9.60747e-05
124.8 9.91268e-05
125.547 0.000146059
125.487 0.000105773
120.193 0.000104372
123.002 9.63617e-05
122.922 9.079e-05
125.424 9.63634e-05
125.505 8.94936e-05
120.325 0.000101707
121.144 9.70675e-05
116.316 9.81683e-05
121.109 1.14337e-06
124.993 9.47597e-05
124.521 9.61643e-05
128.113 9.72406e-05
124.012 2.80837e-05
123.89 0.000101251
128.434 0.000109187
115.542 9.56295e-05
124.679 9.52099e-05
124.778 8.23437e-05
127.126 9.23131e-05
125.589 8.18245e-05
126.044 0.000100995
120.844 0.000103619
126.963 9.84662e-05
124.884 2.82625e-05
125.932 9.80738e-05
129.761 9.70456e-05
123.098 9.60326e-05
126.198 9.48768e-05
118.26 9.18868e-05
127.906 8.6586e-05
123.957 8.71888e-05
118.525 0.000110807
124.311 9.57364e-05
117.4 9.23028e-05
122.669 9.95754e-05
124.175 0.000109394
121.591 0.000108521
127.408 3.9223e-07
125.076 9.51111e-05
129.143 9.82547e-05
125.249 0.000108618
127.227 9.94228e-05
124.69 0.000108071
120.197 9.41839e-05
125.177 0.000101952
123.662 9.9555e-05
129.845 9.6174e-05
126.435 0.000109845
124.105 9.62211e-05
126.867 9.51013e-05
125.086 0.000103905
123.648 9.56878e-05
122.252 0.000105582
124.609 8.26389e-05
124.725 9.50574e-05
124.502 9.84891e-05
122.364 8.82165e-05
124.034 9.56604e-05
118.269 0.000102999
124.721 0.000110799
122.519 9.78282e-05
123.019 0.000109417
126.515 9.86672e-05
122.666 9.60409e-05
126.543 9.1516e-05
126.781 9.5736e-05
124.674 9.80796e-05
126.65 9.72679e-05
120.402 9.47876e-05
121.947 9.4256e-05
120.795 9.64662e-05
122.714 9.56771e-05
126.203 0.000108179
120.505 4.02836e-07
120.836 9.75506e-05
117.364 9.59811e-05
126.319 0.00010464
121.579 9.35585e-05
124.732 9.85492e-05
122.081 9.59986e-05
119.659 9.99861e-05
123.248 0.00010215
125.189 9.64769e-05
122.39 9.49092e-05
124.071 8.94567e-05
124.64 0.000106334
120.139 9.75192e-05
124.293 0.000107409
126.821 4.65653e-06
123.728 0.000102998
124.892 9.26342e-05
126.664 9.61245e-05
126.016 2.43052e-05
125.549 9.75094e-05
126.058 9.94704e-05
123.937 0.000102533
121.038 0.00010713
123.582 9.7498e-05
125.326 0.000105705
125.472 0.000109579
120.784 8.2048e-05
127.442 9.6431e-05
122.852 9.56808e-05
126.587 9.50558e-05
127.344 0.000108064
124.67 9.48365e-05
115.502 0.000100864
123.153 9.51568e-05
123.549 0.000106741
128.381 9.57767e-05
124.783 9.98069e-05
123.682 9.50442e-05
129.578 9.95932e-05
125.855 9.64672e-05
127.049 0.00011507
121.485 0.000102507
125.011 9.75429e-05
123.778 9.98548e-05
131.152 0.000103692
124.342 9.17416e-05
120.254 3.90336e-07
121.067 9.35566e-05
123.959 8.99605e-05
123.943 0.000121837
130.021 0.000100734
126.461 9.59965e-05
124.114 9.38585e-05
118.043 0.000109935
122.602 7.39324e-05
125.816 9.63451e-05
122.741 9.47545e-05
123.699 9.70383e-05
120.888 9.60005e-05
127.718 9.86774e-05
122.496 0.000101221
122.387 9.90719e-05
121.037 0.000113361
115.933 9.38481e-05
125.885 9.89693e-05
123.481 0.000106247
119.465 1.61699e-05
118.964 9.95154e-05
124.873 8.64823e-05
128.649 9.61722e-05
125.412 9.88861e-05
126.058 9.54028e-05
121.499 0.000102473
122.212 0.000108056
124.585 0.000103634
128.247 0.000104635
127.416 9.52766e-05
115.888 0.000110474
120.072 9.97379e-05
125.272 2.95769e-05
124.546 9.69521e-05
120.849 0.000103125
124.853 0.000109259
121.967 0.000107936
123.775 8.66588e-05
122.846 9.4584e-05
123.661 9.4813e-05
125.481 9.57599e-05
120.822 0.000101285
126.138 1.92687e-06
123.063 0.000107628
122.458 9.90532e-05
125.335 9.53142e-05
127.629 8.26512e-05
125.032 2.88653e-06
129.439 9.60729e-05
124.373 9.62968e-05
123.154 0.000107911
119.572 7.80191e-05
124.982 9.95395e-05
123.964 0.000104237
121.949 9.98004e-05
126.868 9.33446e-05
123.087 0.000102278
125.38 9.81484e-05
128.701 0.000111464
116.921 9.71443e-05
123.046 9.67921e-05
120.221 3.66107e-05
126.059 9.78157e-05
128.411 0.000100152
116.996 0.000111342
124.786 9.62133e-05
125.731 0.000108761
121.776 0.000110782
121.841 8.44687e-05
122.237 6.60966e-05
122.175 9.88267e-05
121.178 0.000100985
122.651 9.45829e-05
120.46 9.93818e-05
123.02 9.96716e-05
121.081 9.13152e-05
124.147 0.000103218
123.247 1.02501e-05
127.228 0.000106083
126.323 9.63589e-05
120.864 9.63192e-05
123.529 0.000107393
122.08 9.45485e-05
126.462 9.22672e-05
122.035 9.4984e-05
125.848 0.000102519
123.661 9.6705e-05
125.962 5.45413e-05
119.197 9.68688e-05
126.885 0.000101373
123.673 0.000103644
125.046 0.000108408
124.614 0.00010067
119.901 1.15878e-06
146.809 9.4414e-05
124.718 9.88047e-05
120.418 4.63197e-05
125.844 9.43834e-05
123.808 1.483e-05
126.161 1.49239e-05
125.605 9.61955e-05
124.216 9.39662e-05
122.981 9.92152e-05
121.725 9.97298e-05
123.964 9.88548e-05
120.375 7.50763e-05
125.715 5.70377e-05
119.275 9.90754e-05
122.943 0.000107012
124.405 9.55995e-05
122.017 0.000110116
124.275 9.94927e-05
122.864 9.61738e-05
124.861 9.4048e-05
124.387 0.000109941
125.26 0.000106435
126.359 0.000108566
122.932 9.88015e-05
119.916 0.000100603
126.457 0.000113123
121.674 9.80428e-05
122.283 8.8687e-05
126.01 9.72406e-05
124.262 9.59778e-05
122.673 9.91698e-05
124.251 9.46981e-05
126.839 9.26586e-05
123.601 0.00010037
116.357 8.07191e-05
117.174 0.000113148
127.938 9.965e-05
123.045 0.000109261
124.03 9.41774e-05
125.717 6.9244e-06
122.034 6.61696e-05
125.35 3.69699e-05
130.923 0.000111627
119.991 0.000106528
124.592 9.67478e-05
123.328 8.64405e-05
129.728 5.525e-05
120.366 9.05597e-05
123.52 1.55076e-05
122.934 9.46517e-05
123.947 0.000103218
123.517 9.91649e-05
122.069 9.11239e-05
123.63 9.55462e-05
127.815 0.00010005
125.308 9.75099e-05
124.392 0.000100733
126.805 8.9394e-05
125.403 0.000101115
119.68 0.000108553
127.44 0.000111677
123.459 0.000108072
123.992 0.000108544
127.047 0.00010495
126.034 7.56063e-05
122.523 9.85346e-05
125.357 9.62527e-05
125.317 9.82763e-05
119.375 9.27001e-05
122.07 3.69499e-05
122.564 9.96018e-05
127.965 9.66323e-05
124.09 9.73334e-05
126.23 0.000104778
121.441 0.000111474
127.653 9.77977e-05
123.511 0.0001022
126.876 0.00010964
115.422 9.90137e-05
125.168 9.43334e-05
124.744 9.47021e-05
126.773 9.44769e-05
128.19 9.70448e-05
125.318 6.59161e-05
120.561 9.66246e-05
124.573 9.46058e-05
128.048 9.81044e-05
122.863 9.9526e-05
120.852 0.00010814
126.429 9.27599e-05
123.144 0.000102885
121.745 0.000113406
123.237 9.40234e-05
121.581 9.87375e-05
123.618 9.55225e-05
124.225 1.04386e-05
120.031 9.64796e-05
123.595 9.85387e-05
126.442 0.000102193
123.641 3.54536e-05
124.617 9.79859e-05
119.906 0.000101744
124.488 9.82205e-05
121.289 9.5581e-05
122.007 9.64833e-05
121.095 8.91781e-05
125.602 8.27814e-05
122.577 0.00010913
122.741 9.72854e-05
123.83 9.79306e-05
125.289 9.62416e-05
123.288 0.000104577
121.785 9.55098e-05
123.353 0.000107865
124.77 9.39091e-05
123.216 9.83791e-05
125.295 1.02851e-05
121.21 9.44365e-05
123.933 9.60399e-05
120.069 0.000111732
121.898 1.86395e-06
121.769 9.55399e-05
124.915 0.000109837
115.252 8.97104e-05
124.565 9.7147e-05
116.726 0.000101591
123.869 0.000114006
121.428 1.83713e-06
122.214 1.90567e-06
122.873 9.71207e-05
117.28 9.39002e-05
125.435 7.46318e-05
123.238 4.66099e-05
124.942 9.28537e-05
115.062 9.79336e-05
123.999 9.56325e-05
128.541 9.64966e-05
126.431 9.57815e-05
122.897 9.59251e-05
123.657 9.4575e-05
126.719 0.000102633
120.282 9.71939e-05
127.586 9.64477e-05
119.315 0.000101396
124.158 0.00010755
125.492 0.000101931
117.069 9.33647e-05
123.052 9.6056e-05
124.982 9.27608e-05
119.903 9.47879e-05
121.955 9.4542e-05
125.249 9.67726e-05
123.863 0.000102685
126.953 9.64994e-05
124.678 0.000103846
124.442 9.74239e-05
128.234 9.75874e-05
126.507 0.000100306
127.597 0.000114074
126.364 0.000103264
126.247 9.8392e-05
123.822 9.37313e-05
125.749 0.000102912
123.653 6.67587e-05
123.706 9.88544e-05
124.399 1.06576e-05
127.915 9.02987e-05
116.529 9.56355e-05
121.454 9.81832e-05
129.395 9.5916e-05
120.398 9.43908e-05
123.652 9.77804e-05
121.476 9.7248e-05
128.082 9.56607e-05
123.51 9.5493e-05
120.977 9.42916e-05
120.741 0.000109293
123.576 9.35734e-05
123.738 9.45396e-05
126.233 8.94418e-05
124.703 0.000106391
125.724 0.000101486
122.388 0.000104508
122.42 9.60651e-05
119.975 1.06351e-05
121.948 9.95336e-05
126.662 9.70782e-05
128.058 0.000104004
125.013 9.56709e-05
124.097 1.09615e-06
125.063 8.27794e-05
121.727 0.00010544
122.418 0.000109273
129.989 9.57807e-05
123.675 9.85749e-05
125.763 0.000110568
122.968 0.000102538
120.705 9.57097e-05
120.579 9.68328e-05
126.364 9.74864e-05
120.246 0.000110829
116.306 9.22765e-05
122.533 1.03419e-05
124.684 9.88898e-05
126.083 9.48959e-05
120.853 0.000109821
123.847 6.4217e-05
126.227 0.000108754
125.029 9.75469e-05
124.717 9.31242e-05
120.89 9.3553e-05
123.212 0.000109212
127.949 9.62583e-05
125.101 8.19303e-05
126.602 0.000123257
125.654 2.38441e-07
124.86 0.000106635
125.051 9.87837e-05
123.083 6.5388e-05
125.412 9.40253e-05
125.836 2.3963e-07
122.513 9.86288e-05
124.447 9.92477e-05
123.24 0.000104405
124.48 8.61069e-05
126.688 9.86619e-05
117.806 8.66512e-05
124.85 2.82876e-05
124.388 9.60133e-05
127.523 9.98763e-05
122.754 9.30977e-05
125.927 9.47608e-05
123.692 2.0131e-05
125.692 0.000106783
124.546 6.46611e-05
121.092 1.41985e-07
124.927 9.60759e-05
118.802 9.2732e-05
126.108 9.94195e-05
125.704 0.000109323
119.885 9.71098e-05
124.43 9.91011e-05
125.244 9.91127e-05
126.944 9.74254e-05
125.775 0.00011208
124.291 9.65e-05
123.307 2.83793e-05
125.045 9.69071e-05
120.008 9.531e-05
124.092 0.000105478
168.626 9.19164e-05
125.899 9.95069e-05
124.303 9.51048e-05
122.844 9.77579e-05
125.934 9.52993e-05
124.124 0.000103729
125.968 9.60535e-05
125.084 0.000107838
124.083 9.98779e-05
124.333 9.91942e-05
123.521 0.000109666
123.561 9.11546e-05
125.408 4.37369e-05
123.917 9.62874e-05
122.22 0.000102262
130.239 9.50766e-05
125.283 9.4891e-05
124.09 8.96132e-05
127.873 9.42398e-05
124.499 0.000101527
125.151 8.92488e-05
120.679 9.58426e-05
119.363 0.000107515
126.822 9.22657e-05
123.754 9.57429e-05
124.881 9.7231e-05
126.083 9.58749e-05
123.454 8.79045e-05
125.64 9.08808e-05
125.453 6.04327e-05
125.852 0.000104861
124.592 0.00010615
124.958 0.000112461
115.197 9.60797e-05
128.692 0.000111683
124.499 0.000100396
121.601 0.000109319
123.877 9.88675e-05
120.633 9.50197e-05
123.779 9.20845e-05
121.077 7.71547e-05
124.239 5.55285e-05
123.324 0.000100076
125.277 0.000111759
122.673 0.000102201
117.868 9.94203e-05
123.598 0.000100771
125.909 9.62965e-05
126.408 9.5122e-05
122.788 0.000110915
123.735 9.78496e-05
125.607 9.91094e-05
121.476 9.96737e-05
123.912 9.59968e-05
123.158 9.9492e-05
124.438 9.51934e-05
122.919 0.000108691
122.069 4.71257e-05
125.782 9.65343e-05
126.331 9.86163e-05
124.769 5.2482e-05
116.362 9.56572e-05
125.6 9.67368e-05
122.85 9.1618e-05
120.422 9.82046e-05
123.067 9.45483e-05
119.377 0.000102141
127.61 7.39303e-05
127.585 9.78874e-05
122.846 0.000100129
123.653 0.000109964
125.651 9.47006e-05
124.609 9.47598e-05
123.3 0.000105585
123.554 9.44614e-05
125.897 0.000101889
123.572 9.62813e-05
129.028 9.767e-05
130.132 0.000103452
122.128 0.000103857
120.677 0.000108318
125.34 0.000101605
124.577 9.99224e-05
127.854 0.000110232
124.933 9.56128e-05
126.85 9.40704e-05
125.051 9.37295e-05
120.373 1.86747e-06
124.268 8.42466e-05
127.837 9.81218e-05
128.999 0.00010212
125.216 0.000108315
128.573 0.000100654
121.793 9.8257e-05
132.337 9.70519e-05
122.469 2.04979e-05
126.741 0.000103235
129.07 9.54714e-05
126.073 7.59005e-05
121.257 0.000109478
125.338 9.51111e-05
126.177 9.59276e-05
123.467 0.000101038
120.763 0.000106332
116.451 9.21169e-05
125.107 9.72685e-05
126.16 9.65e-05
125.49 9.81142e-05
124.871 6.43323e-05
125.275 9.57297e-05
125.467 6.93493e-06
126.757 9.46648e-05
125.718 0.000109114
125.813 0.00010908
126.092 0.000104949
122.072 0.000103275
123.418 9.48056e-05
123.794 9.58337e-05
123.046 7.36703e-05
128.814 0.000107609
121.251 2.1425e-05
123.67 0.000104381
120.284 8.84286e-05
126.961 9.55255e-05
123.692 2.81998e-05
123.909 0.000102884
123.493 9.64065e-05
124.602 9.2232e-05
126.868 4.02875e-07
124.238 0.000101571
123.681 0.000111469
125.559 9.86019e-05
125.396 0.000111481
119.154 9.17435e-05
125.845 0.000103693
124.039 9.67515e-05
120.59 0.000113979
126.411 9.97732e-05
120.592 9.92143e-05
124.346 9.66306e-05
128.371 9.9547e-05
123.551 0.000103015
127.951 9.17639e-05
127.435 9.63784e-05
125.891 9.79948e-05
119.956 0.000109622
116.666 9.48472e-05
124.422 0.000105047
128.376 4.68296e-06
122.337 9.71477e-05
123.291 9.33561e-05
123.822 9.46041e-05
123.519 8.69143e-05
118.846 2.03515e-05
124.789 0.000103943
120.96 9.39011e-05
122.927 0.000102126
121.513 9.48018e-05
124.016 9.47654e-05
119.695 0.000100677
123.499 0.000102267
126.231 8.43969e-05
121.174 9.29613e-05
123.534 6.64192e-05
125.668 9.14812e-05
121.239 3.65679e-05
126.148 5.5992e-05
125.603 9.64566e-05
125.852 0.000100425
124.965 0.000105117
126.659 9.88285e-05
125.948 2.88497e-06
124.323 9.56428e-05
122.954 9.97621e-05
124.229 4.80141e-06
124.489 0.000106023
121.023 9.55926e-05
123.609 0.000108972
119.847 0.000102237
124.881 0.000103544
125.375 0.000104581
129.458 9.71258e-05
123.285 0.000100391
125.201 0.00011094
122.081 9.74901e-05
123.894 0.000106387
121.061 9.91078e-05
122.661 9.75015e-05
125.641 9.7806e-05
122.952 0.000105139
121.524 0.000101049
125.768 9.48541e-05
120.256 0.00010835
115.283 2.06012e-05
124.424 0.00010987
126.851 9.85717e-05
124.049 0.000109043
123.096 9.26111e-05
124.879 0.000106698
120.722 9.28711e-05
123.512 9.45224e-05
124.467 0.00010933
119.143 9.81995e-05
126.655 1.11434e-06
120.713 9.55695e-05
125.533 9.5131e-05
122.612 1.03706e-05
116.87 0.000100947
125.202 9.83398e-05
120.538 9.29873e-05
121.185 8.80027e-05
125.101 9.58921e-05
120.207 0.000104306
122.653 3.76775e-05
130.903 8.23957e-05
122.793 9.49232e-05
125.554 9.72018e-05
123.594 8.03302e-05
123.86 0.000107997
120.16 0.000103679
124.771 9.15934e-05
123.825 9.70192e-05
123.686 9.47983e-05
126.011 9.69924e-05
118.836 6.72159e-05
124.543 0.000100329
128.471 9.55415e-05
125.236 1.89537e-05
125.477 8.27165e-05
127.098 9.66667e-05
125.144 8.88651e-05
127.244 1.41135e-07
124.602 9.61358e-05
122.989 9.87823e-05
121.418 9.48507e-05
125.657 9.51844e-05
120.649 0.000101344
124.642 0.000106756
124.954 0.000108865
124.486 0.000100531
120.144 0.000100766
127.421 9.84251e-05
123.312 0.000111061
126.872 0.000109203
120.457 2.93948e-05
123.529 9.18149e-05
120.696 0.000107624
123.697 9.59817e-05
125.744 0.000110017
126.422 0.000102432
124.391 0.000104242
124.4 4.57528e-05
119.467 9.8736e-05
124.498 9.6144e-05
124.722 0.000107897
123.204 9.51136e-05
122.968 9.60601e-05
126.157 9.2874e-05
123.117 0.000105231
124.637 9.89849e-05
122.898 0.000109261
127.891 9.14205e-05
127.971 0.000100691
123.382 9.39289e-05
121.778 9.98309e-05
125.542 0.000100416
119.959 9.82194e-05
126.711 9.79499e-05
128.058 0.000102469
121.937 0.000105271
119.235 0.000110397
123.016 8.83512e-05
126.156 9.75625e-05
117.267 9.68504e-05
125.14 0.000108892
124.262 9.95873e-05
124.303 9.68193e-05
124.949 9.55002e-05
126.4 9.64744e-05
122.73 0.000100986
122.104 0.000100519
118.929 9.65552e-05
120.482 2.39878e-07
121.651 9.50696e-05
125.798 9.94389e-05
122.205 9.28568e-05
129.901 9.70005e-05
123.063 8.33032e-05
125.937 0.000108074
126.476 9.61796e-05
123.714 9.30926e-05
128.785 9.84928e-05
124.577 9.03213e-05
125.761 9.58846e-05
123.755 0.000108432
125.731 9.56652e-05
126.027 9.55654e-05
117.908 9.37101e-05
123.153 0.000106427
124.97 9.91472e-05
127.034 6.52147e-05
117.777 0.000101416
124.407 1.50481e-05
124.525 9.87148e-05
125.455 9.81856e-05
123.816 0.000106265
125.96 9.67032e-05
122.409 9.77579e-05
127.734 0.000103845
121.791 0.000103154
119.156 0.000105865
123.84 9.59234e-05
125.314 0.000108453
123.525 0.00010876
123.109 9.52086e-05
128.738 0.000109376
117.148 9.02275e-05
121.713 9.41606e-05
122.738 0.000104949
125.326 0.000107241
122.395 5.59077e-05
121.613 9.5734e-05
122.055 9.52989e-05
124.928 9.68033e-05
122.241 9.64533e-05
122.497 0.000102193
120.712 3.67148e-05
124.241 0.000102188
123.883 9.88104e-05
123.155 9.51748e-05
123.255 9.19855e-05
126.234 9.53698e-05
123.985 9.86241e-05
121.479 9.54705e-05
122.07 9.66752e-05
123.021 9.83514e-05
126.526 9.56142e-05
123.097 0.000108047
123.963 8.76363e-05
125.948 0.000107961
122.986 9.46407e-05
129.518 9.53712e-05
120.906 3.64265e-05
120.682 0.000108451
128.179 8.80221e-05
123.108 0.000103918
121.492 9.53259e-05
125.366 9.57925e-05
125.809 9.81666e-05
115.591 8.75169e-05
125.419 0.000102349
124.863 9.56287e-05
122.534 9.77621e-05
124.842 9.90751e-05
124.058 9.77745e-05
125.04 0.000104305
126.989 9.86587e-05
125.098 9.49348e-05
124.669 9.70201e-05
125.673 9.95139e-05
127.196 9.74556e-05
124.863 5.26313e-05
123.468 9.44625e-05
122.832 0.000102413
125.895 0.00010928
125.518 2.83879e-05
119.889 0.000102291
123.367 6.52589e-05
126.749 0.000103679
123.9 8.97833e-05
125.362 9.43247e-05
121.014 0.00010966
125.33 9.53916e-05
125.596 0.000106925
122.49 9.49047e-05
124.765 9.5625e-05
123.019 2.05903e-05
124.052 0.000102354
125.701 9.54216e-05
126.48 0.000109784
123.524 1.83724e-06
119.253 9.90282e-05
124.316 0.000107642
126.338 9.51193e-05
124.363 0.000109789
125.689 9.36186e-05
124.764 1.03549e-05
129.74 8.54641e-05
119.788 0.000108393
117.457 9.03239e-05
122.278 0.000108871
125.411 0.000103769
125.768 9.61362e-05
125.084 0.000108604
129.256 9.86028e-05
124.095 9.7119e-05
125.898 0.000105749
119.036 9.5076e-05
125.534 6.21112e-05
122.568 8.9295e-05
134.932 9.44638e-05
121.702 0.000100029
121.235 9.82236e-05
122.155 9.7732e-05
124.396 0.00010596
125.562 9.95091e-05
120.882 9.20723e-05
126.083 0.000110829
124.657 0.000109351
121.882 9.5449e-05
130.155 9.3786e-05
119.73 9.39092e-05
121.894 9.68267e-05
125.362 9.63246e-05
120.344 9.59276e-05
124.624 0.000100739
125.192 0.000103044
127.28 0.000102403
121.599 8.89573e-05
129.076 0.000103261
122.869 0.000100987
124.13 0.000112635
125.016 0.000111451
122.852 0.000109852
120.96 0.000107264
122.504 9.4883e-05
119.151 4.62998e-05
122.696 0.000105491
122.985 9.90631e-05
126.021 0.000100793
121.956 7.3363e-05
125.458 0.000101349
126.08 9.7563e-05
126.428 9.95268e-05
118.516 9.83705e-05
130.129 9.87249e-05
117.291 8.73159e-05
126.792 9.83109e-05
127.588 9.73344e-05
115.336 9.8066e-05
125.545 0.000106596
126.934 0.00010382
120.923 9.62518e-05
126.114 0.000100256
124.582 4.57587e-05
126.076 8.27904e-05
120.5 1.04555e-05
122.707 1.45348e-05
121.975 7.39353e-05
125.45 9.51657e-05
124.475 9.6948e-05
121.622 0.000103115
123.518 0.00010269
126.678 0.000106866
127.593 9.6232e-05
122.895 0.000106353
126.721 0.000100445
122.049 9.98559e-05
125.34 9.65026e-05
127.108 9.76632e-05
124.361 0.00010331
122.546 0.000106569
123.189 0.00010576
121.943 0.00010477
122.453 0.000101069
123.622 0.000103296
126.581 9.4627e-05
126.353 9.93423e-05
121.162 9.61647e-05
126.601 9.70447e-05
125.517 0.000110693
125.858 9.51317e-05
123.072 0.000101042
129.799 0.000111587
123.215 0.000104825
128.711 9.53508e-05
126.802 9.1735e-05
124.468 0.000108851
132.166 9.33357e-05
127.322 9.75477e-05
122.511 0.000106885
123.971 9.49441e-05
126.365 8.26057e-05
123.144 9.61507e-05
125.008 0.000107339
122.462 9.73482e-05
122.991 9.48741e-05
124.573 0.000101364
124.04 0.000100475
121.366 4.48554e-05
127.418 9.69741e-05
130.821 9.65242e-05
123.88 0.000103506
125.02 9.4658e-05
128.126 0.000102072
126.146 0.00010442
130.359 0.000105325
123.158 5.53546e-05
118.067 0.000102054
122.257 0.000105531
129.186 9.04711e-05
124.996 9.48572e-05
120.61 9.45164e-05
123.572 0.000100269
126.029 9.88151e-05
117.321 6.25348e-05
128.867 9.76239e-05
124.252 0.000112934
123.225 0.000106636
121.909 4.69781e-05
120.308 9.2558e-05
127.881 0.000101251
129.13 0.000105134
126.437 0.000107287
124.068 9.4068e-05
126.117 0.000109964
123.702 0.000114208
121.012 9.51658e-05
124.987 3.67537e-05
123.137 0.00010743
123.667 9.65993e-05
123.572 6.67324e-07
128.685 9.86111e-05
121.224 9.7743e-05
122.798 9.98177e-05
126.588 0.000101441
122.404 9.46694e-05
124.465 9.50809e-05
125.887 0.000107448
125.385 0.000104627
120.9 0.000102959
125.138 6.62684e-07
124.856 0.000108931
127.5 8.82731e-05
125.181 8.88915e-05
123.422 9.7781e-05
125.011 8.95784e-05
128.696 9.97354e-05
121.333 9.52226e-05
126.97 0.000108704
124.819 0.000110195
124.722 9.60841e-05
123.211 9.79961e-05
121.07 4.75028e-05
126.551 9.4388e-05
126.497 9.46462e-05
122.598 9.10986e-05
123.476 9.45332e-05
125.377 9.58183e-05
123.503 0.000101182
115.952 9.4999e-05
120.195 9.55881e-05
123.324 0.000106534
125.831 9.38904e-05
122.323 9.94647e-05
119.804 0.000102588
125.213 9.94827e-05
122.234 9.16269e-05
123.461 0.000109101
125.985 9.6005e-05
126.486 0.000100232
123.336 9.77468e-05
123.982 0.00010729
123.604 3.72861e-05
124.292 8.85754e-05
119.41 9.89548e-05
123.783 9.62387e-05
122.323 7.6346e-05
120.193 9.5227e-05
124.49 1.49474e-05
125.637 9.01804e-05
118.879 0.000102866
120.444 2.82801e-05
122.505 9.72227e-05
121.943 9.71679e-05
122.672 1.06601e-05
123.966 9.86123e-05
124.577 0.000108004
123.891 9.73506e-05
119.36 9.7339e-05
123.574 9.08542e-05
125.709 0.000105975
123.202 9.44726e-05
124.637 9.50765e-05
122.849 9.403e-05
124.986 9.49559e-05
120.021 0.000109123
126.341 9.65898e-05
125.565 9.09174e-05
121.451 9.60336e-05
122.544 0.000106608
127.238 0.000101409
125.711 0.000109935
130.769 0.00010908
123.667 9.93827e-05
122.621 9.96454e-05
115.616 9.7373e-05
125.849 0.000105013
123.521 7.54572e-05
125.372 0.000109786
123.844 9.02643e-05
128.113 9.16411e-05
124.077 0.000101032
122.998 8.20304e-05
121.383 9.93802e-05
124.205 0.000103855
124.039 0.000105393
119.541 9.03754e-05
126.458 9.5409e-05
123.697 0.000113181
122.893 0.000106012
125.325 9.52165e-05
126.473 9.88289e-05
124.146 9.87413e-05
125.384 4.61907e-06
128.521 0.000103314
125.256 1.71849e-06
124.465 4.53987e-05
125.33 9.72518e-05
126.587 9.4505e-05
127.145 0.000105257
120.006 9.44598e-05
123.288 0.000107416
115.157 0.000113275
116.088 9.81493e-05
120.162 9.76389e-05
121.317 5.32781e-05
125.176 9.93615e-05
124.898 6.7018e-05
126.677 9.58498e-05
130.867 9.87479e-05
127.907 8.69393e-05
120.497 9.21144e-05
123.384 0.000109544
126.394 9.86427e-05
126.787 9.90812e-05
121.951 9.85729e-05
125.317 9.85941e-05
120.332 9.15781e-05
122.51 9.48048e-05
124.906 0.000108303
121.516 0.000103667
124.649 9.94247e-05
127.209 0.000108431
127.878 9.67207e-05
121.261 9.34982e-05
128.86 9.96075e-05
119.2 0.000103064
125.63 9.64817e-05
126.236 0.000103695
125.244 9.68576e-05
121.625 9.1818e-05
124.223 0.000109994
121.557 9.60636e-05
115.852 9.59334e-05
121.466 9.48652e-05
124.624 0.000110881
125.993 2.83844e-07
124.096 9.54173e-05
125.646 9.34062e-05
117.419 9.36511e-05
124.514 9.70291e-05
126.244 9.88141e-05
125.061 0.000109662
120.499 0.000106867
131.638 9.59955e-05
126.254 6.86506e-07
123.558 6.56329e-05
125.438 9.73311e-05
120.762 5.61176e-05
126.283 9.37441e-05
120.08 0.000103586
122.28 9.52412e-05
122.701 9.95949e-05
124.243 9.52505e-05
124.877 9.51506e-05
119.608 9.51234e-05
129.756 9.75618e-05
126.287 0.000109136
123.195 9.30478e-05
119.19 0.00010055
124.661 0.000104611
122.2 0.000102843
124.382 9.61137e-05
121.934 0.000103633
126.189 9.66504e-05
125.753 9.92152e-05
121.012 6.98113e-06
121.963 9.54472e-05
124.447 9.85987e-05
125.307 9.58154e-05
122.431 9.55751e-05
123.427 9.8049e-05
120.297 9.44916e-05
123.743 9.75525e-05
123.48 0.00010378
126.353 0.000103799
125.862 9.61754e-05
123.382 0.000104562
126.685 0.000103221
123.163 9.9956e-05
124.394 2.81577e-05
125.288 0.0001074
122.059 9.84139e-05
125.908 0.00010094
126.553 0.000102788
121.398 9.58713e-05
129.211 9.77451e-05
116.921 9.03042e-05
120.374 0.00010894
123.606 9.3623e-05
123.254 9.60277e-05
127.205 9.69417e-05
126.285 9.5949e-05
120.551 9.62899e-05
125.152 0.000107863
