129.644 0.00173766
129.024 0.00154657
131.15 0.00153341
129.068 0.00169564
126.365 0.00151195
130.857 0.00153023
131.308 0.0011651
127.142 0.00170486
128.022 0.00167326
129.672 0.00156951
129.595 0.00149926
131.214 0.00150769
131.09 0.0014987
129.058 0.00143521
123.222 0.00143496
127.521 0.00150049
128.911 0.00147953
129.819 0.00146177
129.293 0.00152132
128.418 0.00149605
130.441 0.00172096
130.094 0.00155028
126.277 0.00155897
130.147 0.00168443
132.522 0.00160567
132.764 0.00175188
126.321 0.00150286
131.746 0.0016149
131.218 0.00153375
129.631 0.00162234
127.692 0.00147564
131.174 0.00145099
123.51 0.00155281
130.79 0.0015016
130.764 0.0015701
126.964 0.00157115
132.134 2.86963e-05
134.837 0.00175039
126.906 0.00169181
126.157 0.0015062
130.608 0.000232618
133.184 0.00164821
129.657 0.00156592
128.495 5.51166e-06
128.872 0.00156218
128.566 0.000415016
128.811 0.00169135
131.914 0.00155311
129.088 0.00158055
130.358 0.00148123
130.255 0.00146631
126.61 0.00154031
131.171 0.00148858
129.851 0.00149105
129.756 0.00168223
131.912 0.00155841
129.465 0.00154551
128.188 0.00152362
129.785 0.00155368
130.656 0.00168841
127.446 0.00158731
130.646 0.00148875
129.728 1.05446e-05
128.619 0.00160751
128.495 0.00172287
125.956 0.00156733
129.922 0.00148555
127.905 0.00150591
129.127 0.00152646
128.346 0.00158776
130.777 0.00149867
129.389 0.00154704
129.203 0.00154049
126.502 0.00168042
129.209 0.00168443
126.648 0.00150869
128.456 0.00128966
132.072 0.00163254
130.991 0.00168421
129.224 0.0017463
129.945 0.00150626
131.676 0.00112911
129.753 0.00152275
118.226 0.00151158
132.771 0.00146377
131.727 0.00147799
130.118 0.00159098
128.95 0.00163435
128.976 0.00162359
134.546 0.00154497
130.098 0.00151181
130.28 0.00169152
130.807 0.00149356
130.777 0.00159484
131.406 0.00154838
130.312 0.000956686
127.287 0.00169917
130.352 0.00153244
127.645 0.00146781
130.837 0.00149237
130.904 0.00149696
128.684 0.00149274
129.003 0.00137344
131.756 0.000470831
130.359 0.00167773
128.674 0.00154461
127.824 0.00162808
130.525 0.00177161
128.229 0.00147365
125.114 0.00151512
120.3 0.00147508
130.719 0.0017182
129.155 0.00153904
130.999 0.00146663
133.359 0.00159704
127.65 0.00145929
125.275 0.00159661
130.788 0.00154259
130.281 0.00149659
129.832 0.000726703
129.896 0.00171244
130.905 0.00150543
129.645 0.00157028
118.599 0.00173671
128.717 0.00149055
131.557 0.00148241
129.384 0.00148164
131.043 0.00169196
130.16 0.00161426
128.9 0.000722367
131.78 0.000443998
130.318 0.00161811
132.799 0.00159769
122.272 0.00151995
120.531 0.00137035
131.244 0.00155498
128.11 0.00151384
131.956 0.0015516
128.52 0.00155309
130.545 0.00156888
130.038 0.00168422
129.102 0.00149031
129.94 0.00163892
127.847 0.00148209
130.186 0.00153827
133.445 0.00148719
126.15 0.00142073
128.676 0.00115794
131.197 0.00163981
131.677 0.00162179
130.165 0.0014489
135.105 0.00155422
129.019 0.0017279
126.251 0.0014448
131.444 0.0016942
132.476 0.0015231
128.993 0.00143367
131.694 0.00143298
131.445 0.00151649
129.239 0.00171775
129.669 0.00150373
124.504 0.0010658
130.394 0.0015734
130.074 0.00162331
129.031 0.00142024
130.133 0.00152714
125.157 0.000116303
130.671 0.00158113
128.139 0.00161298
129.119 0.00147835
129.81 0.00163012
129.192 0.00164164
131.159 0.00161219
129.389 0.00152147
131.582 0.00032032
129.607 0.00156309
129.189 0.00149791
129.824 0.00157992
132.193 0.00173832
130.244 0.00150075
130.262 0.00155971
128.631 0.00155449
129.744 0.00154573
132.019 0.00170146
129.758 0.00154488
131.892 0.00150586
129.969 0.0016225
121.872 0.00148898
129.337 0.00167921
131.18 0.00150448
130.801 0.00181829
127.565 0.0014008
130.556 2.85107e-05
129.364 0.00177379
130.217 0.00159383
130.029 0.00137327
129.018 0.000168901
131.034 0.00154531
129.232 3.78884e-06
131.246 0.0018379
128.525 0.00148265
130.528 0.001482
123.388 0.0016576
131.503 0.00102038
127.163 0.000584534
131.105 0.0014979
130.106 0.00150275
130.262 0.00161865
128.772 0.00152973
123.923 0.00167232
129.797 0.00156267
125.92 0.0015706
129.518 0.00153554
131.867 0.00172425
132.804 0.0015862
127.831 0.00150432
130.449 0.00148336
127.777 0.00149195
132.862 0.00131488
127.701 0.00153878
126.965 0.00147277
135.68 0.00168568
129.818 0.00147535
128.666 0.00163134
131.062 0.00151908
129.751 0.00155084
128.865 0.00167627
128.468 0.00128951
123.558 0.0014969
128.539 0.00148854
130.191 0.00148773
128.604 0.00156616
131.012 0.00144396
130.058 0.000110353
131.14 0.000231406
129.521 0.00152909
117.894 0.00148141
129.967 0.00148336
132.174 0.00174369
130.464 0.00151744
130.461 0.00137278
128.545 0.00156294
129.902 0.00150636
130.119 0.000577548
130.296 0.00157995
130.581 0.00151267
128.351 0.00156403
127.599 0.00151982
129.268 0.00152059
123.647 0.00164218
130.325 0.00146671
130.353 0.000572365
130.819 0.0015381
120.048 0.00149757
132.687 0.00156639
129.944 0.00153807
121.647 0.00162306
130.191 0.0015171
128.054 0.00147785
128.174 0.000233646
133.397 0.0015251
131.685 0.00176868
129.913 0.00157879
130.581 0.00171751
130.649 0.000163653
129.402 0.00150031
140.596 0.00147288
130.916 0.00151013
132.664 0.0003207
129.836 0.00153052
123.786 0.00157264
130.754 0.00162368
130.4 0.000856111
129.497 0.0012968
129.967 0.0014926
130.691 0.0015368
126.435 0.00143701
130.906 0.00155281
127.161 0.00156601
127.817 0.00152241
126.495 0.00157601
124.017 0.00171456
126.484 0.0016857
130.533 0.000104772
128.639 0.00149158
129.198 0.00146933
130.435 0.00150723
126.148 0.00157106
127.559 0.00169766
132.797 0.00145941
129.635 0.000710534
131.572 0.00175458
123.667 0.00151645
127.411 0.000592466
129.201 0.00155368
129.161 0.00141857
127.741 0.00148829
126.833 0.00150805
131.029 0.00158373
124.431 0.00149607
115.64 0.00150078
130.073 0.00149656
133.721 0.00151389
129.604 0.0016812
127.497 0.00154026
127.849 0.00148943
130.077 0.00150422
130.369 2.85917e-05
128.484 0.00150848
131.765 0.00158995
130.164 0.00144383
128.411 0.00151748
129.269 0.00172567
130.612 0.00149166
126.642 0.000726796
131.327 0.00148853
128.292 0.00139203
127.303 0.00161728
128.421 0.00144844
130.114 0.00150255
132.723 0.00141319
130.78 0.00157869
128.902 0.00157189
130.163 0.00157104
120.763 0.000440876
129.426 0.0015322
129.053 0.00172872
131.574 0.000718294
132.634 0.00139749
129.904 0.00150803
129.783 0.00170099
128.847 0.00154119
129.968 0.0015813
129.387 0.0015726
129.626 0.00168907
122.897 0.00155077
127.624 0.00153343
123.243 0.00148674
130.829 0.00147689
129.28 4.6155e-05
132.443 0.00156413
131.569 0.000437978
130.168 0.0016141
126.558 0.00153759
126.788 0.0015483
131.412 0.00150722
134.089 0.00151207
130 0.00174111
131.382 0.00104974
130.78 0.00149946
130.552 0.00142551
127.489 4.48551e-05
129.527 0.00144522
128.324 0.00154723
131.335 7.30809e-05
129.953 0.0017214
115.928 0.00156709
131.029 0.00148745
130.911 0.00156014
130.354 0.0012649
130.94 0.000858301
131.374 0.00178386
130.697 0.00150325
128.33 0.000710653
125.735 0.00155174
128.404 0.00150125
132.355 0.0017193
131.532 0.00157345
128.761 0.00156818
130.955 0.00148465
129.07 0.00157548
131.189 0.00128968
130.456 0.00159153
131.975 4.50441e-05
126.58 0.000579603
129.312 0.0015615
129.48 0.00158668
130.312 0.00103028
130.569 0.00171797
119.826 0.00156038
128.635 0.00156169
131.113 0.00156874
130.662 0.00171411
130.877 0.00156038
130.542 0.00155803
126.936 0.00171126
129.886 0.00139144
128.652 0.00102744
128.834 0.0013613
127.713 0.00163809
130.521 0.00160218
127.542 0.00161148
131.955 0.00148476
129.502 0.00149156
130.649 0.00159185
130.589 0.00147085
128.424 0.00154465
127.696 0.00150709
131.332 0.00143318
128.553 0.00148288
129.017 0.00154962
125.663 0.00154496
127.551 0.00157903
129.192 0.00140445
132.03 0.00162184
129.733 1.71801e-05
128.031 0.00150412
129.627 0.00171285
131.397 0.00125359
129.435 0.00157109
128.918 0.00170474
127.537 0.00147271
130.364 0.00147451
128.291 0.00160467
127.984 0.00150135
130.618 0.00149726
130.851 0.00159595
130.312 0.00170568
129.527 0.0014965
124.978 0.00146156
129.581 0.00150321
130.302 0.00106523
129.361 0.00149017
133.33 0.00154562
131.917 0.00155392
130.873 0.00156271
120.627 6.3127e-06
128.83 0.00147453
127.645 0.000164757
130.797 0.000109492
131.128 0.00147793
131.148 0.00144475
130.76 0.00149378
131.205 0.00168572
129.83 0.00147668
132.794 0.00164411
130.103 1.72195e-05
130.739 0.00138842
131.098 0.00163258
129.866 0.000109913
130.684 0.000106754
125.814 0.00083625
122.596 0.00150136
130.834 0.00150596
131.985 0.00167629
129.869 0.00141438
128.005 7.34083e-05
128.858 0.0016757
129.414 0.000326531
129.381 0.00151264
129.798 0.00142173
128.535 0.00153173
129.244 0.00166364
130.089 0.00150854
128.019 0.00098228
123.153 0.0014866
131.624 0.00149177
131.275 0.00143374
129.832 0.00086552
129.342 0.00158818
121.102 0.00151716
129.476 0.00152816
142.702 0.00130592
131.962 0.00152007
128.762 0.00167308
128.154 0.00149006
131.185 0.00159792
130.383 0.00149518
131.056 0.00148926
132.824 0.00152915
129.44 0.00147359
128.143 0.0015186
131.988 0.00158049
126.737 0.00142776
127.559 0.00156798
129.969 0.00153951
129.454 0.0015087
134.873 0.00148511
131.241 0.00147309
131.964 0.000878841
131.407 0.00154308
129.373 0.00174661
131.551 0.00155345
128.749 0.000326791
129.601 0.00170185
132.393 0.00148562
131.744 0.00166551
130.232 0.00042856
125.07 0.00155072
127.124 0.00146864
131.581 0.00150945
128.815 0.00168134
124.409 0.00148002
128.914 0.00146704
130.278 0.00156823
131.395 0.00153995
130.17 0.00137466
129.268 0.0015127
130.259 0.00167867
129.264 0.00152558
131.301 0.00156211
131.639 0.00159596
128.635 0.00164939
129.166 0.0017207
131.031 0.00149722
128.823 0.0012908
130.171 0.00154802
130.176 0.00149829
129.175 0.0017164
129.639 0.00155275
132.341 0.0014968
127.856 0.00144371
134.39 0.00139655
130.676 0.00166318
128.522 0.00153837
130.876 0.00162555
130.788 0.0015309
128.819 0.000235659
131.427 0.00151855
125.757 0.00166653
127.955 0.00167369
129.209 0.00150919
130.72 0.00151957
129.642 0.000878561
127.866 0.00157371
129.479 0.0014742
125.035 0.000450771
131.301 0.00155352
130.278 0.00148624
130.551 0.000402365
128.845 0.00148725
130.017 0.00177147
129.85 0.00150396
129.404 0.001542
129.61 0.00161308
127.825 0.00167531
129.153 0.00169176
128.288 7.29959e-05
130.389 0.00156441
131.988 0.00156476
128.654 0.00174479
130.547 0.00150949
125.776 0.00159327
126.351 0.00153852
132.136 0.00148515
131.153 0.00168701
129.951 0.00142512
128.813 0.00155183
125.613 0.00168954
129.872 0.00151172
127.222 0.00151082
129.145 0.00154879
125.669 0.00117227
129.091 0.00155347
129.688 0.00144679
134.172 0.00153798
128.418 0.0016905
131.997 0.00159525
130.144 0.00148903
131.101 0.00150781
128.027 0.00150854
130.727 0.00127235
132.255 0.00171244
125.011 0.00160697
130.106 0.00152474
129.684 0.00153519
130.581 0.00149647
129.649 0.0015558
128.77 0.00151793
129.567 1.04723e-05
128.33 0.00170026
130.733 0.00174952
129.574 0.00172197
131.704 0.00176108
129.709 0.00148895
117.376 0.00150946
127.238 0.00157578
131.153 0.00150275
129.647 0.00155875
131.797 0.00159084
128.442 0.00172097
130.068 0.00155183
129.573 0.00156556
129.818 0.00157961
131.212 0.00142081
123.612 0.00147644
129.341 0.00163787
128.087 0.00154573
127.463 0.00163165
129.763 0.0015824
129.464 0.00161562
126.73 0.00170359
121.849 3.92657e-06
127.45 0.00173354
127.557 0.00090025
126.594 0.00163411
129.162 0.000866757
128.423 0.00168047
129.326 0.00167361
127.909 0.00154972
129.515 0.00149198
129.407 0.00171443
126.702 0.0014847
