122.301 0.00030834
121.454 0.000264437
120.077 0.000254877
120.112 0.000256994
120.012 0.000257501
120.059 5.53173e-05
122.594 0.000198625
119.366 0.000257625
119.982 0.000287224
119.784 0.000285654
120.266 0.000253023
120.198 0.000294017
119.597 -0.000289529
119.802 0.000252445
119.443 2.94813e-06
119.265 0.000241999
118.013 0.000256602
115.277 0.00026426
120.382 0.000274156
164.717 0.000251339
121.6 0.000259588
118.506 0.000223938
118.451 0.000262911
124.498 0.000287005
117.659 0.000289896
118.591 0.000148285
117.153 0.000220395
119.518 0.000239103
118.328 0.000304456
117.978 0.000264049
117.766 0.0002891
119.516 0.000271277
123.536 0.000265992
119.42 0.000311226
124.492 0.000209294
165.165 2.77538e-05
117.863 0.000268298
118.472 0.000258956
116.229 0.000266275
117.485 0.000259022
119.82 0.000255897
122.198 0.000268877
120.105 0.000266277
123.118 -0.000243894
124.69 0.000257391
118.975 0.000291025
118.575 0.000239565
118.382 9.65149e-05
121.689 0.000264589
121.186 0.000263198
116.813 0.000266209
119.706 0.000255143
123.074 0.000278651
118.049 0.000285129
120.691 0.000267357
119.134 0.00026048
117.543 0.000261376
115.93 0.00027804
121.103 0.000261356
118.931 0.000243283
119.648 0.000380694
121.253 0.000394958
120.573 0.000359061
118.848 0.000429785
120.747 0.000389098
116.422 0.000387438
125.507 0.000386136
120.184 0.000379856
122.147 0.000367529
119.188 0.000381317
115.922 0.000410418
118.558 0.000366263
117.081 0.00039214
119.879 0.000383287
116.369 0.000389067
119.509 0.000399327
120.252 1.1598e-05
122.12 0.000376897
123.394 0.000332054
120.637 0.000381236
121.35 0.000374688
125.477 0.000377355
119.222 0.000383448
120.638 0.000437268
118.031 0.000374171
123.88 0.000381144
120.373 0.000429835
127.622 0.000353825
117.463 0.000399018
119.926 0.000253541
123.413 0.000375831
152.122 0.00016647
119.416 0.000376487
119.365 0.000385109
117.546 0.000351454
121.459 0.000433257
117.937 5.87463e-05
119.504 0.000406761
119.735 0.000384618
121.473 0.000445179
118.607 0.000201662
121.221 0.000427542
125.511 0.000392726
119.6 0.000373779
117.422 0.000402642
121.223 0.000223714
118.146 0.000386819
119.334 0.000325843
118.908 0.000414377
140.66 0.000394273
164.799 0.00040539
