118.221 0.000428444
120.114 0.000400277
124.739 0.00039027
119.758 0.000397677
122.67 0.00037303
120.558 0.000396287
135.779 0.000211332
120.487 0.000306435
117.702 0.000397199
126.689 0.000448238
117.179 0.000397241
119.162 0.000436166
117.625 0.000364276
119.209 0.000395497
119.812 0.000388591
118.323 0.000388406
140.199 0.000389742
118.617 0.000390356
119.897 0.00042133
120.603 0.000389565
118.165 0.000409778
120.504 0.000392301
120.441 0.000400414
120.557 0.000374704
119.178 0.000386953
121.115 0.000360591
122.285 0.000456908
120.428 0.000450699
124.093 0.000410392
118.269 0.000403182
121.838 0.000425851
120.684 0.000393903
129.524 0.000402079
119.645 0.000458498
120.094 0.000383146
120.624 0.000390097
116.235 0.000386854
118.572 0.000410287
122.518 0.000406368
118.602 -0.000415536
118.049 0.000443353
120.228 0.000408328
118.144 0.00019162
125.702 0.000434707
121.079 0.000442952
120.558 0.000366014
119.58 0.000394759
119.637 6.07951e-05
117.658 0.000439982
117.666 0.000432104
119.879 0.000397641
118.033 0.000392841
118.726 0.000410805
118.211 0.000230018
120.067 0.000305629
120.14 0.000407831
120.265 0.000395795
146.024 0.000400529
119.657 0.000393287
123.31 0.000444434
119.443 0.000414555
119.094 0.000398613
117.779 0.000389538
119.228 0.000383365
119.715 0.000414792
119.736 0.000402265
120.262 0.000115462
120.12 0.000426954
120.478 0.00039362
