120.457 0.00103877
119.868 0.00111313
118.53 0.000955399
121.581 0.00111173
118.951 0.00100072
121.139 0.00106138
119.461 0.000892306
117.676 0.000990828
117.905 0.00112121
115.854 0.000908928
121.111 0.000984632
119.671 0.00102069
121.915 0.000985392
120.828 0.000997685
121.536 7.50702e-05
120.477 0.000967939
120.88 0.000903481
118.494 0.00047192
120.691 0.000991925
118.436 0.000994927
119.489 0.00102183
121.947 1.0248e-05
120.689 0.000989456
119.384 0.000939586
122.233 0.000995266
119.584 0.000998676
119.216 0.000999748
124.212 0.000953132
118.063 0.0008773
120.619 0.00106026
119.931 0.00100023
120.014 0.00101498
118.818 0.00109601
118.632 0.00101469
120.131 0.000993784
118.388 0.00100854
119.979 0.00102679
117.052 6.96826e-05
119.593 0.00102422
119 0.00096381
119.727 0.00108116
118.577 0.000746568
119.109 0.00100552
121.243 0.000966251
120.809 0.00113309
119.263 0.000671388
118.944 0.00105874
119.412 0.000984521
120.444 0.000985233
117.49 0.000932151
120.518 0.00101597
118.032 0.00098954
121.87 0.00100731
117.728 0.00100532
120.983 0.00103411
117.923 0.000998043
119.781 0.00067746
120.221 0.000990621
117.426 0.000288551
120.054 0.00108922
117.981 0.000473109
122.359 0.000971954
118.691 0.00112101
116.228 0.00113037
120.287 0.000904517
119.523 0.00102689
118.511 0.00104708
121.863 0.000990469
121.901 0.000981262
119.862 0.000975922
118.917 0.00113408
121.123 0.00106232
121.918 0.000867207
117.76 0.0010673
120.691 0.000988577
119.385 0.000994736
118.572 0.000211615
119.632 0.000975429
118.456 0.000469664
115.062 0.00106677
115.759 0.000917313
120.541 0.001142
119.603 0.000572226
121.619 0.000968809
119.582 0.000973572
118.056 0.000852024
119.445 0.00109799
119.434 1.42549e-06
120.236 0.000971272
121.119 0.000842107
120.814 0.0010065
118.419 0.0010418
119.137 0.00106878
120.397 0.0011199
122.242 0.00113001
115.694 0.00101876
120.295 0.000961382
118.809 0.00110729
120.299 0.000990909
119.38 0.0011267
119.263 0.000973021
117.28 0.000963607
119.794 0.00112293
122.529 0.000107695
120.436 0.00112014
119.427 0.00102524
121.864 0.000870609
118.224 0.000994595
120.473 0.00111718
117.926 0.000197732
119.307 0.000963131
120.263 0.000986998
118.108 0.000959292
120.985 0.00103589
121.394 0.00111876
117.893 0.0010531
119.385 0.00085941
118.396 0.00101572
120.236 0.000973225
119.472 0.000990519
123.085 0.000912743
117.379 0.00103113
121.071 0.000292054
118.662 0.000978689
123.16 0.00108524
120.956 0.000940175
119.38 0.000213629
118.955 0.00106779
118.889 0.00106297
120.075 0.00102176
118.725 0.000979409
121.328 0.00100445
118.18 0.000982658
117.957 0.000928487
119.173 0.00103544
117.904 0.00107357
120.549 0.00105153
119.8 0.000970291
123.429 0.000579251
120.218 0.00102151
120.734 6.37619e-07
119.457 0.000106264
120.461 0.000904695
119.818 0.000992867
117.169 0.000984403
118.248 0.000985834
120.591 0.000971074
121.498 0.000979804
120.163 2.43904e-06
121.043 0.00101039
122.928 0.000954973
123.414 0.00118946
117.652 0.00100869
118.1 0.000975454
118.57 0.000978177
120.662 0.000974831
119.525 0.00102404
120.737 0.000991657
119.842 0.00101671
121.674 0.000989757
119.93 0.00103616
122.254 0.00100621
122.215 0.000981792
119.935 0.000965765
119.325 0.00105903
118.548 0.00099329
120.935 0.00109631
123.201 0.00110794
120.18 0.00104801
120.032 0.000989149
121.22 0.00100133
119.23 0.00103617
118.796 0.00108057
121.774 1.84669e-05
120.867 0.000980528
117.124 0.00101637
120.869 0.000977158
120.861 0.00109672
116.516 0.00101694
121.38 0.00099305
118.438 0.00098967
117.73 0.000999835
120.159 0.00105501
121.103 0.00101747
118.238 0.00100304
120.103 0.00104838
119.692 0.00107229
120.742 0.00102153
119.795 0.0011127
119.533 0.000982454
119.471 0.000975419
118.569 0.000152379
119.01 0.00105476
120.839 0.0010143
117.825 0.000927958
120.895 0.00110267
117.966 0.00109217
120.866 0.000978977
118.371 0.00110978
120.894 0.000969797
120.103 0.000850707
118.102 0.00113179
118.28 0.00113163
117.737 0.000925013
121.015 0.000969688
119.329 0.0011098
118.434 0.000968473
120.176 0.000993371
118.958 0.0011016
120.316 0.000990032
120.671 0.000973292
119.449 0.000988066
119.499 0.00109189
117.986 0.00108317
118.922 0.00108957
120.206 0.00111016
120.189 0.00108763
119.737 0.00100138
120.766 0.00108281
119.19 0.000979877
122.772 0.000998968
120.151 0.000996313
120.322 1.89334e-05
120.584 0.00104297
121.037 0.00112734
119.617 0.00110725
121.11 0.00104167
119.737 0.00097258
119.885 0.00112805
119.934 0.000999382
119.924 0.000918396
118.68 0.00106026
118.363 0.000672333
120.7 0.00104204
119.708 0.00106782
119.787 0.00111543
116.807 0.00102453
117.581 0.000899718
122.483 0.000206516
118.716 0.000989623
120.438 0.00102152
118.87 0.00088879
121.241 0.000691795
118.791 0.000291202
119.648 0.000987752
119.163 0.00117067
119.137 0.00107797
119.35 0.000984639
118.705 0.00100271
118.608 2.93504e-05
120.966 0.000976978
119.48 0.00102869
117.49 0.0010024
120.848 0.000294248
118.951 0.000983786
120.182 0.00111223
119.592 0.000992393
118.544 0.000983944
118.518 0.000211278
119.812 0.00103362
116.747 0.000980067
117.136 0.000292528
119.864 0.000989264
116.016 0.000922834
120.78 0.00101586
118.687 0.000985969
119.601 0.000979108
118.066 0.000375442
120.937 0.00111385
120.378 0.0009936
118.298 0.00099119
120.262 0.00103412
116.443 7.19777e-05
118.929 0.00113241
120.501 0.000997785
122.308 0.000965801
119.264 0.000992713
118.651 0.000978612
118.761 0.000967402
118.167 0.000987995
119.114 0.00109067
122.097 0.000968726
118.564 0.00100061
119.612 0.000978602
119.772 0.00109797
124.534 0.000981861
118.585 0.00102864
119.718 0.00103388
120.876 0.00111851
115.325 0.00103226
120.216 0.00107251
117.163 0.000973543
120.486 0.000985668
120.123 0.000765034
119.871 0.000981692
119.209 0.000293046
120.513 0.00103211
120.166 0.000745132
118.774 2.87277e-05
120.312 0.000977549
121.303 0.00092935
117.724 0.00112092
120.291 0.000985124
117.71 0.00098725
120.121 0.000944247
118.637 0.00103083
120.6 0.000994592
121.263 0.000981602
118.672 0.000990044
115.443 0.00101288
120.035 0.000151852
118.396 0.000979395
125.307 0.000921507
118.933 0.000989192
118.297 0.000981641
118.206 0.000991927
120.812 0.00103888
121.408 0.00113526
121.979 0.000997761
119.07 0.00112432
117.846 0.00107471
119.513 0.000891289
119.458 6.84505e-06
117.33 0.000985397
120.127 0.00106202
120.401 0.00102603
117.17 0.00102544
116.77 0.000436069
120.537 0.00107696
120.732 0.000505219
118.716 0.00114095
119.681 0.000990117
120.947 0.00120073
120.116 0.00103758
121.278 0.000990674
119.77 0.00106895
122.603 0.000971028
120.553 0.00109793
118.365 0.000987709
119.311 0.000981232
119.201 0.0010156
120.856 0.000980957
117.851 0.00109086
118.49 0.00100947
117.425 0.000852745
119.606 0.00102831
119.822 0.00101601
117.439 0.00085022
120.81 0.00109562
120.073 0.000979369
120.942 0.00101334
119.459 0.00103134
117.438 0.0011351
118.281 2.98564e-05
122.722 0.000998395
120.785 0.0010824
118.826 0.000976657
116.87 0.00097759
119.541 0.00105664
123.607 0.000977305
120.487 0.00100216
120.666 0.00103762
119.013 0.000566239
121.437 0.000212827
119.14 0.00106411
120.626 0.000571624
119.851 0.00100447
121.886 0.000952972
119.38 0.000670306
118.819 0.000956569
121.827 0.00110119
119.307 0.000667217
119.098 0.000860393
117.379 0.000992271
118.302 0.000664985
119.288 0.000106565
121.723 0.00104941
120.511 0.000985258
119.987 0.00101819
120.911 0.00101904
118.984 0.000977706
118.377 0.000996911
119.709 0.00107015
120.367 0.000984256
120.869 0.000997529
120.158 0.000984874
118.19 0.000656494
119.421 0.00100705
117.836 0.000910239
121.684 0.0009953
120.328 0.00111235
119.853 0.000994811
119.248 0.00104762
118.517 0.00107761
121.284 0.000976798
118.968 0.000991543
119.026 0.000984491
116.082 0.00103474
117.638 0.000999557
116.78 0.000993653
116.213 0.000915875
120.121 0.00104592
120.996 0.00101258
118.893 0.00103841
119.37 0.000970025
120.339 4.06122e-06
121.217 0.00105746
118.318 0.00102597
117.645 0.000994774
119.552 0.000981087
119.961 0.00113022
115.126 0.00103463
120.295 0.00102582
119.758 0.000989384
118.582 0.000683896
119.608 0.00077748
118.732 0.00101071
120.71 0.00110832
118.158 0.000991917
120.019 0.000991218
120.623 0.00105535
119.03 0.00113906
120.289 0.000984194
119.68 0.00101192
119.352 0.00047915
119.64 0.00110165
122.652 0.00096414
119.702 0.00107687
118.658 0.000985717
121.541 0.00109971
119.11 0.000996615
120.497 0.000987834
120.013 0.00106045
117.784 0.000981153
119.153 0.00103296
118.188 0.000997334
123.882 0.00111528
120.785 0.00077429
120.939 0.00102623
120.014 2.95728e-05
117.838 0.00102505
120.948 0.00111302
119.053 4.72488e-05
119.284 0.000975904
121.652 0.00102298
118.057 0.00097325
118.808 0.00103506
120.667 0.000974801
120.603 0.00104177
119.314 0.00103557
120.724 0.0010248
119.089 0.000832432
120.979 0.000983454
