CMS_JEC_13TeV      lnN     1.0011 1.00121 1.00116 1.00116 1.00109
CMS_JER_13TeV      lnN     1.0011 1.00121 1.00116 1.00116 1.00109
CMS_JEC_13TeV      lnN     1.0011 1.00121 1.00116 1.00116 1.00109
CMS_JER_13TeV      lnN     1.0011 1.00121 1.00116 1.00116 1.00109
CMS_UE_13TeV      lnN     1 1 1 1 1
CMS_PS_13TeV      lnN     1 1 1 1 1
CMS_JEC_13TeV      lnN     1.0011 1.00121 1.00116 1.00116 1.00109
CMS_JER_13TeV      lnN     1.0011 1.00121 1.00116 1.00116 1.00109
CMS_JEC_13TeV      lnN     1.0011 1.00121 1.00116 1.00116 1.00109
CMS_JER_13TeV      lnN     1.0011 1.00121 1.00116 1.00116 1.00109
CMS_R9_13TeV      lnN     1.0011 1.00121 1.00116 1.00116 1.00109
CMS_R9_13TeV      lnN     1.0011 1.00121 1.00116 1.00116 1.00109
CMS_JEC_13TeV      lnN     1.0011 1.00121 1.00116 1.00116 1.00109
CMS_JER_13TeV      lnN     1.0011 1.00121 1.00116 1.00116 1.00109
CMS_JEC_13TeV      lnN     1.0011 1.00121 1.00116 1.00116 1.00109
CMS_JER_13TeV      lnN     1.0011 1.00121 1.00116 1.00116 1.00109
CMS_R9_13TeV      lnN     1.0011 1.00121 1.00116 1.00116 1.00109
