CMS_JEC_13TeV      lnN     1.03746 1.08846 1.02063 1.01235 1.02515
CMS_JER_13TeV      lnN     0.995013 0.99149 1.00269 0.994819 0.995693
CMS_JEC_13TeV      lnN     1.03746 1.08846 1.02063 1.01235 1.02515
CMS_JER_13TeV      lnN     0.995013 0.99149 1.00269 0.994819 0.995693
CMS_UE_13TeV      lnN     1 1 1 1 1
CMS_PS_13TeV      lnN     1 1 1 1 1
CMS_JEC_13TeV      lnN     1.03746 1.08846 1.02063 1.01235 1.02515
CMS_JER_13TeV      lnN     0.995013 0.99149 1.00269 0.994819 0.995693
CMS_JEC_13TeV      lnN     1.03746 1.08846 1.02063 1.01235 1.02515
CMS_JER_13TeV      lnN     0.995013 0.99149 1.00269 0.994819 0.995693
CMS_R9_13TeV      lnN     1.00461 1.00288 0.998426 1.00564 1.00639
CMS_R9_13TeV      lnN     1.00461 1.00288 0.998426 1.00564 1.00639
CMS_JEC_13TeV      lnN     1.03746 1.08846 1.02063 1.01235 1.02515
CMS_JER_13TeV      lnN     0.995013 0.99149 1.00269 0.994819 0.995693
CMS_JEC_13TeV      lnN     1.03746 1.08846 1.02063 1.01235 1.02515
CMS_JER_13TeV      lnN     0.995013 0.99149 1.00269 0.994819 0.995693
CMS_R9_13TeV      lnN     1.00461 1.00288 0.998426 1.00564 1.00639
