CMS_JEC_13TeV      lnN     1.0245 1.01182 1.00416 1.00831 1.00681
CMS_JER_13TeV      lnN     1.02118 1.01273 1.00463 1.0077 1.00463
CMS_JEC_13TeV      lnN     1.0245 1.01182 1.00416 1.00831 1.00681
CMS_JER_13TeV      lnN     1.02118 1.01273 1.00463 1.0077 1.00463
CMS_UE_13TeV      lnN     1 1 1 1 1
CMS_PS_13TeV      lnN     1 1 1 1 1
CMS_JEC_13TeV      lnN     1.0245 1.01182 1.00416 1.00831 1.00681
CMS_JER_13TeV      lnN     1.02118 1.01273 1.00463 1.0077 1.00463
CMS_JEC_13TeV      lnN     1.0245 1.01182 1.00416 1.00831 1.00681
CMS_JER_13TeV      lnN     1.02118 1.01273 1.00463 1.0077 1.00463
CMS_R9_13TeV      lnN     0.99919 1.00111 0.998851 0.999968 1.00033
CMS_R9_13TeV      lnN     0.99919 1.00111 0.998851 0.999968 1.00033
CMS_JEC_13TeV      lnN     1.0245 1.01182 1.00416 1.00831 1.00681
CMS_JER_13TeV      lnN     1.02118 1.01273 1.00463 1.0077 1.00463
CMS_JEC_13TeV      lnN     1.0245 1.01182 1.00416 1.00831 1.00681
CMS_JER_13TeV      lnN     1.02118 1.01273 1.00463 1.0077 1.00463
CMS_R9_13TeV      lnN     0.99919 1.00111 0.998851 0.999968 1.00033
