CMS_JEC_13TeV      lnN     1.0735 1.03546 1.01248 1.02493 1.02043
CMS_JER_13TeV      lnN     1.06353 1.03818 1.0139 1.0231 1.01389
CMS_JEC_13TeV      lnN     1.0735 1.03546 1.01248 1.02493 1.02043
CMS_JER_13TeV      lnN     1.06353 1.03818 1.0139 1.0231 1.01389
CMS_UE_13TeV      lnN     1 1 1 1 1
CMS_PS_13TeV      lnN     1 1 1 1 1
CMS_JEC_13TeV      lnN     1.0735 1.03546 1.01248 1.02493 1.02043
CMS_JER_13TeV      lnN     1.06353 1.03818 1.0139 1.0231 1.01389
CMS_JEC_13TeV      lnN     1.0735 1.03546 1.01248 1.02493 1.02043
CMS_JER_13TeV      lnN     1.06353 1.03818 1.0139 1.0231 1.01389
CMS_R9_13TeV      lnN     0.997571 1.00332 0.996552 0.999903 1.00099
CMS_R9_13TeV      lnN     0.997571 1.00332 0.996552 0.999903 1.00099
CMS_JEC_13TeV      lnN     1.0735 1.03546 1.01248 1.02493 1.02043
CMS_JER_13TeV      lnN     1.06353 1.03818 1.0139 1.0231 1.01389
CMS_JEC_13TeV      lnN     1.0735 1.03546 1.01248 1.02493 1.02043
CMS_JER_13TeV      lnN     1.06353 1.03818 1.0139 1.0231 1.01389
CMS_R9_13TeV      lnN     0.997571 1.00332 0.996552 0.999903 1.00099
