CMS_JEC_13TeV      lnN     1.06395 1.03908 0.997526 1.03801 1.02444
CMS_JER_13TeV      lnN     1.05588 1.04136 1.0002 1.04351 1.01093
CMS_JEC_13TeV      lnN     1.06395 1.03908 0.997526 1.03801 1.02444
CMS_JER_13TeV      lnN     1.05588 1.04136 1.0002 1.04351 1.01093
CMS_UE_13TeV      lnN     1 1 1 1 1
CMS_PS_13TeV      lnN     1 1 1 1 1
CMS_JEC_13TeV      lnN     1.06395 1.03908 0.997526 1.03801 1.02444
CMS_JER_13TeV      lnN     1.05588 1.04136 1.0002 1.04351 1.01093
CMS_JEC_13TeV      lnN     1.06395 1.03908 0.997526 1.03801 1.02444
CMS_JER_13TeV      lnN     1.05588 1.04136 1.0002 1.04351 1.01093
CMS_R9_13TeV      lnN     1.00096 1.0023 1.01087 0.999414 1.00141
CMS_R9_13TeV      lnN     1.00096 1.0023 1.01087 0.999414 1.00141
CMS_JEC_13TeV      lnN     1.06395 1.03908 0.997526 1.03801 1.02444
CMS_JER_13TeV      lnN     1.05588 1.04136 1.0002 1.04351 1.01093
CMS_JEC_13TeV      lnN     1.06395 1.03908 0.997526 1.03801 1.02444
CMS_JER_13TeV      lnN     1.05588 1.04136 1.0002 1.04351 1.01093
CMS_R9_13TeV      lnN     1.00096 1.0023 1.01087 0.999414 1.00141
