122.453 0.000253636
119.575 0.000245897
116.186 0.000257964
118.018 0.000249468
123.192 0.000243517
120.624 0.000253646
121.29 0.000249359
120.143 0.000255907
117.579 6.97149e-05
121.021 0.000247083
119.491 0.000253474
121.089 0.000263512
116.642 -0.000266563
118.129 0.000284196
118.115 0.000248836
121.351 0.000241749
122.869 0.000252481
119.357 0.000255384
124.677 0.000247352
121.4 0.000246594
117.969 0.000279324
117.506 0.000248044
134.186 0.000242583
119.263 2.86323e-06
119.715 0.000254924
118.72 0.000277904
116.772 0.000255622
115.884 0.000257893
117.69 0.000257205
126.666 0.000277179
116.005 0.000283198
119.217 0.000256789
121.09 0.000255426
123.841 0.000264517
119.74 0.000246685
117.919 0.000387202
141.91 0.000388633
125.162 0.000361047
120.883 0.00037089
118.358 0.000378709
115.784 0.000422184
124.115 0.000365117
121.174 0.000362891
120.704 4.31544e-06
117.89 0.000364371
118.888 0.000173887
115.333 0.000402956
116.527 0.000373993
120.553 0.000424336
120.116 0.000375856
120.408 0.000390321
116.36 0.000284479
117.139 0.00042338
119.417 0.000404764
118.925 0.000377767
119.058 0.00039266
119.193 -0.000379233
119.881 0.000365367
117.82 0.000318795
119.455 0.000357479
116.809 0.000362429
116.276 0.000363277
116.681 0.000398509
120.189 0.000377998
118.893 7.67407e-05
