115.365 0.000310734
134.611 0.000122195
124.321 0.000317715
130.804 0.000327516
130.027 0.000274785
131.949 0.00034409
116.819 0.000326911
126.066 0.000376705
128.275 0.000219367
155.274 0.000322054
129.631 0.000293211
125.054 0.000319998
131.975 0.000361334
127.925 0.000359939
131.943 0.000321884
128.329 0.000310029
128.339 0.000340888
127.849 0.00030681
133.493 0.000361072
126.499 0.000337539
126.188 0.000317651
129.371 0.000316198
140.404 0.000327774
124.936 0.000319404
126.529 0.000311105
132.42 0.000323321
131.172 0.000317155
126.883 0.000318223
131.775 0.000318087
131.814 0.000317257
124.883 0.00035865
130.506 0.000333398
129.601 0.000328697
130.667 0.000368929
131.26 0.000324341
131.53 0.000324036
125.68 0.000327519
131.468 0.000458915
131.39 0.00030966
131.037 0.000320833
126.272 0.000338562
128.566 6.85743e-05
125.271 0.000347764
151.31 4.9147e-05
125.219 0.000594824
129.227 0.000553023
127.303 0.000598097
128.431 0.000406119
129.147 0.000594048
134.732 0.00051414
125.706 0.000520679
130.336 0.000536304
128.762 0.000519928
129.356 0.000245539
130.77 0.000587005
128.601 0.000409112
125.207 0.000445414
127.626 0.00053909
129.372 -0.000590558
122.553 0.000522627
128.801 0.00059294
130.072 0.000550162
131.342 0.000589671
127.549 0.000534936
134.395 0.000531266
129.066 -0.000519106
129.776 0.000531049
126.721 0.000493494
130.239 0.000406104
