163.36 0.000386941
120.571 0.000398325
121.408 0.000422666
141.17 0.000394799
167.688 0.000390758
120.584 0.000368032
128.079 0.000370146
116.875 0.000428045
119.634 0.000403489
162.623 0.000393821
153.431 0.00031981
116.442 0.000379525
119.491 0.000375649
169.934 0.000383986
140.667 0.000383904
143.03 0.000350262
122.894 0.000147469
128.503 0.000389444
115.036 0.000382824
122.507 0.000384822
119.085 0.000385291
156.639 0.000325229
135.76 0.00042663
117.756 0.000382249
121.57 0.000383579
139.41 0.000441812
120.083 0.000399653
118.684 0.000406681
145.653 0.000385702
115.052 0.000385153
117.006 0.000265881
146.438 0.000425152
118.824 0.000386181
117.456 0.000401413
159.532 0.000384256
161.926 0.00036543
125.613 3.76868e-05
118.598 0.000372057
119.284 0.000384647
120.948 0.00037235
119.443 0.000387198
135.012 0.000402857
116.705 0.000385332
118.69 0.000375529
122.873 0.000403439
115.197 0.000367255
120.391 -0.000442546
134.318 0.000428685
120.812 0.000391955
161.283 0.000444628
154.963 0.000363459
144.023 0.000390248
120.877 0.000394744
119.386 0.000393312
137.797 0.000371107
154.894 0.000393903
119.073 0.000400437
121.36 0.000145877
120.62 0.000429397
120.787 0.000410244
120.857 0.000383922
146.189 0.000380156
122.366 0.00032914
133.058 -0.000403402
147.736 0.000113608
155.198 0.0001197
122.2 0.000400366
117.642 0.000408752
117.531 0.000364935
119.731 0.000387503
120.734 0.000383663
136.839 0.000371768
128.809 0.000363527
116.174 4.39199e-06
121.241 0.000411169
