128.247 0.000242639
126.129 0.000236728
131.984 0.000232875
132.029 0.000233753
124.45 0.00024441
132.553 0.000231282
128.474 0.000252222
129.792 0.000261794
126.309 0.000252824
125.089 0.000183177
129.223 0.000232073
130.095 3.64948e-05
133.122 0.000232858
117.706 0.000256306
130.754 0.000237604
128.787 0.000247459
125.744 0.000277662
129.615 3.59243e-05
126.125 0.00023396
125.813 0.000244902
129.485 6.999e-06
130.986 0.000225411
132.344 0.000234246
130.309 0.000236092
130.751 0.000233346
126.772 0.000239242
128.178 8.97847e-05
131.552 0.000236913
126.369 0.000235185
129.032 0.000232086
129.489 0.000241296
129.496 0.000240697
127.978 0.000180381
130.184 0.000206909
127.69 0.000248999
129.022 0.00023075
128.3 0.000268697
130.259 0.000266259
132.202 4.50496e-06
118.25 9.02944e-05
121.875 0.000240923
131.724 0.00024666
130.136 0.000236137
120.352 0.000246377
122.445 0.000272745
127.383 0.000234355
122.94 0.000232816
133.357 0.000230297
129.917 2.54622e-05
129.316 0.000232221
131.775 0.000230303
136.265 0.000233172
124.406 0.000245405
131.167 -0.000233048
132.971 0.000250025
128.74 0.000251128
131.195 0.000251501
125.87 0.000249958
130.948 0.000258729
127.719 0.000227028
123.282 0.00020395
127.741 0.000246033
129.772 0.000199077
128.847 0.000237812
129.775 0.00024029
128.012 0.000164743
128.575 0.000243483
130.726 0.000237826
124.957 9.07355e-05
130.128 0.00024238
123.609 0.000235697
132.294 0.000239753
116.291 0.000243199
129.669 0.000256254
127.942 0.000230017
125.759 0.000227602
129.644 0.000234726
130.16 0.000247599
128.988 0.000267966
128.11 0.000241966
129.774 0.000240804
130.356 0.000257871
129.57 0.000255565
124.32 0.000234406
127.789 0.000248078
127.745 0.000235987
128.698 0.000233923
130.802 0.000269453
126.796 0.000234047
128.921 5.02448e-05
125.408 0.000256703
128.593 0.000253899
125.842 0.000236617
130.687 0.000232159
128.789 0.000261294
128.416 0.000247592
129.621 0.000248248
130.05 0.000242148
127.834 0.000221137
128.837 3.61703e-05
121.148 0.000243752
135.764 0.000222977
129.044 0.000228735
129.097 0.000231728
130.79 0.000242505
129.256 0.000232993
128.986 0.000249366
133.735 0.000248006
130.835 0.000232825
131.079 0.000230425
127.942 0.000217917
122.97 0.000260339
126.348 0.000262224
127.322 0.000266607
128.85 0.000262291
130.67 0.000252742
127.205 0.000253549
125.882 0.000232795
131.125 0.000237469
126.268 0.000233184
129.185 6.8978e-05
129.276 0.000257171
129.177 0.00023604
132.091 0.000263365
131.66 0.000263164
128.079 0.000231224
127.331 0.000227057
129.257 0.000234666
126.082 0.000132723
128.943 0.000234003
131.448 0.000149123
129.186 0.000271285
128.099 0.000241192
123.314 0.000260342
132.823 0.000234045
123.899 0.000257385
130.568 0.000229365
129.717 0.000229814
131.779 0.000247736
129.681 0.000136017
128.245 0.000276409
130.537 0.000240235
127.515 0.000235106
138.654 0.000264
130.571 2.61943e-05
121.459 0.000251866
125.781 0.000238718
130.669 0.000250143
129.341 0.000241808
130.411 0.000266687
131.432 0.000255374
125.014 0.000272538
126.539 0.000231116
127.921 0.000236517
124.113 0.000241085
128.567 0.000230514
128.95 0.000232677
130.358 0.000248535
126.306 0.000255035
129.418 0.000236683
123.836 0.000247933
124.595 0.000235803
132.199 0.000254649
132.749 0.000253096
133.004 0.00023294
126.711 0.000278943
124.484 3.60887e-05
131.914 0.000240908
130.331 0.000257367
130.475 9.02214e-05
132.055 0.000251315
131.337 0.000234474
128.602 4.46365e-06
128.599 0.000246017
128.792 0.000231019
115.881 0.000247226
127.03 0.000231997
128.023 0.000233243
130.199 0.000248459
128.271 0.000240625
126.73 8.85064e-05
130.051 0.000246248
125.487 0.00025256
131.61 0.000264576
129.649 0.000240588
130.825 0.000217077
132.439 0.000237322
131.096 0.00022243
129.705 0.000238676
125.977 0.00024229
129.45 0.000205584
129.514 0.000227733
130.241 0.000240809
125.228 0.000236802
135.83 0.000213852
125.777 0.000233834
128.186 0.000259347
129.793 0.000117344
126.598 0.000236161
131.706 0.000244841
136.457 0.000221212
128.989 0.000241126
128.047 0.000224988
129.368 0.000280088
127.138 0.00018474
134.702 0.00023955
134.431 0.000159748
127.495 0.000135018
133.958 0.000239003
131.627 5.14586e-05
126.815 0.000271737
125.957 0.000242117
126.679 0.000241102
128.806 0.00023876
130.76 0.000255513
128.43 0.000233984
126.498 0.000236438
130.741 0.000245912
133.496 0.000231004
122.442 0.000241527
123.163 0.000246361
129.707 0.000236732
132.282 0.000234864
129.832 0.000231736
132.298 0.000234777
128.612 0.000274815
132.979 0.000261988
128.753 0.000266501
128.175 0.000236642
129.763 0.000237559
126.445 0.000270554
132.378 0.000238577
124.254 0.00024266
130.678 0.000266106
129.141 0.000242611
132.685 0.000231805
127.104 0.000270771
133.21 5.04536e-05
132.974 0.000222698
134.298 0.000241561
132.305 0.000233363
131.312 0.000125381
128.571 0.000243294
128.067 0.00025722
123.274 0.000248396
121.698 0.000213201
128.078 0.000234462
129.604 0.000260782
123.621 0.000243315
130.161 0.000235394
131.59 0.000253682
130.936 0.000216495
130.991 0.00024246
125.514 0.000216932
129.129 0.000248708
128.253 0.000243803
128.512 0.000238058
131.878 0.000251108
126.833 0.000236192
136.398 0.000233718
115.05 0.000261999
131.047 0.000239127
126.134 0.000233759
130.581 0.000241823
132.196 -0.000233189
131.445 0.000242645
127.551 0.000241117
130.228 0.000266614
129.193 0.000277039
133.091 0.000234349
136.601 0.000113425
134.596 0.000107751
127.251 6.97351e-05
130.715 0.000235284
135.075 0.000197572
125.968 0.000233618
132.604 0.000248237
125.381 0.000237079
136.038 5.04361e-05
132.696 0.000270098
132.089 0.00024397
124.387 7.53658e-06
122.111 0.000275228
117.561 0.000237999
125.799 0.000252315
128.995 0.000236174
130.572 0.000246133
129.736 0.000213107
125.354 0.000272516
124.444 0.000232095
130.56 0.000333031
126.246 0.000243656
130.182 0.000133268
127.946 0.000251225
128.318 0.000241277
129.525 0.000242959
126.848 0.000243602
130.158 0.000259077
125.876 0.000240879
127.332 0.000248676
127.267 0.000242128
130.605 0.000241343
129.369 0.000244633
126.372 0.0002322
128.707 0.000268441
127.118 -0.000230982
167.171 0.000221001
117.184 0.000261884
130.64 0.000244488
125.513 0.000237579
128.32 0.000270862
129.873 0.000221255
118.321 0.000274692
129.3 0.000225553
124.183 0.000258371
127.897 0.000269216
128.966 0.00023474
124.664 0.000234762
128.265 0.000229896
131.437 0.000269879
118.592 0.000255339
121.273 0.00023927
125.006 0.000227298
131.035 0.00025932
127.432 0.000259167
129.756 0.000238238
126.138 0.000266171
131.303 0.000259252
126.054 0.000235246
127.436 0.000246525
129.823 0.000235243
130.323 0.000262435
128.253 4.49835e-06
127.191 0.00025656
129.861 0.000267019
126.102 0.000253008
129.176 0.000233207
132.505 0.000234735
135.05 0.000221815
129.917 0.000236906
127.414 0.000258601
126.993 0.000257793
128.328 0.000254072
124.18 0.000272598
130.991 0.000234355
132.963 0.000248138
129.018 0.00015137
131.798 0.000233202
132.963 0.000233999
128.427 0.000256279
129.055 0.00024888
125.001 0.000244163
125.506 0.000237836
115.491 0.000243689
132.455 0.000233738
123.264 0.000231453
128.741 0.000269167
133.143 0.000224693
125.119 0.000217197
127.955 0.000243323
128.037 0.000241945
131.23 0.000235073
131.316 0.000222117
131.698 0.000231838
128.496 0.000220004
130.119 0.000256015
118.269 0.000241646
127.468 0.000236891
124.874 9.41584e-05
164.349 0.000220381
129.054 0.00022759
130.293 0.000227886
131.565 0.000236583
127.711 0.000257327
130.294 0.000240699
131.691 7.03494e-06
129.463 0.000239535
126.001 0.000247726
130.714 0.000246474
131.629 0.000231219
126.941 0.000256927
130.372 0.000252579
132.322 0.000265331
131.707 0.000248199
125.597 0.000241116
124.952 0.000116031
127.469 0.000255631
131.259 0.000239274
130.935 0.000217592
126.855 0.000245102
130.688 0.000179579
131.204 0.000244337
120.515 0.000233034
131.344 0.000243313
130.27 0.000259691
130.326 0.000264331
122.688 0.000234711
118.248 0.000258145
129.382 0.000188758
127.117 0.000249487
131.512 0.000234566
124.141 0.000240994
129.941 0.00023183
131.014 0.000261406
131.211 0.000238761
120.684 0.000267971
128.696 0.000231073
132.175 0.000246166
125.664 0.000235221
131.566 0.000233743
130.726 0.000265751
128.785 0.000237279
126.393 0.000237784
134.663 0.000256849
128.209 0.000260627
128.294 0.000244091
126.85 4.2067e-06
128.246 0.000212528
129.797 0.000234323
132.065 0.000233308
131.214 0.000233104
127.224 0.000247325
132.482 0.000270677
127.627 0.000225662
128.81 0.000258475
129.964 0.000235024
131.792 0.000261833
130.286 0.000243654
126.9 0.000200288
129.674 0.000259889
128.274 0.000233674
128.452 0.000262039
128.705 0.000268616
123.685 0.000268951
127.487 0.000247682
123.297 0.000266163
129.458 0.000262388
132.301 0.000245506
136.626 0.000260697
129.81 0.000234593
129.961 0.000243668
127.508 0.000237647
124.692 0.000233888
129.198 0.000233663
128.66 0.000231851
130.443 5.08201e-05
127.811 0.000236382
130.437 0.000241881
130.753 0.000245054
127.69 0.000243768
123.979 0.000226452
132.62 0.00022016
132.576 0.000239285
123.306 0.000243752
130.983 0.000242429
126.973 0.000234659
128.172 0.000233
126.175 0.000232666
127.882 0.000250323
125.273 0.000238715
130.765 0.000236086
131.014 0.000234975
124.859 0.000244526
126.646 0.000236128
129.017 0.000238653
130.967 4.4808e-06
131.806 0.00025465
127.389 0.00023341
130.17 0.000234222
128.912 0.000242277
131.408 0.000186044
123.707 0.00021498
128.541 0.00026969
132.439 0.000248775
128.37 0.000250484
124.722 0.000262599
131.74 0.000242439
130.868 0.000233734
129.374 6.87779e-05
128.605 0.00023585
130.118 0.000247686
126.969 0.000223594
129.709 0.000232175
130.685 0.000231539
129.025 0.000231582
126.08 0.000246459
127.053 0.000242622
127.346 0.000243277
129.683 0.000267531
120.36 0.000237476
128.217 0.000235626
130.028 0.000235298
133.017 0.000232397
128.691 0.000220783
126.028 0.000226192
130.809 0.000234945
131.088 0.000243069
139.265 0.000215073
132.577 0.000231145
129.714 0.000196251
132.558 0.0002354
130.889 0.000257499
116.39 3.66638e-07
126.692 0.000261539
118.892 0.000243233
130.46 0.000246541
131.073 0.000246227
132.527 0.000247559
117.746 0.000260326
129.934 0.000248198
125.89 0.000236725
135.767 0.00023178
127.777 0.000229829
134.284 0.000247551
126.95 0.000249565
130.579 0.00023252
128.954 0.000247432
128.672 0.000253746
133.132 0.000240615
131.224 0.000239622
127.205 1.66081e-07
131.3 0.000237315
127.468 0.000239955
129.476 0.000262215
130.95 0.000233946
129.975 0.000240569
130.186 0.000236096
125.963 0.000202644
127.764 0.000247456
128.248 0.000244158
126.976 0.000284456
127.245 0.00023076
128.164 0.000240135
129.741 0.000233842
128.837 0.00023222
128.889 0.000232439
135.667 0.000238544
122.2 1.62255e-05
129.144 0.000237606
126.346 0.00023575
129.292 0.000242497
119.512 0.000242282
129.328 0.000242642
131.73 0.000246249
131.625 0.000255081
132.818 0.000238417
130.425 0.000238776
125.92 0.000248428
125.462 0.0002262
128.297 0.000237261
130.184 0.000239412
136.255 0.000246856
131.228 0.000234265
127.772 0.000234348
125.403 0.000239453
-nan 0
126.408 0.000228051
126.707 0.000245057
127.303 0.000238137
128.291 0.000246571
128.324 0.000232675
125.062 0.000246045
126.281 0.000218898
128.3 0.000242131
132.026 0.000253248
130.283 0.000246491
131.011 0.000235123
124.919 0.000258426
126.271 0.000229403
133.284 0.00025894
132.342 0.000270528
129.059 0.00022294
127.973 0.000273158
128.522 0.000261183
124.727 0.00021022
127.598 1.1819e-05
127.921 0.000218899
131.021 0.000244797
130.173 0.000268015
130.762 0.000248021
128.423 0.000235051
125.538 0.0002181
129.842 0.000202942
129.4 0.000237062
133.102 0.000212596
129.217 0.000252139
137.644 0.000162646
132.353 0.000261821
125.486 3.43448e-05
131.104 0.00023371
134.518 0.000258313
126.308 0.000110524
128.284 0.000254554
128.319 0.000239014
127.398 0.000252666
126.502 0.000251575
123.113 0.000232287
131.43 0.000259634
127.99 0.000268453
123.238 0.000216326
129.616 0.000234917
124.368 0.000257923
135.578 0.000231774
126.299 0.00024008
127.391 0.000235422
129.981 0.000241425
134.516 0.000160711
130.833 1.14787e-05
126.9 0.000232073
129.419 0.000244189
137.375 0.000258451
130.216 0.000255732
128.804 0.000245121
125.606 0.00024421
127.296 0.000270341
128.688 0.00027124
127.905 0.000249189
119.031 0.000185917
127.244 0.000244705
128.802 0.000258957
127.94 0.000112638
133.203 0.000246838
129.205 0.000233476
128.021 0.00025568
129.572 0.000252615
124.499 0.000112636
132.504 0.000235977
128.854 0.000230883
130.638 4.9679e-05
128.892 1.70661e-05
132.573 0.000239803
131.664 0.000243156
130.061 0.00026451
127.909 1.13186e-05
127.411 0.000249319
130.695 0.000239658
130.14 0.000242614
128.658 0.000227875
130.636 0.000260591
131.15 2.73685e-06
130.853 0.000266479
129.964 0.000134714
132.5 0.000264214
128.41 0.000250424
131.325 0.000231234
130.282 0.000266076
124.54 0.00023302
128.377 0.000226914
128.694 6.93245e-06
130.435 1.71212e-05
128.879 0.000232747
134.626 0.000230813
131.414 0.000260186
130.732 0.000240362
126.496 0.000261348
134.006 0.000234952
128.275 0.000248498
124.713 0.000262379
128.499 0.000238272
132.068 0.000266952
130.94 0.000253028
132.106 0.000234053
126.467 0.000235326
129.364 0.000240713
128.019 0.000270111
129.817 0.000231787
129.568 0.000257055
132.081 0.000244862
129.233 0.000233824
128.61 0.000262932
129.492 0.000243332
128.73 0.000232727
125.042 0.000243091
132.524 0.0002431
124.865 0.000239991
134.031 0.000238854
135.189 0.00023384
125.536 0.00027645
124.658 0.000259018
129.624 0.000264881
129.616 0.000234642
129.175 5.03255e-05
127.038 0.000264348
129.574 0.000247535
125.721 0.000241798
127.681 0.000236676
128.394 0.000263236
130.185 0.000268873
131.344 0.000246615
134.156 0.000244835
125.36 0.000266198
131.491 0.000238712
130.665 0.000243849
127.173 0.00023607
131.881 0.000195518
130.673 0.000182578
122.74 0.000256071
129.303 0.000249411
132.924 0.000271213
129.237 0.000257686
132.896 0.000200897
129.88 0.000232177
131.743 9.06072e-05
130.046 0.000268066
126.471 0.000211308
125.343 0.000238524
127.647 0.000257547
127.964 0.000245422
130.639 0.000236071
135.453 0.000228763
127.955 0.000232308
129.253 0.000237615
129.077 4.49094e-06
126.888 0.000200234
129.122 0.000271542
129.684 0.000269951
129.812 0.000269106
133.577 0.00023568
127.622 0.000224595
133.16 0.000238742
131.93 0.000231011
125.53 0.000225635
131.778 0.000234105
129.508 1.15764e-05
128.96 0.000254051
123.527 0.000236936
128.042 0.000253549
127.752 3.61905e-05
121.818 0.00025491
135.047 0.0002352
129.189 0.000231377
123.965 0.000236134
134.215 0.000268483
130.963 0.000269917
130.959 0.000195686
127.337 0.000250779
131.824 0.000250169
127.079 0.000268467
130.849 0.000231648
122.109 0.000252205
127.026 0.000242761
132.725 0.000230825
132.316 5.16205e-05
133.107 0.000246039
132.82 0.000244185
129.162 0.000230539
121.858 0.000231773
128.897 0.000249972
129.864 0.000217242
130.321 7.08881e-06
129.948 0.000244769
133.798 0.000232909
129.844 0.000247246
128.703 0.000226723
128.789 0.000260289
128.657 0.000236309
131.306 0.000233296
129.71 0.000236701
125.729 0.000245885
130.884 0.000239002
130.28 0.000232479
131.41 0.00026161
131.134 0.000255475
128.785 0.000234709
131.5 9.74034e-07
129.589 6.9379e-05
130.776 0.000234274
130.45 0.000234003
132.733 0.000235212
128.485 0.000172106
126.368 0.000238498
133.545 0.000232858
132.222 0.000240858
127.717 2.50664e-05
128.169 0.000230318
128.723 0.000202554
125.465 0.00024333
128.209 0.000286831
128.232 0.000252274
124.826 0.0002787
128.812 0.00023851
129.453 0.000266859
134.445 0.000222623
131.393 4.48544e-06
128.201 0.000260136
124.507 0.00022309
128.598 0.000254483
130.091 0.000139153
125.765 0.000238837
131.362 0.000238696
128.652 0.00023476
126.241 0.000250453
127.15 0.000221352
132.544 0.000243973
131.014 0.000238067
124.495 0.000231564
129.735 0.000243607
130.211 0.000224523
131.442 0.000253711
129.273 0.000232984
127.513 0.000216012
129.206 0.000167166
132.264 0.000237753
130.379 0.000224385
129.74 0.000236417
127.673 0.000232998
120.838 0.000233528
131.406 0.00024622
130.045 0.000182303
132.928 0.000237315
128.376 0.000248324
125.075 0.000235761
119.659 0.000253293
128.997 0.000240418
126.65 0.00026676
130.861 0.000267602
132.396 0.000244639
126.215 0.000271711
123.87 0.000217422
131.719 0.000184931
128.774 0.000214947
129.122 0.000238511
130.761 0.000219424
119.571 0.000237969
120.873 0.000239342
115.418 0.000234396
130.412 2.6818e-06
134.816 0.000267038
133.787 0.0002432
133.998 6.28395e-05
125.681 0.000248129
128.567 6.74688e-06
131.634 0.000231984
130.249 0.000241306
130.269 0.00026249
130.881 0.000263474
127.505 0.000232948
128.442 0.000235273
129.04 0.000226868
125.437 0.00028695
121.063 0.000220636
129.365 0.000241307
128.132 0.000191427
128.642 0.000254429
126.211 0.000245231
132.591 2.33184e-07
131.427 0.000256403
131.102 0.000224918
131.176 0.000233524
126.712 0.000253862
127.609 0.000157213
137.146 0.000231813
126.533 0.000229747
132.999 0.000267282
121.275 0.000232956
130.928 0.00023316
123.226 0.000245736
129.12 0.000237225
130.87 0.000228287
129.419 0.000230886
130.636 5.08811e-05
126.123 0.000237992
129.722 0.000215371
127.719 0.000228467
128.831 0.00023629
130.653 0.000247484
126.213 0.000268195
127.638 0.000229015
133.99 -0.000269155
128.705 0.000132097
129.155 0.000264509
127.304 0.000232262
130.061 0.000232342
129.137 0.000159636
130.236 0.000246847
139.684 0.000254032
130.018 0.000251595
127.266 0.000244332
130.395 0.000244561
132.809 0.000239095
118.432 0.000239606
129.524 0.000230415
128.354 0.000237147
126.896 0.000235743
129.705 0.000238871
130.59 0.000256655
121.874 0.000246443
117.073 0.000233823
132.764 0.000241922
125.586 0.000260099
125.854 0.000258675
129.138 0.000210127
120.027 0.000276409
129.811 0.000231707
128.704 0.00024364
128.69 0.000230689
131.14 0.000233498
125.159 0.000241601
130.222 0.000224018
127.877 8.69834e-05
128.551 0.000262523
128.396 0.000234021
131.529 0.000247001
128.033 0.000263439
131.088 0.000223076
127.248 0.000205535
128.224 0.000238671
135.267 0.000238215
135.136 0.000249629
124.859 0.00023921
129.114 0.000230306
124.565 0.000242458
127 0.000252112
131.116 0.000239056
128.916 0.000230345
129.494 0.000219658
123.854 0.000249659
130.75 0.000260649
130.353 0.000277666
129.826 0.000246077
125.328 0.000240328
126.836 2.5347e-05
132.16 0.00025276
129.388 0.000244279
131.371 0.000243245
123.404 3.76619e-05
131.327 0.000240218
130.364 0.000228785
132.35 0.000268259
131.714 1.13034e-05
121.965 0.000237974
129.201 0.000241712
129.248 0.000237954
127.594 0.000240086
130.528 0.000265413
130.142 0.000249766
128.721 0.000260199
131.977 0.00027696
131.419 0.000235166
124.081 0.000229503
129.841 8.94902e-05
132.077 0.000231176
120.919 0.000247291
130.12 0.000271128
132.432 0.000232883
126.002 0.000264073
130.339 0.000260201
132.894 0.000265172
125.843 0.000267345
130.094 0.0001583
131.244 6.73678e-06
128.873 0.000238101
128.335 0.000236909
132.029 1.63767e-06
127.71 0.000220152
133.412 0.000135408
126.118 0.000225362
136.289 3.66887e-05
126.198 0.000247351
131.931 0.000229709
129.573 6.7936e-05
131.892 0.000236977
128.878 0.000269599
129.938 0.000180325
130.427 0.000242359
124.612 1.7091e-05
128.344 0.000232981
125.865 0.000243392
130.32 0.000243229
126.119 0.000104207
125.823 0.000203919
128.347 0.000243932
130.768 0.000241849
126.289 0.000242061
131.948 0.000238235
116.116 0.000226906
129.094 0.000242663
131.561 0.000237888
132.727 0.000135743
130.908 0.000242736
129.707 0.00024461
125.111 0.000248528
129.038 0.000234085
129.471 0.000240879
129.104 0.000213939
129.136 0.000244742
130.462 0.000235245
129.371 0.000243962
127.088 0.000237967
128.638 0.000239724
128.006 0.000238458
131.939 0.000243776
127.087 0.000217782
123.52 0.000235896
130.926 0.000268704
125.014 0.00013734
125.781 0.000238238
130.293 0.000158806
130.915 0.000265937
126.821 0.000269702
133.457 0.000236549
132.741 0.000218079
142.075 0.000190427
127.414 0.000231941
133.398 0.000224389
130.01 0.00023122
126.733 0.000235276
130.081 6.90127e-05
126.396 0.000277613
126.92 0.000256981
130.813 0.000238574
127.153 0.000233581
130.015 0.000254884
130.618 0.000268835
131.61 0.000266938
131.308 0.000233976
127.532 0.000237637
130.976 6.90064e-05
126.245 0.000228276
127.704 0.000231167
116.791 0.000245091
123.919 0.000242853
129.743 0.000256385
128.189 0.000225177
128.814 0.000202858
121.966 0.000244915
127.998 0.000267968
129.802 0.000262929
133.917 0.000234299
130.975 0.000136163
137.878 0.000244294
130.141 0.000268343
132.326 0.000232328
130.157 0.00022855
133.065 0.000229263
130.546 0.000261913
128.483 0.000270649
130.895 0.000239179
123.68 0.000260884
122.333 0.000148697
121.468 0.000238684
129.17 0.000234978
128.849 0.000234925
131.046 0.000248706
115.119 0.000242115
125.313 0.00022711
128.215 0.00025798
125.234 0.000245062
127.903 1.7099e-05
130.521 0.000232051
131.102 0.000237939
131.434 0.000280454
128.929 1.72461e-05
124.746 0.000237443
126.358 0.000241225
126.342 0.000243221
128.572 0.0002606
129.382 0.000264099
126.721 0.000113367
128.813 0.000218237
123.246 0.000257601
129.106 0.000238151
133.254 0.000249625
131.271 0.00023559
123.813 1.71923e-05
131.85 0.000233122
129.446 0.000135034
123.483 0.000241334
130.032 0.000233881
134.494 0.000217014
128.789 0.000237898
132.234 0.000243792
133.648 0.000231108
128.536 9.31819e-05
123.613 0.000241402
122.592 0.000243079
129.194 0.000244335
126.169 0.000182987
129.383 0.00024015
128.558 0.000233883
127.625 0.000246845
124.807 0.000255206
128.791 3.49316e-07
124.586 0.000244109
129.007 0.000267617
130.484 0.000243479
129.346 0.000250667
123.392 0.000232688
121.45 0.000215505
132.05 0.000238345
119.589 0.000229836
132.616 0.000268724
128.931 0.000226768
128.2 0.000266739
127.128 4.83967e-05
128.372 0.000263594
130.624 0.000181229
122.503 6.90951e-05
133.899 0.000233657
135.493 0.000222408
128.183 0.000241261
126.824 0.000234546
130.948 0.00026057
132.162 0.000271002
128.407 0.000239583
125.432 0.000264279
125.473 0.000253992
132.352 0.000233327
127.043 6.91322e-05
126.8 0.000272144
130.048 0.000268568
128.348 0.000267636
123.707 0.00026076
131.077 0.000266242
119.655 0.000263775
130.487 1.62715e-07
132.374 0.000252783
122.99 0.000237284
130.442 0.000232361
124.845 6.67529e-06
129.239 0.000268173
130.77 0.000243285
122.559 0.000227933
129.131 0.000212322
134.101 0.000230248
128.078 0.000244334
128.12 0.000231524
134.745 0.000219965
128.642 0.000269439
128.68 0.000234806
132.476 0.000267761
129.7 0.000224788
143.565 0.000242363
129.414 0.000116483
131.113 0.000247621
-nan 0
126.528 0.000264378
127.203 0.000235594
128.626 0.000227862
130.207 0.000237112
131.18 1.72258e-05
128.794 0.000257928
126.548 0.000239036
127.243 0.000235666
130.195 0.000233877
128.506 0.000137469
126.609 0.000277504
128.978 6.9787e-05
133.267 0.000233542
128.88 0.000242577
130.612 0.00026868
126.639 0.000235633
129.219 0.000222646
126.844 0.000236769
129.45 0.000239923
124.508 0.000266823
131.327 2.55188e-05
130.327 0.000225506
132.812 0.000231336
126.423 1.59145e-05
133.516 0.000224485
128.604 0.000234362
131.734 0.000241578
130.498 0.000270782
124.536 0.000288029
133.558 0.000179571
132.586 0.000236617
128.39 0.000235839
128.004 0.000246477
130.564 3.65201e-05
130.491 0.000239147
132.398 0.000110528
127.341 0.000231707
128.095 0.000271886
128.739 0.000230787
128.519 1.00691e-06
127.002 0.000230887
130.528 0.000266311
125.511 0.00025493
137.302 0.000234136
128.908 3.6535e-05
120.765 0.000281643
127.159 0.000272073
130.969 0.000236391
130.476 0.000239263
128.657 0.000226679
132.766 0.000233634
129.146 0.000267161
124.138 0.000238134
131.148 0.000249583
130.007 0.000231955
129.898 0.000246972
130.96 0.000196693
129.64 0.000251732
127.872 0.000243744
-nan 0
129.469 0.000221386
129.14 0.000245744
127.208 0.000241085
121.65 0.000274556
130.498 0.000262463
130.128 0.000134976
128.841 0.000231733
131.976 0.000241177
131.305 0.000264764
128.73 0.000159756
128.392 0.000237106
130.69 0.000234509
124.546 0.000249242
129.545 0.000225958
125.502 0.000250959
117.367 0.000234061
125.439 0.000231047
130.915 0.000111388
132.247 0.000253138
131.096 0.00023092
126.495 0.000247361
122.142 0.000243962
132.649 0.000232486
128.315 0.000216675
-nan 0
132.83 0.000234915
126.651 0.000245712
132.094 0.000265965
126.503 0.000260476
127.705 0.000233037
133.395 0.000234424
131.057 0.000227699
127.456 0.00023804
117.697 0.000233013
127.294 0.000269213
128.105 0.0002597
128.95 0.000231337
126.207 0.000100745
125.961 0.000223991
125.558 0.000245405
132.997 0.000260937
130.357 0.00026441
131.324 0.000256472
130.173 0.000244691
131.73 0.000269934
126.432 0.000234643
128.798 0.000274419
129.166 0.000262796
131.638 0.000237836
124.65 0.00021345
133.48 0.000237699
124.042 0.000263887
129.956 0.000242681
128.169 0.000250182
126.16 0.000220127
128.169 0.000252487
128.502 0.000281131
130.099 0.000275262
128.366 0.000240705
131.701 0.000241364
130.452 0.000243618
130.772 6.93691e-05
126.258 0.000221199
131.92 0.000241486
127.07 0.000239915
129.859 0.000231763
126.092 4.71729e-05
129.132 0.000261024
130.205 0.00015983
130.987 0.000240563
123.675 0.000238018
131.201 0.000236033
131.096 0.000246542
127.798 0.000233226
129.969 0.000156995
127.332 -0.000248036
128.776 0.000235235
127.645 0.000236026
128.109 0.00024867
124.044 0.000263321
124.888 0.000233047
133.176 0.000239161
130.42 0.000182125
126.718 0.000241721
132.172 0.000242408
120.288 0.000273159
129.238 0.000198141
134.459 0.000242097
123.098 0.000225878
126.883 0.000268828
131.026 0.000231268
128.484 2.48979e-05
126.311 0.00022973
130.511 0.000224285
129.046 0.00020637
129.93 0.000230155
130.891 0.000235563
124.67 0.000223405
128.516 0.000262171
131.124 0.000242101
133.223 0.000173075
121.299 0.000260317
125.484 0.000233958
128.174 0.000241475
128.971 0.000243341
125.409 0.000236716
127.771 0.000238719
130.058 0.000231818
128.361 8.94166e-05
129.901 0.000247556
128.23 0.000271502
135.775 0.000226144
134.387 0.0001356
129.553 0.000234389
128.985 0.000262858
133.596 0.000235212
128.237 0.000130973
168.135 0.00025114
118.3 0.000238176
120.908 0.000236501
127.788 0.000239486
127.48 0.000260399
129.789 0.000219229
128.295 0.000262345
128.519 0.000190241
132.333 0.000229737
132.688 0.00024145
128.966 0.000247607
126.007 0.000246913
126.569 0.000200117
129.778 0.000264757
130.213 0.000245602
132.53 0.000241216
125.132 0.000253166
129.003 0.000255041
127.758 0.000255311
129.447 0.000238897
131.06 0.00023852
128.836 0.00027005
125.363 0.000233112
126.357 0.000241983
133.666 0.000248042
130.946 0.000239758
126.652 0.000190215
127.674 0.000247378
127.291 0.000239668
124.409 0.000241839
127.296 0.000240956
127.143 0.000267012
130.656 0.000160312
128.299 0.000245547
128.483 0.0002496
130.248 0.000232751
130.526 0.00024007
127.806 0.000232918
124.129 0.00016063
130.016 0.000134553
130.886 0.000157186
128.138 0.000270565
130.837 0.000242267
129.79 0.00023565
129.579 0.000237713
118.669 0.000266526
118.259 0.000241837
131.954 0.000234351
132.844 0.000235691
127.143 0.000246104
125.03 0.000243345
133.711 0.00024658
131.597 0.000253184
130.723 0.000233303
130.89 5.11344e-05
131.42 6.81782e-05
134.58 0.000234154
127.547 0.000250154
127.275 0.000272388
131.206 0.000273985
128.212 0.000260744
128.918 0.000230987
128.918 0.000219307
131.579 0.000136321
130.039 0.00021666
126.167 0.000279899
127.36 0.000241817
128.031 0.00027026
129.35 0.000254003
126.364 0.000243466
129.523 0.000236038
128.79 0.000239968
129.007 0.000231164
129.067 0.000217353
131.406 0.000233185
130.878 0.000246935
131.588 0.000265425
127.907 0.000240694
129.634 0.000281232
133.387 0.000113702
130.713 0.000254204
128.627 0.000108308
119.855 4.76181e-05
126.101 0.000234526
131.977 0.00026481
129.187 0.000258238
127.678 0.000244685
132.123 0.00026514
133.108 0.000243859
129.503 0.000239734
131.087 0.000238627
127.543 0.000245653
129.826 2.51915e-05
130.894 0.000228922
130.584 0.0002375
125.575 0.000246529
130.673 0.000217762
127.607 0.00023373
127.554 0.000267185
118.34 0.000249889
128.667 0.000236128
126.86 0.000264731
130.953 0.000235242
128.892 0.00022323
127.037 0.000268007
127.582 0.000241736
128.958 0.000245551
129.84 0.000243077
128.045 0.000233741
125.175 0.000218085
128.723 0.000239696
130.371 0.000244538
129.028 0.000253654
129.733 0.0002405
129.733 0.000266358
128.587 0.000264365
133.141 0.000232963
130.28 0.000241747
127.576 0.000224627
122.735 0.000238734
127.032 0.000243161
130.545 0.000244139
130.723 0.000242853
126.949 0.000223561
129.683 0.000214952
131.272 0.000225973
132.306 0.000251267
130.392 0.000242545
131.194 0.000234439
131.516 0.000240905
129.799 0.00023725
130.346 0.000253672
132.474 0.000238809
133.573 0.000250092
130.579 0.000239816
129.252 0.000236797
127.974 0.000242991
124.609 0.000252872
130.977 0.000261755
128.72 0.000244242
131.204 0.000266149
131.718 0.000238756
128.41 0.000246766
127.768 0.000270196
126.506 0.000251866
126.804 0.000212228
134.557 0.000212001
131.224 0.000262666
130.548 0.000247379
128.029 0.000269246
128.619 0.000235637
131.309 0.000262273
130.997 0.000212315
129.65 0.000237635
129.125 0.000111872
131.981 0.000236821
128.611 0.000266058
131.129 0.000219711
127.929 0.000231144
132.29 0.000227728
122.617 0.000237301
127.568 0.000247456
132.3 0.000264695
126.838 0.000232704
132.226 0.000261776
136.642 0.00026707
127.743 0.00023586
128.888 0.000242108
130.957 0.000235734
127.922 0.000259873
130.839 0.000261328
127.509 0.000187202
127.842 0.00023772
129.153 0.000138023
130.837 0.00023405
129.466 0.00024232
136.962 0.000251561
127.329 0.000280285
126.633 0.000233943
128.709 0.000263709
128.221 0.000243552
131.067 0.000244615
127.38 0.000254385
127.284 0.000234302
129.233 0.000239871
120.736 0.000234045
129.53 0.000228795
127.896 0.000217615
129.388 0.000230106
124.794 0.000234983
129.534 0.000235091
127.661 0.000202021
127.729 0.000243807
130.776 0.000253823
128.65 0.00027256
125.311 0.000236449
128.702 0.000254921
122.473 0.000252587
129.892 0.00023456
131.419 0.000230841
117.283 0.00020179
123.907 0.000213424
128.18 0.00027924
128.942 0.00023308
128.481 0.000238272
130.954 0.000251168
127.223 0.000225379
128.333 0.000243748
129.643 0.000236554
127.626 0.000240983
128.934 0.000220571
129.478 0.000218652
127.461 0.000227209
127.268 0.000263058
131.088 0.00023661
132.187 0.000240555
128.67 0.000258404
133.881 0.000114774
125.01 0.000213959
131.358 4.6619e-05
132.431 0.000250834
129.266 0.000236275
130.221 0.00025227
127.442 0.00023457
126.729 0.000221052
133.889 0.000234747
132.619 0.000233046
132.43 0.000242406
128.106 0.000136783
130.741 0.000236869
133.338 0.000243525
129.366 0.000165093
128.005 0.000273383
132.556 0.000235293
129.418 0.000225047
128.981 0.000224018
128.657 0.000240997
130.693 0.000264419
130.227 0.000232678
126.885 5.25671e-05
128.466 0.000244807
129.567 0.000263629
131.517 2.5263e-05
124.033 0.000241256
128.295 0.000264463
128.469 0.000220207
126.518 5.79691e-07
130.711 0.000135142
128.226 0.000268065
126.979 0.000225923
127.645 0.000235112
130.684 0.000231086
129.251 0.000238066
128.843 0.000234651
127.781 0.000240086
129.01 0.000213503
128.006 0.000230641
129.02 0.000224234
125.092 0.000236263
127.662 0.000233898
132.203 0.000234289
131.193 0.000256998
127.605 0.000236307
130.927 0.000254433
131.667 0.000276115
132.23 0.000236862
134.481 0.00023889
130.201 0.000220137
128.11 0.000236458
126.074 0.000242114
130.332 0.000235069
133.062 0.000248312
131.187 0.000238874
131.746 0.000232959
125.492 0.000237664
130.735 0.000214094
124.623 0.000204275
129.879 0.000111878
133.45 0.000227611
128.034 0.000234704
132.491 0.00023103
128.776 0.000202249
135.25 0.000239323
130.84 0.000233721
131.028 0.000267713
129.112 0.000233948
127.659 0.000212991
130.823 0.000253218
128.56 0.000233359
128.144 0.000232304
123.604 0.000234548
128.522 0.000242333
127.077 0.000235558
130.559 0.000237105
137.94 0.000233256
133.609 0.000237091
133.085 0.000238122
128.451 0.000235004
119.725 0.000256518
127.343 0.000263147
121.543 0.000246751
129.097 0.000267736
129.625 0.000232556
127.174 0.000252361
128.003 0.000235869
129.016 0.000251055
126.822 0.000261673
128.532 1.64517e-06
125.229 0.00023791
129.578 0.000237752
128.876 0.000241421
130.643 0.000276662
130.976 0.000244885
130.073 0.000234006
126.05 0.000248132
130.893 0.000231729
131.952 0.000271176
128.004 0.000234331
128.605 0.000232989
134.826 9.27016e-05
127.21 2.56934e-05
126.882 0.000248223
127.389 0.000231607
128.474 0.000230799
130.868 0.000276004
134.302 3.66922e-05
128.011 0.000242376
131.152 0.00028927
129.105 0.000240822
134.402 0.000157413
128.341 0.000243553
128.599 0.000246504
131.408 0.000232455
131.829 0.000237376
132.345 6.88452e-05
128.619 0.000278782
130.487 0.00023532
126.393 0.000195367
125.194 0.000250323
127.362 0.000235439
126.532 0.000234673
129.705 0.00025369
131.204 0.000110985
131.324 0.000242399
127.902 0.000236384
128.252 0.000243249
129.125 6.97e-05
126.946 0.000234415
126.896 0.000264353
131.425 0.000230195
129.489 0.00023636
134.988 0.000226394
131.736 0.00024911
129.112 0.000239791
127.81 0.00025314
131.816 0.00022175
130.376 0.000239294
132.445 0.000261126
125.635 0.000214303
124.611 0.000254291
130.31 0.000234037
125.54 0.000250685
129.069 0.000281397
127.837 0.000264082
120.85 0.0002261
126.101 0.000242913
118.692 0.000259864
131.207 1.79368e-05
129.141 0.000278486
130.643 0.000239472
130.339 0.000238802
132.745 0.000239359
129.643 0.00024407
129.827 0.000234823
131.243 0.000254993
127.054 0.000241798
130.797 0.000230801
134.376 0.000199586
131.3 0.000234993
129.385 0.000196367
130.22 0.000157255
128.837 0.000263315
130.485 0.000219517
123.851 0.000270434
127.548 0.00022061
132.295 0.000234424
132.472 0.00024667
131.924 7.03753e-06
126.442 0.000233034
127.322 0.000246012
121.5 0.000160108
126.428 0.000234947
129.702 0.00025993
130.135 0.000245846
128.726 0.000269331
129.378 0.000235512
131.618 0.00023226
126.086 0.000136827
128.823 0.000136088
128.392 0.000238684
127.563 0.000243116
130.407 0.000237093
125.139 0.000239232
128.314 0.000235781
131.631 0.000249922
120.018 0.000233176
122.794 0.000266014
128.281 2.52026e-05
121.456 0.000111585
128.783 0.000236978
115.382 0.000231643
121.458 0.000235974
124.396 0.000230642
128.359 0.000244416
126.371 0.000217165
130.412 0.000244896
130.493 0.000242596
126.119 0.000236248
130.427 0.000254615
131.168 0.000234759
122.65 0.000243976
130.024 0.000245587
125.249 0.000239485
131.044 0.000206553
130.102 0.000250937
131.294 0.000242854
124.805 0.000247347
124.935 0.000183238
126.539 0.000243909
129.342 0.000235185
131.801 0.000230753
130.405 0.000240075
128.498 0.000253971
130.322 0.000255574
127.746 0.000249852
131.035 0.000260894
130.099 0.00025316
129.506 0.000249154
129.821 0.000238963
130.506 0.000156774
127.695 0.000234527
130.617 0.000274723
126.665 0.000231132
128.384 0.000241233
127.776 0.000226456
127.285 0.000231947
129.244 0.000242714
124.795 0.000254603
128.709 0.000228242
130.74 0.000233145
132.635 0.000248718
128.984 0.000249101
134.228 0.000232709
130.348 0.000266843
128.168 0.00026882
128.07 0.000234833
132.588 0.000183569
133.105 0.000242677
127.841 0.000244591
126.207 0.000232915
130.017 0.000223059
132.151 0.000231996
129.842 2.69622e-06
129.428 0.000268361
128.438 0.000208405
127.291 0.000230236
117.445 0.0002464
130.247 0.00024254
128.011 0.000252987
129.327 0.000264856
132.691 0.000261613
130.554 3.68194e-05
128.225 0.000238586
123.974 0.00024544
130.199 1.12602e-05
131.339 0.000240614
129.22 0.000227961
131.604 0.000219981
130.362 0.000237135
122.593 0.000221463
129.925 0.000244164
130.044 0.000246308
121.794 0.000264165
129.444 0.000103541
130.176 0.00028381
130.207 0.000202989
127.676 0.00020671
135.875 0.000243578
129.236 0.000231263
130.462 5.06949e-05
133.166 0.000231139
131.724 0.000252033
128.033 0.00026675
128.254 6.90634e-05
129.726 0.000248173
132.456 0.000233477
129.839 0.0002332
129.105 0.000237478
130.339 0.00022541
128.715 0.000241451
128.163 0.00023506
127.383 0.000273013
127.936 0.000204428
127.549 0.000184564
128.764 0.000203363
130.259 0.000157668
130.873 0.000108268
127.073 0.000235504
128.812 0.000234969
125.754 0.000269565
130.978 0.000234744
132.589 0.000239915
120.412 0.000227745
126.084 0.000263405
129.789 0.00022263
127.177 0.000245872
130.864 0.000235257
122.697 0.000230707
129.619 0.000266162
126.52 0.000158532
129.301 0.000217993
131.13 0.000222858
127.287 0.000233239
127.206 0.000235847
121.198 0.000229076
132.922 0.000223598
128.337 0.000233386
123.207 0.000209414
127.42 0.000156633
133.708 0.000277533
134.939 0.000249076
122.39 1.78304e-05
125.133 0.000235952
130.192 0.000238427
130.103 0.000264719
123.255 0.000265949
126.762 0.000231439
130.375 0.000221888
132.398 0.000229964
129.917 0.000219637
133.735 0.000241401
116.103 0.000254095
119.725 0.000240959
132.334 0.000234683
126.596 0.000263211
121.924 0.000258578
119.604 0.000234643
128.047 0.000251586
128.372 0.000254927
129.085 0.000270275
129.893 0.000243473
130.599 1.6877e-05
128.439 0.000238252
128.572 0.000251297
127.347 0.000243671
131.465 0.000245873
128.539 0.000238458
133.301 0.000259005
131.072 0.000228216
128.771 0.000239386
126.737 0.000243328
129.189 0.000261173
130.763 0.000277734
128.481 0.000243094
128.835 0.000270388
130.236 0.000231188
128.501 0.000204282
128.512 0.000272665
127.96 0.000230127
127.409 0.000234024
128.85 0.000244219
129.875 0.000230105
134.859 0.000241115
131.47 0.000235662
128.017 0.000239363
130.213 1.21483e-05
130.033 0.000244151
125.477 0.000115447
124.321 0.000238179
133.309 0.000254567
117.889 0.000197037
129.115 0.000229192
128.916 0.000249245
133.565 0.000266458
128.076 0.000247485
129.643 0.00024155
125.033 0.000244278
129.159 0.000220949
130.573 0.000260987
126.789 0.000238492
128.567 0.000236969
124.296 0.000260502
119.445 0.000133
131.465 4.7391e-05
127.239 0.000273803
127.166 0.000234681
129.448 3.66307e-05
132.377 0.000238323
128.892 0.000263486
130.779 0.000264516
128.542 0.000242206
125.94 0.000210935
125.867 0.000247969
129.74 0.000231811
125.853 0.000265692
128.906 0.000233645
132.077 0.00011086
116.546 0.000245591
130.916 0.000259753
124.635 0.000254747
130.074 0.00023693
129.126 0.000260935
132.184 0.000265271
130.359 0.000242858
122.745 0.000237193
120.743 0.000198516
132.464 0.000220043
129.931 0.000236363
129.726 0.00021407
127.641 0.000203793
130.861 0.00023967
126.543 0.000263635
125.519 9.58111e-07
123.401 0.000267126
131.104 0.000268542
131.194 0.000246343
127.856 0.000240902
130.741 0.000187589
133.42 0.000244604
131.087 0.000268029
126.178 9.04125e-05
128.256 0.00022152
125.78 0.000252821
129.175 0.000244894
132.241 0.000259188
128.245 0.000257228
131.291 0.000233255
128.563 0.000226227
128.895 0.000242795
131.466 0.000239576
117.456 0.000270615
122.568 0.000218078
128.745 0.000247283
126.735 0.000225264
128.932 0.000268227
129.203 0.000263029
129.638 0.00027082
121.615 0.000119858
130.648 0.000245247
124.539 0.000235268
127.484 0.000229254
129.241 0.000248275
129.539 0.000235149
128.875 0.00023925
129.316 0.000234255
126.414 0.000235454
133.866 0.000234837
128.735 0.000248127
131.226 0.000255745
127.528 0.000230224
121.045 0.000243238
121.867 0.000254861
119.41 0.000227044
130.24 0.000261584
125.088 0.000234965
129.787 0.000242432
129.532 0.000254047
135.035 0.000244933
130.323 0.000233263
130.642 0.000218289
126.574 0.000222868
125.131 0.000234563
130.72 0.000261678
131.622 0.000230171
123.904 0.000249038
132.049 0.000235243
127.398 0.000241819
127.838 0.000262789
131.476 0.000263725
129.34 3.404e-07
119.418 1.63605e-06
126.035 0.000249061
132.315 0.000215759
130.601 0.000271505
125.017 0.000280531
128.217 0.000265152
126.96 0.000232114
128.891 0.000245265
129.404 0.000241596
123.335 0.000198448
128.987 0.000252649
127.462 0.000249707
131.09 0.000249688
131.847 0.000234916
128.609 0.000239274
129.065 0.000253286
130.107 0.000239113
132.205 0.0002256
127.32 0.000244683
130.096 0.000238344
131.581 0.000228475
128.948 0.000241166
135.774 0.000246041
126.766 0.000231029
130.374 0.000235404
129.194 0.00023188
129.157 0.000234885
131.973 0.000234748
129.612 0.000238622
126.939 0.000234001
127.2 0.000232354
125.501 0.000261571
128.584 0.000237811
134.604 0.000171124
126.707 0.000200538
131.542 0.000205176
131.102 0.00026183
128.649 0.000268216
131.882 0.000216985
128.869 0.000255192
123.999 0.000226457
131.356 0.000234912
130.888 0.000242271
-nan 0
131.039 0.000269098
128.337 0.000252368
126.518 0.000265739
124.911 0.000245723
132.456 0.000245026
123.151 0.000217371
130.504 0.000200067
130.625 0.000227359
132.994 0.00023323
126.864 0.00023105
129.645 0.000265653
126.21 8.90061e-05
130.568 0.000249264
128.713 0.000236525
131.11 0.000253527
135.058 0.000226517
130.676 0.00026508
124.332 0.000235838
129.015 0.000232214
122.446 0.000219408
126.131 0.000231659
130.12 7.10289e-06
127.859 0.000235495
124.113 0.000240046
129.533 0.000232236
128.329 0.000248832
128.819 0.000227458
127.773 0.000231433
131.548 0.000301955
131.579 0.000224663
129.911 0.000254314
128.539 0.000240535
129.214 0.000240972
128.808 0.000236742
133.489 0.000263737
129.404 0.00023864
127.566 0.000264662
130.386 0.000257403
126.268 0.000251236
125.514 0.000255133
128.893 0.000244302
129.48 0.000253441
132.414 0.000251672
129.404 0.000262106
130.143 0.000277082
128.63 0.000233928
120.787 0.000268353
119.905 0.000254754
129.41 0.000244888
128.916 0.000243397
128.642 0.000220989
129.488 0.000253792
123.655 0.00024702
132.283 0.000248571
133.954 0.000226222
124.904 0.000259696
128.437 0.000251134
131.947 0.000234492
129.599 0.000231109
125.446 8.99039e-05
124.317 0.00023777
128.12 0.000248883
127.734 0.00027698
131.508 0.0002615
134.21 0.000164638
130.078 0.000242369
126.124 0.000159842
130.742 0.000247982
127.248 0.000111391
127.684 0.000244853
128.891 0.000110539
135.397 0.000250117
127.852 0.000265676
130.34 0.000236059
129.413 0.000248541
131.866 0.00011083
130.628 4.80669e-05
124.642 0.000221065
131.235 0.000252669
126.863 0.000252024
131.659 0.00023014
129.815 0.000232598
