135.333 0.000159941
129.946 0.000159578
123.094 0.00016089
125.912 0.00018729
-nan 0
124.728 0.000164731
144.073 0.000157863
140.578 0.000178715
118.393 0.000107056
140.676 0.000158932
139.544 0.000170972
123.422 0.000158126
118.206 0.000184837
125.309 0.000180526
123.707 3.33209e-05
126.581 0.000165617
144.371 0.000157343
136.493 0.000165361
128.668 0.000158822
121.744 0.000161475
125.591 0.000179564
135.46 0.000119484
122.822 3.41728e-05
125.054 4.76839e-05
125.057 7.16487e-05
145.578 0.00015086
125.157 0.000161552
123.94 0.000165274
158.44 0.000161995
126.601 0.000164663
125.628 0.00010104
121.978 0.000164327
124.398 0.000167032
138.425 0.000170715
142.557 0.000162164
122.017 0.000160488
140.762 0.000179574
128.559 0.000161415
123.678 0.000187911
125.119 -0.000161142
121.433 0.000170787
122.829 0.00016159
147.667 0.000147265
133.578 0.000160017
125.961 0.000166055
127.226 0.000159842
117.667 0.00015087
162.175 0.000161484
126.964 0.000158539
168.347 0.000160458
142.668 0.000160964
122.12 0.000156866
122.108 0.000172852
122.582 0.000164712
140.516 0.000157552
123.484 0.000164687
155.016 0.000199522
158.71 0.000159817
119.166 0.000162377
122.985 0.000160597
121.493 0.000159272
117.545 0.000174344
124.073 0.000165249
122.604 0.000151887
125.281 0.000179506
129.458 0.000167844
125.944 0.000186061
117.377 0.000158774
127.858 0.000159211
124.188 0.000173095
125.247 0.000172466
149.285 0.000166694
124.989 0.00016116
139.246 0.000157812
120.559 3.39788e-05
117.739 0.000179242
140.997 0.000171419
124.656 0.000163201
127.155 0.000190246
142.266 0.000160411
123.375 0.000159581
123.212 6.77986e-07
121.692 0.000123261
122.956 0.000180043
119.357 0.00014769
131.158 0.000169185
124.484 0.000171154
124.962 0.000180949
122.608 0.000163695
118.258 0.000183183
126.373 0.000185817
161.223 0.00016006
124.473 0.000165847
124.997 0.000160846
125.455 0.000164685
123.971 0.00016235
133.949 3.34659e-05
127.426 7.9257e-06
145.166 0.000157179
123.566 0.000166981
125.226 0.000173565
135.043 0.000162003
156.604 0.000179944
119.763 0.000165736
129.342 0.000181975
150.46 0.000178625
119.867 0.000161497
161.925 0.000107676
125.743 8.9493e-05
122.895 0.000157199
132.804 0.000169566
142.336 0.000194516
156.213 0.000155628
116.851 0.000153801
119.672 0.000168568
122.125 0.000187167
119.244 0.000153368
149.202 0.00011156
119.819 0.000159888
122.34 0.000160632
126.235 0.00018172
120.678 0.000159911
126.494 0.000182976
124.688 0.000162001
123.787 0.000159673
129.354 -0.000179396
160.638 6.36876e-05
125.586 1.75669e-05
121.067 0.000180087
128.485 0.000183095
147.275 0.000165143
162.669 0.00016411
128.464 0.000149543
122.046 1.15428e-06
169.191 0.000158916
133.372 0.000157475
133.985 0.000164308
122.31 0.000160742
127.807 0.000149171
124.657 9.136e-05
120.038 0.000160012
122.193 0.000173167
161.557 0.000159192
124.02 0.000125229
144.963 0.000160677
118.039 0.000185998
145.553 0.000180998
124.555 0.000158047
147.333 0.000182979
125.743 0.000164488
140.884 0.000160727
125.669 0.000165068
124.684 0.000160783
129.075 0.000166103
124.42 4.68647e-05
123.627 0.000158084
165.754 0.000157395
130.787 0.000107945
136.561 0.000184104
123.828 0.000156984
122.069 0.000183371
121.473 0.000138018
123.963 0.000165839
129.731 0.000157239
144.662 0.000137193
127.971 0.000178044
125.785 0.000159754
125.425 0.000166228
123.3 0.000177823
157.804 0.000158195
131.862 0.000145888
119.464 0.000162041
119.514 0.000149107
130.304 0.000168258
123.358 0.000163922
158.103 0.000169481
125.862 0.000161145
119.869 0.000178542
117.295 0.000181249
152.01 6.05863e-05
129.241 0.000159624
124.332 0.000149873
124.401 0.000167358
165.387 0.000171109
144.858 0.000158309
122.846 0.000171605
142.259 0.00017544
162.323 0.000130123
117.444 0.000151879
125.74 0.000182346
125.132 0.000160503
126.083 0.000159326
127.482 0.000169301
128.468 0.000147572
122.521 0.000156506
145.949 0.000174647
136.922 0.000164789
130.238 0.000169287
127.031 0.000107181
118.821 0.000176044
128.779 0.000172058
116.588 0.000166119
122.969 0.00016774
119.336 0.000167172
115.642 0.000168913
148.272 0.000153836
126.459 0.000161519
126.17 0.000157889
125.357 0.000164603
123.976 0.000182253
124.838 0.000164734
135.789 0.000158277
133.251 0.00018122
121.878 0.000162068
115.719 0.000164233
125.21 0.000166433
137.521 0.000157369
129.023 0.000108589
126.85 0.00017604
121.517 0.000187632
168.141 0.000159324
126.254 0.000168815
124.146 0.000181207
116.334 0.000166001
125.307 0.000159206
141.391 0.000160257
125.22 0.000163613
118.382 -0.000152453
124.156 0.000158928
133.508 0.000153348
145.214 0.000169099
132.052 0.000165216
141.028 0.000159594
124.259 0.000161232
137.813 0.000161022
126.359 3.15823e-06
118.21 0.000149529
122.477 0.00017317
123.641 0.000145616
160.505 3.45321e-05
124.279 0.000169951
122.864 0.000174527
145.129 0.000179814
120.04 0.000174879
119.215 0.00016709
150.456 9.3454e-05
125.423 0.000175664
123.469 0.000167882
130.745 0.000162999
118.129 0.000179012
124.108 -0.000166267
149.485 0.000159489
123.379 0.000171287
117.734 0.000122906
123.35 0.000148596
162.503 0.000134363
124.372 0.00017403
149.548 0.000164494
119.604 0.000180592
124.787 0.000150559
121.178 1.17609e-05
128.684 0.000170277
119.625 0.000150245
147.653 0.000161354
125.593 0.000180998
123.345 0.000163088
121.483 -0.000187871
139.69 0.000151801
131.848 0.000146301
121.373 0.000160956
116.065 0.000166367
