123.589 9.99224e-05
121.895 9.54074e-05
128.569 0.000108422
127.376 9.5808e-05
130.812 9.47019e-05
125.799 0.00010342
122.43 0.000112141
126.291 9.77552e-05
122.675 9.964e-05
125.898 0.000103457
119.908 0.000100273
124.505 0.000110591
126.458 9.63512e-05
124.375 0.000100653
124.147 0.00010059
121.41 0.000100695
119.083 0.000104007
122.81 9.97052e-05
115.844 9.63498e-05
122.944 1.51961e-05
119.646 0.00010969
124.404 8.29352e-05
122.602 2.85353e-05
121.066 0.000105722
118.649 0.000119162
124.874 9.83727e-05
125.02 9.61821e-05
124.326 9.69887e-05
125.732 9.68112e-05
122.632 0.000110744
126.463 9.69701e-05
126.11 9.90877e-05
144.163 9.96412e-05
122.584 0.000104863
168.469 9.61879e-05
128.438 0.000108892
127.084 9.54269e-05
129.026 1.07337e-05
121.738 0.000102055
116.496 9.74978e-05
124.776 0.000108171
118.266 9.76838e-05
123.084 0.000102026
125.019 8.99612e-05
118.307 9.87365e-05
124.456 0.000111612
120.109 0.000110225
124.622 2.86953e-05
127.275 9.91376e-05
128.174 9.90665e-05
123.999 9.82767e-05
122.075 0.000111255
122.438 9.60949e-05
124.583 9.61227e-05
125.718 0.000100325
120.413 0.000106375
125.642 0.000105082
149.338 0.000110713
126.183 0.000101288
127.694 9.7604e-05
121.445 0.000101847
125.098 0.000102359
126.998 9.62728e-05
125.94 9.65608e-05
120.887 0.000104855
124.248 0.000113911
121.213 9.86168e-05
142.953 0.00010919
122.998 0.000100078
125.329 9.56131e-05
124.464 0.000101205
122.892 9.74619e-05
123.707 9.98534e-05
124.89 9.96501e-05
120.226 0.000114038
125.602 0.00010096
125.077 0.000105834
118.363 9.91259e-05
121.356 3.76986e-05
122.155 0.000110195
120.912 9.94862e-05
125.633 9.78057e-05
124.445 0.000106062
125.887 0.000103379
125.558 6.53157e-05
127.941 0.000109877
124.24 0.000102266
124.934 0.000100209
123.214 9.60874e-05
124.034 0.000110077
119.456 9.10797e-05
120.749 9.79059e-05
117.284 0.000113219
120.049 0.000107663
125.629 0.000103024
129.103 9.44324e-05
123.856 4.64675e-05
126.212 9.7963e-05
122.986 9.68658e-05
121.958 9.95795e-05
122.741 8.03838e-05
123.169 0.000110104
125.926 -0.000110614
125.192 9.6546e-05
126.076 2.8918e-05
127.731 0.000106719
125.825 9.51762e-05
128.834 8.64547e-05
128.911 9.68607e-05
123.939 9.59391e-05
123.547 0.00011133
131.712 9.63564e-05
120.436 9.81884e-05
122.242 9.59881e-05
125.128 0.000100415
125.042 0.000108918
121.044 9.08039e-05
155.511 9.71952e-05
124.384 0.000100026
124.796 9.47916e-05
125.439 9.57504e-05
122.225 9.7988e-05
120.991 0.000101033
128.442 0.000101241
130.112 9.63852e-05
122.244 1.52942e-05
125.372 0.000109085
133.813 9.97561e-05
122.73 0.000100152
118.686 3.76337e-05
121.761 5.61937e-05
124.681 9.8903e-05
123.318 9.85288e-05
125.906 0.00010186
154.314 0.000129617
125.775 9.76058e-05
122.87 9.73412e-05
131.839 0.000110699
122.661 0.000102499
125.345 0.000112635
126.795 9.82611e-05
125.899 0.000102289
124.081 0.000102089
123.689 0.000110435
127.341 0.000105855
124.999 0.000106937
124.105 0.000105275
125.07 0.00010928
117.006 0.000103671
119.465 4.13295e-05
122.859 9.77877e-05
121.82 0.000103763
122.336 9.75343e-05
126.171 9.51628e-05
123.779 0.000103566
122.038 9.71422e-05
115.313 9.12592e-05
150.003 9.93619e-05
123.298 0.000108413
126.682 0.000106378
123.366 9.78187e-05
125.468 9.76787e-05
126.007 0.000109735
128.234 8.80721e-05
125.364 9.64843e-05
117.483 0.000110614
125.888 9.70691e-05
122.952 1.00329e-05
123.063 9.62288e-05
122.935 9.66848e-05
125.181 0.000105482
127.986 9.73413e-05
123.228 9.86856e-05
125.727 0.000101948
127.346 0.000107376
126.964 0.000109261
125.091 9.8012e-05
123.139 0.000100507
127.863 0.000115123
163.32 9.95994e-05
127.372 8.743e-05
125.49 9.70088e-05
122.535 9.49955e-05
127.303 9.88298e-05
123.528 9.99683e-05
123.97 0.00011027
123.61 0.000110062
117.437 0.000101663
119.747 9.92705e-05
122.386 9.50498e-05
124.597 0.000103407
116.752 9.59265e-05
124.492 9.32158e-05
126.741 9.9255e-05
126.909 0.000100683
122.834 0.000111096
124.569 0.000112136
152.199 9.30946e-05
123.241 9.90892e-05
120.097 9.73237e-05
123.526 0.00011102
117.516 9.50313e-05
123.34 0.000100988
127.163 0.000107179
123.448 0.000102963
123.726 0.000101237
125.887 5.5074e-05
127.614 9.39008e-05
167.93 0.00010533
126.279 0.000100527
119.682 9.57139e-05
126.794 0.000102026
126.08 9.86796e-05
123.992 9.68213e-05
125.146 9.6611e-05
121.316 0.000103216
122.332 9.74772e-05
122.923 9.44021e-05
126.631 9.66557e-05
125.505 9.98154e-05
123.77 0.000110555
125.265 0.000109778
125.541 0.000100319
120.436 9.64277e-05
124.43 9.63325e-05
121.151 9.9709e-05
125.012 9.823e-05
116.591 0.00010595
127.229 0.000102
124.783 9.58941e-05
120.764 0.000103176
125.18 0.000111402
126.903 9.98321e-05
123.844 0.000100543
126.848 9.72199e-05
123.361 0.000102696
121.709 9.79484e-05
123.299 9.69509e-05
125.026 9.87156e-05
120.359 9.50243e-05
118.584 9.78799e-05
124.618 0.000112834
126.265 8.97525e-05
124.27 9.79786e-05
122.374 9.75462e-05
117.866 0.000104574
126.531 9.74692e-05
123.869 9.48451e-05
116.053 0.000100555
125.794 0.000111887
126.474 0.00010113
124.743 9.61568e-05
130.946 0.00010304
124.585 4.07104e-07
125.964 8.52659e-05
123.819 9.73676e-05
122.175 0.00010038
124.247 9.71373e-05
123.531 0.000113018
120.038 9.63448e-05
129.638 0.000105416
127.976 0.000109949
122.602 0.000101063
120.812 0.000114296
124.908 9.46211e-05
126.565 0.000109856
150.564 9.64767e-05
124.037 9.88999e-05
126.715 0.000104823
123.538 0.000103686
130.006 0.000101521
121.912 6.45624e-05
123.99 0.00010202
127.398 9.97667e-05
126.893 0.000102697
121.3 8.82048e-05
120.982 9.96393e-05
117.167 9.63119e-05
123.057 0.00010975
125.709 0.000101868
126.247 3.73364e-05
123.432 0.000102211
125.802 8.44869e-05
123.158 9.80551e-05
124.756 9.37058e-05
128.486 0.000100587
125.765 9.77914e-05
121.531 9.65942e-05
120.923 9.98426e-05
125.335 0.000109502
127.306 9.78712e-05
129.568 9.95013e-05
121.696 9.60251e-05
119.6 0.000109098
122.297 9.62647e-05
121.97 0.000102173
126.716 7.12322e-06
124.568 9.82912e-05
130.73 7.14494e-06
127.402 9.6651e-05
124.563 2.09293e-05
122.818 4.6408e-05
123.933 9.58936e-05
123.639 9.04283e-05
122.98 9.90215e-05
125.428 -0.000104014
122.889 9.98122e-05
125.81 9.81956e-05
123.564 0.00010437
126.083 7.14184e-06
122.945 0.000102637
126.143 9.20249e-05
126.95 9.68516e-05
124.207 9.79659e-05
126.738 9.13548e-05
122.629 0.000101015
122.787 9.58144e-05
127.165 0.00010804
118.572 9.90051e-05
125.377 0.000113488
126.65 0.000111508
122.734 9.93594e-05
125.223 4.75937e-05
122.812 0.000118582
122.06 4.62922e-05
122.966 0.000106336
126.306 0.000109303
123.72 9.32357e-05
127.416 0.00010022
123.784 0.000101086
125.23 9.2141e-05
124.889 0.000101543
123.528 0.000101131
124.814 -0.000101207
123.894 -9.56886e-05
126.676 9.77431e-05
124.647 2.0412e-05
123.959 0.000100038
119.605 9.41015e-05
120.994 0.000112014
120.755 9.01712e-05
120.369 0.000112122
123.313 9.7952e-05
125.329 9.95441e-05
120.298 9.67219e-05
129.149 9.19382e-05
124.43 -0.0001044
126.937 9.64687e-05
126.239 9.76459e-05
119.577 9.75575e-05
117.595 9.65631e-05
125.438 9.1235e-05
123.187 0.000111335
117.034 0.000108062
117.722 9.58751e-05
119.613 9.46291e-05
121.188 7.81855e-05
121.833 0.000101213
124.144 0.000102813
126.823 3.71781e-05
128.827 0.000100929
123.063 0.000101137
123.483 6.64163e-05
116.412 0.000112639
121.083 9.36736e-05
119.476 9.57302e-05
124.508 9.98563e-05
122.727 9.64369e-05
124.784 9.60845e-05
124.75 9.98569e-05
124.248 9.6873e-05
122.896 0.000109229
119.299 9.9343e-05
126.968 1.02118e-05
125.273 9.77398e-05
125.113 6.63088e-05
120.776 9.70799e-05
124.099 4.77051e-06
120.855 9.98062e-05
120.79 9.421e-05
115.432 9.88383e-05
126.019 0.000101333
121.729 0.000110309
120.4 0.000102229
124.113 9.74763e-05
-nan 0
158.512 0.000104234
136.003 1.4265e-07
122.445 0.000104787
122.456 9.38018e-05
117.37 9.84991e-05
127.403 0.000101765
124.978 9.76408e-05
125.672 9.43084e-05
125.685 9.78611e-05
123.555 1.87475e-06
123.182 9.88567e-05
126.782 0.000101654
119.251 9.57221e-05
122.071 0.000108423
125.164 5.16236e-05
127.065 0.000114484
122.545 9.76575e-05
126.023 9.39267e-05
120.272 0.000108805
126.771 9.80139e-05
124.01 9.96296e-05
127.355 9.62388e-05
123.351 0.000104007
123.227 -0.000107811
124.354 9.24873e-05
123.645 0.000105747
119.43 9.55596e-05
128.18 6.84055e-05
129.988 0.000102284
116.564 9.00029e-05
123.103 0.000101463
123.937 9.66432e-05
142.423 9.21169e-05
125.963 0.000108304
127.593 0.00010014
118.575 9.64088e-05
127.048 9.8891e-05
127.997 0.000105066
124.697 9.69373e-05
122.166 0.000105232
119.234 9.69921e-05
123.184 0.000101548
126.685 9.78244e-05
124.368 4.58998e-05
120.427 9.66286e-05
124.787 9.77187e-05
125.798 9.96106e-05
124.571 0.000103218
126.152 7.37248e-05
124.467 7.67969e-05
121.169 0.000108252
122.381 9.71851e-05
126.686 9.33155e-05
116.877 9.40682e-05
124.997 0.000103974
126.209 9.37251e-05
122.329 9.64635e-05
122.441 9.7868e-05
125.794 0.000101427
125.613 4.50113e-05
126.236 9.80109e-05
125.114 0.000104324
124.797 9.59497e-05
125.238 9.75936e-05
115.394 8.15932e-05
124.461 0.000102206
123.39 7.55049e-05
127.623 9.77692e-05
122.236 9.83068e-05
125.78 0.000108531
129.356 9.27087e-05
144.95 9.01203e-05
124.275 7.45039e-05
124.209 0.000108598
124.882 9.70115e-05
123.185 9.01964e-05
126.418 0.000110791
124.716 6.55054e-05
123.725 9.68107e-05
123.952 9.7695e-05
124.281 0.000151367
132.939 0.000160225
122.3 0.000152085
126.346 4.40679e-05
120.965 0.000155895
126.695 0.000166609
118.035 0.000140303
124.409 0.000136576
115.72 2.316e-05
125.529 0.000148658
123.442 0.00015217
115.634 1.63489e-05
126.46 0.000149936
124.2 0.000174296
122.568 0.000141009
124.818 0.000158956
129.194 0.000167476
127.311 0.000173902
126.326 3.23916e-05
125.671 0.000177264
126.715 0.000141295
123.769 0.000155642
123.276 8.47042e-05
126.214 0.000138798
147.481 0.000155196
126.167 8.84555e-05
117.717 0.00016722
124.7 0.000171129
127.687 0.000148828
124.252 0.000154214
118.445 0.000165781
126.268 0.000158275
122.429 0.000176907
120.462 0.000173494
120.822 0.00017319
122.574 0.000170954
120.118 8.75487e-05
122.444 0.000157202
125.875 0.000154596
121.436 0.000104926
122.729 0.000148984
125.69 0.000169458
122.547 0.000143802
123.707 0.000171884
128.661 0.000167188
129.441 0.000173116
119.475 0.000166217
123.696 0.000156753
160.22 0.000153269
127.944 0.000158283
123.531 0.0001511
126.704 0.000155695
122.232 0.000169585
124.779 0.000149769
123.518 0.000150354
125.049 0.000172104
117.575 0.00015864
124.08 0.000150749
116.12 0.000145823
123.547 0.000171786
117.538 0.000149014
124.763 0.00015043
121.461 0.000162891
124.415 2.2128e-07
125.409 0.00016977
125.21 0.000151119
129.833 0.000150389
122.75 0.000139603
126.325 0.000156659
118.57 0.000154475
126.131 0.000153634
129.285 0.00015675
123.142 0.000168957
123.041 0.00014852
123.061 0.000154703
126.493 0.000147156
126.799 0.000153112
129.381 0.000145667
125.636 0.000154704
120.36 0.000171431
119.125 0.000175251
121.574 0.000155232
126.914 0.000174791
123.229 0.000156942
121.136 1.62368e-05
126.142 -1.01954e-05
127.06 0.000152233
123.207 0.000156243
123.72 0.000155653
123.738 0.000149135
127.455 0.000109156
120.503 0.000167147
124.361 7.1813e-06
124.775 0.000155932
128.874 0.000174221
127.484 0.000172312
122.295 0.000137023
128.554 0.000158197
122.089 0.000155836
123.652 0.000175535
126.701 0.000146292
126.126 0.00015163
125.196 0.000151465
121.492 0.000145171
119.017 0.000145103
126.044 0.00015451
124.274 0.000152682
122.389 0.000149652
141.271 0.000116084
123.056 0.000164888
127.603 0.00015041
129.195 0.00014619
123.355 0.000135641
127.63 0.000149413
123.765 0.000156702
125.576 0.000152576
123.154 0.000137462
128.675 0.000130917
122.079 0.000150364
121.368 0.000148983
127.069 0.000167526
122.203 0.00015944
116.766 0.000158962
125.583 0.000164219
122.017 0.000131354
117.911 0.000147334
125.736 0.000151815
118.038 0.000159774
141.879 0.000128398
125.396 0.000150021
126.998 0.000171122
126.636 0.000136556
123.481 0.000162107
125.901 0.000160138
118.537 0.000155039
115.814 0.000147813
123.555 0.000170933
126.905 0.000158354
125.95 8.69172e-05
126.341 -0.000151803
130.854 0.000148101
127.35 0.000116767
121.862 0.000143257
126.578 0.000162192
123.224 0.00017262
125.438 0.000160421
122.496 0.000166792
124.35 0.000128002
127.342 0.000150814
121.573 0.000145329
118.35 0.000148313
120.983 0.000154703
127.234 0.000151241
123.736 0.000170618
126.025 0.000153181
124.918 5.7473e-05
125.78 0.000100657
125.948 0.000147922
160.039 0.000146512
123.644 0.000151449
119.527 7.29296e-05
125.932 0.000149844
126.107 0.000139063
132.728 0.000143403
120.654 0.000144957
122.551 0.000155127
124.159 0.000156495
129.305 0.000152391
123.615 0.000135964
121.542 0.000167841
127.115 0.000147881
124.136 0.000146161
124.251 4.38107e-05
124.258 0.0001547
125.179 9.01421e-05
117.366 0.000156439
120.769 0.00016303
125.122 0.000151093
125.075 0.000147697
-nan 0
126.446 0.000149911
126.123 0.000156761
123.429 0.000160248
127.1 0.000154465
124.131 0.00013692
120.486 0.000168043
119.537 0.000145566
124.467 0.000167882
116.947 0.000172387
124.087 0.000128151
124.363 0.000150958
126.568 0.000158547
127.216 0.000162288
121.86 0.000149114
127.984 0.0001519
125.075 0.000168582
121.853 0.000149955
127.218 8.61293e-05
123.802 0.000153914
125.199 0.000153358
125.524 0.000146094
139.644 0.000157219
127.14 0.000151497
118.823 0.000101652
125.712 0.000149352
123.43 0.000154387
122.828 0.000156098
124.761 0.000143146
124.861 0.000158519
125.125 0.00015101
126.078 0.000157004
121.417 0.000171315
127.279 0.000171379
159.487 0.00017081
125.003 0.000169974
123.912 -0.000146642
124 0.00013406
121.367 0.000176817
124.192 0.000147004
127.991 0.000142141
126.081 0.000140365
126.945 0.000152558
123.276 0.00015076
124.528 0.000104564
123.871 0.00015042
119.043 0.000132398
126.954 0.000166833
124.714 0.000175875
123.684 0.00015022
126.14 0.000173635
121.496 0.000148178
124.234 0.00015211
122.344 0.000154136
124.201 7.23485e-05
118.551 0.000154692
124.776 0.000160439
127.087 0.000146322
130.748 0.000154051
128.201 0.000156982
122.846 0.000162656
125.48 4.38559e-05
126.274 0.000147183
140.562 0.000155805
119.755 0.000153689
126.379 -0.000139456
125.109 0.000152265
125.221 0.000157614
120.281 0.000156523
119.379 0.00015395
126.759 0.000148531
121.153 0.000142346
121.201 0.000155714
126.959 0.000147984
125.289 0.00015468
123.578 0.000120317
123.672 0.000147895
126.471 0.000159722
123.317 8.69905e-05
125.302 0.000147886
124.953 0.000153162
124.782 0.00017484
125.077 0.000171739
125.297 0.000155489
126.153 0.000167397
119.895 0.000146223
119.397 0.000152809
125.994 0.000154436
128.101 0.000150868
121.548 0.000137683
125.802 -0.000148192
123.51 0.000158284
128.128 0.000153044
125.605 0.00013862
124.858 0.000167579
125.937 1.03708e-06
123.545 0.000138375
128.285 8.91228e-05
121.768 0.000178022
125.078 0.000138729
122.634 0.000154211
125.307 0.000158672
123.59 5.52463e-05
125.582 2.87454e-06
125.845 0.000148777
123.464 0.000155806
127.101 0.00014703
124.876 0.000117524
130.674 0.000166985
125.036 7.21952e-05
122.554 0.000122981
127.121 0.000160616
126.665 0.000144495
127.802 0.000170806
121.015 0.000171971
128.737 0.000157686
127.759 0.000148557
123.474 0.000171528
119.614 0.000145865
125.24 0.000154158
125.636 0.000149049
125.914 0.000145617
122.939 0.000150788
123.05 0.000152738
126.75 0.000154898
121.441 0.000148376
134.98 0.000130424
126.174 0.000147248
125.645 0.000169295
126.193 0.000158003
126.016 -0.000156259
130.724 0.000160112
125.242 0.000154362
121.042 0.000147665
163.838 0.000156201
125.046 0.00015027
123.304 0.000145129
126.541 0.000173074
123.663 0.000147676
127.999 0.000152568
123.602 0.000137928
123.243 0.000148769
123.218 0.000153566
166.726 0.000149072
125.536 0.000161398
122.676 0.000148912
125.184 0.000155158
125.202 0.000158486
127.313 0.000150581
116.722 0.000150056
125.872 0.000171165
156.6 0.000163489
124.801 0.000145938
121.172 0.000166254
118.487 0.000152577
124.541 0.000160643
127.278 0.000167796
119.574 0.000142493
126.428 0.000171783
126.416 0.000151946
125.975 0.00012247
120.259 0.000151506
155.888 0.000157126
127.161 0.000161295
125.145 0.000140566
126.918 0.000171886
123.518 0.000155518
117.751 0.000169846
125.458 0.000151262
122.758 0.000103964
123.707 3.07107e-06
123.301 0.000206091
122.607 0.000158741
130.65 0.000145564
123.055 0.000172609
125.214 0.000153881
145.089 2.22492e-05
126.295 0.000139497
-nan 0
124.598 0.000138558
125.6 0.000146651
128.405 0.000171282
120.26 0.000153795
127.084 0.000154021
120.463 0.000141957
126.345 0.000149801
128.039 0.000151225
116.742 0.000155875
125.58 0.000172929
115.652 0.000170834
123.941 0.000148224
153.573 0.000159836
119.274 0.000148832
125.744 0.000151909
121.557 0.000152691
128.609 0.000148317
126.764 0.000139839
125.542 0.000153207
119.5 0.000163195
163.009 0.000171095
127.496 0.000150399
124.342 0.000159617
129.055 0.000156125
125.714 0.000148827
126.595 0.000164169
125.949 0.000159082
121.223 0.000140739
125.357 0.000173441
126.032 0.000119825
124.48 0.000174186
124.021 0.000154291
124.152 0.000157375
122.008 0.000174212
140.626 0.0001412
144.592 0.000149955
127.927 2.39438e-05
120.971 0.000170339
121.204 0.000147696
120.369 0.000156019
127.794 0.000157368
125 0.000161681
125.187 0.000162247
124.558 0.000158454
124.381 0.00016713
123.955 2.44808e-05
122.366 0.000153971
126.355 0.000155326
144.166 0.000161627
124.913 0.000148188
124.792 0.000154321
119.561 0.000137454
127.288 0.000148274
125.057 0.000144576
123.687 0.000160334
124.516 1.74654e-06
128.405 0.000159184
123.641 0.000163369
125.019 0.000146652
123.783 0.000167205
120.411 0.000161207
127.27 0.000162764
119.018 1.08224e-06
124.718 0.000155783
127.269 0.000146115
121.341 0.000150159
123.157 0.000116909
159.107 0.000172337
124.316 0.000149062
122.981 0.000147716
125.742 0.000156416
125.294 0.000152893
121.636 0.000141473
124.355 0.000149952
125.345 0.00016118
130.239 0.000116551
126.397 0.00014471
116.157 0.000150764
124.003 0.000151748
127.785 2.4222e-05
124.337 0.000149884
124.105 0.000138375
