131.67 3.42782e-05
132.005 0.000328066
131.697 0.000274164
126.89 0.000345615
132.856 0.000362035
129.73 1.55283e-05
132.004 0.000214633
125.074 0.00031533
124.894 0.000284137
123.625 0.000303926
126.846 0.000304873
124.4 0.000322895
130.723 0.000331876
133.381 0.000351715
127.719 0.000327755
127.099 0.000335201
125.58 0.000305212
132.693 0.000319097
128.855 7.93494e-07
127.97 0.000358184
129.706 0.000210952
129.033 0.000332885
129.187 0.00036585
129.298 0.000329984
129.682 0.000316989
124.114 0.000461943
131.954 0.000534772
128.238 0.000603163
128.053 0.000313352
131.887 0.000597931
130.88 0.000591296
129.032 0.000533196
126.866 0.000605379
130.639 0.00053969
124.606 0.000533797
128.33 0.000596317
129.841 0.00054342
130.721 0.000408127
129.496 0.000508953
133.433 0.000527513
120.617 0.000520087
126.526 0.000456637
124.19 0.000480848
129.015 3.8586e-05
126.663 0.00051958
