121.828 4.58263e-05
121.935 9.66084e-05
123.44 0.000104677
124.809 3.69481e-05
126.317 9.43758e-05
124.732 9.645e-05
123.526 0.000107763
123.129 9.99186e-05
124.379 5.50069e-05
122.331 9.79802e-05
126.835 0.000105452
125.215 9.44769e-05
119.857 9.66084e-05
121.905 9.72032e-05
122.503 9.64757e-05
123.085 5.48824e-05
124.565 0.000110056
124.394 9.30405e-05
122.455 0.000101704
124.159 1.02774e-05
125.023 9.54702e-05
118.111 9.57871e-05
123.227 0.000107689
125.08 9.77676e-05
124.452 0.000102601
125.527 0.000108723
118.045 9.51713e-05
128.243 0.000101668
123.34 9.73665e-05
125.424 9.47056e-05
122.954 9.63371e-05
125.619 9.49484e-05
121.631 9.97091e-05
121.663 0.00010816
121.089 0.000102089
126.02 9.56975e-05
124.366 0.000107205
118.951 9.53163e-05
124.623 9.51064e-05
124.569 7.87474e-05
125.884 0.000108995
123.181 9.07714e-05
125.86 7.67808e-05
125.767 9.60492e-05
124.892 0.000100663
126.979 0.000109978
121.955 9.90222e-05
125.207 0.000104553
118.334 0.00010058
122.53 5.61479e-05
120.717 0.000101516
128.156 8.24256e-05
123.932 9.87689e-05
128.258 9.79144e-05
118.115 1.03793e-05
118.094 9.52233e-05
119.075 0.000100827
120.85 9.67816e-05
123.973 9.57317e-05
123.316 0.000100269
120.945 9.49891e-05
124.023 8.91073e-05
128.453 9.67195e-05
122.785 9.89331e-05
125.177 8.32933e-05
117.933 9.96272e-05
121.018 7.24431e-05
116.601 9.48578e-05
122.5 9.53792e-05
124.54 0.000107915
125.012 9.92665e-05
122.507 0.000106696
118.306 0.000105841
116.324 9.3326e-05
122.129 9.6985e-05
117.28 0.000103581
125.201 5.51739e-05
122.856 0.000107495
126.678 9.37993e-05
122.855 0.000101225
126.059 0.000100533
124.45 0.000106315
122.617 9.11639e-05
124.356 8.20594e-05
120.25 9.13127e-05
123.501 9.13846e-05
125.454 0.000112841
122.255 9.84941e-05
123.421 9.57264e-05
127.255 0.00010018
123.68 0.000100067
120.793 9.6547e-05
124.238 4.54536e-06
122.333 9.24002e-05
121.928 8.48658e-05
125.04 8.37225e-05
129.642 0.000100298
119.892 9.7825e-05
123.786 0.000114143
131.375 9.13745e-05
125.638 0.000104333
127.795 9.62971e-05
124.82 9.66765e-05
124.944 8.68328e-05
122.072 9.3276e-05
129.123 9.52155e-05
132.212 9.49671e-05
127.266 9.56351e-05
126.066 0.000100557
125.158 0.000107271
120.386 9.35166e-05
119.601 0.000100361
127.536 9.19455e-05
124.306 9.82591e-05
124.986 9.70977e-05
122.787 8.8384e-05
126.498 9.76254e-05
121.038 9.57919e-05
116.849 9.42503e-05
126.109 9.53652e-05
123.585 0.000103131
126.101 1.09253e-06
117.695 9.75574e-05
120.917 0.000104325
123.381 0.000108443
129.906 0.000103296
126.42 0.000105327
124.725 9.53595e-05
124.443 8.26359e-05
123.819 2.10184e-05
124.08 5.5252e-05
124.407 9.47514e-05
118.549 0.000106885
123.321 8.72625e-05
121.771 9.31961e-05
117.161 8.95477e-05
130.007 2.27601e-05
120.218 9.7664e-05
121.771 9.56124e-05
125.527 9.22688e-05
120.972 0.000101553
125.667 0.00010556
125.436 9.43342e-05
126.197 9.96157e-05
125.029 0.000109202
122.92 0.00010366
128.129 6.74823e-05
125.553 9.53243e-05
118.373 0.000100119
121.951 9.69622e-05
123.184 9.72648e-05
117.451 9.62528e-05
121.433 0.000100348
127.111 9.78124e-05
124.163 0.000106478
128.663 9.80401e-05
124.659 0.000106447
127.361 9.88305e-05
125.538 0.000109806
123.923 9.51312e-05
123.392 9.06315e-05
123.743 9.12488e-05
122.931 9.79405e-05
122.335 9.71221e-05
124.509 7.18871e-06
126.661 0.000102959
122.621 9.53822e-05
115.805 1.47063e-05
122.367 2.06417e-05
118.7 0.000106885
123.634 9.9062e-05
120.024 9.31092e-05
124.519 0.000107021
122.701 9.5519e-05
121.513 9.95251e-05
127.461 0.000112985
123.456 1.48868e-05
122.772 9.90596e-05
126.804 9.88635e-05
124.367 9.54016e-05
124.938 9.13614e-05
122.005 9.96629e-05
127.706 9.85572e-05
125.301 9.94043e-05
124.703 7.37739e-05
128.457 9.14934e-05
124.812 9.59643e-05
121.39 0.000109029
125.161 9.86155e-05
126.216 9.21571e-05
125.266 9.9791e-05
124.536 9.92593e-05
127.222 0.000112374
122.818 9.59278e-05
122.53 0.000108054
125.548 0.000106687
125.337 7.08771e-05
124 3.6695e-05
120.761 9.76365e-05
123.324 9.54465e-05
122.611 9.06628e-05
129.345 7.19376e-05
124.872 8.93404e-05
125.581 9.46267e-05
123.596 9.80774e-05
125.261 9.76661e-05
119.076 0.00010938
122.089 9.89893e-05
131.456 9.96377e-05
125.446 1.02368e-05
128.584 9.69486e-05
126.232 1.03834e-05
124.641 0.000102515
122.582 9.61883e-05
120.567 0.000106739
127.542 0.000108948
126.175 9.77349e-05
123.409 0.000109633
116.647 8.74144e-05
122.706 0.00010147
120.545 0.000101244
125.542 9.50071e-05
127.07 0.000104866
126.72 9.76203e-05
126.687 9.50352e-05
121.582 9.79796e-05
127.408 8.96941e-05
124.348 8.96044e-05
123.765 9.72754e-05
122.63 9.38119e-05
115.663 8.94567e-05
124.347 0.000110757
124.67 0.000102525
122.618 9.57733e-05
127.576 9.94798e-05
124.025 0.000108212
126.185 9.81881e-05
121.723 6.24175e-05
128.541 9.3025e-05
128.696 3.63345e-05
120.161 9.50723e-05
124.99 0.000100111
124.055 9.59755e-05
124.047 9.62433e-05
127.155 8.2974e-05
127.033 9.5884e-05
125.947 9.65605e-05
116.579 9.10982e-05
122.707 0.000107141
123.807 9.63472e-05
123.321 9.96272e-05
118.524 0.000106705
122.808 9.33669e-05
120.633 9.25818e-05
125.138 9.44398e-05
121.932 9.94225e-05
126.485 0.000100957
124.827 9.71291e-05
125.544 8.65135e-05
120.695 1.48548e-05
123.57 9.54303e-05
128.552 0.000101433
120.169 9.79159e-05
124.521 9.48886e-05
124.751 0.000103177
128.877 9.38459e-05
124.465 9.0029e-05
123.224 9.89476e-05
123.363 0.000103699
115.791 9.84476e-05
121.9 9.02335e-05
120.06 9.76025e-05
121.211 0.000101656
123.025 9.72434e-05
123.825 9.4848e-05
115.041 3.83004e-05
118.481 0.000100275
124.205 0.000104425
122.406 9.424e-05
125.064 9.57313e-05
122.465 9.55693e-05
124.381 1.03841e-05
123.49 8.99298e-05
125.827 9.94957e-05
127.147 9.53854e-05
124.18 0.000100698
126.788 9.71763e-05
118.37 1.04765e-05
123.241 8.86819e-05
117.098 6.46138e-05
124.331 0.000101871
124.376 6.94406e-05
120.143 4.64086e-06
125.799 0.000109351
124.309 9.44696e-05
124.474 0.000110749
125.078 0.00010067
125.218 9.71026e-05
122.356 9.5404e-05
124.429 9.87388e-05
124.884 9.6915e-05
126.518 9.68013e-05
116.256 9.55263e-05
123.598 0.000109057
122.752 8.5926e-05
127.089 9.63382e-05
127.172 0.000113844
126.313 0.000100556
121.559 8.19722e-05
122.59 9.40581e-05
117.939 0.000104235
124.915 0.000105874
123.307 5.59163e-05
120.521 9.95789e-05
123.038 9.50259e-05
124.421 9.31352e-05
125.359 0.000108699
123.453 9.64309e-05
121.916 9.64643e-05
120.851 9.50986e-05
128.039 9.89173e-05
127.808 0.00011036
125.145 9.67788e-05
115.56 9.87795e-05
125.172 9.67091e-05
120.509 9.41423e-05
123.941 2.87413e-06
122.138 9.97638e-05
125.524 9.78273e-05
124.016 0.000111568
126.238 0.000107981
124.054 9.79463e-05
122.371 9.62255e-05
118.735 9.7582e-05
125.334 8.92076e-05
128.452 9.5237e-05
123.737 9.12457e-05
121.804 9.60714e-05
126.118 9.87829e-05
127.561 9.62851e-05
126.775 9.96454e-05
124.534 0.000105324
123.414 7.65442e-05
125.95 9.98382e-05
125.154 9.91299e-05
124.086 0.000102204
125.055 9.93179e-05
124.834 6.40045e-05
120.572 0.000102624
125.208 9.6089e-05
124.475 9.53916e-05
124.185 0.000104816
117.04 0.000109038
126.49 9.60846e-05
121.103 0.000108114
121.855 9.80292e-05
120.998 0.000112777
122.058 9.62172e-05
128.2 9.87554e-05
122.493 9.97184e-05
125.552 9.56213e-05
121.652 0.000107175
128.97 0.000109317
122.085 9.44401e-05
122.895 0.000107152
123.093 0.000108369
123.16 9.98042e-05
116.429 0.000107555
128.174 0.000102555
121.442 8.86887e-05
124.166 9.53813e-05
120.14 0.000102546
125.955 7.45327e-05
117.352 9.90958e-05
124.214 0.000102151
126.208 0.000109452
121.645 9.74128e-05
120.12 9.49925e-05
123.36 1.02246e-05
126.804 9.84333e-05
124.019 0.000108682
122.674 0.000103666
124.262 0.000107102
124.168 0.000106931
124.055 9.23901e-05
125.226 0.00010642
128.687 0.000104679
127.073 0.000101486
115.816 9.29966e-05
125.833 5.52893e-05
119.662 9.95545e-05
117.91 0.000110265
124.615 9.77767e-05
120.69 0.000107127
121.822 0.000104581
129.017 9.7207e-05
121.219 9.81226e-05
120.044 9.11461e-05
120.732 9.67157e-05
118.759 9.69555e-05
124.229 0.000109505
124.93 0.000101693
129.981 3.61381e-05
124.994 9.45881e-05
121.985 0.000100995
117.576 9.46743e-05
124.3 2.73957e-05
121.302 9.41437e-05
115.913 9.32265e-05
126.818 1.42778e-05
127.7 0.000106783
124.087 9.90973e-05
122.374 1.59459e-05
123.829 9.54511e-05
123.945 9.44479e-05
118.601 0.000112058
122.304 9.50079e-05
126.869 0.000110111
116.636 9.89373e-05
125.447 6.61117e-07
125.746 9.81842e-05
124.228 9.42713e-05
125.395 0.000100862
126.208 9.89571e-05
124.005 2.02009e-05
120.64 0.000106961
120.397 0.000108716
122.92 9.64846e-05
121.855 0.000100816
119.457 0.000109798
122.337 0.000112147
124.292 0.000108627
126.052 1.03088e-05
122.873 9.4393e-05
118.151 9.3341e-05
123.874 9.53323e-05
124.725 9.50553e-05
127.436 8.54204e-05
124.011 9.27803e-05
124.628 9.56412e-05
122.158 9.26517e-05
128.231 0.000107088
123.334 6.62014e-07
125.852 9.58621e-05
122.422 9.95723e-05
129.594 9.72173e-05
122.192 0.000109131
121.221 9.56916e-05
129.356 0.000106102
124.692 9.6885e-05
124.567 8.17563e-05
127.792 0.000103698
124.978 9.25965e-05
122.136 7.92741e-05
138.004 9.5023e-05
127.986 9.65992e-05
119.191 0.000110683
123.299 9.92912e-05
118.177 9.43796e-05
126.951 9.47499e-05
127.329 9.56206e-05
123.55 9.59513e-05
122.286 0.000108831
118.885 9.37096e-05
121.842 9.83557e-05
127.308 9.95971e-05
125.227 9.90296e-05
127.377 0.000107328
123.072 0.000109285
122.726 8.4415e-05
117.406 0.000107166
115.582 9.91161e-05
126.239 9.53783e-05
123.626 9.60002e-05
124.926 0.000107547
123.611 9.76703e-05
120.522 9.54299e-05
128.454 9.50908e-05
122.163 0.000110029
121.342 9.93225e-05
124.995 0.000105644
123.85 9.07644e-05
121.404 9.97339e-05
124.247 0.000102329
126.932 1.83757e-06
126.117 9.99849e-05
123.688 0.000109392
122.154 9.16842e-05
124.27 0.000106816
120.315 0.000105193
125.45 9.65918e-05
127.667 9.63129e-05
118.507 9.93384e-05
125.302 9.56162e-05
117.586 8.87998e-05
123.711 9.74267e-05
126.139 9.50234e-05
118.235 0.000102603
128.234 0.000102875
122.548 0.000112505
122.059 0.000103028
123.095 9.75097e-05
121.181 8.97352e-05
124.201 0.000106309
123.648 9.57022e-05
123.688 9.76701e-05
126.61 9.49657e-05
126.219 9.2166e-05
125.867 9.0363e-05
119.234 0.000106302
125.871 4.71132e-06
123.912 9.68757e-05
123.862 9.43797e-05
128.6 9.6516e-05
125.8 9.52641e-05
122.216 0.000100931
118.193 0.000101641
125.917 4.35972e-06
123.153 8.92534e-05
123.812 9.58165e-05
124.969 9.55268e-05
124.049 0.000107783
121.141 9.53026e-05
122.68 9.47191e-05
123.747 0.000108799
125.586 9.48674e-05
125.308 9.62535e-05
124.931 9.82408e-05
127.765 9.55312e-05
122.138 7.04999e-05
119.923 9.79105e-05
125.616 0.000105273
120.425 0.000104006
129.793 9.56562e-05
125.951 0.00010793
123.987 0.00010915
125.501 0.000100846
124.27 9.89373e-05
121.068 9.60747e-05
125.024 9.91268e-05
123.29 0.000146059
124.263 0.000105773
121.15 0.000104372
122.265 9.63617e-05
122.33 9.079e-05
126.496 9.63634e-05
126.495 8.94936e-05
120.682 0.000101707
119.664 9.70675e-05
117.638 9.81683e-05
126.235 9.47597e-05
123.966 9.61643e-05
128.176 9.72406e-05
123.965 2.80837e-05
123.221 0.000101251
126.207 9.55317e-05
115.448 9.56295e-05
124.247 9.52099e-05
127.644 9.23131e-05
126.206 8.18245e-05
121.868 0.000103619
128.371 9.84662e-05
125.497 2.82625e-05
124.343 9.80738e-05
128.724 9.70456e-05
123.65 9.60326e-05
126.688 9.48768e-05
117.688 9.18868e-05
127.244 8.6586e-05
124.318 8.71888e-05
118.317 0.000110807
124.595 9.57364e-05
116.132 9.23028e-05
122.698 9.95754e-05
123.927 0.000109394
121.253 0.000108521
128.988 3.9223e-07
124.956 9.51111e-05
129.099 9.82547e-05
125.922 0.000108618
128.133 9.94228e-05
127.459 0.000108071
120.389 9.41839e-05
124.313 9.9555e-05
129.994 9.6174e-05
126.072 0.000109845
123.926 9.62211e-05
126.545 9.51013e-05
122.929 0.000103905
122.996 9.56878e-05
122.795 0.000105582
125.652 8.26389e-05
124.696 9.50574e-05
125.097 9.84891e-05
122.157 8.82165e-05
124.844 9.56604e-05
119.051 0.000102999
125.28 0.000110799
123.728 9.78282e-05
121.728 0.000109417
126.642 9.86672e-05
122.266 9.60409e-05
127.758 9.1516e-05
127.213 9.5736e-05
125.632 9.80796e-05
126.861 9.72679e-05
125.059 9.4256e-05
121.769 9.64662e-05
122.807 9.56771e-05
126.547 0.000108179
119.207 4.02836e-07
121.794 9.75506e-05
117.374 9.59811e-05
127.49 0.00010464
121.324 9.35585e-05
122.866 9.85492e-05
122.848 9.59986e-05
119.689 9.99861e-05
124.779 0.00010215
124.258 9.64769e-05
122.493 9.49092e-05
123.21 8.94567e-05
125.576 0.000106334
119.647 9.75192e-05
124.034 0.000107409
126.249 4.65653e-06
123.417 0.000102998
124.49 9.26342e-05
126.975 9.61245e-05
126.996 2.43052e-05
126.119 9.94704e-05
124.944 0.000102533
122.421 0.00010713
124.765 9.7498e-05
126.016 0.000105705
127.14 0.000109579
120.267 8.2048e-05
126.888 9.6431e-05
123.331 9.56808e-05
125.958 9.50558e-05
126.291 0.000108064
125.186 9.48365e-05
119.33 0.000100864
123.421 9.51568e-05
120.859 0.000106741
126.836 9.57767e-05
127.128 9.98069e-05
123.981 9.50442e-05
129.626 9.95932e-05
125.791 9.64672e-05
126.595 0.00011507
119.723 0.000102507
125.313 9.75429e-05
125.26 9.98548e-05
129.281 0.000103692
123.549 9.17416e-05
119.243 3.90336e-07
120.594 9.35566e-05
122.558 0.000121837
129.154 0.000100734
123.465 9.59965e-05
122.29 9.38585e-05
117.866 0.000109935
122.811 7.39324e-05
124.753 9.63451e-05
122.858 9.47545e-05
124.669 9.70383e-05
120.946 9.60005e-05
116.797 9.06571e-05
125.964 9.86774e-05
121.36 0.000101221
122.646 9.90719e-05
120.645 0.000113361
117.508 9.38481e-05
125.405 9.89693e-05
124.005 0.000106247
121.629 1.61699e-05
118.196 9.95154e-05
125.283 8.64823e-05
130.546 9.61722e-05
125.796 9.88861e-05
125.181 9.54028e-05
123.697 9.81524e-05
120.775 0.000102473
121.617 0.000108056
124.233 0.000103634
128.463 0.000104635
127.548 9.52766e-05
117.997 0.000110474
118.993 9.97379e-05
126.034 2.95769e-05
124.131 9.69521e-05
118.319 0.000103125
123.273 0.000107936
122.33 8.66588e-05
120.892 9.4584e-05
123.523 9.4813e-05
126.336 9.57599e-05
124.169 1.92687e-06
122.762 0.000107628
123.424 9.90532e-05
125.697 9.53142e-05
128.563 8.26512e-05
125.375 2.88653e-06
129.184 9.60729e-05
124.272 9.62968e-05
121.862 0.000107911
121.609 7.80191e-05
124.159 0.000104237
123.335 9.98004e-05
126.503 9.33446e-05
123.895 0.000102278
124.641 9.81484e-05
127.656 0.000111464
119.554 9.71443e-05
121.907 9.67921e-05
126.104 9.78157e-05
128.209 0.000100152
122.577 9.62133e-05
126.1 0.000108761
121.745 0.000110782
121.739 8.44687e-05
121.513 6.60966e-05
122.048 9.88267e-05
121.578 0.000100985
122.083 9.45829e-05
121.193 9.93818e-05
122.703 9.96716e-05
121.263 9.13152e-05
124.082 0.000103218
124.677 1.02501e-05
127.618 0.000106083
127.695 9.63589e-05
120.241 9.63192e-05
123.599 0.000107393
121.959 9.45485e-05
126.036 9.22672e-05
121.797 9.4984e-05
125.626 0.000102519
123.175 9.6705e-05
125.795 5.45413e-05
117.101 9.68688e-05
129.39 0.000101373
123.416 0.000103644
125.931 0.000108408
124.845 0.00010067
119.916 1.15878e-06
147.077 9.4414e-05
124.403 9.88047e-05
121.732 4.63197e-05
126.29 9.43834e-05
124.393 1.483e-05
127.12 1.49239e-05
125.012 9.61955e-05
126.134 9.39662e-05
122.194 9.92152e-05
122.298 9.97298e-05
124.352 9.88548e-05
125.893 5.70377e-05
120.997 9.90754e-05
123.58 0.000107012
123.517 9.55995e-05
121.518 0.000110116
124.943 9.94927e-05
123.115 9.61738e-05
125.631 9.4048e-05
124.296 0.000109941
126.459 0.000106435
127.683 0.000108566
122.136 9.88015e-05
119.495 0.000100603
126.693 0.000113123
121.637 9.80428e-05
121.524 8.8687e-05
126.255 9.72406e-05
124.725 9.59778e-05
125.179 9.91698e-05
122.979 9.46981e-05
127.38 9.26586e-05
122.801 0.00010037
116.63 8.07191e-05
117.484 0.000113148
127.389 9.965e-05
123.198 0.000109261
123.918 9.41774e-05
126.516 6.9244e-06
122.007 6.61696e-05
124.499 3.69699e-05
132.393 0.000111627
119.599 0.000106528
124.583 9.67478e-05
123.706 8.64405e-05
120.178 9.05597e-05
123.499 1.55076e-05
121.067 9.46517e-05
123.304 0.000103218
124.734 9.91649e-05
125.06 9.55462e-05
127.694 0.00010005
124.897 0.000100733
127.494 8.9394e-05
125.312 0.000101115
119.958 0.000108553
127.549 0.000111677
122.273 0.000108072
125.242 0.000108544
127.739 0.00010495
127.107 7.56063e-05
119.914 9.85346e-05
123.739 9.62527e-05
125.546 9.82763e-05
119.551 9.27001e-05
122.958 3.69499e-05
123.386 9.96018e-05
128.519 9.66323e-05
124.661 9.73334e-05
126.475 0.000104778
123.153 0.000111474
126.81 9.77977e-05
124.031 0.0001022
128.092 0.00010964
121.061 6.83811e-05
125.136 9.43334e-05
124.897 9.47021e-05
125.727 9.44769e-05
128.334 9.70448e-05
125.832 6.59161e-05
119.74 9.66246e-05
124.03 9.46058e-05
126.794 9.81044e-05
123.892 9.9526e-05
121.381 0.00010814
126.149 9.27599e-05
120.436 0.000102885
122.721 9.40234e-05
121.549 9.87375e-05
124.289 0.00010228
122.838 9.55225e-05
125.911 1.04386e-05
121.476 9.64796e-05
121.926 9.85387e-05
126.947 0.000102193
122.596 3.54536e-05
125.651 9.79859e-05
118.623 0.000101744
124.315 9.82205e-05
121.283 9.5581e-05
121.814 9.64833e-05
117.143 0.000108078
120.629 8.91781e-05
126.279 8.27814e-05
121.84 0.00010913
122.268 9.72854e-05
124.925 9.79306e-05
125.247 0.000104577
122.385 9.55098e-05
124.341 9.39091e-05
123.256 9.83791e-05
124.909 1.02851e-05
122.083 9.44365e-05
119.899 0.000111732
122.382 1.86395e-06
121.792 9.55399e-05
126.049 1.51214e-05
125.675 0.000109837
123.734 9.7147e-05
117.664 9.80882e-05
116.793 0.000101591
115.273 0.000102578
122.756 0.000114006
121.335 1.83713e-06
121.127 1.90567e-06
123.075 9.71207e-05
116.565 9.39002e-05
126.32 7.46318e-05
123.63 9.28537e-05
124.563 9.56325e-05
127.483 9.64966e-05
127.004 9.57815e-05
121.557 9.59251e-05
123.612 9.4575e-05
126.379 0.000102633
120.675 9.71939e-05
127.892 9.64477e-05
119.25 0.000101396
124.589 0.00010755
124.453 0.000101931
117.231 9.33647e-05
125.358 9.27608e-05
119.457 9.47879e-05
121.586 9.4542e-05
125.428 9.67726e-05
124.707 0.000102685
126.282 9.55975e-05
128.602 9.64994e-05
123.936 0.000103846
125.379 9.74239e-05
122.621 2.04856e-05
120.48 0.00010917
127.628 9.75874e-05
128.311 0.000114074
127.705 0.000103264
124.532 9.37313e-05
125.174 0.000102912
122.001 6.67587e-05
124.047 9.88544e-05
124.549 1.06576e-05
126.257 9.02987e-05
117.214 9.56355e-05
122.01 9.81832e-05
123.829 0.000107435
121.042 9.43908e-05
123.2 9.77804e-05
118.63 9.7248e-05
127.614 9.56607e-05
122.926 9.5493e-05
119.224 9.42916e-05
120.876 0.000109293
123.7 9.35734e-05
122.602 9.45396e-05
126.668 8.94418e-05
123.664 0.000106391
126.637 0.000101486
122.387 0.000104508
124.887 9.44542e-05
124.525 9.60651e-05
117.84 1.06351e-05
122.09 9.95336e-05
127.528 0.000104004
124.37 9.56709e-05
123.889 1.09615e-06
123.86 8.27794e-05
119.404 0.00010544
120.016 0.000109273
130.144 9.57807e-05
125.449 9.85749e-05
125.26 0.000110568
122.725 0.000102538
121.078 9.57097e-05
120.529 9.68328e-05
128.604 9.74864e-05
120.158 0.000110829
121.723 1.03419e-05
124.298 9.88898e-05
125.483 9.48959e-05
120.774 0.000109821
123.421 6.4217e-05
125.273 0.000108754
124.649 9.75469e-05
124.34 9.31242e-05
123.088 0.000109212
128.744 9.62583e-05
125.63 8.19303e-05
124.891 0.000123257
126.074 2.38441e-07
125.323 0.000106635
124.945 9.87837e-05
124.992 6.5388e-05
123.896 9.40253e-05
125.313 2.3963e-07
122.909 9.86288e-05
125.131 9.92477e-05
121.561 0.000104405
126.057 8.61069e-05
128.459 9.86619e-05
116.965 8.66512e-05
126.04 2.82876e-05
123.614 9.60133e-05
125.586 9.98763e-05
123.163 9.30977e-05
125.531 9.47608e-05
126.411 2.0131e-05
125.315 0.000106783
124.292 6.46611e-05
119.632 1.41985e-07
123.587 9.60759e-05
118.524 9.2732e-05
126.127 9.94195e-05
126.059 0.000109323
118.561 9.71098e-05
123.905 9.91011e-05
125.651 9.91127e-05
128.2 9.74254e-05
125.905 0.00011208
123.108 9.65e-05
122.886 2.83793e-05
125.498 9.69071e-05
119.452 9.531e-05
123.496 0.000105478
125.684 9.95069e-05
123.986 9.51048e-05
123.874 9.77579e-05
126.156 9.52993e-05
125.255 0.000103729
126.327 9.60535e-05
125.099 0.000107838
123.6 9.98779e-05
124.343 9.91942e-05
122.874 0.000109666
122.838 9.11546e-05
126.194 4.37369e-05
124.484 9.62874e-05
121.431 0.000102262
130.57 9.50766e-05
125.296 9.4891e-05
124.021 8.96132e-05
128.227 9.42398e-05
127.559 3.76104e-07
125.636 0.000101527
122.746 8.92488e-05
120.243 9.58426e-05
119.257 0.000107515
125.711 9.22657e-05
123.652 9.57429e-05
122.431 9.7231e-05
124.693 9.58749e-05
123.332 8.79045e-05
125.253 9.08808e-05
124.293 6.04327e-05
125.644 0.000104861
124.496 0.00010615
124.235 0.000112461
132.532 0.000111683
124.995 0.000100396
115.479 9.78465e-05
121.947 0.000109319
124.063 9.88675e-05
120.266 9.50197e-05
127.809 8.69837e-05
124.336 7.71547e-05
123.937 5.55285e-05
122.292 0.000100076
125.526 0.000111759
123.102 0.000102201
117.715 9.94203e-05
121.848 0.000100771
128.367 9.4807e-05
126.003 9.62965e-05
127.107 9.5122e-05
123.622 0.000110915
125.615 9.78496e-05
122.966 9.91094e-05
121.569 9.96737e-05
123.765 9.59968e-05
123.762 9.9492e-05
124.883 9.51934e-05
122.165 0.000108691
121.435 4.71257e-05
125.955 9.65343e-05
126.043 9.86163e-05
124.326 5.2482e-05
126.636 9.67368e-05
125.608 9.1618e-05
120.88 9.82046e-05
122.782 9.45483e-05
118.785 0.000102141
128.296 7.39303e-05
127.693 9.78874e-05
123.093 0.000100129
122.952 0.000109964
125.751 9.47006e-05
124.113 9.47598e-05
115.054 9.85501e-05
123.959 0.000105585
125.717 9.44614e-05
125.932 0.000101889
123.597 9.62813e-05
130.327 9.767e-05
130.473 0.000103452
120.386 0.000108318
123.663 0.000101605
124.59 9.99224e-05
126.594 0.000110232
121.633 9.85751e-05
123.98 9.56128e-05
128.956 9.40704e-05
125.677 9.37295e-05
119.38 1.86747e-06
121.413 8.96018e-05
125.359 8.42466e-05
129.016 9.81218e-05
128.473 0.00010212
127.696 0.000108315
129.028 0.000100654
121.13 9.8257e-05
131.364 9.70519e-05
122.763 2.04979e-05
127.441 0.000103235
127.838 7.59005e-05
121.294 0.000109478
124.924 9.51111e-05
125.235 9.59276e-05
123.078 0.000101038
121.587 0.000106332
115.28 9.21169e-05
123.627 9.72685e-05
125.735 9.65e-05
125.011 9.81142e-05
124.446 6.43323e-05
125.745 9.57297e-05
125.799 6.93493e-06
126.886 9.46648e-05
126.048 0.000109114
126.289 0.00010908
126.168 0.000104949
122.143 0.000103275
122.81 9.48056e-05
122.428 9.58337e-05
123.204 7.36703e-05
130.473 0.000107609
120.932 2.1425e-05
121.804 0.000104381
119.768 8.84286e-05
127.726 9.55255e-05
124.704 2.81998e-05
124.407 9.64065e-05
124.924 9.2232e-05
128.209 4.02875e-07
124.225 0.000101571
125.155 0.000111469
126.469 9.86019e-05
125.084 0.000111481
116.871 9.17435e-05
123.407 0.000103693
122.349 0.00010877
123.606 9.67515e-05
118.859 0.000113979
124.031 9.97732e-05
120.777 9.92143e-05
126.056 9.66306e-05
129.383 9.9547e-05
123.534 0.000103015
128.199 9.17639e-05
127.883 9.63784e-05
125.942 9.79948e-05
120.967 0.000109622
115.325 9.48472e-05
124.102 0.000105047
129.737 4.68296e-06
122.508 9.71477e-05
121.006 9.33561e-05
123.254 9.46041e-05
123.595 8.69143e-05
116.892 2.03515e-05
127.558 0.000103943
122.666 9.39011e-05
119.495 0.000102126
121.196 9.48018e-05
125.339 9.47654e-05
120.441 0.000100677
125.759 0.000102267
122.357 8.43969e-05
121.883 9.29613e-05
123.748 6.64192e-05
126.812 9.14812e-05
116.645 9.61906e-05
120.449 3.65679e-05
124.756 5.5992e-05
125.835 9.64566e-05
125.425 0.000100425
128.041 9.88285e-05
125.617 2.88497e-06
123.584 9.56428e-05
120.968 9.97621e-05
124.635 4.80141e-06
124.473 0.000106023
119.863 9.55926e-05
122.592 0.000108972
123.706 0.000102237
125.646 0.000103544
124.059 0.000104581
129.766 9.71258e-05
122.757 0.000107542
123.583 0.000100391
124.619 0.00011094
125.141 0.000106387
118.668 9.91078e-05
126.291 9.75015e-05
125.467 9.7806e-05
123.329 0.000105139
120.836 0.000101049
125.583 9.48541e-05
121.044 0.00010835
115.808 2.06012e-05
127.163 0.00010987
125.693 9.85717e-05
125.278 0.000109043
122.967 9.26111e-05
125.441 0.000106698
121.377 9.28711e-05
123.826 9.45224e-05
120.851 9.81995e-05
125.242 1.11434e-06
122.275 9.55695e-05
123.469 9.5131e-05
122.216 1.03706e-05
127.735 9.56989e-05
126.684 4.57229e-05
124.83 9.83398e-05
119.735 9.29873e-05
120.836 8.80027e-05
125.293 9.58921e-05
120.829 0.000104306
121.554 3.76775e-05
130.294 8.23957e-05
123.241 9.49232e-05
126.415 9.72018e-05
122.801 8.03302e-05
123.026 0.000107997
121.475 0.000103679
123.122 9.15934e-05
123.176 9.70192e-05
123.877 9.47983e-05
125.916 9.69924e-05
116.778 6.72159e-05
122.87 0.000100329
130.164 9.55415e-05
124.397 1.89537e-05
127.227 9.05267e-05
125.998 8.27165e-05
127.668 9.66667e-05
125.353 8.88651e-05
126.415 1.41135e-07
125.239 9.61358e-05
123.67 9.87823e-05
122.697 9.48507e-05
125.39 9.51844e-05
120.014 0.000101344
124.03 0.000106756
125.7 0.000108865
122.308 0.000100531
123.464 0.000100766
128.102 9.84251e-05
123.595 0.000111061
125.954 0.000109203
118.324 2.93948e-05
125.15 9.18149e-05
119.692 0.000107624
123.354 9.59817e-05
124.357 0.000110017
127.117 0.000102432
122.271 0.000104242
124.606 4.57528e-05
119.162 9.8736e-05
123.79 9.6144e-05
124.933 0.000107897
123.218 9.51136e-05
123.973 9.60601e-05
126.874 9.46228e-05
122.669 0.000105231
124.951 9.89849e-05
123.412 0.000109261
128.443 9.14205e-05
128.031 0.000100691
123.7 9.39289e-05
124.708 9.98309e-05
125.29 0.000109997
125.588 0.000100416
121.213 9.82194e-05
126.107 9.79499e-05
124.711 3.80659e-05
121.068 0.000105271
119.972 0.000110397
127.228 9.75625e-05
117.35 9.68504e-05
124.607 0.000108892
122.818 9.95873e-05
123.655 9.68193e-05
125.47 9.55002e-05
125.949 9.64744e-05
123.944 0.000100986
118.109 9.65552e-05
120.416 0.000108628
121.169 2.39878e-07
118.445 9.50696e-05
124.15 9.94389e-05
122.388 9.28568e-05
125.506 9.70005e-05
123.176 8.33032e-05
125.621 0.000108074
127.218 9.61796e-05
123.574 9.30926e-05
129.147 9.84928e-05
125.286 9.03213e-05
125.444 9.58846e-05
124.128 0.000108432
126.434 9.56652e-05
118.431 9.37101e-05
124.744 0.000106427
127.013 6.52147e-05
119.701 0.000101416
123.951 1.50481e-05
124.402 9.87148e-05
127.214 9.96362e-05
125.522 9.81856e-05
123.374 0.000106265
126.619 9.67032e-05
123.146 9.77579e-05
125.694 0.000103845
122.997 0.000103154
119.275 0.000105865
124.633 9.59234e-05
126.204 0.000108453
123.436 0.00010876
123.495 9.52086e-05
128.085 0.000109376
116.945 9.02275e-05
122.367 9.41606e-05
126.745 0.000107241
123.183 5.59077e-05
120.429 9.5734e-05
123.862 9.68033e-05
122.132 9.64533e-05
121.426 0.000102193
123.416 3.67148e-05
124.476 0.000102188
122.542 9.88104e-05
123.603 9.51748e-05
123.421 9.19855e-05
125.957 9.53698e-05
124.208 9.86241e-05
121.04 9.54705e-05
121.946 9.66752e-05
123.783 9.83514e-05
126.721 9.56142e-05
123.001 0.000108047
123.818 8.76363e-05
124.798 0.000107961
123.777 9.46407e-05
120.068 3.64265e-05
121.19 0.000108451
126.934 8.80221e-05
123.053 0.000103918
118.946 9.53259e-05
124.859 9.57925e-05
125.919 9.81666e-05
118.309 8.75169e-05
124.445 0.000102349
125.234 9.56287e-05
122.362 9.77621e-05
123.508 9.77745e-05
125.524 0.000104305
127.212 9.86587e-05
125.473 9.49348e-05
123.877 9.70201e-05
125.373 9.95139e-05
126.744 9.74556e-05
126.067 5.26313e-05
123.172 9.44625e-05
123.632 0.000102413
126 0.00010928
123.591 2.83879e-05
119.414 0.000102291
122.978 6.52589e-05
128.104 0.000103679
122.42 8.97833e-05
125.258 9.43247e-05
121.153 0.00010966
125.898 9.53916e-05
125.043 0.000106925
122.653 9.49047e-05
124.476 9.5625e-05
123.123 2.05903e-05
122.766 0.000102354
126.309 9.54216e-05
126.795 0.000109784
122.752 1.83724e-06
120.082 9.90282e-05
124.686 0.000107642
125.759 9.51193e-05
124.039 0.000109789
126.354 9.36186e-05
124.498 1.03549e-05
129.3 8.54641e-05
118.888 0.000108393
119.104 9.03239e-05
121.677 0.000108871
125.146 0.000103769
126.039 9.61362e-05
124.927 0.000108604
131.333 9.86028e-05
123.987 9.7119e-05
127.513 0.000105749
120.018 9.5076e-05
124.027 6.21112e-05
123.295 8.9295e-05
135.348 9.44638e-05
120.465 0.000100029
121.137 9.82236e-05
119.612 9.7732e-05
124.09 0.00010596
125.637 9.95091e-05
122.838 9.20723e-05
125.802 0.000110829
126.122 0.00010866
121.931 9.5449e-05
130.184 9.3786e-05
119.211 9.39092e-05
123.104 9.68267e-05
125.682 9.63246e-05
119.262 9.59276e-05
123.974 0.000100739
123.845 0.000103044
128.405 0.000102403
120.375 8.89573e-05
129.8 0.000103261
125.659 0.000100987
125.387 0.000112635
116.077 0.000101288
124.288 0.000111451
121.604 9.51175e-05
120.742 0.000109852
121.311 0.000107264
122.042 9.4883e-05
125.234 7.47713e-05
118.975 4.62998e-05
121.691 0.000105491
123.495 9.90631e-05
125.477 0.000100793
125.424 9.95872e-05
121.612 7.3363e-05
124.544 0.000101349
123.991 9.7563e-05
127.169 9.95268e-05
128.044 9.87249e-05
115.339 8.73159e-05
126.193 9.83109e-05
127.51 9.73344e-05
115.081 9.8066e-05
125.706 0.000106596
126.396 0.00010382
120.609 9.62518e-05
126.669 0.000100256
124.413 4.57587e-05
125.244 8.27904e-05
122.689 1.04555e-05
124.105 1.45348e-05
123.527 7.39353e-05
125.25 9.51657e-05
122.705 9.6948e-05
121.272 0.000103115
124.361 0.00010269
127.398 0.000106866
129.239 9.6232e-05
122.001 0.000106353
127.171 0.000100445
121.504 9.98559e-05
125.552 9.65026e-05
126.75 9.76632e-05
123.923 0.00010331
121.847 0.000106569
123.628 0.00010576
122.332 0.00010477
122.023 0.000101069
126.274 0.000103296
126.686 9.4627e-05
126.098 9.93423e-05
120.269 9.61647e-05
125.51 9.70447e-05
124.779 0.000110693
126.788 9.51317e-05
123.429 0.000101042
130.484 0.000111587
123.467 9.88093e-05
121.561 0.000104825
128.775 9.53508e-05
126.741 9.1735e-05
124.73 0.000108851
134.518 9.33357e-05
125.573 9.75477e-05
120.742 0.000106885
121.543 9.92366e-05
122.701 9.49441e-05
126.537 8.26057e-05
124.354 9.61507e-05
125.55 0.000107339
122.53 9.73482e-05
123.634 9.48741e-05
124.815 0.000101364
123.811 0.000100475
120.027 4.48554e-05
125.577 9.69741e-05
130.566 9.65242e-05
123.5 0.000103506
124.391 9.4658e-05
125.904 9.83086e-05
128.937 0.000102072
123.584 0.00010442
129.487 0.000105325
122.466 5.53546e-05
116.575 0.000102054
121.463 0.000105531
129.124 9.04711e-05
124.015 9.48572e-05
120.038 9.45164e-05
123.366 0.000100269
124.757 9.88151e-05
117.198 6.25348e-05
130.023 9.76239e-05
124.509 0.000112934
123.996 0.000106636
120.203 4.69781e-05
119.539 9.2558e-05
127.913 0.000101251
128.499 0.000105134
125.351 0.000107287
125.358 9.4068e-05
126.272 0.000109964
122.097 0.000114208
121.053 9.51658e-05
126.902 3.67537e-05
124.175 0.00010743
123.971 9.65993e-05
122.176 6.67324e-07
129.724 9.86111e-05
121.926 9.7743e-05
122.147 9.98177e-05
126.325 0.000101441
123.659 9.50809e-05
126.702 0.000107448
125.937 0.000104627
123.345 6.4832e-06
120.966 0.000102959
125.315 6.62684e-07
125.278 0.000108931
125.074 8.60388e-05
123.939 9.50709e-05
127.509 8.82731e-05
124.989 8.88915e-05
122.791 9.7781e-05
124.25 8.95784e-05
128.834 9.97354e-05
122.876 9.52226e-05
126.552 0.000108704
125.27 0.000110195
125.338 9.60841e-05
123.809 9.79961e-05
120.972 4.75028e-05
127.321 9.4388e-05
127.409 9.46462e-05
126.872 0.000104442
121.799 9.10986e-05
123.896 9.45332e-05
124.721 9.58183e-05
122.937 0.000101182
115.824 9.4999e-05
121.613 9.55881e-05
120.966 0.000106534
124.874 9.38904e-05
120.381 9.94647e-05
118.786 0.000102588
124.732 9.94827e-05
125.591 9.16269e-05
122.787 0.000109101
125.463 9.6005e-05
124.765 0.000100232
127.118 9.64114e-05
124.737 8.85754e-05
120.09 9.89548e-05
125.417 9.62387e-05
123.603 7.6346e-05
119.968 9.5227e-05
124.732 1.49474e-05
127.093 9.01804e-05
119.002 0.000102866
120.623 2.82801e-05
121.785 9.72227e-05
124.157 9.71679e-05
123.464 1.06601e-05
124.427 9.86123e-05
124.098 0.000108004
117.509 9.7339e-05
123.493 9.08542e-05
126.37 0.000105975
123.664 9.44726e-05
124.702 9.50765e-05
123.619 9.403e-05
125.757 9.49559e-05
118.856 0.000109123
124.827 9.65898e-05
126.203 9.09174e-05
122.681 9.60336e-05
123.311 0.000106608
127.267 0.000101409
125.285 0.000109935
130.533 0.00010908
122.89 9.93827e-05
122.972 9.96454e-05
125.326 0.000105013
124.925 7.54572e-05
123.983 0.000109786
123.107 9.02643e-05
125.925 9.16411e-05
123.749 0.000101032
125.749 9.94934e-05
124.213 8.20304e-05
121.418 9.93802e-05
123.623 0.000103855
123.474 9.59262e-05
123.082 0.000105393
118.152 9.03754e-05
127.07 9.5409e-05
125.098 0.000113181
123.807 0.000106012
125.141 9.52165e-05
126.26 9.88289e-05
125.221 9.87413e-05
126.625 4.61907e-06
128.06 0.000103314
125.745 1.82748e-06
124.676 4.53987e-05
123.728 9.72518e-05
126.462 9.4505e-05
125.103 0.000105257
119.34 9.44598e-05
123.841 0.000107416
116.633 9.81493e-05
119.697 9.76389e-05
120.851 5.32781e-05
124.748 9.93615e-05
124.218 6.7018e-05
126.949 9.58498e-05
127.622 9.87479e-05
129.954 8.69393e-05
121.371 9.21144e-05
120.766 0.000109544
125.378 9.86427e-05
129.274 9.90812e-05
122.871 9.85729e-05
126.448 9.85941e-05
119.62 9.15781e-05
120.584 9.48048e-05
125.389 0.000108303
122.638 0.000103667
126.113 9.94247e-05
128.733 0.000108431
129.379 9.67207e-05
127.764 9.96075e-05
118.648 0.000103064
125.518 9.64817e-05
126.222 0.000103695
123.593 9.68576e-05
124.807 0.000109994
123.17 9.60636e-05
115.563 9.59334e-05
119.297 9.18228e-05
122.327 9.48652e-05
124.429 0.000110881
126.025 2.83844e-07
125.218 9.54173e-05
125.364 9.34062e-05
117.797 9.36511e-05
125.182 9.70291e-05
126.793 9.88141e-05
125.518 0.000109662
119.174 0.000106867
131.844 9.59955e-05
127.547 6.86506e-07
122.305 6.56329e-05
125.005 9.73311e-05
121.274 5.61176e-05
126.162 9.37441e-05
120.723 0.000103586
121.975 9.52412e-05
122.869 9.95949e-05
123.737 9.52505e-05
124.821 9.51506e-05
131.002 9.75618e-05
126.413 0.000109136
124.157 9.30478e-05
119.471 0.00010055
122.76 0.000104611
121.943 0.000102843
124.684 9.61137e-05
122.105 0.000103633
125.07 9.66504e-05
125.682 9.92152e-05
119.474 6.98113e-06
121.853 9.54472e-05
124.005 9.85987e-05
122.331 9.55751e-05
123.551 9.8049e-05
119.73 9.44916e-05
123.576 9.75525e-05
120.652 0.00010378
125.385 0.000103799
126.237 9.61754e-05
123.265 0.000104562
127.285 0.000103221
123.517 9.9956e-05
123.234 2.81577e-05
123.415 0.0001074
123.599 9.84139e-05
126.26 0.00010094
125.122 0.000102788
128.891 9.77451e-05
117.644 9.03042e-05
120.833 0.00010894
123.364 9.3623e-05
125.825 0.000100145
122.92 9.60277e-05
127.24 9.69417e-05
124.627 9.5949e-05
120.891 9.62899e-05
126.525 0.000107863
115.539 9.96008e-05
