131.799 0.00042272
117.676 0.000223216
119.016 0.000391149
142.81 0.000382568
149.082 0.000292415
125.706 0.000353326
115.883 0.000417889
165.25 0.000392035
117.989 0.000374509
130.191 0.000465811
126.24 0.000290468
118.941 0.000400223
116.457 0.000406156
123.183 0.000366222
117.339 0.000358031
116.053 0.000381495
124.047 0.000441684
119.891 0.000388918
154.912 0.000110394
119.571 0.000407474
122.676 0.000386215
122.238 0.000391243
119.705 0.000459619
118.242 0.000408459
137.367 0.000421125
131.437 0.000374517
120.61 0.00038893
118.43 0.000411412
139.534 0.000373679
148.338 0.000313878
121.394 0.000434647
118.767 0.000439638
122.752 0.000378134
116.919 0.000390981
116.183 0.000383222
141.04 0.00037905
117.574 5.93315e-05
142.087 0.000300436
130.77 0.000401331
134.285 0.000414966
127.789 0.000393659
115.124 0.000267876
132.924 0.000356705
123.541 0.000399986
120.174 0.000435227
117.623 0.000373372
132.045 0.000410928
115.139 0.000391187
139.232 0.000381712
123.398 0.000392741
116.322 0.000379133
115.981 0.000384271
119.278 0.000413013
139.362 0.000572636
150.412 0.000393091
136.305 0.00039273
118.073 0.000356415
120.457 0.000384317
156.648 0.000384052
117.741 0.000376263
122.762 0.000373333
150.703 0.000327737
119.257 8.07149e-05
120.743 0.0003723
115.644 0.000384839
123.427 0.000415165
128.097 0.00038897
122.716 0.000432236
118.211 0.00042718
121.965 0.000402839
134.772 0.000439415
124.736 0.000426203
132.958 0.000441927
119.078 1.19138e-05
117.551 0.000435609
139.594 0.000379188
143.794 0.00038084
123.549 0.000391473
119.227 0.000385003
132.491 0.000436172
118.42 0.000378585
118.076 0.000373027
138.187 0.000431048
149.853 0.000147399
120.362 0.000349677
119.069 0.00042968
118.652 0.000387681
156.565 0.000380103
148.367 0.000379353
119.175 0.000376601
115.974 0.000397075
119.729 0.000267209
117.75 0.00037656
120.585 0.000382569
115.283 0.000359031
129.359 0.000373355
123.733 0.000345276
121.316 0.000327376
137.788 7.34667e-06
122.317 5.79389e-05
128.782 0.00010334
