121.659 0.000150724
122.575 0.000154002
115.596 0.000148877
119.219 0.000155195
119.049 0.000149381
120.584 0.000163013
117.186 0.000177692
119.475 0.000117053
118.297 0.000133229
119.35 0.000145331
119.171 0.000143336
116.226 0.00014137
119.353 0.000156849
117.658 2.8711e-05
120.208 0.000135216
115.414 0.000147114
122.782 0.000169696
117.751 0.000145093
120.771 0.00015728
117.959 0.000150969
117.777 0.000149168
118.564 0.000149027
121.285 0.000142832
115.792 0.000137556
122.674 0.000164426
119.066 0.000147312
122.973 0.000150006
123.108 4.05335e-05
128.861 0.00014407
117.234 0.000162823
121.838 0.000161879
119.018 0.000148564
118.733 0.000132842
120.315 0.000155704
118.778 0.000146624
116.139 0.000126507
119.917 0.000153067
120.63 0.000151951
115.196 0.000148091
117.427 0.000128504
121.316 0.000151246
118.483 0.000139673
118.908 0.000148962
117.422 0.000147449
120.082 0.000151431
119.156 0.000145585
121.069 0.000151926
118.473 9.20004e-05
116.156 0.000145195
118.743 0.000158625
120.405 0.000151956
115.532 0.000137068
127.447 0.000147039
116.65 0.000132836
117.998 0.000143492
117.139 0.000147167
118.509 0.000143891
115.075 0.000155791
117.532 0.00015221
122.689 3.61162e-07
119.798 0.000139891
120.587 0.000169137
120.681 0.000144073
124.086 0.000169736
117.901 8.12555e-05
120.55 0.000157143
118.175 0.000150144
118.325 0.00014314
123.652 9.8865e-05
116.999 0.000144902
120.175 0.00015718
116.818 0.00017217
118.872 0.000148347
119.231 0.000154984
119.052 0.000146284
122.452 0.000135027
116.511 7.85024e-05
119.765 0.000159928
121.056 0.000133609
116.91 0.000147323
118.764 0.000159017
118.782 0.000214449
119.245 2.24885e-05
123.977 5.22152e-05
121.651 0.000163564
120.142 0.000143002
125.576 0.000150892
117.413 0.000152324
120.396 0.000157798
120.503 0.000144115
118.3 0.000143031
118.523 0.00014925
118.791 0.00016654
118.788 0.000149342
118.408 0.00015626
119.446 3.62483e-07
119.472 0.000125048
120.031 3.76714e-07
122.596 0.000158987
118.312 0.000166607
120.676 0.00012865
118.824 0.00014276
115.165 0.000144073
118.344 0.000155172
119.769 3.13965e-05
120.512 0.000151266
122.376 0.000168702
119.779 0.000150892
118.624 0.000164491
116.843 0.000111379
120.412 0.000156862
118.912 0.000170058
118.808 0.000131248
116.888 0.00014529
115.177 0.000155482
121.454 8.81065e-05
122.844 0.000150445
116.827 0.000156152
116.524 0.000150956
117.644 0.000152677
117.179 0.000139378
117.903 0.000150645
121.984 0.000144363
118.839 0.000133899
118.737 0.000140867
115.009 0.000146092
117.124 0.000153368
119.801 0.000144602
118.739 0.000146302
117.448 0.00017233
117.776 0.000166876
119.369 0.000145417
124.594 0.000156552
122.404 0.000140775
125.343 0.000171881
117.603 0.000128798
120.104 0.000159038
122.822 0.000170744
116.828 0.000109006
121.149 0.000147482
115.055 0.000149871
120.46 0.000146404
129.308 0.000142291
122.559 0.000154508
119.748 0.000166523
119.244 0.000130942
118.951 0.00014067
119.221 0.000135065
120.349 0.000153121
117.968 0.000142252
124.844 0.000159612
119.939 0.000140236
120.494 0.000144136
119.99 0.000145649
115.263 0.000137645
123.77 0.000129329
117.797 0.000146009
120.256 7.07291e-05
117.473 0.000156556
115.331 0.000160855
117.427 3.72789e-07
117.915 0.000146818
117.538 0.000163829
118.873 0.000154918
116.549 0.000144531
122.845 0.000144254
116.133 0.000146067
118.092 0.000150016
120.683 0.000142645
122.115 0.000171409
120.147 0.00015508
115.081 0.000183196
120.49 0.000110931
119.678 0.000100075
121.899 0.000142052
121.962 0.000145122
118.355 0.000146098
118.73 0.000143754
119.662 0.000155224
119.704 0.000151421
117.297 0.00014074
119.681 0.000163555
118.288 0.000136149
115.029 0.000147496
115.619 0.000133197
115.863 0.000144945
119.8 0.00015452
119.686 0.000151764
117.629 0.000144269
121.564 0.000103547
121.011 0.000164119
118.596 0.000146127
119.98 0.000157114
117.059 0.000156939
118.514 0.000133657
115.847 0.000152878
119.449 0.000147777
121.545 0.000127515
118.165 0.000150985
122.67 0.000160992
119.151 0.000167383
119.026 0.000158888
122.154 0.000149445
120.346 0.000165529
124.828 8.6101e-05
117.895 0.000150913
116.339 0.000155926
121.209 0.000129086
118.266 9.85164e-05
121.465 0.000156564
125.234 0.000150047
118.809 0.000142384
120.788 0.000161583
117.899 0.000165937
119.292 0.000143672
116.338 0.000147443
116.41 1.43678e-05
121.146 0.000112108
120.513 0.000151524
122.898 0.000141277
118.738 0.00016224
120.364 0.000149785
119.293 0.000161512
118.182 0.000164608
117.071 0.000148139
117.269 0.000150806
120.298 0.000148815
120.462 0.000131116
120.132 0.000171582
118.612 0.000172378
115.639 4.50144e-06
116.407 0.00013787
122.12 0.000139491
119.801 0.000171464
116.162 0.00014745
126.593 0.00014513
122.848 0.000138605
125.218 0.000161395
119.246 0.000155508
119.841 0.000145341
122.664 0.00011631
116.767 0.000168986
118.654 0.000156057
118.982 0.000160333
121.216 0.000162146
119.444 0.000154617
122.165 9.81953e-05
116.561 0.000143949
115.567 0.000148754
120.732 0.000148199
121.181 0.000147628
118.994 0.0001468
119.619 0.000144406
115.353 0.000134739
123.556 2.95356e-05
119.546 0.000144091
118.741 0.000141774
119.935 0.000145605
117.161 0.000144109
122.717 0.000139222
118.452 0.00014592
124.616 0.000145652
120.002 0.000160971
127.537 0.00016837
116.85 0.000164455
115.396 0.000132683
121.454 0.00016264
116.668 0.000159808
121.567 6.8836e-05
120.244 0.000179431
119.149 0.000151329
117.846 0.000151761
120.586 0.00014238
117.379 0.00015574
120.496 0.000161378
120.05 0.000168576
127.018 0.00015145
118.529 0.000145792
116.325 0.000143153
119.296 0.000154499
121.143 0.000168734
118.812 0.000140229
123.64 0.000110268
119.382 0.00015087
122.698 0.000207767
119.965 0.000159159
118.106 0.000142025
116.176 0.000133376
115.125 8.9132e-05
117.858 0.000156062
121.653 0.000145974
119.239 0.000148013
119.171 8.36534e-05
120.408 0.000134487
122.764 0.000145737
123.092 0.000149018
119.559 0.00016174
122.787 0.000147902
123.433 0.000147275
118.253 0.000143642
118.718 0.00015709
119.585 0.000152601
118.819 0.000163563
121.864 0.000143008
117.661 0.000140477
122.015 0.000153781
120.594 0.000143812
118.595 0.000154257
117.985 0.000113403
122.107 2.30161e-05
124.015 0.00016712
119.813 0.000153733
117.997 0.000157527
120.795 0.000147004
122.134 0.000164032
