126.806 0.00014895
124.796 0.000131187
125.25 0.000133108
125.899 0.000113854
124.967 0.000131078
121.453 -0.000138121
124.36 0.000132896
123.347 0.00013516
119.584 0.000130656
125.526 8.96412e-05
125.118 0.000129024
122.749 0.000134339
126.134 0.000151379
125.176 0.000141855
124.895 0.000151026
152.902 0.000139223
126.839 0.000133568
125.362 0.000131922
123.938 0.000132719
125.623 0.000149468
120.523 3.54252e-07
122.686 0.000111551
125.782 0.000124115
123.167 0.000131504
126.13 0.000148203
124.161 0.000137231
124.206 0.000102209
126.727 0.000135486
124.43 0.000143516
122.627 0.000119484
127.038 0.000131414
124.706 0.000135655
125.09 0.000131057
125.018 0.000145785
126.043 9.61414e-06
125.202 0.00014159
124.855 0.000137057
124.942 0.000136514
125.95 1.3892e-05
125.21 0.000148264
122.429 0.000138719
124.489 0.000154713
124.132 0.000130393
121.834 0.000131232
151.864 0.000129325
124.174 0.00013331
120.534 0.000113822
124.327 0.000184708
150.016 0.000134326
127.546 0.000138516
121.201 0.000136093
126.441 0.000148694
121.751 0.000119882
126.168 0.000146284
126.998 0.000130385
121.245 0.00014018
121.8 0.000125241
125.961 2.02404e-05
125.276 0.000149254
128.428 0.000136611
125.601 0.000130141
124.01 0.000140201
122.503 0.000129514
120.186 0.000126367
124.381 0.00015067
126.653 5.20264e-05
122.541 0.000133275
151.262 0.000135692
124.321 0.000130614
126.797 0.000150636
118.308 0.000136697
124.682 0.000129387
124.801 0.000132593
121.196 0.000137866
124.419 0.000136507
123.519 2.04317e-05
123.186 0.000129651
122.015 0.000140124
124.059 0.000133196
128.048 0.000133157
126.651 0.000147095
126.386 0.000141064
122.884 3.85515e-05
121.374 5.03581e-05
117.98 0.000129202
121.713 0.000134317
124.01 0.000148188
124.643 0.000136229
125.3 0.000132292
123.096 0.000129587
117.63 0.000124051
120.998 0.000146151
122.452 0.000131784
126.93 0.000139209
127.755 0.000154838
120.21 1.44785e-05
124.493 0.000130947
121.757 0.000138781
125.164 0.000138185
126.098 0.000131886
124.034 1.45614e-05
122.605 0.000103104
117.938 0.000140651
124.57 0.000131867
122.128 0.000142553
124.149 0.000131123
125.37 0.00013716
124.799 0.000130563
124.219 0.000132164
124.887 6.28908e-05
125.447 0.000146894
129.483 -0.00012805
123.737 0.000102703
125.229 0.000144732
141.872 0.000139889
136.242 0.000147814
127.648 0.000136594
126.643 0.000152728
124.828 0.000130714
128.097 0.000131916
116.536 -0.000131159
125.118 0.00012246
124.622 0.000130661
127.812 0.000103583
128.827 0.00013677
130.824 0.00013101
127.247 0.000132335
123.916 0.000129272
122.269 0.000140652
127.091 0.000143235
126.375 0.000134162
125.009 0.000133402
121.843 0.000131803
125.911 0.000131903
119.782 0.00013618
124.95 0.000134742
146.519 0.000137927
125.523 0.00013227
121.148 0.000135832
123.421 0.000147202
123.381 0.000146638
124.867 0.0001446
123.257 0.000149881
125.015 7.57925e-05
129.228 0.000140585
122.19 0.000121682
123.068 0.000132517
124.907 0.000134275
123.066 1.41565e-05
134.715 0.000130102
127.105 0.000132658
123.315 0.000125297
126.096 0.000128446
