121.529 0.000173663
126.337 0.000159328
125.475 0.000163956
125.094 0.000165562
120.92 0.000162583
125.803 0.000184225
124.696 0.000162317
119.938 1.69275e-05
120.062 0.000161764
125.891 0.000158586
120.696 0.000155164
127.145 0.000173529
127.943 9.18483e-05
124.08 0.000138044
123.472 0.000152476
121.768 0.000167462
115.942 0.000161974
124.599 0.000180964
121.932 3.44055e-05
130.055 0.000127169
131.618 0.0001585
123.748 0.000174293
125.719 0.000170347
127.422 7.68012e-05
124.307 0.00016307
127.433 0.000162018
122.729 0.000158895
125.024 0.000161058
126.268 9.61742e-05
123.182 0.000159874
123.389 0.000167842
121.205 0.000131982
145.229 0.000177504
126.242 0.000157707
138.833 0.000149619
127.305 0.000159059
123.316 0.000149924
122.095 0.000182023
125.349 0.000179914
125.711 -0.000124781
121.813 0.000180868
128.043 0.000176334
125.61 0.000161562
127.939 0.000161445
129.561 9.08331e-05
121.966 0.000159724
125.074 0.000155252
125.303 0.000166404
124.636 0.000180675
122.715 0.000158789
134.91 0.000158853
118.23 0.000161835
125.665 0.000168141
125.978 0.000183548
124.223 0.000157659
121.292 0.000158799
121.745 0.000172318
128.445 -0.000174905
123.638 0.000179016
116.082 0.000160986
128.465 0.000145948
121.219 0.000167827
126.138 0.000160823
125.85 0.000159999
117.483 0.000160001
122.356 0.000157276
123.563 0.000161198
125.739 0.000157519
115.312 0.000159539
125.542 0.000139606
117.918 4.52943e-06
133.082 0.000154078
124.372 0.000161621
119.884 0.000159635
124.737 0.000159781
122.157 0.000174695
118.584 0.000182359
123.278 -0.000161993
127.135 7.93176e-05
121.944 0.000162068
126.488 0.000158727
124.148 0.000160872
129.613 0.000157795
125.175 2.4833e-05
122.849 0.000169476
163.691 0.000157774
123.908 0.000179717
122.027 0.000170927
120.139 0.000177901
116.089 1.46003e-07
121.876 0.000160957
126.095 0.000178702
122.617 0.000165492
136.522 0.000158811
127.834 1.19871e-05
120.834 0.000165669
126.196 0.000159801
126.048 0.000160093
127.805 0.000158464
124.72 0.000123842
124.589 0.00016054
128.668 0.000168489
122.725 1.17e-05
124.832 0.000160573
124.831 0.000167366
126.306 0.000171871
124.989 0.000160473
124.129 0.000158148
121.052 0.000159482
125.385 0.000154911
122.314 0.000174904
121.783 0.000164686
125.213 0.000184164
124.54 9.54136e-05
125.384 7.56773e-05
133.859 0.000160145
134.737 7.83109e-05
125.944 7.73029e-06
117.728 0.000112785
126.13 0.000191535
123.63 7.58097e-05
124.028 0.000158735
121.667 0.00016
121.457 0.000168572
119.75 0.000169916
120.448 0.000161277
120.943 0.000184415
122.387 0.000173844
138.483 0.000108475
125.216 0.000179124
126.507 3.48739e-05
126.089 0.000159216
124.676 1.72488e-05
122.323 0.000175303
124.467 0.000124163
126.988 0.000164901
139.716 0.00015187
126.785 0.000181189
127.367 0.000155423
120.357 0.000159812
124.104 0.00016506
126.538 0.000173012
116.35 0.000163774
120.6 0.000156848
115.645 0.000155858
125.427 0.000159878
121.762 0.000162217
117.257 0.000165327
121.555 0.00017811
119.471 0.000181109
121.378 -0.000175837
124.132 0.000168221
118.788 0.000168782
122.444 0.000161043
123.208 0.000158256
127.385 0.000181964
126.111 0.000162766
138.93 0.000163245
117.698 0.00016845
125.347 0.000161314
120.276 0.000178376
129.33 0.000159083
124.045 0.000149115
129.807 6.30477e-05
128.841 0.000173745
128.979 0.000108497
123.347 2.50227e-07
123.087 0.000166766
116.514 0.000160917
116.765 0.000158508
123.914 0.000181103
142.638 7.64274e-05
120.365 0.000163337
125.057 5.03779e-06
125.214 0.000158374
126.332 0.000154238
123.279 0.000180702
127.257 0.000153601
123.243 0.000149642
127.284 0.000182436
122.377 0.000170828
117.168 0.00015529
118.115 3.49274e-05
124.707 0.000159916
125.343 0.000180602
123.722 0.000160456
124.343 0.000152602
125.386 0.00017363
125.282 0.000167396
123.556 0.000157164
123.883 0.000159573
125.462 0.000163665
125.553 0.000162119
126.047 0.000179229
125.586 0.000180665
124.773 0.000158226
121.311 0.000159841
119.165 0.000162535
124.037 0.000167567
122.976 0.000166485
127.056 0.000160217
123.963 0.000158174
128.044 0.000166761
123.219 0.000168248
125.032 0.000185142
126.819 0.000155887
124.499 0.000182348
125.989 0.000151224
124.358 -0.000162934
122.975 0.000160155
126.381 0.000166257
119.913 0.000172623
124.394 0.000160952
135.175 6.18252e-05
123.641 0.000137737
120.884 0.000173713
129.983 0.000147818
121.275 1.16956e-05
125.435 1.90435e-06
139.542 0.000191335
124.901 0.000129362
121.764 0.000162028
121.047 0.000148064
127.064 0.000167012
121.828 1.81694e-05
123.496 0.000160637
124.199 0.000182518
129.26 0.000166883
123.844 0.00016021
126.666 0.00016965
125.976 0.000160085
129.421 0.000181543
121.179 0.000160118
121.219 0.00016151
124.893 0.000164188
124.815 0.000179291
125.395 0.000160125
123.28 3.355e-05
119.349 0.000168295
124.252 0.000166621
116.466 0.00017562
124.637 0.000153431
123.968 0.000159333
126.722 0.000152093
126.149 0.000158571
124.819 0.000180768
125.433 0.000165529
118.537 0.000123312
120.233 0.000174637
126.514 0.000155748
150.2 0.000159564
123.643 0.000171457
124.532 0.000158622
121.419 0.000184327
126.439 0.000148723
121.635 0.000143248
136.796 0.000218104
124.514 0.00017838
116.947 0.000176494
128.117 0.000167896
129.283 0.000161209
121.434 0.000107472
126.468 0.000164313
122.883 0.000168072
124.49 0.000165751
126.079 0.000149252
126.982 0.000156561
123.94 0.000166459
124.788 0.000158717
121.985 0.00015919
119.25 0.000184168
122.862 0.000181953
126.323 0.000174663
116.476 0.000171607
124.257 0.000182031
124.175 0.000158226
122.8 0.0001735
140.485 0.000161082
122.57 0.000181819
126.904 0.000155799
126.179 0.000178824
123.117 0.000167906
116.073 1.72914e-05
118.191 0.000180254
149.551 0.000152686
126.148 0.000184811
116.042 0.000159567
127.28 0.00017602
124.118 0.000160276
134.338 0.000168967
148.936 0.000171524
124.412 0.000180612
124.6 0.000185097
125.449 0.000138274
123.754 0.000160146
120.014 0.000195972
139.284 3.42829e-05
119.708 0.000146817
129.115 0.000158046
125.796 0.0001602
125.805 0.000165923
124.635 0.000145812
130.019 0.000164052
122.873 0.000159824
121.404 0.000172788
127.276 0.000160676
120.955 0.000177489
125.157 0.000158067
124.201 0.000157547
116.688 0.00015232
134.756 0.000167104
125.791 0.000181683
124.971 0.000161665
125.271 0.000161381
124.83 0.000164089
125.908 0.000181916
119.393 0.00016613
124.357 0.000159184
126.845 0.000159875
133.339 0.000157924
119.646 0.000160606
118.196 7.64712e-05
121.646 9.28894e-05
129.369 0.000159642
119.422 0.000160201
121.361 0.000160587
147.37 0.000164878
124.137 0.000164313
126.253 0.000161494
117.353 0.00016676
128.383 0.000160123
121.384 0.000159226
138.294 0.000165116
124.034 0.000180637
120 4.68796e-05
130.656 0.000165476
128.997 0.000164799
124.709 0.000157519
126.621 0.000170504
125.952 0.000152274
124.128 0.000178671
147.382 0.000149321
118.035 0.000170801
141.394 0.00016621
126.925 0.000155315
123.44 0.000153923
124.881 0.000169901
124.201 0.000176791
138.29 0.000172783
120.572 0.000159529
133.021 0.000178296
119.728 0.000156
123.351 0.000187885
116.105 0.000158183
129.47 0.000183179
124.419 0.000181106
122.512 0.000153667
118.5 0.000152013
124.098 0.000147898
125.678 0.000160605
123.389 0.000148537
125.01 0.000159392
130.287 0.000165824
126.438 0.000177811
151.514 0.000149279
130.074 0.000160336
122.198 0.000158223
125.749 0.000162174
124.981 0.00016964
122.198 0.000162741
125.557 0.000158212
123.895 0.000161462
123.15 0.000161464
126.93 4.88657e-06
123.05 0.000150642
124.161 0.000160686
129.542 0.000161756
122.772 0.000165435
119.465 4.5513e-05
154.631 0.000163393
124.015 0.000164093
127.536 0.000157497
129.55 0.00016695
124.533 0.000159398
122.192 0.000164742
131.698 0.000162278
141.444 0.000153897
125.514 0.000153639
130.333 0.000158836
119.646 0.000166778
131.284 0.00015974
120.759 0.0001677
134.735 0.000169032
115.457 0.000159202
123.985 9.20941e-05
125.751 0.000166122
125.756 0.000158923
119.028 0.000163452
126.868 0.00016625
123.496 0.000153687
125.58 3.40613e-05
122.939 0.00015698
124.965 0.000166072
123.053 0.000180938
138.47 0.000172966
127.393 0.000158139
126.731 0.000158077
117.935 0.000159953
152.251 0.000165966
124.17 0.00016525
124.239 0.00023669
119.037 0.000152431
122.379 0.000181855
124.364 0.000163648
121.333 0.000160438
121.917 0.000160804
124.469 0.00014945
136.087 0.000179337
136.851 0.000164375
128.5 0.000169306
126.786 0.000167477
131.37 0.000157786
121.117 0.000163443
122.128 0.000108065
120.828 0.000146235
125.335 0.000171465
136.279 0.000169209
119.784 0.000156211
127.532 0.000172673
158.52 0.000184098
124.377 0.000165724
117.122 0.000161468
127.187 4.74794e-05
146.91 0.00016265
124.388 0.000168126
115.249 0.000157281
118.435 0.000158535
115.536 0.000134213
126.604 0.000161198
117.189 0.000156588
126.148 0.000161286
125.718 0.000162031
124.365 0.000153841
120.605 0.000170759
124.599 0.000160254
123.849 0.000154343
125.344 0.000159584
124.148 0.000170581
121.885 0.00016102
133.477 7.01208e-05
115.259 0.000159868
126.605 0.000177454
125.033 -0.000160948
122.349 0.000148582
117.012 3.97025e-07
121.231 0.000214423
125.473 0.000157029
123.737 0.000165423
123.951 0.000158243
124.3 0.000146022
118.72 0.000167837
139.361 0.000174928
115.554 0.000179224
127.709 0.000158747
128.25 0.000153389
128.857 0.0001596
123.688 0.000154085
124.626 0.000157909
131.618 0.000164432
125.351 0.000157376
125.494 0.000183469
121.83 0.000159326
118.115 0.00015587
126.046 0.000158659
124.568 0.000189301
126.63 0.000185664
125.028 0.000166491
128.591 0.000170911
119.466 0.000158804
117.055 0.000174284
118.443 0.000157411
147.331 0.000158806
120.147 0.000179736
120.414 0.000145146
130.053 1.86723e-06
128.986 0.000172315
121.105 0.000180231
124.954 0.000163038
124.365 0.000157295
126.822 0.000162579
122.373 0.000158774
120.367 0.000158121
122.413 0.00016398
126.39 0.000161132
127.69 0.000159328
124.846 0.000163895
123.072 0.000161027
125.011 0.000166124
123.508 0.00014682
126.417 0.000178687
125.229 0.000173567
124.731 0.000169594
125.449 0.000156207
142.445 1.17791e-05
126.185 0.000166912
140.457 0.000167512
124.47 1.74546e-05
119.254 0.000169428
126.989 0.000162553
126.9 0.000158198
135.063 0.000159783
121.024 0.000161367
122.193 0.000178627
121.225 0.000189087
125.935 0.000168009
120.225 0.000180794
121.658 0.000190391
122.562 0.00018382
120.981 0.000164575
119.953 0.000154297
127.904 0.000160194
121.041 0.000182311
124.408 0.000165052
125.298 0.000169724
116.878 0.000150403
127.67 0.000165249
129.119 0.000168527
116.585 0.000162775
127.386 0.000165472
126.882 0.000164752
126.959 0.000168925
123.371 0.000181668
131.413 0.000158334
121.746 0.00014964
122.616 0.000187237
125.29 0.000163718
125.57 0.000176542
124.627 0.000136473
125.939 0.000170536
126.523 0.00016318
121.01 0.000163653
126.881 0.000164217
122.721 9.35542e-05
125.381 0.000162985
141.604 0.000172516
122.68 0.000167347
124.689 0.000161572
115.754 0.000124279
124.617 0.000158269
162.878 0.000148776
126.796 0.000157183
120.21 0.000168681
123.423 0.000169752
125.112 0.00016095
118.383 0.000170514
125.245 0.000150814
121.576 0.000163139
125.316 0.000162161
125.981 0.000167985
124.54 0.000182393
124.495 0.000160828
124.329 0.000160194
118.966 0.000160468
123.816 0.000156673
145.296 0.000164871
122.953 0.000138729
143.65 0.000154913
122.878 0.000161584
123.385 0.000160228
125.669 0.000174773
133.413 2.11178e-07
119.906 0.000167703
117.875 0.000140627
160.555 0.000148929
122.389 0.000165795
123.432 0.000157467
122.581 0.000164303
123.668 0.000159476
126.593 0.000147952
127.079 0.000180695
125.464 0.000162382
125.204 1.72342e-05
122.718 0.000180354
124.303 0.000163986
134.637 9.30027e-05
130.267 3.00186e-06
127.534 0.000171586
127.24 0.000167778
128.454 0.000134063
126.074 0.00014594
120.797 0.000114984
120.909 0.000158879
145.506 0.000165874
124.602 0.000160424
123.454 0.00016812
139.814 0.000163104
136.717 0.000153314
128.828 3.46132e-05
126.257 0.000107673
120.615 0.000162526
125.616 0.000157303
126.993 0.000184454
124.787 0.000183728
127.764 0.00014724
126.254 0.000180881
122.601 0.000163928
123.313 0.000169345
127.405 0.000181104
131.46 0.000159061
125.039 0.000161049
124.388 0.000172474
127.045 0.000178774
128.244 0.000156609
147.195 0.000174833
127.592 0.000149011
125.31 -0.000184199
121.368 1.17652e-05
121.599 0.000167155
115.757 0.000164075
126.815 0.000158204
119.221 0.000178133
125.787 0.00017565
125.497 0.000158798
118.056 7.28078e-05
117.791 0.000138286
135.871 0.000164986
126.901 0.000183429
128.429 0.000149429
121.959 0.000176187
147.192 0.000165021
125.285 0.000163267
119.05 0.00017316
127.056 0.000159182
121.21 0.000181438
122.577 8.79802e-05
116.241 0.000167663
122.101 0.000182697
125.426 0.000180714
127.476 0.000161757
128.146 0.000163585
124.88 0.000184562
140.205 0.000174132
124.524 0.000182557
157.141 0.000163508
124.568 0.000179416
132.424 0.000173346
124.838 0.000151388
122.671 0.000152796
131.443 6.16544e-05
124.108 0.000125201
123.12 0.000167533
125.595 0.000158179
123.368 4.82416e-06
116.381 0.000172284
125.579 0.000154388
129.244 0.000167705
120.265 0.000184398
123.215 3.07515e-06
125.479 0.000171584
126.385 0.000160834
122.309 0.000159911
118.498 0.000186055
124.817 0.00016026
124.348 0.000164395
122.213 0.000161959
128.167 0.000153346
127.587 2.31216e-05
117.834 0.000158926
122.978 0.000160814
132.811 0.000125555
126.014 0.00017823
139.016 0.000182476
123.951 0.000182473
124.398 0.000160338
126.588 0.000159127
122.223 0.000155542
122.283 0.000161256
121.792 0.000172312
123.248 1.15557e-05
121.778 0.000163931
131.037 0.000151554
129.092 0.000186378
125.881 0.000165001
120.651 0.000166963
123.815 0.00016498
118.244 0.000173271
119.788 0.000139208
125.938 0.000161429
119.857 0.000186371
129.085 4.87596e-05
121.191 0.000166824
115.372 4.56202e-05
125 0.000168137
118.367 0.000144623
124.422 9.37826e-05
116.893 0.000160587
129.139 0.000154496
