161.284 0.000115981
131.67 0.000310128
123.234 0.000302546
128.805 -0.000301616
160.449 0.000344217
134.449 0.000301576
117.39 0.000308012
130.345 0.000259875
130.565 0.000300503
128.592 5.80179e-06
127.925 0.000301465
129.391 0.000314694
126.704 0.000336794
122.062 0.000295141
129.567 0.000298871
124.884 0.00030871
129.798 0.000358215
127.026 0.000172856
131.972 0.000301575
128.395 0.000281865
130.445 0.000310292
126.181 0.000303343
126.147 0.000318279
120.803 0.000293947
132.387 0.000352658
132.193 0.000312189
126.242 0.000300683
130.472 0.000321573
126.603 0.00031506
130.68 0.000301896
130.075 0.000315757
129.693 0.000312748
128.304 0.000295133
131.218 0.000300017
123.727 0.000313076
129.186 0.000300296
130.482 0.000311766
128.339 0.000341782
130.595 0.000300519
130.051 0.000150172
129.517 0.000299111
129.721 0.000304778
119.947 0.000315462
129.23 0.000123388
131.361 0.000345761
127.444 0.000309811
128.81 0.00030424
129.222 0.000326734
167.732 0.000259134
129.182 0.000307581
128.242 3.21173e-05
134.923 0.000296358
120.154 0.000297738
127.445 0.000258949
132.74 0.000294563
132.327 0.000316669
131.51 0.000344131
128.956 0.000313579
130.32 0.000296573
130.649 0.000312706
136.279 0.000299265
127.294 0.000295467
128.44 0.000328114
128.913 0.000313694
128.982 0.000296626
130.553 0.000330572
127.81 0.000330283
125.942 8.72907e-05
131.558 0.000314948
130.154 7.57203e-07
130.063 0.0002999
126.641 0.000300003
129.54 0.000333133
131.073 0.000311626
129.609 0.000320376
131.144 0.000346864
128.693 0.000310101
132.896 0.000266427
133.723 0.00032473
126.426 0.000167236
132.87 0.000340998
161.993 0.000306793
127.643 0.000320236
118.005 0.000322423
127.905 0.0002468
131.227 0.000302013
128.503 0.000342444
133.182 0.000313139
130.79 0.000310957
130.681 0.0003026
