128.993 0.000353446
130.174 0.000351758
130.2 0.000312852
128.566 0.000355186
123.683 0.000296483
129.191 0.000313898
130.967 0.00014885
128.186 0.000327016
127.903 0.000317812
130.827 0.000316769
130.993 0.00035837
129.835 0.000323128
127.285 0.000290512
119.183 0.000329054
129.216 0.000311045
127.036 0.000314741
127.57 0.000330248
124.447 0.0003396
128.96 7.87423e-07
131.692 0.000300135
129.831 0.00032725
129.241 0.000121265
122.839 6.9223e-05
124.889 0.000317912
129.964 0.00031411
128.545 0.000325791
123.251 0.000318934
129.586 0.000333149
130.714 4.90011e-05
129.036 0.000328444
129.672 0.000354037
127.997 0.00037621
126.99 0.000331779
123.83 0.000315295
157.504 9.34168e-05
119.265 0.00031218
134.597 0.000276705
129.912 0.000316994
131.604 0.000324321
125.183 0.000312512
123.753 0.000320456
132.266 0.000327833
142.493 0.000334249
127.179 0.000452084
125.913 0.000344787
129.346 0.000311767
129.494 0.000315331
116.691 0.00031307
128.117 0.000326918
126.94 0.000209872
129.79 0.000298976
128.492 0.000312161
129.897 0.000242962
127.672 0.000315474
128.912 0.000319383
135.049 9.39434e-05
131.094 0.000316175
130.766 0.000315677
129.499 0.000331515
130.177 0.000319666
131.88 0.000336092
125.163 0.000356806
129.712 0.0001254
127.107 0.000344319
129.283 0.00032872
128.844 0.000322271
130.177 0.000327344
129.087 0.000364449
124.194 0.000283609
127.325 3.52724e-06
131.374 0.000334132
128.259 0.000318232
129.805 0.000324059
132.513 0.000354959
127.058 0.0003741
124.389 0.000352218
125.81 0.000322094
125.658 0.000315948
130.58 0.000353064
130.529 0.000329509
124.323 0.000334076
129.156 0.000329695
129.244 0.000150813
132.534 0.000319338
125.42 0.000314569
129.582 0.000314437
123.527 0.000336391
128.342 0.000355801
124.082 1.54274e-05
129.717 0.000249503
132.65 0.000321188
169.307 0.000326471
124.907 0.000312025
162.63 0.000316648
125.744 0.000346149
125.676 0.000328741
123.846 0.000314266
129.244 0.000313403
118.667 0.000319489
127.544 0.000304583
126.15 0.000349383
139.438 0.000291173
131.261 0.000354891
128.71 0.000332596
127.298 0.000334778
129.559 0.000320439
127.211 0.000345117
115.018 0.000280297
119.346 0.000316633
127.085 0.000322828
131.022 0.000310544
149.385 0.000324056
126.897 0.000344509
132.182 6.77336e-05
129.676 0.000123032
126.027 0.000327998
132.464 0.000343646
128.725 0.00035262
130.108 0.000324589
130.605 0.000352395
138.229 0.000314886
133.815 0.000312484
126.705 0.000322997
130.943 0.000315325
117.875 0.000315437
120.896 0.000359258
130.34 0.00031653
128.01 0.000339532
124.715 0.000309818
130.024 0.000318941
131.013 0.000314941
127.064 -0.000343387
125.257 1.32708e-06
130.366 0.000312718
159.324 0.00029124
135.48 0.000316725
134.243 0.000312535
125.896 0.000362528
126.776 0.000183035
132.515 0.000312091
130.941 0.000335796
130.839 0.000340066
123.135 0.000342157
129.191 0.000326348
129.28 6.03634e-06
124.202 0.000323246
121.027 0.000323229
128.692 0.000519663
130.854 0.000563794
131.02 0.00054685
132.463 0.000518215
129.803 -0.000527811
127.312 0.000489454
128.888 0.000520147
139.942 0.000527566
119.395 0.000581786
131.73 0.000574497
127.687 0.000580557
130.093 0.000533101
131.507 0.000252047
121.477 0.000486574
129.495 0.000543421
129.215 0.000577669
126.382 0.000603851
129.577 0.000563485
134.952 0.000519643
131.26 0.00043556
126.444 0.000591476
131.945 0.000538126
129.128 0.00054847
127.213 0.000518815
134.268 0.000521318
128.975 0.000525628
129.225 0.000546016
129.882 0.000532236
129.682 0.000531409
122.734 0.000589493
126.442 0.000573646
130.18 0.000516422
129.904 0.000559916
131.83 0.000474362
123.097 0.000550788
124.242 0.000525454
128.508 0.000603476
115.713 0.000524135
129.688 0.000528012
128.271 0.000202133
119.722 0.000553397
128.795 0.000541367
124.588 0.000586683
128.691 0.000529489
127.206 0.000536851
128.658 0.000540409
126.518 0.00050833
128.392 -0.000537019
125.942 0.000432075
132.317 0.000516089
131.014 0.000540697
133.237 0.000560183
125.194 0.000556774
123.453 0.000499797
128.25 0.000486041
131.914 0.00058351
126.422 0.000503231
126.68 0.000559884
122.805 0.000534746
127.516 0.000598375
131.483 0.000547428
130.816 0.000449006
128.593 0.000555188
129.871 0.000596079
130.187 0.00057895
131.049 0.000496597
130.482 0.000486996
138.671 0.000575815
133.435 0.00049831
130.709 0.000531093
134.168 0.000610924
127.362 0.000514446
130.298 0.000537353
128.737 0.000245669
134.11 0.00015292
132.136 0.000527249
130.768 0.000246047
160.842 0.000587163
127.781 1.2847e-06
132.688 0.00056331
128.713 0.000570145
130.559 0.00053737
147.917 6.06335e-06
125.519 0.000525868
131.22 0.000515295
129.999 0.000513914
128.81 0.000522205
129.862 0.000557689
130.105 0.000519649
-nan 0
123.005 0.000551775
131.814 0.000502648
133.477 0.000538819
130.198 0.000541784
126.892 0.000527377
129.488 0.000609992
127.892 0.000530091
129.014 0.00053576
131.443 0.000518841
136.086 0.000524927
128.621 0.000529285
127.183 0.000554764
131.829 0.000458987
126.619 0.000593861
128.713 0.0002482
122.271 0.000546157
129.94 0.000548702
128.513 0.000455008
129.604 0.000529651
127.197 0.000530688
129.159 0.000598811
127.498 0.000186182
130.109 0.000575532
127.071 0.000520969
128.495 0.000518685
125.791 0.000568214
131.926 0.000592624
128.171 0.00059518
139.804 0.000499336
131.816 0.000518014
127.146 0.000488903
127.201 0.000597703
129.696 0.000484525
124.762 0.000532582
129.956 0.000576945
128.205 0.000488934
132.055 0.000516726
130.574 0.000525319
126.445 0.000486389
130.307 0.000608077
122.704 0.000530321
130.981 9.62634e-06
