125.692 0.000179217
138.37 1.73128e-06
122.919 0.000159674
151.166 0.000164244
126.069 0.000159207
166.317 0.000158781
118.492 0.000154221
129.821 0.000161097
124.955 0.000175546
141.39 0.000179505
160.929 0.000153458
119.842 0.000180429
162.065 0.000172847
121.539 0.000148202
124.394 0.00018029
126.416 4.66825e-05
123.575 0.000157643
141.932 0.000172276
119.721 0.000158419
122.478 0.000165541
116.695 0.000170289
120.638 0.000169212
129.641 0.000187383
130.415 0.000173816
119.177 0.000162018
169.938 0.000160635
130.495 0.000161431
124.426 0.00016409
117.408 9.16639e-05
125.125 0.000162025
131.343 0.000166049
117.539 0.000188895
120.943 0.00018141
123.108 0.000136671
142.316 0.000158549
142.371 0.000165543
125.348 0.000172109
116.804 9.53171e-05
135.562 0.00016242
126.82 0.000159097
128.777 1.49725e-07
130.757 0.000171261
125.275 0.000173175
126.907 0.000159293
118.269 0.000166967
121.427 0.000162364
123.266 0.000173099
127.023 0.000161851
123.013 -0.000208486
150.57 0.000183412
118.621 0.000172363
125.994 0.000179718
169.662 0.000166716
143.496 0.000173561
125.686 0.000171402
141.837 0.000150542
126.896 1.02615e-07
119.685 0.000171777
124.347 0.000136604
126.176 0.000160626
124.332 3.11809e-06
129.546 0.000172449
122.263 0.000152034
126.367 -0.000186085
127.884 0.000150865
130.105 0.000160973
125.275 0.000147012
124.834 7.59191e-05
123.475 0.000164084
118.362 0.00016545
124.649 0.000163634
118.478 0.000137675
120.655 8.91096e-05
115.932 0.000160397
162.866 0.000155758
158.84 0.000157289
120.317 0.000184463
122.931 0.000174754
121.289 0.000159916
126.148 0.000165482
124.647 0.000152381
125.082 0.000184266
158.001 0.000156047
164.402 0.000160615
158.259 0.000167164
117.695 0.000168638
135.326 0.000180722
123.804 0.000159662
123.964 0.000155013
143.542 0.000158082
122.574 -3.35025e-05
168.22 0.000156497
152.149 0.000158947
165.861 0.00018533
127.24 0.00015895
121.824 4.67833e-05
130.683 0.000158715
151.203 0.000158517
127.515 0.000172686
169.988 0.000181345
124.21 0.000124956
127.256 0.00016437
127.813 0.000167515
115.625 0.000164413
121.527 0.000174389
119.026 1.50073e-07
132.051 0.000165251
126.107 0.000167261
148.257 6.13984e-05
127.048 0.000155425
127.734 0.000157421
118.972 0.000145426
137.768 0.000128418
126.143 0.000149835
124.379 0.000167751
132.264 0.000161055
169.846 0.000145505
115.716 0.000169178
146.926 0.000144267
125.171 0.000161029
134.223 7.4804e-06
133.091 0.000164713
152.501 0.000188663
125.73 0.000156568
121.566 0.000167661
123.818 2.85886e-06
125.566 0.000164895
128.695 -0.000179278
157.206 0.000159854
124.075 0.000162391
121.817 7.83127e-05
123.928 0.000164283
133.143 0.000143909
128.513 0.000152538
125.762 0.000159505
125.591 0.000150696
128.859 7.0198e-07
122.614 0.000150291
155.772 0.000160175
123.54 0.000182644
119.972 0.0001674
121.503 0.000161799
123.923 0.000164661
120.878 0.000163995
126.931 0.000165776
123.391 0.00016558
117.056 0.000157081
118.877 0.000168647
125.651 0.000160707
139.833 1.19722e-05
125.276 0.00015664
122.959 0.000161855
122.448 0.000154395
124.738 0.000164953
127.508 0.000137325
126.817 0.000164632
125.914 1.16755e-05
131.524 0.000133564
128.507 0.000181317
125.099 0.0001569
122.578 2.4872e-05
125.907 0.000150212
127.756 0.000161259
125.814 0.000150719
149.092 0.000170532
121.418 0.000159474
123.285 0.000171547
154.259 0.000165598
124.066 0.00015629
168.415 0.000158574
125 0.000166076
124.403 0.000162627
168.686 0.000160253
123.255 0.000181484
148.359 0.000122514
121.914 1.12421e-07
124.967 0.0001639
122.978 0.000165035
124.012 -0.00017065
137.865 0.000167146
118.96 0.000184664
124.603 0.00015828
138.058 0.000150384
125.818 0.000171562
121.831 0.000164057
121.86 0.000160377
126.078 0.000154417
164.224 0.000170846
146.087 4.01428e-07
126.326 0.000166173
126.343 0.000159577
125.474 0.000169214
122.488 0.000167008
121.995 3.46698e-05
133.938 0.000167853
117.702 0.00012381
146.567 1.74573e-05
123.653 0.000108831
118.177 0.000179664
124 0.00016024
122.781 0.00018067
126.923 0.000162099
122.917 0.000166609
139.058 0.000148362
124.06 0.000161047
124.641 0.000163821
120.278 0.00016145
130.513 0.000176949
139.879 4.83733e-06
127.568 0.000165886
125.035 0.000168192
153.038 0.000178002
125.954 0.000161582
124.974 0.000160076
169.832 0.00015974
127.724 0.000159922
163.17 0.000187421
142.46 0.000178928
143.167 8.16992e-05
123.079 0.00018218
126.072 0.000153197
125.508 0.000154637
122.845 0.000170062
151.411 0.000160666
151.226 0.00018163
168.714 0.000157826
124.447 0.000158976
124.003 -0.000177653
121.912 2.43772e-05
124.123 0.000170691
141.573 0.000165942
124.022 0.000159483
121.984 0.00018272
125.47 0.000160297
124.823 0.000156437
124.09 0.000157249
150.718 0.000162314
125.55 0.000153214
117.377 0.000162324
125.916 0.000157038
124.33 0.000160242
158.608 0.00016704
122.558 0.000162758
127.832 0.000163788
138.914 0.000161145
122.152 2.48723e-05
159.188 9.33124e-05
124.216 0.000164115
150.892 0.000161964
123.684 0.00016198
165.078 9.46748e-05
123.81 0.000150883
125.407 0.000159989
122.648 -0.000164689
136.729 6.31979e-05
168.314 0.000180463
122.395 0.000127966
129.358 0.000155536
125.665 0.00016056
123.599 0.000183773
119.377 0.000187577
124.616 0.0001631
121.012 0.000136743
142.512 0.000153263
125.086 0.000154845
167.853 0.000164809
126.898 0.000155937
122.024 0.000159495
156.369 0.000161066
153.264 0.000164785
119.977 0.000160398
141.481 0.000168236
120.803 0.000162889
124.777 0.000158117
120.929 0.00014424
169.057 0.000160365
127.081 0.000166269
125.2 9.43647e-05
130.713 0.000164851
128.7 0.000160945
124.372 0.000160542
165.063 0.000160865
126.834 0.000168171
154.451 0.000150988
153.632 0.000154873
150.24 0.000163671
122.812 7.36596e-06
126.382 0.000165736
124.216 0.000159652
133.139 0.000155842
122.577 0.000159713
133.599 0.000173027
164.965 0.000163546
127.348 0.00019037
126.18 0.00015838
118.156 0.000154769
154.442 0.000163593
126.263 0.000168565
123.989 0.000165442
121.704 0.000170025
116.713 0.000169436
120.002 0.000166292
118.665 0.000159614
153.665 0.000175661
125.339 0.000161974
148.766 0.00016048
164.837 0.000155449
122.82 0.000140319
135.043 0.000145453
139.313 0.000165098
125.18 0.000185153
124.841 -0.000167903
126.055 0.000158275
148.634 0.000167007
123.745 -1.73837e-05
166.371 0.000154678
124.974 -0.000167634
120.702 0.000155845
149.096 0.000164758
169.679 0.000166363
116.182 0.000165762
126.142 0.000166464
118.327 3.52145e-05
141.288 0.000157234
128.478 0.000170964
124.57 0.00016886
126.737 0.000141026
125.672 0.000163907
125.383 0.000180551
122.699 0.000153734
119.213 0.000173351
152.014 0.000167089
164.341 0.000160937
125.919 0.000167961
125.949 3.4597e-05
126.556 0.000186012
124.25 0.000182377
124.625 0.000169484
125.292 0.000184916
123.689 0.000164384
125.763 0.000146422
128.345 0.000158436
123.128 0.000157894
145.543 0.000159356
128.066 1.83087e-05
122.906 0.000109751
169.318 0.000173852
123.131 0.000156405
117.649 0.000169158
119.351 0.000185423
117.705 0.000182832
118.194 4.61983e-05
118.328 0.000148086
125.361 0.00016122
124.329 0.000182451
161.298 0.000160635
157.131 0.000162047
127.263 0.00015707
124.303 0.000156929
-nan 0
124.173 0.000166382
121.738 0.000175719
131.923 0.000174991
167.049 0.00016482
122.298 0.00018905
128.594 1.75299e-05
140.458 -0.000177433
123.316 0.000168801
128.213 0.000156391
162.255 0.000149751
117.162 0.000165706
125.201 0.000178833
127.19 9.50592e-05
118.246 0.000165843
120.165 0.000162636
125.458 0.000162155
120.971 0.000160259
127.038 0.000165163
116.761 0.00015464
115.663 -0.000166564
162.677 0.000163313
120.051 0.000187408
125.058 0.000107744
125.092 0.000180394
118.058 0.000167301
129.325 0.000165475
125.866 3.50911e-05
123.995 0.000107485
118.772 0.0001594
122.934 0.000159818
129.645 0.00016092
162.962 0.000172357
133.324 0.000107385
125.895 0.000175337
120.478 0.000107692
136.527 0.00016465
122.385 0.000165936
152.57 0.000165128
143.716 0.000160078
122.595 0.000178774
131.841 0.000181192
123.948 0.000152941
125.269 0.000158789
126.489 0.000131848
122.826 0.000165321
118.696 0.000156694
135.147 -0.000155581
122.958 0.000182516
118.898 0.00012558
125.973 0.000183465
137.886 0.00017871
121.432 0.000167629
160.631 0.000138652
139.319 0.00018182
126.627 0.000164389
123.733 0.000149104
140.12 0.000156979
123.6 0.000165674
125.398 0.00016747
169.24 0.000161623
131.007 0.000165253
124.727 0.000186941
125.625 0.000158919
123.966 0.000166969
123.426 0.000139571
119.331 -0.000175175
124.583 0.000164344
124.007 0.000182213
123.438 0.000158532
125.45 0.000166111
123.263 0.000174418
142.911 0.000148999
121.544 0.000152513
157.898 0.000163889
123.211 0.000177214
124.893 0.000158651
126.811 0.00018699
125.747 0.000164605
118.877 1.16989e-05
150.93 0.000157061
122.909 0.000159146
124.583 0.000153317
123.182 0.000154161
169.588 0.000141405
124.625 0.00017813
152.608 0.000182949
125.729 0.00012194
136.854 0.00016401
127.448 0.000163032
168.182 0.000161198
154.773 0.000178102
126.836 0.00015751
132.181 0.000158171
119.577 0.000164135
119.725 0.000170083
122.899 0.00018264
164.986 0.000123752
125.105 0.00015824
117.199 0.000169048
129.645 0.000157007
150.998 0.000108278
124.681 0.000172059
123.63 0.000160506
123.912 0.000173076
122.257 0.000165106
119.931 0.000181367
121.38 3.45718e-05
124.552 0.000157212
125.245 0.000163152
140.418 0.000179739
122.852 0.000172274
115.683 0.000148228
126.169 0.000165405
117.78 0.000169106
125.244 0.000166285
125.689 0.000166755
123.027 0.000170039
137.337 0.000184018
123.923 0.000164942
165.964 0.000184298
137.855 0.00015838
121.341 0.000163557
125.085 0.000171393
148.68 0.000160133
128.054 4.83138e-06
169.858 0.000185806
127.914 0.000151944
163.053 0.000158139
143.819 7.8766e-05
123.523 0.000160402
125.379 0.000158946
125.744 7.64089e-06
124.87 0.000178995
156.847 0.000180928
163.992 0.000183925
120.909 0.000162316
167.656 0.000164279
159.884 0.000185428
124.744 0.00018837
123.733 0.000167051
128.172 0.000110656
124.299 0.000165495
121.368 0.00021379
139.644 0.000168804
157.728 0.000156384
115.843 0.000170047
128.233 0.000166205
119.995 0.000160506
123.841 0.000162739
169.728 0.000168849
123.908 0.000183644
121.373 0.000122622
144.237 0.000136031
126.215 0.000181896
154.978 0.000147677
124.591 0.000166034
135.874 0.000181888
120.073 0.000183355
124.795 0.000139204
117.282 0.000160785
117.323 0.000159483
121.028 0.000169828
142.012 1.64104e-05
143.192 9.14494e-05
119.591 0.000166398
122.841 0.000178297
158.755 0.000156653
122.117 0.000167875
125.87 0.000137829
124.377 0.000166082
124.884 0.000162001
123.993 0.000160843
154.644 0.00017741
126.235 0.000169805
146.655 0.000170758
127.286 0.000163528
121.407 0.000177414
124.735 0.000153424
123.645 0.000170973
121.877 0.000181249
124.68 0.00017846
143.229 0.000160013
123.161 0.00018368
123.141 0.000183385
156.766 0.000160522
126.859 0.000151559
116.386 0.000165873
118.685 0.000183599
123.537 0.000163851
122.942 0.000181343
137.774 0.00016958
125.907 0.000168997
124.157 0.00016247
118.963 0.000163674
138.517 0.0001621
126.143 0.000161086
169.471 0.000161043
123.853 0.000185418
126.788 0.000135141
132.85 -0.000172694
119.727 0.000156385
118.973 0.000158229
126.197 4.87378e-05
168.461 0.000165905
161.996 0.000168034
122.893 0.000185504
129.702 0.00018098
123.559 0.000173911
128.612 0.000184403
118.798 0.000178487
124.258 0.000166177
165.074 0.000172504
116.418 0.000171372
124.889 -0.000161692
122.473 0.00015511
126.019 0.000169316
143.718 0.000162117
119.273 0.000168682
125.107 0.000156654
119.054 0.000179765
120.474 0.00015879
125.776 0.000161124
151.921 0.000151935
126.228 0.000154739
116.098 0.000181173
119.496 0.000158613
122.418 0.000155309
118.795 0.000160952
123.61 0.000152426
126.271 0.000155289
115.531 -0.0001758
125.127 0.000179119
126.746 0.000162244
130.304 0.000159081
119.702 0.000182654
119.649 0.000160102
121.175 0.000185125
123.488 4.8249e-05
128.817 0.00016381
133.349 0.00015924
144.313 0.000172479
127.393 0.000161119
151.337 0.000159326
121.4 0.000180154
123.666 0.000147943
121.539 0.000163553
125.535 0.000178851
122.272 0.000173547
134.36 0.000169922
123.997 0.000161106
121.813 0.000169723
124.063 0.000151238
148.213 0.000182193
118.203 0.000180641
155.116 0.00015824
125.598 0.000182575
125.709 0.000162127
126.12 0.000175549
128.289 0.000158866
115.694 0.000158296
122.088 0.000154628
124.47 0.000166941
131.948 0.000160441
154.487 0.000160892
120.051 0.000168251
121.66 0.000173448
120.785 0.000162045
126.414 -0.000174181
123.22 0.000166558
154.885 0.000164355
123.164 0.000158934
131.305 0.000165864
124.849 0.000173984
118.491 0.000158684
127.166 0.000161478
123.191 0.000158247
122.861 0.000162187
126.275 0.000138102
161.498 0.00017423
125.123 0.000158701
125.999 0.000186312
122.147 0.00016659
150.256 0.00018184
119.873 0.000164457
139.88 0.000163727
128.53 -0.000168625
119.6 0.000165542
125.183 0.000157448
118.851 0.000129434
159.581 7.76472e-06
121.921 0.000157441
125.523 0.000136442
120.68 0.00016357
158.588 0.000153647
123.847 9.21621e-05
129.689 0.00017847
120.296 0.00016568
122.075 0.000157156
157.494 0.000181817
123.438 0.00017923
121.099 0.000163814
-nan 0
123.476 0.000158084
126.026 0.000182796
160.367 -0.000165189
127.647 0.000163607
125.432 0.000158084
116.888 0.000158521
117.863 0.000176032
126.389 7.74133e-05
151.912 0.000159284
124.838 0.00016593
126.015 0.000137215
119.933 0.000162019
152.623 0.000164083
123.285 0.000180327
123.337 2.45481e-05
129.734 0.000191336
129.264 0.0001674
125.777 0.000155221
125.081 1.7096e-05
159.976 0.000164198
124.498 0.000168557
124.187 0.000175537
122.603 0.000160916
126.735 0.000157016
121.267 0.000168448
134.099 0.000178053
130.667 0.000164149
123.127 0.00016755
129.027 0.000179161
152.957 1.85929e-06
145.689 0.000160308
121.22 0.000160128
123.184 0.000171593
125.037 0.000159357
120.255 0.000170307
124.095 0.000181682
123.871 0.00016466
119.436 0.000178052
126.888 0.000178619
123.156 4.96993e-06
123.644 0.000159418
118.72 0.000159778
125.566 0.000156527
115.046 0.000161158
126.18 0.000188236
166.23 0.00017168
127.351 0.000173442
148.232 0.000166456
146.437 0.000186411
116.075 0.000160329
126.565 0.000179208
125.176 0.000159879
168.822 0.000184577
157.124 0.000163832
124.617 5.45709e-05
122.922 0.000160658
127.171 0.000180305
123.369 0.000125338
134.851 0.000136619
140.887 0.000158287
139.968 0.000180651
122.327 0.000156922
128.594 0.000159764
121.269 0.000163978
122.659 0.000170719
126.842 0.000172724
123.482 9.41553e-05
126.807 0.000168052
124.83 0.00016134
121.872 0.000157752
127.869 6.16547e-05
120.808 0.000148416
124.07 0.000180367
125.718 0.00015886
124.302 0.000162689
122.075 0.000171931
127.25 1.16634e-05
124.435 0.000161814
125.122 0.000162057
124.876 0.00015868
127.811 0.000171587
121.198 8.20654e-05
126.487 0.000168719
159.081 4.70038e-05
117.061 2.46335e-05
164.683 0.000159848
126.749 0.000163093
131.746 0.000161622
141.406 0.000163238
121.383 0.00016219
127.956 0.000152221
118.877 0.000158916
140.515 0.000157831
123.093 0.000164717
127.917 4.45643e-05
125.912 0.000154526
140.278 0.000169283
152.468 0.000163237
124.281 0.000157286
159.394 0.000173634
124.301 0.000165874
124.097 0.000158209
124.049 0.000184292
119.152 0.000164936
127.484 0.000160754
154.461 0.000174942
115.503 0.000161114
122.118 0.000159292
124.963 0.00016205
126.24 0.000156236
121.032 0.000166791
116.009 0.000189116
124.798 0.000159227
116.521 0.000181009
128.398 0.00017193
125.043 0.000165373
159.483 0.000160787
136.099 0.000165189
123.552 0.00015868
162.642 4.85358e-06
119.213 0.000159062
128.276 0.000147744
134.464 0.000156764
160.402 0.000167763
156.652 0.000169486
163.447 0.000161042
125.306 1.48963e-07
126.746 9.28647e-05
144.742 0.000158656
125.405 0.000181299
162.42 0.000164299
125.097 0.000158002
127.606 4.51963e-05
162.894 0.000118991
123.245 0.000160565
123.705 0.000166952
116.091 0.000172552
144.913 3.81954e-07
128.532 1.74582e-05
124.848 0.00016708
126.499 0.000154463
124.127 0.000138259
133.362 2.47476e-05
127.16 0.000159315
122.546 3.04484e-06
163.248 0.000153497
122.666 0.000157274
123.252 0.000162624
139.257 0.000158315
118.234 0.000173774
123.38 0.00015692
128.622 0.000186799
146.134 0.000158001
125.367 0.000159084
115.334 0.000144365
128.562 0.000171257
120.907 0.00016764
122.842 0.000180813
139.833 0.000162104
128.363 0.000191304
118.149 0.000164789
124.367 0.000160591
158.233 0.00016313
122.558 0.000166084
122.927 0.000166738
145.774 0.000158192
127.825 0.000179661
123.028 0.00016453
123.836 0.000162519
154.807 0.000188751
126.796 0.000167609
150.299 0.000182644
123.571 0.000176264
115.168 0.000164945
115.414 0.000162743
124.009 0.000168654
124.891 0.000180383
126.384 0.000144343
126.917 0.000157229
164.397 0.000181993
121.969 0.000150091
121.507 0.000161234
121.933 0.000164215
149.966 0.000165711
125.79 8.39787e-05
125.939 7.96621e-06
122.11 0.000178403
121.048 0.000186702
124.707 0.000166073
164.883 0.000162632
124.281 0.000171988
123.511 3.41194e-05
145.656 7.78049e-06
124.73 0.000194326
129.554 0.000170613
131.524 0.000164835
165.851 0.000148704
124.241 0.000161703
124.107 0.000174319
165.977 0.000158547
125.057 0.000190238
126.172 0.000159357
151.568 0.00015731
127.761 0.000160647
128.075 0.000169376
123.921 0.00018281
124.693 0.000180828
124.158 0.000159988
124.478 6.8114e-05
125.601 0.000170509
123.243 0.000169671
122.781 0.000165929
124.016 0.000164546
123.896 0.000158491
125.845 -0.000179222
121.499 0.000142218
137.551 0.000180619
163.286 0.000181386
136.782 0.000173631
149.982 -0.000169469
125.35 0.000161814
164.61 -0.000168982
141.199 5.61557e-05
126.039 1.84035e-06
143.469 0.000165343
142.679 2.45279e-05
123.734 0.000154733
116.11 0.000159381
125.174 0.000164249
127.005 0.000159354
125.263 0.000158393
125.145 0.000167606
149.531 0.000169385
153.998 0.000165883
127.088 0.000165247
119.249 7.27098e-05
120.321 0.000123905
125.78 0.000158781
-nan 0
124.364 0.000167289
156.032 -0.000177641
118.312 0.000183521
124.912 0.000159107
123.083 0.000187039
152.166 0.000163953
125.853 0.000172798
125.022 0.000161525
124.494 0.000165791
124.948 0.000113148
127.597 0.000163952
161.978 0.00015831
149.303 0.000163056
141.493 0.000163854
121.189 0.000184642
125.566 0.000158114
123.237 6.76051e-07
166.572 0.000166574
126.368 0.000149648
131.121 0.000158667
124.11 0.000182773
116.37 0.000157177
122.299 0.000190064
125.252 0.000161224
146.919 0.000159686
128.487 0.00016918
129.153 0.000150359
119.719 0.00015382
137.999 0.000151075
133.957 0.000166589
123.99 0.000164457
144.925 0.000159497
126.867 0.000170125
123.283 0.000167864
117.127 0.000173606
167.918 0.000165474
155.408 0.000164498
119.385 0.000164995
138.43 0.00016149
134.654 0.000160638
132.577 0.000159387
155.392 0.0001394
126.644 0.000148557
123.76 0.000172023
162.603 0.000152009
123.194 0.000151299
167.377 0.000147216
123.134 0.000162448
124.465 0.000147835
152.189 0.000167524
123.587 0.000180779
125.25 3.44495e-05
127.444 0.00015991
160.751 -0.000163753
125.274 0.000157304
125.718 0.000160144
130.403 0.000170537
147.989 0.000160297
127.283 0.000171098
123.851 -0.000181103
128.395 0.000170199
125.309 0.000161416
-nan 0
143.413 0.000173661
123.462 0.000189121
152.269 0.000159996
135.31 6.70705e-07
124.719 0.000180388
121.278 0.000162347
121.869 3.48179e-05
145.107 0.000179274
123.268 0.000124048
129.112 0.000168347
120.172 0.000166847
136.74 0.000166887
118.007 0.000158223
144.146 0.000167275
125.721 0.000162528
121.579 0.000163966
-nan 0
143.647 0.000158829
122.732 1.7389e-05
124.761 7.55831e-05
128.925 0.000166432
123.561 0.00018117
122.462 6.45377e-05
123.912 0.000158324
123.968 -0.00010673
127.136 0.0001826
163.257 0.000165493
126.991 0.000127889
130.024 0.000179982
116.582 0.000175784
117.871 0.000160124
126.507 0.000172372
149.227 0.000160123
132.085 0.000178113
125.67 -0.00016482
118.878 0.000192411
122.756 0.000158191
129.514 0.000182685
127.109 1.69494e-05
121.42 0.000164778
119.721 0.000164773
147.289 0.000149083
128.597 0.000161777
126.11 0.000178205
122.066 0.000161794
126.534 0.00016599
124.548 0.000148003
150.721 0.000163934
133.896 0.000156407
124.834 0.000173576
125.624 0.000159112
124.937 0.000139509
143.459 -0.00017226
141.124 0.000172156
131.333 0.000167074
143.546 0.000159177
119.726 0.00015809
155.945 0.000183479
124.472 0.000159978
124.799 2.44645e-05
121.893 0.000167815
128.785 0.00016559
145.651 0.00018246
125.331 0.00015657
125.29 0.000156215
161.04 0.000166307
124.111 0.000108723
167.986 0.000179157
127.675 0.000141317
124.978 0.000158565
139.563 4.67456e-05
