123.068 6.4156e-05
127.325 0.000134036
122.84 7.56821e-05
121.153 0.000134537
122.222 0.00013402
124.187 3.98946e-06
117.965 0.000132793
138.092 0.000125379
128.357 0.000140289
124.268 0.000130046
125.775 0.000146153
125.653 0.000131085
139.457 0.000131976
135.625 0.000142323
125.491 0.000130834
122.651 0.000129989
129.888 0.000143558
119.938 0.000104811
123.842 0.000140489
127.84 0.000132301
128.827 0.000128004
125.874 0.000138136
134.934 0.000138519
125.47 0.000137413
119.834 0.000105073
133.675 0.000142242
125.234 0.000130996
116.27 0.000122678
123.464 0.000154365
137.527 0.000142453
126.158 9.8029e-06
160.526 0.000149842
120.232 0.00013939
126.392 0.000133031
125.092 0.000129781
130.556 0.000101755
125.141 0.000131416
152.144 0.00013093
124.329 0.000120262
128.007 0.000132398
124.456 0.000135176
123.158 0.00013441
123.403 0.000137731
125.503 0.000132119
122.6 0.000157917
126.73 0.000130121
124.841 0.000131956
125.962 0.000132543
126.064 0.000132264
115.292 0.000130831
126.173 0.000131788
122.486 0.000133434
122.433 0.000137845
123.42 0.000131736
141.224 0.000129688
127.061 0.000140192
159.295 0.000131977
117.74 0.000152936
124.821 0.000131852
149.867 0.000149123
123.002 0.000131992
125.041 0.000137229
123.809 0.000135139
128.135 0.000134716
124.288 0.000148529
124.551 0.000128985
122.712 0.000137676
118.636 0.000139986
126.613 6.32683e-05
117.706 0.000127391
127.151 0.000138856
125.905 0.000133036
126.552 0.000133904
127.565 0.000135459
126.086 0.000141897
123.768 0.000149192
125.508 0.000147575
126.003 0.000135392
120.958 0.000138442
123.014 0.000135415
125.038 0.000132736
119.303 7.65267e-05
121.101 0.00013813
122.537 0.000140704
126.554 0.00013731
116.92 0.000150038
128.006 0.000142618
126.658 0.000132152
118.634 0.000140909
126.5 5.25295e-05
123.393 8.8938e-06
115.496 0.000135195
125.084 0.000122261
120.656 0.000132593
127.207 0.000130615
129.31 0.000137426
124.835 0.000148111
126.324 0.000149658
124.173 0.000131503
117.749 0.000140243
121.823 0.000132364
129.305 0.000106123
125.083 0.000113137
123.755 0.000131088
118.597 0.000134598
124.798 0.000137181
124.975 0.000114318
125.19 1.57197e-06
140.567 0.000150301
122.598 0.000149937
124.907 1.3962e-05
127.9 0.000126303
126.131 2.06218e-05
124.122 0.000136113
121.774 0.000139538
126.35 0.000129842
164.773 0.000140449
118.259 0.000137375
125.38 0.00013533
127.519 0.000150834
127.616 0.000136184
115.452 0.000138767
126.443 0.000130731
126.363 0.000133302
124.694 8.83847e-05
122.884 0.000154654
123.861 0.000149357
123.278 0.000130906
124.957 0.000136864
118.225 0.000139946
134.06 0.000136602
158.288 0.000148545
123.769 0.000133044
122.857 0.000130605
117.173 0.000121018
122.085 0.000135669
130.633 0.000153597
126.291 0.000139009
115.792 0.000135724
164.902 0.000129513
124.913 0.00011203
123.15 2.86295e-05
131.811 0.000144368
120.586 0.000149553
124.051 0.000138023
121.407 0.000137351
119.548 0.000134454
127.333 0.000132232
126.417 0.000135702
137.475 0.0001521
124.306 0.000149916
125.13 0.000133686
126.906 0.000125472
123.985 0.000137022
123.877 0.000154677
122.257 0.000138686
126.023 0.000133585
122.763 0.000136453
126.806 0.000126904
121.431 0.000124311
119.88 0.000134056
122.475 0.000138089
120.386 0.000131316
119.965 0.000144768
152.784 0.000144706
123.732 0.000128752
124.067 0.000132851
123.204 0.000151664
124.242 0.000138209
115.965 0.000115448
122.404 0.000121418
127.434 0.000148173
120.659 0.000132717
126.264 0.000124486
120.099 0.000130761
123.238 0.0001527
124.639 0.000136577
127.32 0.000131284
125.612 0.000130495
125.195 0.000138056
123.382 0.000142901
126.306 0.000139037
128.002 0.000138638
125.481 0.000133234
126.668 0.000146808
123.558 0.000151196
124.08 0.000126428
125.505 0.000152695
124.164 0.00014971
122.953 0.000132557
121.168 0.000150917
118.058 0.000129307
124.975 0.000143018
122.247 0.000131814
127.139 0.000133369
124.539 0.000129982
159.275 0.000137643
116.485 0.00013961
125.733 0.000126433
125.92 0.000109868
124.447 0.00014849
123.821 0.000141583
121.4 0.000134385
129.043 0.000124741
145.098 0.000132253
125.544 0.000141118
121.551 0.000120908
130.283 0.000131221
123.397 0.000149582
123.586 0.000137961
122.996 0.000128689
120.002 1.02584e-05
119.402 0.00013305
122.909 0.000134919
124.456 0.00013837
122.762 0.000151644
122.812 0.000148345
126.892 0.000139214
123.986 5.07533e-05
127.823 5.09844e-07
116.931 0.000131591
123.416 0.000134453
121.913 0.000131219
121.285 0.000129632
125.267 0.000130418
121.37 0.000137894
131.522 0.00013079
123.365 0.000132091
121.261 0.000131691
121.157 0.000131177
122.841 0.00015143
127.743 0.000129677
124.8 0.000148415
123.512 0.000128654
125.926 0.000132791
127.789 0.000132104
125.026 0.000151623
125.784 0.000122811
135.356 0.00013335
123.827 0.00013068
149.933 0.000131209
121.813 0.000132466
118.684 0.000134991
125.099 0.000130643
125.943 0.000133123
123.329 0.000148177
123.15 0.000132452
119.407 0.000133675
120.962 0.000136423
139.081 0.000129843
118.844 0.000131972
133.623 0.000127167
115.22 0.000129769
116.423 0.000133686
118.856 0.000143674
124.374 0.000134025
119.593 0.000149879
151.848 0.000141734
122.299 0.000130948
130.118 -0.000137098
123.536 0.00014063
125.874 -0.000133033
125.65 0.000130985
122.649 0.000149229
118.988 0.000126848
116.365 0.000146049
124.786 0.000137273
125.928 0.000130959
122.24 0.000131055
129.123 0.000131758
125.461 0.000125667
121.704 0.000131618
125.74 0.000130789
159.078 0.000130641
126.653 0.000149361
126.532 0.000148678
123.165 0.000141144
121.258 0.000127906
119.466 0.000128183
126.107 0.000129518
126.112 0.000140254
122.078 0.000130997
122.171 0.000142242
163.919 0.000151136
126.056 0.00012913
125.008 0.000137069
126.013 0.000130581
151.669 0.000138156
124.891 8.99792e-05
123.74 0.000137272
123.152 0.000131466
126.35 0.000129858
126.12 0.000133515
126.387 0.000130652
127.441 0.000130241
124.407 1.49572e-06
126.17 0.000123096
117.465 0.000132058
126.984 8.84098e-05
121.815 0.000152266
130.25 0.000149829
120.963 0.000142699
143.512 0.000133801
121.222 0.000131442
124.64 0.000148354
121.961 0.000115124
126.693 5.61394e-07
123.194 0.000135757
149.632 0.000150203
127.259 0.000133735
120.786 6.2995e-05
126.436 0.000127171
126.085 0.000128762
125.269 3.94973e-06
125.915 8.76067e-05
122.84 0.000130069
123.798 0.000147098
130.32 9.41953e-06
125.298 0.000130639
125.536 0.000129424
121.408 0.000137024
123.935 0.00013542
140.414 0.000140578
131.585 0.000131
125.596 0.000133997
127.893 0.000142863
124.44 3.91552e-06
127.662 0.000123117
125.122 3.83817e-05
126.188 0.000138701
132.5 0.000135329
124.074 0.000140265
123.194 0.000151004
127.601 2.73561e-05
122.638 0.000136148
121.931 0.000135445
119.642 0.000131274
123.924 0.000122335
124.379 -0.000133205
122.691 0.000130114
126.94 0.000135805
122.276 0.000131816
122.117 0.000139397
124.315 0.000135822
127.962 0.000134154
122.694 0.000135476
123.437 0.000134859
119.276 0.000133635
126.174 0.00013204
130.154 0.00015369
127.578 0.000129573
128.081 0.000132178
126.186 0.000132447
120.357 0.000132091
154.707 0.000141692
125.412 0.000146152
127.159 0.000123781
126.25 3.84989e-05
123.033 7.64728e-05
124.181 0.000147574
128.94 5.23742e-05
126.66 1.39223e-05
126.652 0.000131569
124.598 0.000142579
123.839 0.000132662
124.39 0.000103798
123.7 0.000139828
125.322 0.000135529
120.353 0.000149834
125.046 0.000132095
117.718 0.000135626
123.571 0.000133945
124.232 0.000134289
125.228 0.000146492
126.435 0.000125676
127.197 0.000130327
122.244 0.00013632
124.65 0.000141184
125.666 0.000133044
122.223 0.00013245
119.211 0.00013716
125.773 0.000132699
128.514 0.000140162
156.831 5.57905e-07
124.381 7.68291e-05
126.184 0.000131356
124.228 0.000118619
127.696 0.000131824
118.537 0.000155376
115.425 0.000144685
122.824 9.35655e-07
124.682 0.000130495
123.845 0.000130543
126.478 0.000150704
116.483 0.000129067
149.12 0.000126442
123.1 0.000132131
124.171 0.000140518
123.767 0.000101428
124.168 0.000138114
126.481 0.000133884
126.834 -2.524e-06
123.504 0.000147323
120.301 0.000151817
119.456 0.000127566
123.259 0.000131513
123.117 0.000127164
121.983 0.000131193
122.542 0.000134801
124.998 0.000134388
125.424 0.000147573
125.531 0.000139602
124.352 0.000142784
122.26 0.000148746
125.266 0.000130764
120.873 0.000133433
122.901 0.000142693
127.127 0.00012929
121.001 0.000141111
121.337 0.000122151
120.698 0.000134067
121.127 -0.000132796
119.373 0.000131747
124.685 0.000120155
124.222 0.000135856
123.128 0.000129418
126.654 0.000131094
124.805 3.8502e-05
124.966 0.000138381
123.323 2.82879e-05
115.347 0.000129536
126.649 0.000140175
126.452 5.1092e-05
123.13 0.00013101
125.33 0.000130001
124.817 0.000131825
123.877 0.000161355
115.705 0.000131722
125.798 0.000149258
126.075 0.000133719
124.131 9.03301e-05
122.78 0.000132663
166.59 0.000137629
124.942 0.000132009
120.902 0.00013892
125.431 0.000130966
129.364 0.000149559
128.907 0.000137746
136.741 0.000158468
124.629 0.000132469
124.569 0.000131759
157.656 0.000135822
127.943 0.000136884
148.591 0.000134436
124.285 0.000135237
127.427 3.664e-06
122.858 0.000130553
122.003 0.000136613
122.567 0.000135365
127.414 0.00011372
126.038 0.000132618
125.936 0.000147109
119.786 0.000151844
124.54 0.000142484
124.929 0.000131986
124.285 0.000132241
119.654 0.000134455
125.157 0.00013234
123.502 0.00015181
152.01 1.56215e-06
125.041 0.000142773
121.562 0.000131828
120.613 0.000145842
125.391 0.000132539
122.529 0.00014053
119.621 0.000131029
128.25 0.000148272
122.448 0.000150399
125.449 0.000101676
123.073 0.000110569
127.949 0.0001428
121.541 0.000132482
125.445 1.42802e-05
125.041 0.000139117
124.072 0.000145749
123.188 0.000143076
124.192 0.000124128
126.347 -0.000114407
122.984 3.86605e-05
125.313 0.000136461
126.864 0.000152416
123.814 0.00014386
140.707 0.000131086
120.95 6.58686e-06
122.473 0.000132028
118.069 0.000134999
130.533 0.000135418
121.014 0.000143336
125.183 0.000132245
120.532 0.000121358
124.738 0.000150902
124.662 0.000151658
121.054 0.00014829
124.547 0.00013701
129.983 -0.0001298
128.862 0.000126488
124.094 0.000135537
128.158 0.000142525
124.227 0.000135371
124.669 0.000143407
122.173 0.000130771
123.774 0.000141863
122.908 0.000150399
126.689 0.00012077
123.22 0.000131886
125.142 0.000131388
125.158 0.000137813
126.102 0.000150718
135.841 0.000123951
126.669 0.000114993
125.109 0.000139303
127.551 0.000117137
115.997 0.000134819
126.331 0.000113631
124.067 0.00014261
126.647 0.000132498
125.901 0.000133309
125.475 0.000131261
122.36 0.000123921
133.513 0.000146001
126.185 0.000126991
121.186 0.000132119
122.815 0.000134744
125.062 0.000129872
124.924 0.0001316
122.555 0.000137837
127.158 0.000131637
117.651 0.000119839
124.635 0.000140619
120.646 0.000124811
126.047 0.00013358
120.639 0.000137179
123.124 0.000140875
137.585 0.00013452
126.565 0.000132539
123.566 0.00013091
121.588 0.00012575
122.258 0.000139306
125.796 0.000141122
117.533 0.000130682
125.192 0.000129823
124.146 0.000146934
126.687 0.000133982
129.896 0.000130881
122.519 0.000136127
124.22 9.50622e-08
122.905 0.000132475
126.233 0.00013244
121.923 0.000133382
118.155 0.000146498
123.942 0.00013026
125.942 0.000131331
144.639 0.000143996
140.783 0.000130135
121.696 0.000133762
123.306 0.000140651
124.942 0.000132161
133.621 0.00013036
123.923 0.000151725
119.12 0.000147161
124.572 0.000139421
129.698 0.000152249
121.11 0.000136195
124.963 0.000131378
141.076 0.000133634
125.395 0.000132434
133.092 0.000122051
124.707 0.000137012
117.158 0.000136672
120.425 0.000130303
124.55 3.83625e-05
123.432 0.000150626
123.101 0.000153146
122.541 0.000143919
142.519 0.000134377
120.579 0.000151391
128.821 0.000137508
122.941 0.00010188
124.935 0.0001313
121.676 0.000132079
125.528 0.000137044
124.691 0.000132883
126.098 0.000134149
158.777 0.000138379
124.058 0.000133624
120.289 0.00013355
125.796 0.000142978
126.3 0.000138702
121.085 -0.000133956
120.334 2.8765e-05
121.252 0.000135668
122.697 0.000131891
124.832 0.000124982
124.181 0.000130065
126.221 4.66609e-05
121.661 0.000142459
146.594 0.000136072
128.609 0.000132797
126.473 7.58186e-05
126.427 0.000124355
129.821 0.000139631
126.211 0.000121873
139.1 0.000132451
120.922 0.000148589
122.645 0.000131025
124.637 0.000149497
126.602 0.000124131
124.603 0.000148009
120.15 0.000150771
118.684 0.000131201
125.201 0.00012217
123.613 0.000144454
126.445 0.000135427
127.923 0.000148941
148.124 0.000144948
128.798 0.000131622
121.499 0.000138642
121.757 0.000127227
121.059 0.000136748
155.312 0.000138442
131.328 0.000131738
131.153 0.000162299
128.122 0.000146689
125.274 0.00013708
146.274 6.21432e-06
119.651 6.03943e-05
127.552 0.000129782
124.02 0.000130079
123.593 0.000147957
121.268 0.000138752
125.006 0.000113561
133.711 0.000144433
123.96 1.88509e-05
121.569 0.000132857
125.223 0.000132174
118.747 0.000132968
123.709 5.02759e-05
128.384 0.000131258
128.163 4.05643e-06
125.108 0.000148221
126.279 0.000138743
125.631 0.000113505
119.526 0.000136048
120.212 0.000134956
134.164 0.000151287
130.888 0.000131821
126.306 0.000150697
122.206 0.000144498
125.469 0.000128956
123.359 0.000133593
121.17 0.000134854
118.464 0.000150908
124.239 0.000140857
123.768 0.000130875
125.551 0.000140338
118.078 0.000117297
127.411 0.000131656
118.551 0.000143638
124.101 0.000135532
126.849 0.000133201
122.23 0.000125388
121.987 0.000132571
120.504 0.000134547
119.152 0.000132414
126.756 0.000152334
121.399 0.000129202
126.923 0.000139451
123.453 0.000131937
116.843 0.000137487
124.735 0.000139145
162.205 0.000135417
125.558 0.000149335
123.11 0.000151788
123.992 0.000142748
115.549 0.000117598
115.539 2.91903e-05
123.465 0.000136423
124.902 0.000132841
126.447 2.92249e-05
123.214 0.000137265
125.845 0.000122799
122.34 5.03847e-05
126.579 0.000135588
120.305 0.000139267
123.103 2.01707e-05
124.36 0.000134957
124.363 0.000140423
125.291 0.000136974
