130.736 0.00140464
128.819 0.00145009
127.91 0.00168057
133.339 0.00146428
129.192 1.66976e-05
127.209 0.00138159
129.884 0.000105323
122.363 0.00166881
129.536 0.0015215
130.359 0.00138801
122.609 1.67509e-05
129.012 0.00150076
125.651 0.00161126
127.827 0.00151024
129.124 0.00166165
131.132 0.00158232
129.59 0.00162989
129.604 0.000841311
130.393 0.00143414
126.755 4.39396e-05
127.651 0.00141077
133.441 0.00158565
131.86 0.00161674
130.259 0.00156489
130.433 0.00150659
130.584 0.00147943
129.706 0.00124993
130.547 0.00151534
130.517 0.00157269
129.069 0.00154749
127.983 0.00165394
128.437 0.00139654
127.599 0.00151437
127.877 0.00145714
130.253 0.00172254
130.11 0.000855458
131.186 0.00152432
129.248 0.00150986
130.703 0.00150292
128.117 0.00167628
127.662 0.00147858
136.636 0.00146417
126.232 0.0016586
129.602 0.001607
129.461 0.00144471
126.22 0.00126515
128.933 0.00145627
129.905 0.00163344
130.777 0.00153351
130.12 0.00162338
129.785 0.00150404
127.792 0.00164623
129.939 0.00135509
130.042 0.0014404
121.375 0.00170646
130.666 0.00145867
130.095 0.00166822
129.692 2.7702e-05
129.171 0.00132837
128.204 0.00158082
126.075 0.001386
129.313 9.92211e-06
129.923 0.00156166
130.519 0.000561127
129.125 0.00154803
131.319 0.001352
128.957 0.00155099
126.222 0.00158574
132.967 0.00153503
130.763 0.00170045
129.781 0.0014691
127.679 0.00150817
125.619 0.00155748
129.176 0.00141617
121.263 0.000957649
126.325 0.00167461
126.506 0.00148639
128.556 0.000982217
128.389 0.00145779
128.957 4.36126e-05
131.307 0.000229255
128.805 0.00151559
132.417 0.0014082
128.472 0.00149544
127.739 0.00161883
124.459 0.00143691
127.327 0.00148725
125.252 0.00140822
129.258 0.0016282
125.85 4.32872e-05
118.503 0.00158998
133.221 0.00161133
125.513 0.00141295
132.027 0.00144479
129.938 0.00149735
131.158 0.00147357
131.826 0.00145163
126.062 0.00164431
130.617 0.00153967
130.739 0.0016413
130.141 0.00147155
129.665 0.00145582
132.065 0.00126893
126.845 0.000846522
128.691 0.00149027
128.488 0.00154832
130.509 0.00145356
131.638 0.00151801
130.138 0.00145231
132.014 0.00160961
131.56 0.0015622
126.444 0.00142759
127.84 0.00148352
129.509 0.00133531
126.838 0.00146895
131.149 0.00152328
124.607 0.0016226
128.685 0.0015179
131.646 0.00144696
133.373 0.00143519
120.07 0.000158629
129.425 0.00168006
129.841 0.00162246
124.031 0.00153524
128.293 0.00146791
130.668 0.00125583
128.101 8.79339e-07
128.081 0.00149714
132.006 0.00117505
125.8 0.00158225
128.426 0.00165089
131.556 0.00144603
131.567 0.00146033
130.846 0.00151817
128.49 0.00136991
131.399 0.00148894
129.793 0.00148775
134.169 0.0015086
126.182 0.00150269
122.162 0.00149898
131.713 0.00147971
134.401 0.00147088
123.973 0.00143119
119.254 0.00151029
128.25 0.000995029
123.501 0.00128307
128.192 0.00148228
124.368 0.00125007
123.425 0.00145111
132.993 0.0015807
123.265 0.00153233
127.345 0.00151883
126.565 0.00145
131.347 0.00157533
121.024 0.00142443
125.883 0.00152274
132.487 0.000566224
128.887 0.0016654
130.037 0.00143666
130.621 0.00147285
128.376 0.00149455
129.199 0.00142982
128.707 0.00149962
127.879 0.00114465
133.285 0.00162609
121.772 0.00147662
130.434 0.000694236
129.274 0.00145885
132.011 1.00793e-05
127.655 0.00149387
126.47 0.00145614
132.048 0.00147405
127.748 0.00143869
125.677 0.00158044
131.167 0.001303
119.223 1.69382e-05
129.504 0.00159611
132.548 0.00143739
127.357 0.00167259
129.322 0.00149933
131.541 0.00144211
128.779 0.00136601
132.383 0.00118391
128.509 0.00147241
128.19 0.00151497
128.108 0.001496
129.856 0.00150573
128.742 0.00147963
130.143 0.000316561
131.759 0.00149124
130.035 0.00135959
129.301 0.00146969
129.668 0.00147783
128.621 0.00145865
129.069 0.00144535
129.018 0.00141514
129.569 0.000986715
130.263 6.95098e-05
135.45 0.00144625
129.763 0.00148021
128.844 0.00146867
126.587 0.00166569
135.072 0.00157888
132.249 2.71039e-05
131.521 0.00149406
131.958 1.56829e-05
116.16 0.00155122
127.378 0.00145774
123.553 0.000988933
129.387 0.00146603
130.363 0.00152161
130.316 0.00150063
127.054 0.00166297
129.675 0.000566782
121.793 0.00148241
121.823 0.0014645
132.007 0.00164863
128.403 0.00148992
129.712 0.00135888
126.207 0.00083502
125.212 0.00148958
125.092 0.00113603
128.038 0.00166551
136.688 0.00157453
128.953 0.00140464
127.713 0.00143887
132.021 0.0013783
129.895 0.00155321
133.028 0.00147757
130.441 0.00099177
129.362 0.0017716
131.623 0.000311261
125.5 0.00153819
131.314 0.00113426
128.064 0.00157382
130.974 0.0014848
130.82 0.00144137
122.706 0.00144265
129.533 0.00141027
135.9 0.00144996
124.538 0.00155106
132.147 0.0016325
128.724 0.0014891
126.789 0.00143252
126.159 0.00146404
129.857 0.00136352
131.029 0.00145105
127.886 0.00135458
129.428 0.00143451
117.432 1.32775e-06
134.765 0.00126715
126.717 0.00149675
128.416 0.000227146
130.514 0.00150947
130.386 0.00137403
128.852 0.00146741
123.505 3.7516e-06
126.256 0.00149418
128.199 0.00148907
136.053 0.000841131
129.522 0.00136714
129.59 0.00144039
130.194 0.00147151
129.918 0.00145828
133.478 0.00146787
131.801 0.0016672
129.269 0.00167418
129.798 0.00141857
127.238 0.00152511
128.134 0.00155109
130.388 0.00149765
129.036 0.00147718
129.782 0.00144798
130.173 0.000841632
130.476 0.00145047
123.945 0.00172749
123.196 0.00125614
126.185 0.000873434
130.149 0.00165525
128.244 0.00156527
132.598 0.000849079
131.209 0.0010123
129.766 0.00149181
121.668 0.00163253
131.411 0.00152675
126.484 0.00126581
130.131 0.00148636
131.005 0.00153614
128.739 0.00167
129.534 0.00145862
133.422 0.00151779
128.94 0.000559655
130.513 0.00150746
127.778 0.00145647
127.945 1.01175e-05
124.899 0.00134535
127.467 0.00175001
125.264 0.00150212
126.679 0.0014698
123.096 0.00137233
139.163 0.00145257
131.791 0.00145511
126.389 0.00169746
128.321 0.00122924
132.929 0.00146548
129.137 0.00147925
126.556 0.00161911
130.791 0.00144191
132.634 0.00171586
130.247 0.00150152
130.189 0.00116909
131.935 0.00166937
128.305 0.00151619
131.051 0.000158392
128.367 0.00151903
119.838 0.0014762
123.498 0.00148335
128.955 0.00157343
124.753 0.00154882
131.955 0.00156857
131.103 0.0014458
130.394 0.00137188
127.706 0.00131863
125.542 0.00150401
130.195 0.00136084
130.405 0.00161311
129.2 0.0014444
130.029 0.00160046
130.283 0.00156511
129.636 0.00144441
125.288 0.00145617
126.11 0.00152831
131.065 0.00129659
131.198 0.0016409
128.714 0.00149146
130.466 0.00144826
128.525 0.0016828
130.104 0.00167104
127.746 0.00142771
135.682 0.00148995
127.626 0.00140963
129.998 0.00124294
133.518 0.00152659
132.128 0.00113576
120.312 0.00126415
132.065 0.00156344
132.094 0.00148585
130.885 0.00151456
126.164 0.00150016
131.842 0.00152739
129.915 0.00174991
128.515 0.00148733
128.928 0.0014547
123.014 0.00143308
126.889 0.00144023
131.203 0.00144215
128.468 0.00149773
129.374 0.00133928
129.896 0.00148763
129.478 0.00148171
131.202 0.00148142
132.086 0.00147135
128.564 0.00145977
130.648 0.00150819
130.198 0.00149339
130.694 0.00146847
126.552 0.00143017
126.015 0.00162016
131.25 0.00151484
133.078 0.00162885
129.407 0.00174151
126.078 0.00140665
128.885 0.00145618
126.607 7.0942e-05
131.238 0.00145831
133.852 0.00164801
127.609 0.00148505
123.519 0.00140083
127.535 2.79539e-05
124.641 0.00136188
126.286 0.00149425
128.639 0.00144487
127.309 0.00144646
132.239 0.00135253
127.939 0.0015061
136.293 0.00152216
129.358 0.00156886
124.771 0.001475
126.102 0.000155657
129.73 0.00168663
129.45 0.000987133
130.28 0.00145523
129.298 0.000300599
129.369 0.00150074
126.248 0.00150579
128.045 0.00150503
132.443 0.00164492
125.765 0.00151262
128.281 0.00146074
123.576 0.00152235
128.123 0.00156004
132.786 0.00151565
130.515 0.00165139
128.806 0.00142476
128.986 0.00162672
127.549 0.00152507
130.615 0.00172647
126.074 0.000224267
127.017 0.00147489
127.667 0.00145467
130.444 0.00147543
135.949 0.00158379
130.259 0.0014668
132.137 0.00151092
127.228 0.00147017
132.574 0.00146508
128.476 0.00153846
127.45 0.00151905
125.83 0.00147357
129.964 0.00158
128.24 0.00158098
130.957 0.00162412
130.157 0.00146844
126.337 0.00153371
129.307 0.0014619
129.141 0.00164534
125.247 0.00132847
127.384 0.00156588
127.048 0.00152798
129.898 0.00148514
129.872 0.00147889
131.692 0.00147095
128.15 0.00144897
123.264 0.00132962
116.449 0.00155795
130.663 0.00145713
123.996 0.00144815
128.926 0.00145482
126.491 0.0015873
127.182 0.00144033
132.262 0.00148065
127.362 4.2996e-05
128.223 0.00162677
129.529 0.00156087
126.779 0.000583159
130.197 0.00144186
115.77 0.00151467
129.931 0.00149772
128.224 0.00164615
126.16 0.000427463
129.428 0.00166667
131.178 0.00165225
128.304 0.00167874
128.683 0.00151343
130.177 0.00159645
132.044 0.00166758
131.907 0.00139431
128.414 0.00142126
129.029 0.00145288
134.081 0.00159246
131.186 0.00159486
125.968 0.00144173
124.919 0.00144082
127.874 0.00162929
128.919 0.00170606
127.736 0.000984736
132.483 0.00163531
129.566 0.00158206
126.843 0.00191802
129.598 0.00150902
129.096 0.00144968
128.179 0.00140628
129.417 0.00149027
132.48 0.00144261
132.196 0.00164343
128.829 0.00146637
130.087 0.00144797
133.687 0.00171977
130.962 0.00151321
131.082 0.0014733
130.253 0.000795399
130.052 0.00150617
125.681 0.00153722
128.748 6.10851e-06
124.363 0.00157669
127.412 0.00174124
130.904 0.00144689
130.089 0.00161584
119.829 0.00204296
131.43 0.00165436
123.325 0.0015057
128.938 0.00149269
129.508 0.00151326
132.245 0.001683
131.639 0.00136816
124.856 0.00142789
122.748 0.000714163
131.109 0.00138871
130.456 0.00147636
128.886 0.00150141
126.907 0.00157857
126.498 0.00145879
130.313 0.00101386
128.485 0.00164163
128.698 0.00144305
130.877 0.00144707
128.887 0.00147414
132.081 0.00172076
127.676 0.00143567
129.628 0.00144168
130.266 0.0013486
130.216 0.000317752
129.26 0.00147975
128.496 0.0015489
129.882 9.83866e-07
129.009 0.00151655
127.475 0.00147699
130.142 0.00146126
128.779 0.00147922
128.875 0.00148741
128.364 0.00146277
128.935 0.00152688
128.85 0.00146139
128.673 0.00143955
125.587 0.0016387
129.485 0.0016755
130.741 0.00143426
129.996 0.00158014
122.704 0.00167096
122.677 0.00151329
128.476 0.00144309
130.451 6.31118e-06
130.714 0.00143096
127.721 0.00164651
122.297 0.00147339
124.418 0.00117663
132.353 1.02619e-05
131.214 0.001618
128.946 0.00164695
132.543 0.00147092
129.427 0.00164228
128.668 0.00149819
128.1 0.00143817
131.28 0.00162029
132.012 0.00146103
127.713 0.0013666
128.468 0.00149926
130.552 0.00146724
129.768 0.00148311
127.74 0.00162155
129.038 0.00144603
128.617 0.00158804
132.049 0.0014905
121.408 0.00150945
130.624 0.00172354
131.208 0.00147553
127.571 0.00148729
129.89 0.00145457
132.328 0.0014656
126.294 0.00160083
130.106 0.000317124
128.524 0.00146436
139.438 0.00140982
125.993 0.00142489
129.489 0.00165227
125.776 0.0014525
128.449 0.00152088
124.664 0.00156272
131.284 0.00154743
122.375 0.00167468
131.223 0.0015434
129.023 0.000699302
128.142 0.00146387
127.699 0.0016361
127.549 0.00165
129.541 0.00153972
132.892 0.00146517
125.873 0.00147114
128.975 0.000688241
125.134 0.00147625
127.654 0.00167165
117.328 0.00146005
130.412 0.00171314
129.568 0.00164693
130.801 0.00160359
130.659 0.00147851
126.429 0.00152289
128.308 0.00144731
126.349 0.000229194
131.51 0.00167352
129.2 0.00137134
127.95 0.00147549
128.967 0.00150653
128.938 7.10894e-05
123.477 0.00169587
133.482 0.00133008
127.259 0.0016851
135.688 0.00134849
128.951 0.00145864
127.809 0.00154587
130.887 0.00137086
126.218 0.0011438
126.658 0.00146318
130.407 0.00140135
129.227 0.00152323
129.576 0.00150606
124.549 0.0014661
129.11 0.00145125
133.883 3.7022e-06
129.011 0.000698991
129.646 0.00149509
128.812 0.00127124
129.227 0.00042577
132.168 0.00153807
129.188 0.00155341
130.288 0.00149272
125.833 0.00149624
131.498 0.00174171
134.329 0.00127897
131.719 0.00145944
127.682 0.0015272
128.39 0.0014438
132.478 0.00160309
128.885 0.00151752
135.417 0.00163441
129.654 0.00152058
128.812 0.00162551
129.211 0.00170119
130.654 0.00150067
128.491 0.00144301
118.19 0.00146724
122.664 0.00163519
133.224 0.00157585
128.132 0.00150024
130.988 0.00146354
131.178 0.00153243
130.154 0.00149908
133.709 0.00144022
131.013 0.00136263
129.373 0.00144484
123.594 0.00145936
125.482 0.0014937
128.435 0.00154251
130.221 0.00162702
128.87 0.00152293
127.269 0.00132392
126.518 0.00148373
129.355 0.00145008
128.974 0.00165019
126.416 0.0016529
132.102 0.001434
128.277 0.00158535
131.989 0.00135499
130.509 0.00152312
131.401 0.00167765
128.895 0.00147308
129.335 0.0014468
127.91 0.00149491
129.15 0.00146317
127.789 2.78882e-05
129.208 0.00149154
128.454 0.00164181
131.821 0.00164669
128.857 0.00151515
129.482 0.00148976
129.513 0.00143223
128.623 0.0014526
133.629 0.00137461
129.285 0.00157991
128.623 0.00145011
129.071 0.000424654
126.515 0.00162972
127.379 0.00142785
129.13 0.00146596
127.466 0.00165761
129.829 0.00148857
117.731 0.00143962
130.962 0.00152006
132.466 0.00142884
129.62 0.00150274
126.141 0.00112896
127.087 0.001582
131.287 0.00150523
123.664 0.00146648
128.567 0.0015874
121.968 0.00163626
130.556 0.0014959
122.43 0.00157435
128.093 0.00148835
124.64 0.000102123
129.661 0.00135669
130.911 0.00143282
126.967 0.00154274
128.503 0.00152197
130.098 0.00147566
128.931 0.00163916
125.728 0.00153378
129.165 0.00161662
119.898 0.00145181
127.743 0.00182145
122.019 0.0015239
129.321 0.0015467
127.52 0.00152977
128.76 0.000428349
121.44 0.00144499
123.682 0.00156257
131.51 0.00153367
129.64 0.0014447
128.532 0.00137233
122.534 0.00160677
124.249 0.00162789
126.019 1.02424e-06
128.019 0.0014053
131.49 0.00161523
126.711 0.0014965
126.234 0.0015123
131.031 0.00153415
125.008 0.00147608
131.652 0.00150601
129.115 0.00150827
129.887 0.0014434
126.351 0.00165282
131.474 0.00139715
131.451 0.0015379
130.03 0.00150586
130.823 0.00144873
127.92 0.00145121
128.76 0.00135119
126.879 0.00135109
129.769 0.00143186
124.364 0.00142749
126.352 4.4055e-05
128.897 0.00151891
130.81 0.00148593
127.822 0.00113269
117.314 0.00153574
131.829 0.00150239
127.653 0.00146611
128.043 0.00147105
116.413 0.00165793
127.833 0.00149911
124.007 0.00136925
130.967 0.00157323
131.768 0.000223684
126.307 0.0015043
127.064 0.00156709
120.796 0.00147494
129.464 0.00146428
128.934 0.00146942
129.428 0.00145248
129.031 0.0015419
122.717 0.00145017
128.439 0.00162686
128.922 0.00161447
131.278 0.00143716
123.839 0.000555827
118.22 0.00149669
132.532 0.00142981
127.505 0.00161216
132.592 0.00141039
125.727 0.00164624
127.79 0.00147102
130.541 0.00158226
124.296 2.82774e-05
130.625 0.00156578
131.95 0.00150292
127.86 0.00151932
127.025 0.0012058
127.298 0.000985135
131.112 0.00146691
132.84 0.00146553
127.912 0.00160203
133.584 0.00152324
130.124 0.00139879
130.04 0.00148391
124.994 0.00148076
131.305 0.00142561
132.6 0.00155363
131.392 0.00166192
130.931 0.00163535
130.119 0.00142049
130.509 0.00136278
130.768 0.000986748
127.166 0.00138597
127.332 0.0016504
131.446 0.00148684
129.123 0.00150087
127.775 0.00147647
124.082 0.00156741
126.674 0.00141476
127.264 0.00147975
128.023 0.00153768
132.174 0.00137868
124.656 0.00146417
130.245 0.00143965
130.547 0.00144308
126.89 0.00156771
124.317 0.00153734
131.491 0.00149387
128.381 0.00165404
126.44 0.00143575
137.394 0.00143861
127.086 1.74727e-05
123.428 0.00144694
131.492 0.00132662
130.687 0.00152323
130.639 0.00148142
127.558 0.0013429
128.835 0.00152295
128.589 0.00149319
127.977 0.00142912
127.423 0.00161173
130.896 0.00153286
128.484 0.0016162
119.207 0.00144456
127.651 0.00155201
128.592 0.00136568
128.719 0.00149936
126.236 0.00149958
126.696 0.0014859
130.618 0.000229567
122.891 0.0014293
124.341 0.00155887
127.617 0.00158409
131.07 0.00167994
129.065 0.00144612
135.275 0.00151967
128.786 0.000157035
132.093 0.00150323
128.096 0.00144894
129.786 0.00151754
128.943 0.00165009
129.926 0.00167321
130.66 0.00140715
124.217 0.00126844
129.895 0.00041898
125.053 0.00172074
131.419 0.00015261
130.901 0.00151172
132.805 0.00152349
127.919 0.00167198
129.783 0.00151548
129.16 0.00158851
129.856 0.00213109
129.976 0.00056865
128.057 0.00152854
130.113 0.00164618
129.44 0.00150238
130.702 0.00147215
131.323 0.00148444
131.309 0.00143357
130.796 3.60161e-06
131.925 0.00155934
130.443 0.00137022
126.666 0.00153237
125.937 0.00168603
129.146 0.00163347
126.052 0.00146596
134.102 0.00147151
131.981 0.00162871
125.984 0.000986531
129.063 0.0016318
126.952 0.00140148
128.242 0.00139703
124.337 0.00155139
132.321 0.00153884
130.518 0.000692997
133.083 0.00149788
130.515 0.00144535
128.779 0.00149217
126.804 0.00145277
124.425 0.00142308
132.389 0.00154659
131.602 0.000989999
128.038 0.000993214
129.572 0.00147338
128.649 0.0015885
129.303 0.00150129
125.41 0.00137598
127.599 0.00144849
130.153 0.000562067
128.287 0.00166232
128.154 0.000227364
128.753 0.00163567
127.367 4.09038e-05
126.811 0.00141235
132.617 0.0016737
122.813 0.000917324
126.741 0.00142483
128.374 0.00147349
132.822 0.00146384
130.723 0.00164583
130.764 0.00144552
127.443 0.000706287
132.485 0.000832403
139.589 0.00128326
133.192 0.001667
132.644 0.00145466
135.292 0.00149245
126.995 0.0014513
131.102 0.00163825
121.226 0.00151432
133.738 0.00151775
129.902 0.00160602
126.196 0.0014336
130.041 0.00165967
129.396 0.00166538
127.756 1.71861e-05
129.957 0.00147908
130.061 0.00124238
127.848 0.000995633
131.434 0.00148364
127.27 0.00168051
130.406 0.00084981
120.632 0.00139073
134.471 0.00147026
129.945 0.00136963
125.584 0.00162333
126.817 0.00146945
127.461 0.00162709
131.994 0.00156671
122.592 0.0013209
133.941 0.00157124
122.304 0.00155439
124.112 0.00150482
136.079 0.00133569
130.19 0.00161242
130.445 0.00148256
129.872 0.00148128
129.273 0.00146756
125.861 0.0015321
129.463 0.00143563
131.05 0.00145701
128.034 0.00143048
130.095 0.00153476
128.743 0.00149779
128.315 0.000423906
130.136 0.00158509
126.973 0.00156675
133.339 0.00145375
127.241 0.00147733
123.297 0.00146661
130.963 0.00145144
121.599 0.000429974
132.41 0.00146091
121.21 0.000331949
128.391 0.000551887
124.966 0.0015405
131.964 0.00154826
129.307 0.00169967
127.068 0.00150605
126.822 0.00145396
129.283 0.00163281
130.405 0.00162325
132.067 0.00162733
129.779 0.00150408
127.027 0.00141641
128.41 0.00149123
132.915 0.00140835
129.208 0.00162703
128.033 0.000556064
129.578 0.00144952
130.001 0.00150302
125.085 0.00144464
132.678 0.00149627
131.705 0.00162603
128.042 0.00148524
127.341 0.00152936
127.744 0.00146808
130.222 0.00166069
132.06 0.00148678
131.926 0.0014419
127.037 0.00149983
137.213 0.0016142
126.216 0.00145352
131.321 0.000858639
130.739 0.00116497
129.141 0.00149449
129.283 0.000554391
132.672 0.00150763
129.866 0.00145826
130.804 0.00148608
130.536 0.00165533
127.992 0.00148454
128.193 0.00151015
125.766 0.00152963
130.57 0.00147404
125.638 0.00164643
129.699 0.00143496
122.934 0.00142757
132.686 0.00147324
130.971 0.00153915
131.211 0.00150612
128.71 0.0016234
130.827 0.0014389
128.648 0.00146029
134.967 0.00149975
128.666 0.00148135
129.44 0.00164053
124.135 0.00143698
124.939 0.00145653
129.324 0.0014608
133.348 0.000690354
129.758 0.00152297
129.681 0.00152557
128.399 0.00151977
129.956 0.00165837
132.234 0.00146077
125.315 0.0015132
128.174 0.00168871
130.863 0.00153165
133.02 0.00136345
117.185 0.00169455
127.057 0.00154686
134.694 0.00125786
128.657 0.0014091
129.323 0.00135545
131.116 0.00143695
132.029 0.0014128
128.452 0.0014361
129.488 0.00147121
125.676 0.00146421
133.961 0.00146519
129.414 0.00134996
123.787 0.00147213
131.5 0.00149271
128.942 0.000324824
127.534 0.00144956
127.562 0.00165157
128.814 0.0016561
123.408 9.8641e-05
128.07 0.001582
117.035 0.00153056
130.483 0.00140785
134.432 0.00139694
125.987 0.00146259
119.057 0.00145438
133.314 0.0014583
128.086 0.00146206
131.689 0.00152107
126.947 0.00149737
127.727 0.00142471
123.661 0.00147199
119.346 0.000980749
129.67 0.000562021
125.626 0.00166953
125.792 0.00144027
128.295 0.00132951
130.647 0.0014738
126.24 0.00132278
129.124 0.00149784
128.69 0.00158926
128.266 0.00151076
129.09 0.000578279
129.091 0.00147668
126.63 0.00164484
132.664 0.00150531
131.973 0.00144287
133.372 0.00136429
127.508 0.0013955
127.339 0.00153509
128.516 0.00145191
129.482 0.000103856
126.877 0.00160543
127.263 0.00167872
133.419 0.00165101
129.22 0.00160146
133.077 0.00155354
125.426 0.00157181
124.994 0.00144026
129.976 0.00146797
120.39 0.00143891
131.629 0.00139768
129.106 0.00161221
127.915 0.00146827
129.898 0.00148577
129.715 0.00161425
129.868 0.00147157
132.293 0.00148849
124.873 0.0015564
128.877 0.000318519
125.184 0.00145735
128.452 0.00152162
127.828 0.00144489
128.007 0.00151718
122.845 0.00159761
129.405 0.00152369
128.794 0.00164058
131.695 0.00145405
129.377 0.00158838
131.174 0.00165318
128.771 0.00149902
130.398 0.0014438
125.682 0.00135345
132.098 0.00145123
130.294 0.00148279
131.612 0.00145541
129.599 0.0014529
130.361 0.000110496
131.354 0.000999071
127.651 0.0015112
129.605 0.00146003
129.478 0.00146981
129.507 0.0015051
122.657 0.00146125
129.845 0.00155793
125.644 0.00149673
128.506 0.00151767
121.395 0.00147338
125.198 0.00129002
131.371 0.0015998
128.327 0.00175548
126.822 0.0012533
129.212 0.00156752
128.176 0.00149252
129.13 0.00146369
130.058 0.00149126
130.18 0.00160052
126.947 0.00143959
127.721 0.00146136
128.522 0.00149046
129.34 0.0016971
129.166 0.00140218
127.174 0.00106045
126.329 0.00145119
126.617 0.00123954
129.549 0.00144553
133.243 0.00167163
134.233 0.0014315
130.521 0.00151111
127.106 0.0020327
128.053 0.001544
127.248 0.00148227
127.455 0.00147472
129.981 0.00145672
126.577 0.00166199
130.001 0.00167973
128.791 0.00142085
130.11 0.00144229
127.546 4.23278e-05
128.024 0.00113852
130.293 0.00147197
131.246 0.00148656
129.471 0.00144539
132.046 0.00111681
127.883 0.00148573
130.688 0.00162138
132.257 0.00146719
132.169 0.00147461
127.205 0.00145447
128.334 0.00149518
120.793 0.00145777
115.75 0.00147324
130.214 0.00143489
126.858 0.00143966
134.139 0.00142275
130.907 0.00153065
132.213 0.00151145
127.005 0.00144089
129.182 0.00143977
127.542 0.00149105
127.344 0.00157411
126.214 0.00151729
125.956 0.00149868
127.69 0.00145702
129.732 0.00152399
129.604 0.00134961
131.201 0.00170851
135.015 0.00151223
117.134 0.00159992
131.35 0.0014914
125.819 0.00155422
129.451 0.00011031
126.017 0.0015965
131.222 0.00150717
130.262 0.00169425
117.509 0.00112484
128.925 0.00164748
128.325 0.00150116
130.418 0.000225295
129.824 0.00123192
132.413 0.00145295
131.358 0.00148763
134.006 0.00147372
134.617 0.000769477
131.127 0.00148222
131.482 0.001576
132.753 4.4167e-05
115.493 0.00146927
131.601 0.00150121
129.985 0.00154596
122.575 0.00160345
129.211 0.00149536
127.357 0.0014548
128.162 0.00166374
129.363 0.00152455
135.003 0.00149499
122.909 0.00142808
130.609 0.00151028
128.438 0.00153683
130.755 0.00166834
125.741 0.00144745
122.517 0.00147685
117.365 0.00153287
127.118 0.00168685
132.049 0.00145109
124.927 0.00145246
131.004 0.00150028
131.522 0.00105529
132.618 0.00164318
128.896 0.00148114
130.712 0.00146177
130.893 2.79207e-05
127.713 0.0015835
132.28 0.00145584
126.74 0.00157957
129.074 0.00151602
128.087 0.00147287
129.657 0.00139199
122.404 0.00155648
131.194 0.00136839
129.186 0.0015494
130.645 0.00149924
126.126 0.00156245
129.004 0.00162222
129.656 0.00162493
129.555 0.00149644
130.4 0.00145127
126.821 0.00143751
129.515 0.00144107
127.968 1.06845e-05
124.866 0.00162502
127.297 0.000226797
128.568 0.00133676
133.65 0.000314852
124.057 0.00169974
129.919 0.000105768
129.666 0.000154512
126.752 0.0014983
124.156 0.00171258
127.409 0.00165019
121.531 0.00148249
124.139 0.0016475
132.795 0.00172847
127.326 0.0014699
129.335 0.00149967
128.999 0.00148337
118.623 0.00149279
129.405 0.0014628
124.71 0.00154106
128.011 0.00153107
128.228 0.00127415
128.373 0.00158623
120.676 0.00141713
126.253 0.00148723
130.843 0.00148731
131.539 0.00145205
126.062 0.00131147
129.658 0.00156534
129.059 0.00147804
130.003 0.00146928
133.875 0.0014771
126.191 0.00154717
129.736 0.0011554
123.913 0.00149483
130.44 0.00131945
125.948 0.00137563
128.076 0.00142771
126.815 0.00162943
122.015 0.00144853
123.053 7.08732e-05
122.963 0.00148979
123.214 0.000430449
131.626 0.00144295
129.556 0.00156231
123.906 0.00153406
131.735 0.0013849
132.569 0.00142544
127.851 0.0014412
130.618 0.00151488
123.193 0.00144447
129.374 0.00147699
129.859 0.00145674
130.539 0.00141004
126.926 0.00147626
128.173 0.0015985
129.967 0.00149304
131.58 0.00147974
134.025 0.000853182
129.307 0.00158636
129.457 0.00152328
128.376 3.61393e-06
133.831 0.00151946
125.991 0.00166827
125.775 0.00146755
132.687 0.00150396
131.458 0.00164747
128.432 0.00148912
127.524 0.00144353
125.086 0.00165537
131.285 0.000856762
130.311 0.00153221
125.536 0.0011273
136.385 0.00100996
128.237 0.00147644
132.696 0.00162314
125.561 0.00149509
132.026 0.000106591
133.865 0.00145491
126.895 0.00146299
130.872 0.00145496
126.113 0.00144244
127.208 0.0014457
130.579 0.00166385
131.956 0.0016458
125.436 0.00143105
134.329 0.00145231
132.762 0.00137567
128.235 0.00149155
119.101 0.00132956
133.362 0.00068845
129.563 0.00158043
130.824 0.00150157
130.657 0.00145946
129.036 0.00135484
128.451 0.00142643
128.804 0.0016473
133.095 0.00152434
130.061 0.00145967
128.946 0.00167289
130.168 0.00158469
128.991 0.00153403
132.491 0.00151361
129.573 0.00134902
124.539 0.00123842
128.661 0.00165875
129.239 0.00144392
126.862 0.00159539
125.073 1.42309e-06
132.146 0.00146861
119.235 0.000425853
125.198 0.00123406
127.103 0.00147588
122.728 0.00164929
132.441 0.00145591
127.456 0.00152282
131.205 6.10851e-06
129.664 0.00150178
134.03 0.00137908
129.376 3.65743e-06
130.268 0.00172859
130.901 0.00155169
128.374 0.000844868
132.034 0.00148451
128.401 0.0016476
122.057 0.00150605
125.919 0.00167173
119.259 0.00142695
127.065 0.000106446
125.651 0.00135154
132.616 0.00149684
131.591 0.00146801
125.653 0.00125865
129.299 0.00150851
127.269 0.00149774
125.698 0.00135348
128.919 0.00148391
131.155 0.00132871
127.498 0.00146715
122.091 0.00157537
130.46 0.00136464
125.937 0.00152847
129.298 0.000564853
126.773 0.00118215
130.445 0.00153315
129.976 0.00161121
120.807 0.00148589
128.891 0.00146193
130.562 0.00146639
125.28 0.00154326
128.893 0.00153821
130.402 0.00163773
132.619 0.00146937
125.274 0.00141853
130.151 0.000223285
123.458 0.000557217
116.652 0.00140722
126.181 0.0013798
132.093 0.00148498
132.977 0.00144745
128.898 0.00145879
128.694 0.00151135
126.895 0.00165485
131.624 0.00149919
135.449 0.00136299
130.842 0.00166043
129.613 0.00143762
129.396 0.00144652
129.055 0.00154916
134.073 0.00146957
127.112 0.00165681
131.241 0.00149583
128.102 0.00146373
123.996 0.00145255
134.718 0.00152258
127.427 0.00150353
130.294 0.00167317
130.235 0.00146782
127.422 0.00154447
129.978 0.00145711
129.849 0.00150581
131.809 0.00152742
123.233 0.0015597
129.965 0.00166108
135.13 0.00150518
131.669 0.00144712
127.594 0.00130568
130.299 0.00166269
131.365 0.00151695
128.31 0.00146079
128.86 0.00151181
121.865 0.000441911
126.966 0.00144223
131.681 0.0014996
130.533 0.0013094
131.78 9.6976e-05
128.349 0.0015235
127.833 0.00147018
129.055 0.00146476
131.559 0.00148861
128.729 0.00151538
