131.423 3.42782e-05
131.449 0.000328066
129.44 0.000336687
129.503 0.000325469
133.197 0.000274164
128.139 0.000345615
131.755 0.000362035
131.042 1.55283e-05
132.927 0.000214633
132.037 0.000304072
126.504 0.00031533
125.539 0.000284137
121.497 0.000303926
125.288 0.000322895
129.901 0.000331876
131.12 0.000351715
128.028 0.000327755
128.164 0.000335201
124.705 0.000305212
132.688 0.000319097
129.379 7.93494e-07
129.107 0.000358184
128.774 0.000210952
129.547 0.000332885
128.195 0.00036585
167.924 0.000329465
129.927 0.000329984
130.016 0.000316989
124.401 0.000461943
130.868 0.000534772
128.417 0.000603163
128.962 0.000313352
131.732 0.000591296
129.308 0.000533196
125.847 0.000605379
130.377 0.00053969
126.091 0.000533797
129.298 0.000596317
130.368 0.00054342
131.238 0.000408127
129.674 0.000508953
132.95 0.000527513
119.634 0.000520087
128.653 0.000456637
126.09 0.000480848
130.936 3.8586e-05
