115.132 0.000157168
124.196 0.00017082
123.991 0.000157086
124.105 0.000180647
125.337 0.000164655
128.633 0.000161682
141.57 0.000168122
121.879 0.000166467
122.262 0.000149182
122.697 0.000174276
122.767 0.000174394
130.192 0.000160397
150.063 0.000163761
124.619 0.00016978
120.806 0.00014226
127.051 0.000168664
129.307 0.000153685
134.335 0.000160996
123.168 2.35163e-05
123.614 0.00015866
135.248 3.38804e-05
128.954 0.000160701
127.237 0.000179648
125.662 0.000160823
118.015 0.000160001
126.358 0.000153039
123.193 0.000183693
125.778 2.19677e-05
142.989 0.000178772
124.463 0.000163697
124.485 0.000154127
127.441 0.000159155
125.362 0.00014707
119.496 1.50073e-07
149.267 0.000158222
127.118 0.000156015
124.579 0.000160026
124.655 0.000176727
121.104 0.000157171
124.331 0.000158725
118.497 0.000170773
124.779 0.000159002
125.645 -0.000160088
118.538 0.000159847
126.213 0.000157858
125.022 0.000158274
120.218 0.000183035
120.6 0.000175116
133.861 0.000161378
124.317 0.000157049
127.953 0.000166644
127.055 0.000159965
126.198 0.000164472
120.302 -0.000188845
115.905 0.000157517
123.356 0.000214734
126.923 0.000159611
115.771 0.000148695
120.716 0.000161289
123.353 0.000138609
124.023 0.000162715
122.676 0.000159087
124.341 0.000163413
124.468 0.00015809
128.22 0.000148808
136.937 0.000167888
119.043 0.000162129
127.263 0.000167571
121.706 0.000155922
139.798 -0.000159385
133.851 0.000161557
127.79 0.000169489
130.512 0.000132837
132.559 0.000158122
130.892 0.000181564
119.957 0.000177083
120.89 0.000153728
150.15 0.000153704
135.015 4.79824e-06
117.817 0.000159326
123.381 9.75416e-05
121.187 0.000160628
125.532 0.000179106
130.762 0.000158093
116.61 0.000157004
125.554 0.000154795
122.717 0.000161536
127.65 0.000150191
136.007 0.000159667
157.225 0.000180671
127.595 0.000147546
126.896 0.000168865
121.934 0.000174903
121.065 0.000162442
156.678 0.000178849
122.29 0.000161246
147.711 0.000158777
137.262 0.000152111
118.592 0.00012677
132.403 6.1387e-05
122.796 0.000169384
129.592 0.000228177
125.921 0.000167538
123.852 0.000158834
126.171 0.000138749
142.712 0.000160533
115.708 0.000147464
125.159 0.000162575
127.151 0.000152646
124.927 0.000178739
122.129 0.000176347
124.731 0.00017842
125.574 0.000148028
145.676 0.000160692
123.777 0.000154877
124.412 0.000181675
124.318 0.000162922
125.996 0.000183497
119.139 0.00013705
124.709 0.000173809
124.952 3.00363e-06
124.383 0.000163337
125.053 0.000165114
136.112 0.000165816
124.144 0.000164003
120.88 0.000164329
118.715 0.000163857
116.815 0.000160227
127.662 0.000175172
121.54 0.000181266
125.273 0.000180768
123.899 0.000160424
122.83 0.000124385
130.801 0.000150195
124.4 0.000164876
122.22 0.000133349
126.231 0.000162738
121.86 0.000167429
118.362 2.29347e-07
136.202 0.000164209
133.43 9.23423e-05
130.491 -0.00015867
116.574 4.59012e-05
124.589 0.000159479
118.089 0.00011025
121.197 0.000176953
132.58 0.000178322
122.12 0.000156822
127.704 6.42766e-05
125.023 0.000217154
123.893 0.000207745
126.358 0.000165337
122.578 0.000154706
128.196 3.42396e-05
127.391 0.000163387
124.782 0.000158252
143.178 0.000161649
143.045 3.06093e-06
116.538 0.000159866
122.614 0.000157276
122.399 2.49044e-05
142.733 0.000190358
127.53 0.000161154
119.322 0.000155184
116.857 0.00018051
125.668 0.000178025
120.859 0.00015354
122.147 0.000155708
125.325 0.00016418
123.207 0.000158172
123.148 0.000181523
126.592 0.000159513
123.534 0.000182157
124.856 4.84969e-06
136.618 0.000169522
125.616 -0.000165692
133.255 0.000167104
115.996 0.000185308
132.214 0.000174712
123.669 0.000182005
121.442 0.000166235
123.331 0.000152669
123.269 0.000156757
122.772 0.000159361
124.496 0.00016027
120.137 0.000166395
123.535 0.000147095
147.027 0.000165243
130.367 0.000156614
123.005 0.000175042
128.797 0.00015757
119.373 0.00016704
124.601 0.000172453
123.392 0.000161577
133.344 0.000151676
118.569 0.000171653
116.092 -0.00016613
123.75 0.000160609
144.725 0.00016717
119.927 0.000153239
137.876 0.000172177
132.189 0.000165131
118.015 0.000163601
124.015 0.000160435
144.073 0.00017092
125.656 0.000180131
122.073 0.000156305
119.45 0.000182159
125.722 0.000181898
125.004 0.000163348
124.734 0.000160507
130.134 7.62714e-06
137.388 0.000160682
140.226 7.51342e-05
121.075 0.000173119
123.718 0.000162798
135.566 5.66207e-07
134.019 0.000156962
134.629 0.000156353
127.204 0.000108319
129.303 0.000165177
130.416 0.000181851
145.777 0.000163762
121.083 0.000164348
121.175 0.000172511
126.593 0.000183896
121.876 3.98909e-07
123.891 0.00016785
125.522 -0.000180994
124.35 0.000166606
119.714 0.000155422
127.172 0.000189514
147.491 4.74256e-05
127.201 0.00016381
124.208 0.00015775
124.286 0.000161182
125.205 0.000170973
124.908 0.00023669
123.327 0.000161954
125.724 0.000159044
125.399 0.000157967
122.745 7.70659e-05
127.035 0.000145889
125.666 0.000159259
131.485 0.000150878
131.483 0.000160693
121.364 0.000159867
139.253 0.000162339
126.791 0.000157586
126.887 0.000118897
143.273 0.000178101
121.547 0.000185887
118.237 0.000170394
124.958 0.000181795
148.815 0.000165133
134.417 0.000169267
123.593 0.000181608
129.179 0.00017433
125.131 0.000153337
122.239 0.00016468
142.029 1.4101e-07
127.865 0.000178405
125.891 0.000162119
129.568 0.000156587
121.861 0.000160421
124.548 0.000167229
129.511 0.000161614
126.559 7.24107e-05
125.489 0.000164073
139.857 0.000160202
125.152 0.000144401
123.327 0.000183585
135.715 0.000165981
122.425 0.0001561
126.521 0.000153976
124.306 0.000138203
119.586 0.000186413
123.553 0.000162213
117.157 0.000164943
128.82 0.000183023
118.519 0.0001655
137.922 0.000177462
121.59 0.000177712
124.362 0.000162898
125.013 0.000188236
120.975 0.000165896
124.939 0.00017224
130.861 0.000161478
125.255 0.000182806
127.674 0.000168052
125.344 0.000156999
125.054 0.000173047
116.228 0.000135451
124.85 2.38242e-07
121.035 3.28045e-05
143.847 7.64167e-05
127.046 0.000158315
131.856 0.000153133
155.35 0.000158204
123.246 0.000183936
119.837 0.0001733
134.657 0.000158902
121.618 0.000164717
148.527 0.000160486
143.447 0.000167061
123.416 0.000165137
118.637 0.000157548
124.198 1.83586e-05
122.769 0.000166677
138.292 0.00016466
127.721 0.000173555
117.27 0.00016409
123.087 0.000169853
125.89 0.0001549
122.859 0.000161566
127.807 2.51948e-05
127.981 0.000156077
124.291 0.000152968
123.494 7.56261e-05
125.008 0.000179288
125.112 1.16137e-05
140.311 0.000167789
123.058 0.000168586
129.212 0.000152113
124.43 0.000180765
137.16 2.26516e-06
125.599 0.000182306
131.724 0.000136752
135.981 0.000158861
117.577 0.0001378
126.238 0.000172016
120.086 0.000167907
129.134 0.000161563
124.035 0.000170317
129.283 0.000163526
123.404 0.000170655
125.36 1.72384e-05
129.7 0.000180904
131.638 0.00016369
141.616 0.000139359
121.296 0.000178886
124.876 0.000159037
138.137 0.000172067
127.156 0.000158656
122.765 0.000183744
124.614 0.000180726
126.749 0.000136408
123.464 0.000164144
124.064 0.000165129
123.956 0.000170661
126.344 0.000160974
119.816 2.54181e-05
122.264 3.06087e-06
125.931 0.000148354
122.255 0.000160711
123.353 0.000159037
115.895 0.000156031
167.661 -0.00015814
144.153 0.000160486
133.678 0.000169049
134.819 0.000157871
124.635 0.000158277
141.071 0.00016328
123.903 0.000172482
119.458 0.000168324
122.075 0.000161368
124.123 0.000157228
125.21 0.000178984
126.274 0.000153321
115.641 0.000180965
123.912 0.000173869
132.918 0.000169671
124.026 0.000139766
155.713 0.000162787
124.079 0.000168229
122.666 0.000151491
116.764 -0.000152843
122.757 4.8306e-06
117.198 0.000156156
118.364 0.0001673
122.749 0.000159007
144.978 0.000181879
116.13 0.000160576
130.208 0.000168229
129.282 0.000175305
118.789 0.000138921
131.603 0.000179346
121.106 0.000185098
118.177 0.000168649
124.741 0.000167649
139.175 0.000161664
125.775 0.00014923
128.735 0.000161121
124.398 0.000162488
130.792 0.000161056
118.497 0.000172466
124.536 0.000157412
132.975 0.000153851
141.483 0.000166146
123.622 0.000178785
121.983 0.000181714
123.474 0.000166696
126.562 0.00015289
131.023 0.000157722
136.317 0.000167365
124.624 0.00016218
125.662 9.37826e-05
125.42 0.00016654
125.492 4.82327e-06
