135.446 0.00011603
127.909 0.000333458
127.136 0.000282872
130.733 0.000308312
130.02 4.66624e-05
129.68 0.000297365
125.363 8.85631e-05
130.894 0.000294982
129.06 0.000315066
127.52 0.000114774
131.666 0.000334966
132.438 0.000294683
130.984 0.00029409
125.503 0.000296924
126.74 0.000302065
125.755 0.000307989
134.567 0.000326627
130.339 0.000115236
128.67 0.000324607
130.559 0.000315125
146.84 0.000145342
129.43 0.000297254
131.144 0.000306469
129.12 0.000144781
130.276 0.00030943
127.299 0.000300007
136.961 0.000341088
117.828 0.000309774
146.968 0.000193515
123.175 0.000311444
131.376 0.000314317
130.759 0.000298549
131.881 0.000312936
128.496 8.92175e-05
132.339 0.000334043
131.263 0.000299988
124.238 0.00030692
131.354 -0.000301173
127.67 0.000294031
130.567 0.000296183
136.439 0.000296915
131.079 0.000296499
131.591 0.000291732
121.397 0.000343578
129.921 0.000314765
129.63 0.00029548
127.927 0.000302325
127.84 0.000288751
129.483 0.000299875
129.634 4.43855e-07
129.299 0.000298957
130.049 0.000314514
143.955 0.000336194
127.457 0.00032754
124.573 0.000261116
127.995 6.52631e-05
131.635 0.000296118
133.253 0.000164656
121.69 0.000307178
129.18 0.000343137
129.46 6.40716e-05
128.768 0.00030546
128.406 0.000174419
124.545 0.000303815
129.636 0.000321279
128.596 0.000288214
128.215 0.000307056
120.518 0.000314518
128.778 0.000295087
129.012 0.000294354
124.272 0.00029971
127.922 0.000295615
122.329 0.000309905
129.757 0.000312274
129.49 0.000298625
165.994 0.000297015
129.013 0.000342969
131.563 0.000305069
150.311 0.000300551
129.404 0.000301573
132.242 0.000300096
164.402 0.000318907
130.094 0.000302874
132.619 0.000296566
131.336 0.000341612
136.274 0.00011601
129.69 0.00032273
131.792 0.000288459
133.866 0.000305121
130.703 6.48833e-05
148.733 0.000297221
131.097 0.000279823
128.511 0.000308106
128.264 0.000298259
130.618 0.000179243
131.504 0.000295799
152.598 4.7094e-05
131.125 0.000316399
129.119 0.000299631
122.578 0.000284706
123.242 0.000282517
129.487 0.000294077
139.29 0.00029793
134.771 0.000298933
133.848 0.000347692
131.934 0.000279252
129.087 0.000321478
129.592 0.000304418
128.525 0.000300048
130.869 0.000297165
128.199 0.000305709
150.942 0.000314907
133.691 -0.000330379
123.805 0.000273343
128.28 0.000338492
129.021 0.000275795
115.684 0.000193198
136.031 0.000310245
133.934 0.00033773
129.752 0.00031067
128.586 3.28402e-05
130.247 0.000310388
125.639 0.000298973
128.137 0.000345539
128.06 0.000305663
129.306 0.000326894
129.819 0.00034109
129.907 1.93494e-07
126.569 0.000295877
129.294 0.000273023
137.005 0.000303103
130.02 0.0003153
126.36 0.000303953
132.48 0.000300894
134.722 0.000394059
129.384 0.000341782
137.664 0.000299352
130.994 0.000299798
131.509 0.000308164
131.232 0.000303205
132.546 8.02767e-07
133.192 0.000304872
133.872 0.000296331
129.923 0.000349056
117.369 0.000357911
126.125 0.000310079
128.718 0.000268379
130.23 0.000321062
130.209 0.000309371
130.45 0.00032752
126.33 0.000344931
120.157 0.000321928
130.075 0.000277088
128.54 0.000296576
126.981 0.000314729
129.654 0.000313425
129.81 0.000286445
134.377 0.00033426
129.26 0.000313175
128.498 0.000317857
125.993 0.000310878
128.189 0.000278355
132.645 0.000290413
128.342 0.000297765
136.482 0.00032297
116.029 0.000288961
126.701 0.000300949
127.719 0.000301771
121.082 0.000303131
129.644 0.00034777
129.609 0.000307911
130.616 0.00031375
128.893 0.000338996
129.825 0.000300432
131.102 0.0002595
130.359 0.000323303
125.803 0.000309811
127.75 0.000319869
131.11 0.00030319
133.575 0.000306289
125.981 0.000339614
130.874 0.000297717
126.582 0.00031454
124.317 0.000346724
129.57 0.000303378
130.941 0.000309626
125.17 0.000306223
126.911 0.000310899
128.142 0.000308273
132.168 0.000306498
138.784 0.000306255
132.021 0.000315189
126.242 0.000301221
127.106 0.000309379
127.942 0.0003245
128.276 0.000314015
126.974 0.000316299
127.084 0.000339492
126.209 0.000321091
127.93 0.000346498
124.451 0.000302546
131.021 0.000321978
129.179 0.000342958
128.371 0.000336873
126.161 3.25118e-05
118.083 0.000307722
132.665 0.000327318
141.427 0.000326087
127.433 0.000302591
131.806 0.000308412
130.785 0.000332666
128.125 0.000350142
126.611 0.000291405
130.698 0.000340319
129.059 8.81868e-05
131.291 0.000348138
122.699 0.000345949
129.457 0.000296425
132.17 0.000323512
128.994 0.000340299
129.629 0.000323283
132.979 0.000287271
120.591 0.000319578
128.284 0.000300412
134.703 0.000306237
123.778 0.000324724
135.778 0.000304046
127.266 0.000345547
142.717 0.000307614
127.303 0.000303379
125.926 0.00032035
133.628 0.000304746
130.157 0.000201624
128.393 0.000324497
128.107 0.00031446
129.146 0.000296242
131.37 0.000303695
129.771 0.00033162
134.178 0.000296727
125.717 0.000314191
146.443 0.000339238
126.67 0.000310884
128.399 0.000295288
131.405 0.000336597
131.452 0.000310351
130.863 0.000342353
129.454 0.000317812
131.237 0.000327122
131.093 0.000324428
129.502 0.000300036
127.826 0.000309689
124.109 0.000347648
131.607 0.000312068
131.784 0.000304714
130.013 0.000297487
117.427 0.00030123
126.359 0.000311243
126.588 0.000308213
135.505 0.000316549
128.351 0.000330283
128.593 0.000292828
129 0.000282808
131.39 0.000306843
131.12 0.000242296
129.149 0.000358844
126.925 0.000302269
129.881 0.000301388
131.205 0.000282728
132.044 0.000312902
132.162 0.00029672
128.489 0.000301163
130.864 0.000307297
128.52 0.000308447
130.869 0.000310218
133.873 0.000203192
118.846 0.000314042
128.111 0.000305113
129.242 0.000310101
130.496 0.000350426
121.827 0.000299945
132.335 0.000286596
127.661 0.00030783
118.368 0.000235587
130.429 4.66071e-05
145.987 0.000343197
128.911 0.000303323
129.936 0.00029512
120.404 0.00030988
131.638 0.000333875
129.102 0.000309149
125.651 0.000310047
130.105 0.000303729
133.002 0.000320316
127.981 0.000298248
156.642 0.000298883
128.653 0.000300611
123.941 0.000304904
130.468 0.000377112
132.866 0.000314667
129.814 0.000354232
157.954 0.000301166
129.835 0.00029937
128.034 0.000306218
141.363 0.000306893
147.041 4.66844e-05
163.382 0.000326223
129.452 0.000232232
129.187 0.000313023
123.777 0.000304247
130.129 0.000314619
130.956 0.000298896
132.103 0.000304125
140.753 0.000352735
159.492 0.000301166
159.53 0.000301988
138.727 0.000306115
130.943 0.000310186
127.887 0.000321869
131.059 0.000344778
129.974 0.000317635
125.494 0.000303751
130.975 0.000337208
130.182 0.000344646
119.246 0.000303308
123.472 0.00029864
128.95 0.000112809
125.73 0.000319254
122.436 -0.000311762
131.25 0.000336778
131.11 0.000347718
134.7 0.00028169
128.464 0.000173514
127.818 0.000343342
129.142 0.000311757
163.693 0.00031039
119.835 0.000301347
127.294 0.000297222
126.314 0.00030757
129.489 0.000115408
129.429 0.000340723
129.964 0.00031079
127.134 0.000259495
128.923 0.00034562
130.645 0.000321668
128.858 0.000319931
131.558 0.000333219
135.21 0.000376014
132.47 0.000346297
131.295 0.000301221
116.124 0.000322645
