130.262 0.000242639
127.367 0.000236728
130.246 0.000232875
131.855 0.000233753
125.768 0.00024441
131.957 0.000231282
130.183 0.000252222
129.725 0.000261794
126.433 0.000252824
124.82 0.000183177
129.469 0.000232073
131.37 3.64948e-05
132.101 0.000232858
118.628 0.000256306
131.3 0.000237604
126.861 0.000247459
125.778 0.000277662
130.083 3.59243e-05
127.56 0.00023396
127.273 0.000244902
130.069 6.999e-06
130.427 0.000225411
132.096 0.000234246
130.039 0.000236092
130.285 0.000233346
130.355 0.000239242
129.367 8.97847e-05
131.705 0.000236913
126.401 0.000235185
130.012 0.000232086
128.713 0.000241296
129.21 0.000240697
127.873 0.000180381
128.657 0.000206909
127.275 0.000248999
129.102 0.00023075
128.381 0.000268697
129.993 0.000266259
133.713 4.50496e-06
118.007 9.02944e-05
121.168 0.000240923
131.114 0.00024666
129.89 0.000236137
118.519 0.000246377
124.591 0.000272745
127.32 0.000234355
122.744 0.000232816
133.318 0.000230297
130.579 2.54622e-05
125.84 0.000232221
131.577 0.000230303
135.087 0.000233172
125.602 0.000245405
131.034 -0.000233048
132.427 0.000250025
128.675 0.000251128
127.897 0.000251501
126.335 0.000249958
130.8 0.000258729
127.711 0.000227028
122.71 0.00020395
129.757 0.000199077
128.88 0.000237812
129.893 0.000237836
131.042 0.00024029
129.64 0.000164743
129.637 0.000243483
131.715 0.000237826
127.157 9.07355e-05
130.231 0.00024238
121.046 0.000235697
131.584 0.000239753
116.939 0.000243199
132.312 0.000256254
128.06 0.000230017
125.799 0.000227602
129.037 0.000234726
128.15 0.000247599
129.645 0.000267966
129.58 0.000240804
131.769 0.000257871
129.543 0.000255565
125.825 0.000234406
127.428 0.000248078
128.3 0.000235987
127.732 0.000233923
123.749 0.000239158
128.95 0.000269453
127.095 0.000234047
129.476 5.02448e-05
126.473 0.000256703
128.37 0.000253899
127.695 0.000236617
131.353 0.000232159
129.533 0.000267933
128.759 0.000261294
127.458 0.000247592
129.124 0.000248248
130.082 0.000242148
128.69 0.000221137
129.25 3.61703e-05
120.669 0.000243752
135.49 0.000222977
129.536 0.000228735
128.648 0.000231728
129.905 0.000242505
130.075 0.000232993
127.635 0.000249366
131.346 0.000248006
131.324 0.000232825
128.583 0.000230425
128.019 0.000217917
123.645 0.000260339
127.869 0.000262224
127.7 0.000266607
128.651 0.000262291
131.3 0.000252742
127.992 0.000253549
128.242 0.000232795
131.793 0.000237469
126.698 0.000233184
128.899 6.8978e-05
130.298 0.000257171
128.954 0.00023604
131.207 0.000263365
130.879 0.000263164
128.317 0.000231224
128.084 0.000227057
129.484 0.000234666
128.705 0.000132723
129.408 0.000234003
130.662 0.000149123
129.896 0.000271285
128.845 0.000241192
130.825 0.000238221
124.54 0.000260342
132.52 0.000234045
124.775 0.000257385
130.382 0.000229365
128.221 0.000229814
131.702 0.000247736
129.791 0.000136017
130.566 0.000276409
129.241 0.000240235
131.952 0.000235106
138.262 0.000264
130.809 2.61943e-05
121.818 0.000251866
131.002 0.000238718
130.361 0.000250143
130.413 0.000241808
127.286 0.000266687
135 0.000255374
125.986 0.000272538
126.727 0.000231116
128.136 0.000236517
124.766 0.000241085
128.747 0.000230514
129.464 0.000232677
129.841 0.000248535
127.171 0.000255035
131.004 0.000236683
124.219 0.000235803
131.301 0.000254649
132.512 0.000253096
133.553 0.00023294
126.37 0.000278943
124.305 3.60887e-05
131.924 0.000240908
130.271 0.000257367
131.267 9.02214e-05
132.433 0.000251315
130.735 0.000234474
129.911 4.46365e-06
133.425 0.000225112
128.7 0.000246017
129.069 0.000231019
115.991 0.000247226
127.662 0.000231997
127.746 0.000233243
129.171 0.000240625
125.418 8.85064e-05
128.693 0.000246248
126.674 0.00025256
130.002 0.000240588
130.624 0.000217077
131.035 0.000237322
130.788 0.00022243
129.843 0.000238676
131.295 0.00023153
124.926 0.00024229
130.445 0.000205584
129.432 0.000227733
130.061 0.000240809
126.475 0.000236802
133.658 0.000213852
126.27 0.000233834
131.006 0.000259347
130.711 0.000117344
126.965 0.000236161
125.458 0.000247093
131.358 0.000244841
134.663 0.000221212
129.723 0.000241126
130.352 0.000224988
129.789 0.000280088
128.158 0.00018474
133.976 0.00023955
135.297 0.000159748
128.247 0.000135018
133.629 0.000239003
132.113 5.14586e-05
125.245 0.000271737
128.817 0.000242117
128.115 0.000241102
128.985 0.00023876
129.905 0.000255513
128.592 0.000233984
126.849 0.000236438
130.971 0.000245912
131.84 0.000231004
123.785 0.000241527
123.902 0.000246361
130.574 0.000236732
129.045 0.000234864
130.301 0.000231736
131.899 0.000234777
129.771 0.000274815
132.212 0.000261988
128.527 0.000266501
126.868 0.000236642
131.557 0.000237559
126.144 0.000270554
133.083 0.000238577
125.336 0.00024266
130.285 0.000266106
126.938 0.000242611
132.28 0.000231805
126.308 0.000270771
130.937 5.04536e-05
133.057 0.000222698
132.258 0.000241561
131.85 0.000233363
130.236 0.000125381
126.668 0.000243294
130.456 0.00025722
124.915 0.000248396
124.11 0.000213201
128.502 0.000234462
130.404 0.000260782
124.529 0.000243315
131.089 0.000235394
129.963 0.000253682
132.055 0.00021193
131.061 0.00024246
126.567 0.000216932
128.932 0.000248708
130.168 0.000243803
129.866 0.000238058
132.325 0.000251108
126.834 0.000236192
136.223 0.000233718
115.478 0.000261999
132.207 0.000239127
126.998 0.000233759
130.29 0.000241823
130.56 -0.000233189
131.251 0.000242645
127.416 0.000241117
129.513 0.000266614
130.37 0.000277039
132.256 0.000234349
137.734 0.000113425
135.986 0.000107751
131.622 0.00022022
127.177 6.97351e-05
130.383 0.000235284
133.556 0.000197572
126.989 0.000233618
132.676 0.000248237
129.51 0.000237079
125.502 0.000185641
136.629 5.04361e-05
132.503 0.00026839
134.788 0.00024397
123.44 7.53658e-06
122.859 0.000275228
121.463 0.000237999
127.122 0.000252315
130.969 0.000236174
130.795 0.000246133
129.411 0.000213107
124.989 0.000272516
125.974 0.000232095
129.034 0.000333031
126.796 0.000243656
131.052 0.000133268
127.848 0.000251225
129.232 0.000241277
129.902 0.000242959
127.159 0.000243602
129.779 0.000259077
127.148 0.000240879
124.606 0.000248676
126.723 0.000242128
132.281 0.000241343
129.109 0.000244633
126.992 0.0002322
129.322 0.000268441
127.641 -0.000230982
166.905 0.000221001
118.25 0.000261884
130.091 0.000244488
126.062 0.000237579
128.711 0.000270862
131.103 0.000221255
118.927 0.000274692
129.444 0.000225553
126.307 0.000258371
127.778 0.000269216
129.15 0.00023474
123.959 0.000234762
128.375 0.000229896
131.273 0.000269879
121.554 0.000255339
120.694 0.00023927
127.849 0.000227298
130.601 0.00025932
127.924 0.000259167
130.234 0.000238238
126.724 0.000266171
131.049 0.000259252
126.422 0.000235246
129.687 0.000246525
129.27 0.000235243
131.204 0.000246931
130.272 0.000262435
128.54 4.49835e-06
127.614 0.00025656
129.83 0.000267019
129.375 0.000253008
127.922 0.000233207
130.738 0.000234735
134.769 0.000221815
126.817 0.000258601
126.687 0.000257793
128.823 0.000254072
124.136 0.000272598
131.53 0.000234355
129.938 0.000248138
129.014 0.00015137
130.013 0.000233202
131.628 0.000233999
129.63 0.000256279
130.333 0.00024888
125.609 0.000244163
128.011 0.000237836
132.824 0.000233738
122.92 0.000231453
129.811 0.000269167
132.799 0.000224693
126.552 0.000217197
125.897 0.000241945
130.663 0.000235073
131.062 0.000222117
131.542 0.000231838
128.418 0.000220004
129.675 0.000256015
116.791 0.000241646
127.51 0.000236891
126.157 9.41584e-05
165.058 0.000220381
129.748 0.00022759
130.666 0.000236583
127.057 0.000257327
125.11 1.66154e-05
129.813 0.000240699
131.2 7.03494e-06
130.227 0.000136026
129.637 0.000239535
126.078 0.000247726
131.718 0.000246474
131.672 0.000231219
128.633 0.000256927
129.804 0.000252579
130.834 0.000265331
132.386 0.000248199
127.215 0.000241116
125.215 0.000116031
127.354 0.000255631
130.838 0.000239274
130.475 0.000217592
126.297 0.000245102
129.857 0.000179579
132.967 0.000244337
120.514 0.000233034
133.078 0.000243313
130.652 0.000259691
130.782 0.000264331
122.243 0.000234711
119.66 0.000258145
130.695 0.000188758
127.162 0.000249487
130.493 0.000234566
124.543 0.000240994
130.563 0.00023183
131.012 0.000261406
131.015 0.000238761
120.675 0.000267971
128.007 0.000231073
133.24 0.000246166
125.518 0.000235221
131.05 0.000233743
131.267 0.000265751
129.038 0.000237279
129.477 0.000237784
133.842 0.000256849
128.765 0.000260627
128.696 0.000244091
126.402 4.2067e-06
122.415 0.000276406
127.936 0.000212528
130.412 0.000234323
130.863 0.000233308
131.372 0.000233104
126.394 0.000247325
132.167 0.000270677
129.033 0.000225662
128.309 0.000258475
130.535 0.000235024
131.211 0.000261833
130.621 0.000243654
127.398 0.000200288
130.326 0.000259889
128.762 0.000233674
128.569 0.000262039
128.904 0.000268616
124.119 0.000268951
127.782 0.000247682
125.606 0.000266163
129.899 0.000262388
131.586 0.000245506
137.638 0.000260697
130.162 0.000234593
130.569 0.000243668
128.06 0.000237647
125.391 0.000233888
128.677 0.000233663
128.772 0.000231851
131.453 5.08201e-05
125.962 0.000236382
131.128 0.000241881
131.458 0.000245054
127.97 0.000243768
125.755 0.000226452
131.317 0.00022016
130.712 0.000239285
124.016 0.000243752
131.755 0.000242429
126.324 0.000234659
128.541 0.000233
128.144 0.000232666
128.758 0.000250323
125.794 0.000238715
131.442 0.000236086
129.219 0.000234975
123.492 0.000244526
126.451 0.000236128
130.389 0.000238653
131.604 4.4808e-06
131.008 0.00025465
127.328 0.00023341
130.276 0.000234222
131.746 0.000242277
131.034 0.000186044
124.591 0.00021498
129.973 0.00026969
132.744 0.000248775
129.441 0.000250484
125.651 0.000262599
131.218 0.000242439
131.162 0.000233734
129.859 6.87779e-05
129.776 0.00023585
129.336 0.000247686
125.658 0.000223594
128.976 0.000232175
130.335 0.000231539
129.261 0.000231582
127.388 0.000246459
128.101 0.000242622
117.431 0.000221885
128.014 0.000243277
129.838 0.000267531
122.582 0.000237476
129.296 0.000235626
129.474 0.000235298
131.782 0.000232397
130.343 0.000220783
123.834 0.000226192
129.857 0.000234945
130.867 0.000243069
134.57 0.000215073
133.772 0.000231145
128.594 0.000196251
133.047 0.0002354
116.912 3.66638e-07
127.19 0.000261539
118.788 0.000243233
129.513 0.000246541
130.476 0.000246227
131.295 0.000247559
116.62 0.000260326
129.254 0.000248198
126.48 0.000236725
134.158 0.00023178
128.191 0.000229829
118.084 0.000268913
132.351 0.000247551
128.596 0.000249565
130.5 0.00023252
129.804 0.000247432
130.125 0.000258645
133.965 0.000240615
131.831 0.000239622
127.388 1.66081e-07
132.312 0.000237315
127.866 0.000239955
129.687 0.000262215
131.511 0.000233946
130.253 0.000240569
129.509 0.000236096
126.111 0.000202644
129.241 0.000244158
128.386 0.000284456
127.081 0.00023076
127.756 0.000240135
131.321 0.000233842
129.039 0.00023222
128.392 0.000232439
135.434 0.000238544
122.377 1.62255e-05
128.878 0.000237606
126.869 0.00023575
129.921 0.000242497
118.74 0.000242282
129.517 0.000242642
132.143 0.000246249
130.472 0.000255081
132.955 0.000238417
129.983 0.000238776
125.968 0.000248428
125.336 0.0002262
128.191 0.000237261
127.98 0.000239412
136.362 0.000246856
128.904 0.000234348
125.323 0.000239453
125.639 0.000228051
126.379 0.000245057
126.755 0.000238137
129.28 0.000246571
128.449 0.000232675
123.955 0.000246045
126.833 0.000218898
129.1 0.000242131
131.697 0.000253248
130.492 0.000246491
130.876 0.000235123
125.134 0.000258426
127.607 0.000229403
130.56 0.00025894
130.83 0.000270528
129.204 0.00022294
128.221 0.000273158
128.51 0.000261183
128.181 0.00021022
127.251 1.1819e-05
128.306 0.000218899
131.687 0.000244797
129.537 0.000268015
130.961 0.000248021
129.691 0.000235051
124.436 0.0002181
130.513 0.000202942
130.033 0.000237062
132.859 0.000212596
129.754 0.000252139
139.663 0.000162646
131.58 0.000261821
127.413 3.43448e-05
130.784 0.00023371
134.216 0.000258313
128.353 0.000110524
128.79 0.000254554
129.132 0.000239014
128.418 0.000252666
127.994 0.000251575
121.264 0.000232287
129.743 0.000259634
129.377 0.000268453
123.287 0.000216326
129.999 0.000234917
125.836 0.00024777
125.551 0.000257923
134.752 0.000231774
126.552 0.00024008
127.842 0.000235422
129.787 0.000241425
135.408 0.000160711
130.79 1.14787e-05
126.005 0.000232073
129.507 0.000244189
135.111 0.000258451
129.492 0.000271985
131.057 0.000255732
128.714 0.000245121
126.131 0.00024421
129.067 0.000270341
129.363 0.00027124
127.545 0.000249189
120.223 0.000185917
126.232 0.000244705
129.35 0.000258957
128.551 0.000112638
133.202 0.000246838
130.573 0.000233476
128.147 0.00025568
130.472 0.000252615
123.5 0.000112636
132.366 0.000235977
128.7 0.000230883
129.639 4.9679e-05
128.996 1.70661e-05
131.714 0.000239803
129.737 0.00026451
127.688 1.13186e-05
127.714 0.000249319
130.67 0.000239658
132.235 0.000242614
128.997 0.000227875
130.44 0.000260591
130.43 2.73685e-06
130.298 0.000266479
130.166 0.000134714
134.224 0.000264214
128.141 0.000250424
131.225 0.000231234
130.82 0.000266076
124.313 0.00023302
128.929 0.000226914
128.954 6.93245e-06
130.788 1.71212e-05
128.734 0.000232747
132.085 0.000230813
131.417 0.000260186
130.592 0.000240362
129.266 0.000261348
132.087 0.000234952
129.113 0.000248498
125.381 0.000262379
128.91 0.000238272
131.231 0.000266952
131.219 0.000253028
132.191 0.000234053
126.694 0.000235326
131.664 0.000240713
128.87 0.000270111
129.364 0.000231787
129.332 0.000257055
132.984 0.000244862
128.856 0.000233824
128.192 0.000262932
129.285 0.000243332
128.164 0.000232727
125.301 0.000243091
133.943 0.0002431
125.485 0.000239991
134.107 0.000238854
134.9 0.00023384
124.506 0.00027645
125.598 0.000259018
129.06 0.000264881
129.239 0.000234642
128.58 5.03255e-05
127.593 0.000264348
129.591 0.000247535
125.662 0.000241798
127.515 0.000236676
128.143 0.000263236
128.078 0.000268873
131.382 0.000246615
134.044 0.000244835
126.138 0.000266198
131.535 0.000238712
130.625 0.000243849
128.59 0.00023607
133.168 0.000195518
130.239 0.000182578
124.016 0.000256071
129.18 0.000249411
131.893 0.000271213
128.756 0.000257686
132.543 0.000200897
130.563 0.000232177
131.333 9.06072e-05
130.192 0.000268066
124.796 0.000211308
126.183 0.000238524
127.77 0.000257547
128.347 0.000245422
130.448 0.000236071
133.183 0.000228763
128.821 0.000232308
131.07 0.000237615
130.112 4.49094e-06
127.755 0.000200234
129.885 0.000271542
130.461 0.000269951
130.155 0.000269106
134.985 0.00023568
128.209 0.000224595
132.282 0.000240261
132.515 0.000231011
125.679 0.000225635
132.068 0.000234105
130.616 1.15764e-05
129.695 0.000254051
122.868 0.000236936
124.446 0.000253549
129.276 3.61905e-05
124.16 0.00025491
132.766 0.0002352
130.044 0.000231377
122.369 0.000236134
134.114 0.000268483
131.174 0.000269917
130.766 0.000195686
126.514 0.000250779
130.65 0.000250169
128.336 0.000268467
131.318 0.000231648
122.165 0.000252205
125.484 0.000242761
132.099 0.000230825
133.823 5.16205e-05
133.215 0.000246039
131.419 0.000244185
129.136 0.000230539
123.929 0.000231773
131.936 0.000249972
132.769 0.000217242
130.233 7.08881e-06
130.663 0.000244769
135.385 0.000232909
130.883 0.000247246
128.261 0.000226723
127.797 0.000260289
128.096 0.000236309
131.108 0.000233296
130.043 0.000236701
126.785 0.000245885
130.878 0.000239002
130.08 0.000232479
130.557 0.00026161
130.937 0.000255475
129.626 0.000234709
131.835 9.74034e-07
127.976 6.9379e-05
130.882 0.000234274
130.844 0.000234003
129.083 0.000236988
134.626 0.000235212
128.772 0.000172106
126.801 0.000238498
129.463 0.000245074
132.228 0.000232858
130.146 0.000240858
127.683 2.50664e-05
127.781 0.000230318
128.939 0.000202554
126.645 0.000286831
128.546 0.000252274
126.612 0.0002787
129.999 0.00023851
129.663 0.000266859
132.687 0.000222623
131.828 4.48544e-06
126.617 0.000260136
124.478 0.00022309
128.073 0.000254483
129.351 0.000139153
126.474 0.000238837
131.715 0.000238696
128.496 0.00023476
126.58 0.000250453
127.503 0.000221352
131.136 0.000243973
131.151 0.000238067
125.145 0.000231564
129.272 0.000243607
129.96 0.000224523
131.125 0.000253711
128.807 0.000232984
128.305 0.000216012
126.369 0.000167166
131.752 0.000237753
129.726 0.000224385
129.626 0.000236417
128.656 0.000232998
122.132 0.000233528
131.914 0.00024622
130.706 0.000182303
128.876 0.000237315
127.983 0.000248324
135.226 0.00023986
125.156 0.000235761
120.985 0.000253293
129.294 0.000240418
126.922 0.00026676
133.011 0.000267602
131.516 0.000244639
125.756 0.000271711
126.833 0.000217422
129.789 0.000214947
128.307 0.000238511
130.638 0.000219424
120.251 0.000237969
120.722 0.000239342
116.391 0.000234396
130.148 2.6818e-06
136.568 0.000267038
132.94 0.0002432
133.302 6.28395e-05
125.448 0.000248129
130.404 6.74688e-06
130.835 0.000231984
129.963 0.000241306
130.712 0.00026249
130.609 0.000263474
127.829 0.000232948
128.71 0.000235273
129.762 0.000226868
125.368 0.00028695
122.726 0.000220636
129.329 0.000241307
129.538 0.000191427
129.262 0.000254429
124.016 0.000245231
133.284 2.33184e-07
130.675 0.000256403
129.092 0.000224918
130.572 0.000233524
128.099 0.000253862
129.29 0.000157213
136.42 0.000231813
128.125 0.000229747
133.702 0.000267282
127.963 0.000270331
122.92 0.000232956
131.437 0.00023316
123.411 0.000245736
129.583 0.000237225
131.077 0.000228287
127.839 0.000230886
131.319 5.08811e-05
127.836 0.000237992
131.157 0.000215371
125.945 0.000228467
129.175 0.00023629
129.954 0.000247484
128.986 0.000268195
127.123 0.000229015
132.121 -0.000269155
130.103 0.000132097
128.445 0.000264509
126.853 0.000232262
130.086 0.000232342
129.207 0.000159636
129.668 0.000246847
138.61 0.000254032
130.086 0.000251595
128.009 0.000244332
130.387 0.000244561
115.198 0.000258177
131.332 0.000239095
118.028 0.000239606
128.951 0.000230415
128.324 0.000237147
126.155 0.000235743
128.126 0.000238871
129.727 0.000256655
122.281 0.000246443
118.037 0.000233823
132.212 0.000241922
127.985 0.000260099
125.536 0.000258675
126.34 0.000210127
121.194 0.000276409
130.72 0.000231707
129.594 0.00024364
128.716 0.000230689
130.96 0.000233498
127.062 0.000241601
130.404 0.000224018
127.472 8.69834e-05
128.483 0.000262523
129.22 0.000234021
128.584 0.000247001
128.216 0.000263439
130.668 0.000223076
128.272 0.000205535
129.017 0.000238671
135.623 0.000238215
132.845 0.000249629
125.782 0.00023921
129.55 0.000230306
123.592 0.000242458
126.534 0.000252112
132.363 0.000239056
128.807 0.000230345
131.014 0.000227526
130.107 0.000219658
126.406 0.000249659
130.643 0.000260649
129.91 0.000277666
130.177 0.000246077
126.218 0.000240328
127.683 2.5347e-05
131.846 0.00025276
129.321 0.000244279
130.817 0.000243245
125.741 3.76619e-05
132.431 0.000240218
129.453 0.000228785
131.794 0.000268259
131.04 1.13034e-05
121.699 0.000237974
129.553 0.000241712
128.967 0.000237954
127.816 0.000240086
131.328 0.000265413
132.311 0.000249766
130.615 0.000260199
130.611 0.00027696
131.554 0.000235166
124.639 0.000229503
129.852 8.94902e-05
131.217 0.000231176
122.061 0.000247291
129.621 0.000271128
131.691 0.000232883
125.794 0.000264073
130.387 0.000260201
132.418 0.000265172
126.239 0.000267345
129.762 0.0001583
131.322 6.73678e-06
129.372 0.000238101
129.272 0.000236909
132.971 1.63767e-06
128.013 0.000220152
133.827 0.000135408
126.536 0.000225362
135.17 3.66887e-05
126.651 0.000247351
132.155 0.000229709
130.276 6.7936e-05
132.464 0.000236977
129.691 0.000269599
130.315 0.000180325
130.415 0.000242359
125.127 1.7091e-05
128.608 0.000232981
127.822 0.000243392
129.716 0.000243229
125.844 0.000104207
125.74 0.000203919
129.117 0.000243932
130.346 0.000241849
127.008 0.000242061
131.821 0.000238235
117.785 0.000226906
129.674 0.000242663
131.366 0.000237888
133.07 0.000135743
129.044 0.000242736
130.137 0.00024461
125.042 0.000248528
129.764 0.000234085
129.523 0.000240879
130.287 0.000213939
130.838 0.000235245
129.826 0.000243962
127.925 0.000237967
129.628 0.000239724
129.602 0.000238458
133.132 0.000243776
127.753 0.000217782
124.282 0.000235896
130.556 0.000268704
125.735 0.00013734
131.239 0.000242898
127.788 0.000238238
129.583 0.000158806
131.041 0.000265937
127.439 0.000269702
130.305 0.000236549
132.88 0.000218079
140.476 0.000190427
126.841 0.000231941
133.19 0.000224389
130.662 0.00023122
127.258 0.000235276
129.208 0.000244866
130.533 6.90127e-05
125.903 0.000277613
126.811 0.000256981
130.08 0.000238574
125.984 0.000233581
130.413 0.000254884
127.91 0.000268835
132.758 0.000266938
131.545 0.000233976
129.112 0.000237637
129.91 6.90064e-05
127.195 0.000228276
127.918 0.000231167
116.736 0.000245091
132.211 0.000238173
124.935 0.000242853
129.745 0.000256385
126.869 0.000225177
128.443 0.000202858
124.27 0.000244915
128.449 0.000267968
129.897 0.000262929
133.912 0.000234299
131.293 0.000136163
137.692 0.000244294
129.87 0.000268343
131.817 0.000232328
130.905 0.00022855
132.183 0.000229263
131.046 0.000261913
128.355 0.000270649
130.758 0.000239179
127.959 0.000260884
122.994 0.000148697
122.556 0.000238684
129.391 0.000234978
130.886 0.000248041
129.509 0.000234925
131.186 0.000248706
117.037 0.000242115
126.679 0.00022711
128.093 0.00025798
126.715 0.000245062
127.788 1.7099e-05
129.29 0.000232051
132.095 0.000237939
131.945 0.000280454
129.571 1.72461e-05
125.236 0.000237443
126.195 0.000241225
126.427 0.000243221
129.967 0.0002606
129.762 0.000264099
126.914 0.000113367
127.764 0.000218237
123.593 0.000257601
130.86 0.000238151
132.161 0.000249625
132.142 0.00023559
122.588 1.71923e-05
131.23 0.000233122
129.045 0.000135034
123.798 0.000241334
128.982 0.000233881
132.619 0.000217014
129.645 0.000237898
130.931 0.000243792
132.864 0.000231108
128.402 9.31819e-05
124.032 0.000241402
122.84 0.000243079
129.102 0.000244335
126.861 0.000182987
129.055 0.00024015
129.758 0.000233883
129.786 0.000246845
123.723 0.000255206
129.928 3.49316e-07
125.55 0.000244109
128.799 0.000267617
130.773 0.000243479
130.583 0.000250667
124.84 0.000232688
122.673 0.000215505
133.607 0.000238345
120.788 0.000229836
131.752 0.000268724
128.75 0.000226768
128.794 0.000266739
128.03 0.000263594
123.381 6.90951e-05
132.945 0.000233657
135.877 0.000222408
127.621 0.000241261
127.554 0.000234546
130.463 0.00026057
129.195 0.000271002
128.528 0.000239583
125.44 0.000264279
125.015 0.000253992
129.652 0.000233327
126.111 6.91322e-05
127.385 0.000272144
131.422 0.000268568
127.981 0.000267636
123.52 0.00026076
131.491 0.000266242
119.815 0.000263775
129.147 1.62715e-07
115.621 0.000261133
131.525 0.000252783
123.227 0.000237284
131.26 0.000232361
120.965 6.67529e-06
128.886 0.000268173
130.229 0.000243285
123.533 0.000227933
130.396 0.000212322
134.139 0.000230248
128.357 0.000244334
127.226 0.000231524
134.236 0.000219965
129.624 0.000269439
127.872 0.000234806
131.78 0.000267761
128.774 0.000224788
141.24 0.000242363
131.527 0.000116483
131.151 0.000247621
127.982 0.000264378
127.218 0.000235594
129.693 0.000227862
130.222 0.000237112
133.347 1.72258e-05
128.447 0.000257928
126.687 0.000239036
131.018 0.000238697
131.037 0.000233877
129.051 0.000137469
125.424 0.000277504
128.62 6.9787e-05
133.324 0.000233542
130.254 0.000242577
131.21 0.00026868
129.588 0.000235633
131.189 0.000222646
127.178 0.000236769
128.539 0.000239923
124.725 0.000266823
130.795 2.55188e-05
129.419 0.000225506
132.054 0.000231336
135.709 0.000224485
128.904 0.000234362
132.012 0.000241578
130.433 0.000270782
132.785 0.000179571
132.774 0.000236617
129.013 0.000235839
128.575 0.000246477
130.928 3.65201e-05
129.79 0.000239147
131.188 0.000110528
129.042 0.000231707
128.473 0.000271886
127.953 0.000230787
117.041 0.000247495
129.69 1.00691e-06
128.817 0.000230887
127.949 0.00025493
136.679 0.000234136
128.479 3.6535e-05
121.025 0.000281643
127.468 0.000272073
130.276 0.000236391
129.398 0.000239263
128.699 0.000226679
132.179 0.000233634
130.467 0.000267161
124.571 0.000238134
128.956 0.000249583
130.286 0.000231955
129.545 0.000246972
131.024 0.000196693
130.47 0.000251732
126.859 0.000243744
130.586 0.000221386
130.086 0.000245744
127.421 0.000241085
124.171 0.000274556
128.657 0.000262463
130.795 0.000134976
128.055 0.000231733
132.147 0.000241177
131.199 0.000264764
127.45 0.000159756
129.085 0.000237106
129.584 0.000234509
124.778 0.000249242
129.107 0.000225958
126.488 0.000250959
117.138 0.000234061
126.42 0.000231047
130.5 0.000111388
132.18 0.00023092
126.564 0.000247361
124.735 0.000243962
131.161 0.000235638
132.999 0.000232486
129.605 0.000216675
131.617 0.000234915
126.58 0.000245712
131.231 0.000265965
131.628 0.000287609
126.588 0.000260476
129.606 0.000233037
133.585 0.000234424
130.032 0.000227699
125.404 0.00023804
118.758 0.000233013
116.248 0.000223434
128.517 0.000269213
128.682 0.0002597
128.716 0.000231337
127.699 0.000100745
126.275 0.000223991
125.526 0.000245405
129.523 0.000260937
131.104 0.00026441
133.396 0.000256472
131.71 0.000269934
127.863 0.000274419
128.936 0.000262796
131.537 0.000237836
125.387 0.00021345
131.279 0.000237699
125.067 0.000263887
130.588 0.000242681
127.211 0.000250182
127.097 0.000220127
128.75 0.000252487
129.306 0.000281131
129.391 0.000275262
126.913 0.000240705
131.427 0.000241364
129.911 0.000243618
130.42 6.93691e-05
128.424 0.000221199
131.199 0.000241486
126.519 0.000239915
129.799 0.000231763
127.049 4.71729e-05
128.508 0.000261024
130.128 0.00015983
130.287 0.000240563
125.034 0.000238018
130.169 0.000236033
132.029 0.000246542
128.149 0.000233226
130.484 0.000156995
129.59 0.000235235
127.683 0.000236026
130.033 0.00024867
126.177 0.000263321
125.526 0.000233047
132.464 0.000239161
130.485 0.000182125
127.204 0.000241721
132.737 0.000242408
121.109 0.000273159
130.1 0.000198141
132.394 0.000242097
123.592 0.000225878
127.759 0.000268828
116.009 0.000242938
130.47 0.000231268
129.364 2.48979e-05
128.43 0.00022973
131.251 0.000224285
129.096 0.00020637
129.489 0.000230155
131.204 0.000235563
124.923 0.000223405
129.015 0.000262171
129.866 0.000242101
122.764 0.000260317
126.976 0.000233958
128.203 0.000241475
129.094 0.000243341
124.678 0.000236716
129.118 0.000238719
130.565 0.000231818
127.498 8.94166e-05
129.901 0.00026991
131.141 0.000247556
128.562 0.000271502
136.786 0.000226144
133.59 0.0001356
131.087 0.000234389
128.62 0.000262858
132.872 0.000235212
127.476 0.000130973
169.65 0.00025114
118.244 0.000238176
123.17 0.000236501
127.782 0.000239486
124.485 0.000260399
131.004 0.000219229
128.844 0.000262345
128.907 0.000190241
131.351 0.000229737
131.501 0.00024145
129.966 0.000247607
124.859 0.000246913
127.044 0.000200117
130.135 0.000264757
128.232 0.000245602
132.664 0.000241216
125.343 0.000253166
129.511 0.000255041
127.704 0.000255311
130.317 0.000238897
132.068 0.00023852
129.431 0.00027005
124.249 0.000233112
128.25 0.000241983
133.29 0.000248042
130.895 0.000239758
126.644 0.000190215
128.213 0.000247378
128.084 0.000239668
127.488 0.000228211
124.396 0.000241839
127.866 0.000240956
127.562 0.000267012
130.829 0.000160312
128.994 0.000245547
128.834 0.0002496
130.816 0.000232751
129.794 0.00024007
128.167 0.000232918
124.629 0.00016063
130.067 0.000134553
129.901 0.000157186
130.159 0.000270565
130.356 0.000242267
129.278 0.00023565
128.789 0.000237713
116.367 0.000266526
119.554 0.000241837
131.709 0.000234351
133.285 0.000235691
128.465 0.000246104
125.982 0.000243345
133.955 0.00024658
131.381 0.000253184
129.837 0.000233303
129.44 5.11344e-05
129.662 6.81782e-05
134.379 0.000234154
127.842 0.000250154
128.085 0.000272388
130.443 0.000273985
129.456 0.000260744
127.95 0.000230987
128.535 0.000219307
130.942 0.000136321
130.027 0.00021666
127.073 0.000279899
126.84 0.000241817
128.115 0.00027026
128.995 0.000254003
126.467 0.000243466
129.276 0.000236038
128.424 0.000239968
128.945 0.000231164
129.642 0.000217353
133.1 0.000233185
129.985 0.000246935
129.291 0.000265425
129.084 0.000240694
129.254 0.000281232
133.156 0.000113702
129.982 0.000254204
129.023 0.000108308
120.479 4.76181e-05
126.029 0.000234526
129.902 0.00026481
129.538 0.000258238
127.693 0.000244685
131.117 0.00026514
130.731 0.000243859
129.699 0.000239734
132.804 0.000238627
129.328 0.000245653
129.02 2.51915e-05
130.552 0.000228922
129.894 0.0002375
126.756 0.000246529
130.432 0.000217762
127.429 0.00023373
127.07 0.000267185
117.285 0.000249889
128.732 0.000236128
126.767 0.000264731
130.766 0.000235242
129.245 0.00022323
128.366 0.000268007
127.921 0.000241736
129.586 0.000245551
129.842 0.000243077
127.365 0.000233741
125.474 0.000218085
129.702 0.000239696
129.968 0.000244538
128.973 0.000253654
129.005 0.0002405
129.444 0.000266358
128.559 0.000264365
133.007 0.000232963
130.657 0.000241747
129.694 0.000224627
126.411 0.000238734
126.637 0.000243161
131.649 0.000244139
129.761 0.000242853
124.843 0.000223561
129.289 0.000214952
131.14 0.000225973
131.762 0.000251267
130.183 0.000242545
130.719 0.000234439
129.512 0.00023725
130.577 0.000253672
129.544 0.000238809
130.044 0.000250092
130.771 0.000239816
130.104 0.000236797
129.913 0.000242991
125.082 0.000252872
131.063 0.000261755
128.502 0.000244242
130.114 0.000266149
131.735 0.000238756
129.03 0.000246766
127.997 0.000270196
126.415 0.000251866
128.081 0.000255904
126.527 0.000212228
134.341 0.000212001
131.345 0.000262666
130.774 0.000247379
127.403 0.000269246
129.83 0.000235637
131.372 0.000262273
129.19 0.000212315
128.225 0.000237635
129.356 0.000111872
129.218 0.000266058
131.048 0.000219711
127.719 0.000231144
129.979 0.000227728
124.815 0.000237301
127.079 0.000247456
131.689 0.000264695
127.454 0.000232704
132.64 0.000261776
136.188 0.00026707
130.08 0.00023586
128.287 0.000242108
130.722 0.000235734
129.735 0.000259873
132.023 0.000261328
127.886 0.000187202
129.588 0.000289214
126.405 0.00023772
129.715 0.000138023
131.823 0.00023405
129.479 0.00024232
127.755 0.000280285
126.309 0.000233943
129.24 0.000263709
131.632 0.000243552
132.379 0.000244615
126.139 0.000254385
126.455 0.000234302
130.548 0.000239871
122.162 0.000234045
129.789 0.000228795
128.35 0.000216715
130.278 0.000230106
126.7 0.000234983
129.911 0.000235091
128.544 0.000202021
126.652 0.000243807
130.914 0.000253823
130.046 0.00027256
127.412 0.000236449
129.526 0.000254921
122.372 0.000252587
130.079 0.00023456
131.527 0.000230841
118.036 0.00020179
124.092 0.000213424
128.656 0.00027924
130.085 0.00023308
129.116 0.000238272
132.161 0.000251168
128.048 0.000225379
128.759 0.000243748
128.797 0.000236554
127.336 0.000240983
129.278 0.000220571
130.309 0.000218652
127.659 0.000227209
128.517 0.000263058
130.923 0.00023661
131.062 0.000240555
128.598 0.000258404
132.813 0.000114774
124.664 0.000213959
129.561 4.6619e-05
131.79 0.000250834
129.036 0.00025227
130.132 0.00023457
124.562 0.000221052
134.476 0.000234747
132.825 0.000233046
131.765 0.000242406
128.59 0.000136783
132.039 0.000236869
133.272 0.000243525
130.546 0.000165093
128.114 0.000273383
132.208 0.000235293
128.009 0.000225047
129.361 0.000224018
129.781 0.000240997
130.847 0.000264419
130.37 0.000232678
126.767 5.25671e-05
127.821 0.000244807
130.06 0.000263629
129.111 2.5263e-05
124.528 0.000241256
128.47 0.000264463
126.73 0.000220207
126.333 5.79691e-07
130.417 0.000135142
129.445 0.000263841
128.223 0.000225923
127.226 0.000235112
131.56 0.000231086
129.031 0.000238066
129.14 0.000234651
127.666 0.000240086
131.431 0.000213503
117.873 0.000225303
127.24 0.000230641
129.597 0.000224234
126.395 0.000236263
127.951 0.000233898
131.498 0.000234289
129.846 0.000256998
131.146 0.000236307
130.729 0.000254433
131.029 0.000276115
130.288 0.000236862
132.601 0.00023889
130.853 0.000220137
126.514 0.000222812
126.882 0.000242114
130.274 0.000235069
132.086 0.000248312
128.722 0.000238874
131.123 0.000232959
124.183 0.000237664
130.319 0.000214094
126.175 0.000204275
129.827 0.000111878
132.559 0.000227611
128.766 0.000234704
132.41 0.00023103
129.535 0.000202249
133.63 0.000239323
129.838 0.000233721
130.639 0.000267713
128.167 0.000233948
128.307 0.000212991
130.275 0.000253218
127.411 0.000233359
129.258 0.000232304
122.085 0.000234548
130.276 0.000242333
129.99 0.000215579
126.895 0.000235558
131.012 0.000237105
135.975 0.000233256
133.352 0.000237091
132.501 0.000238122
129.283 0.000235004
120.061 0.000256518
128.045 0.000263147
122.251 0.000246751
128.907 0.000267736
130.058 0.000232556
128.422 0.000252361
127.207 0.000235869
127.337 0.000251055
126.72 0.000261673
128.951 1.64517e-06
126.839 0.00023791
128.807 0.000237752
127.98 0.000241421
130.044 0.000276662
130.585 0.000244885
129.732 0.000234006
126.34 0.000248132
130.728 0.000231729
131.558 0.000271176
128.27 0.000234331
128.816 0.000232989
133.793 9.27016e-05
129.339 2.56934e-05
127.192 0.000248223
128.174 0.000231607
126.939 0.000230799
130.391 0.000276004
132.508 3.66922e-05
127.109 0.000242376
130.832 0.00028927
129.071 0.000240822
132.787 0.000157413
129.188 0.000243553
128.966 0.000246504
131.729 0.000232455
130.292 0.000237376
130.651 6.88452e-05
127.243 0.000278782
130.922 0.00023532
126.266 0.000195367
126.099 0.000250323
129.065 0.000235439
129.319 0.000234673
129.393 0.00025369
130.142 0.000110985
131.135 0.000242399
128.213 0.000236384
128.916 0.000243249
129.777 6.97e-05
126.477 0.000234415
128.369 0.000264353
131.182 0.000230195
130.441 0.00023636
134.861 0.000226394
131.119 0.000233618
131.276 0.00024911
129.032 0.000239791
129.136 0.00025314
131.19 0.00022175
131.963 0.000239294
132.092 0.000261126
125.987 0.000214303
126.129 0.000254291
128.798 0.000234037
126.045 0.000250685
127.513 0.000281397
128.79 0.000264082
122.884 0.0002261
125.439 0.000242913
119 0.000259864
132.92 1.79368e-05
129.669 0.000278486
130.377 0.000239472
130.771 0.000238802
131.104 0.000239359
129.585 0.00024407
130.125 0.000234823
132.396 0.000254993
127.267 0.000241798
131.581 0.000230801
132.955 0.000199586
131.01 0.000234993
128.809 0.000196367
130.616 0.000157255
128.973 0.000263315
130.179 0.000219517
123.925 0.000270434
126.794 0.00022061
134.407 0.000234424
133.055 0.00024667
132.243 7.03753e-06
127.034 0.000233034
125.501 0.000246012
120.619 0.000160108
127.078 0.000234947
130.778 0.00023866
130.934 0.00025993
129.185 0.000245846
129.726 0.000269331
130.271 0.000235512
133.099 0.00023226
126.088 0.000136827
129.207 0.000136088
126.792 0.000238684
128.317 0.000243116
130.697 0.000237093
127.764 0.000239232
128.159 0.000235781
132.805 0.000249922
122.17 0.000233176
123.76 0.000266014
128.925 2.52026e-05
120.971 0.000111585
129.24 0.000236978
115.447 0.000231643
122.406 0.000235974
123.728 0.000230642
128.761 0.000244416
126.471 0.000217165
130.183 0.000244896
129.871 0.000242596
127.295 0.000236248
132.195 0.000254615
133.471 0.000234759
124.167 0.000243976
129.673 0.000245587
125.884 0.000239485
131.113 0.000206553
130.138 0.000250937
131.214 0.000242854
130.733 0.000234018
124.98 0.000247347
123.748 0.000183238
126.59 0.000243909
128.815 0.000235185
128.893 0.000230753
130.58 0.000240075
128.095 0.000253971
130.124 0.000255574
127.121 0.000249852
130.529 0.000260894
129.527 0.00025316
130.05 0.000249154
129.087 0.000238963
130.198 0.000156774
126.181 0.000234527
130.053 0.000274723
127.847 0.000231132
128.536 0.000241233
128.41 0.000226456
128.252 0.000231947
130.15 0.000242714
125.52 0.000254603
129.084 0.000228242
130.744 0.000233145
133.038 0.000248718
128.857 0.000249101
133.477 0.000232709
130.575 0.000266843
129.616 0.00026882
127.76 0.000234833
132.3 0.000183569
131.65 0.000242677
129.103 0.000244591
127.454 0.000232915
131.155 0.000223059
131.253 0.000231996
129.442 2.69622e-06
130.803 0.000268361
128.303 0.000208405
127.347 0.000230236
117.54 0.0002464
129.575 0.000241777
130.988 0.00024254
127.965 0.000252987
129.766 0.000264856
132.188 0.000261613
128.342 0.000238586
122.52 0.00024544
130.784 1.12602e-05
130.963 0.000240614
130.103 0.000227961
130.671 0.000219981
130.068 0.000237135
123.441 0.000221463
129.973 0.000244164
130.46 0.000246308
121.99 0.000264165
130.15 0.000103541
130.228 0.00028381
130.556 0.000202989
128.907 0.00020671
133.551 0.000243578
129.628 0.000231263
130.159 5.06949e-05
133.58 0.000231139
130.947 0.000252033
127.416 0.00026675
128.683 6.90634e-05
129.741 0.000248173
132.949 0.000233477
128.557 0.0002332
128.575 0.000237478
129.888 0.00022541
128.366 0.000241451
128.627 0.00023506
128.481 0.000273013
128.526 0.000204428
125.662 0.000184564
129.282 0.000203363
129.577 0.000157668
130.393 0.000108268
128.155 0.000235504
127.579 0.000234969
127.506 0.000269565
130.942 0.000237678
130.426 0.000234744
131.167 0.000239915
118.864 0.000227745
125.599 0.000263405
131.047 0.00022263
127.707 0.000245872
130.427 0.000235257
123.249 0.000230707
132.452 0.000266162
126.867 0.000158532
115.935 0.000239574
130.151 0.000217993
132.336 0.000222858
128.403 0.000233239
127.391 0.000235847
121.866 0.000229076
133.429 0.000223598
129.109 0.000233386
124.954 0.000209414
127.505 0.000156633
132.939 0.000277533
135.036 0.000249076
122.925 1.78304e-05
125.986 0.000235952
129.991 0.000238427
130.477 0.000264719
125.414 0.000265949
128.144 0.000231439
129.809 0.000221888
132.85 0.000229964
130.788 0.000219637
132.482 0.000241401
118.011 0.000254095
118.217 0.000240959
133.124 0.000234683
127.34 0.000263211
123.168 0.000258578
119.366 0.000234643
129.228 0.000251586
127.962 0.000254927
129.059 0.000270275
130.57 0.000243473
130.604 1.6877e-05
128.811 0.000238252
129.957 0.000251297
127.236 0.000243671
129.27 0.000245873
129.336 0.000238458
131.603 0.000259005
129.36 0.000239386
127.383 0.000243328
129.828 0.000261173
129.997 0.000277734
128.569 0.000243094
129.083 0.000270388
131.592 0.000231188
129.751 0.000204282
128.555 0.000272665
130.097 0.000230127
127.875 0.000234024
129.331 0.000244219
129.564 0.000230105
133.458 0.000241115
132.219 0.000235662
128.285 0.000239363
129.49 1.21483e-05
131 0.000244151
127.546 0.000115447
124.574 0.000238179
134.061 0.000254567
119.588 0.000197037
127.649 0.000229192
132.48 0.000266458
126.159 0.000247485
129.536 0.00024155
124.156 0.000244278
130.786 0.000220949
130.731 0.000260987
126.633 0.000236984
128.769 0.000236969
124.344 0.000260502
120.999 0.000133
130.155 4.7391e-05
126.395 0.000273803
130.622 0.000218428
127.375 0.000234681
129.577 3.66307e-05
131.805 0.000238323
128.587 0.000263486
128.792 0.000264516
129.087 0.000242206
126.764 0.000210935
126.51 0.000247969
129.835 0.000231811
126.213 0.000265692
130 0.000233645
131.686 0.00011086
116.542 0.000245591
130.565 0.000259753
125.145 0.000254747
130.146 0.00023693
128.522 0.000260935
130.746 0.000265271
130.217 0.000242858
121.968 0.000237193
122.193 0.000198516
130.285 0.000220043
129.674 0.000236363
130.805 0.00021407
128.361 0.000203793
131.533 0.00023967
126.544 0.000263635
126.397 9.58111e-07
123.564 0.000267126
132.978 0.000268542
130.709 0.000246343
130.87 0.000240902
130.27 0.000187589
130.359 0.000268029
127.206 9.04125e-05
128.606 0.00022152
128.109 0.000252821
129.791 0.000244894
133.166 0.000259188
128.484 0.000257228
131.07 0.000233255
128.485 0.000226227
130.267 0.000242795
130.464 0.000239576
120.706 0.000270615
122.652 0.000218078
127.804 0.000247283
127.254 0.000225264
128.91 0.000268227
129.865 0.000263029
129.857 0.00027082
121.852 0.000119858
132.084 0.000245247
125.987 0.000235268
127.503 0.000229254
130.096 0.000248275
130.49 0.000235149
129.38 0.00023925
129.684 0.000234255
128.02 0.000235454
134.152 0.000234837
129.777 0.000248127
131.28 0.000255745
127.392 0.000230224
119.252 0.000243238
121.79 0.000254861
119.844 0.000227044
130.722 0.000261584
125.933 0.000234965
129.233 0.000242432
128.082 0.000254047
133.474 0.000244933
130.191 0.000233263
130.036 0.000218289
127.329 0.000222868
126.228 0.000234563
131.11 0.000261678
131.254 0.000230171
124.853 0.000249038
131.532 0.000235243
126.777 0.000241819
127.553 0.000262789
131.845 0.000263725
129.989 3.404e-07
120.172 1.63605e-06
126.112 0.000249061
131.936 0.000215759
130.359 0.000271505
122.732 0.000280531
127.773 0.000265152
126.978 0.000232114
127.816 0.000245265
123.692 0.000198448
128.891 0.000252649
127.451 0.000249707
130.711 0.000249688
130.444 0.000234916
129.992 0.000239274
128.848 0.000253286
130.466 0.000239113
132.233 0.0002256
128.802 0.000244683
130.365 0.000238344
131.183 0.000228475
128.575 0.000241166
134.643 0.000246041
125.026 0.000231029
129.969 0.000235404
128.63 0.00023188
130.903 0.000234885
132.885 0.000234748
130.398 0.000238622
128.218 0.000234001
127.438 0.000232354
122.812 0.000261571
127.815 0.000237811
134.784 0.000171124
127.418 0.000200538
130.151 0.000205176
130.543 0.00026183
128.495 0.000268216
131.963 0.000216985
130.664 0.000255192
120.376 0.000226457
131.238 0.000234912
131.559 0.000242271
130.383 0.000269098
128.381 0.000252368
124.208 0.000245723
131.201 0.000245026
123.801 0.000217371
130.293 0.000200067
132.64 0.000227359
131.358 0.00023323
126.704 0.00023105
132.021 0.000265653
127.144 8.90061e-05
129.78 0.000249264
128.744 0.000236525
131.073 0.000253527
132.657 0.000226517
131.522 0.00026508
123.761 0.000235838
129.71 0.000232214
124.594 0.000219408
126.508 0.000231659
131.169 7.10289e-06
128.909 0.000235495
124.154 0.000240046
131.06 0.000232236
131.742 0.000248832
130.295 0.000227458
130.435 0.000231433
130.565 0.000301955
131.147 0.000224663
129.373 0.000254314
129.24 0.000240535
127.598 0.000240972
129.219 0.000236742
134.316 0.000263737
130.839 0.00023864
128.171 0.000264662
126.262 0.000251236
126.394 0.000255133
130.256 0.000244302
131.086 0.000253441
133.476 0.000251672
129.092 0.000262106
127.498 0.000277082
129.35 0.000233928
120.826 0.000268353
119.653 0.000254754
128.436 0.000229919
129.536 0.000244888
129.296 0.000243397
129.56 0.000220989
130.141 0.000253792
124.43 0.00024702
134.371 0.000248571
134.152 0.000226222
125.083 0.000259696
128.927 0.000251134
131.213 0.000234492
115.788 0.000255474
127.897 0.000231109
126.25 8.99039e-05
125.076 0.00023777
127.903 0.000248883
126.843 0.00027698
130.817 0.0002615
132.791 0.000164638
130.777 0.000242369
130.957 0.000247982
127.623 0.000111391
129.077 0.000244853
130.078 0.000110539
133.846 0.000250117
128.434 0.000265676
130.236 0.000236059
131.07 0.000248541
133.565 0.00011083
130.235 4.80669e-05
126.077 0.000221065
130.922 0.000252669
126.975 0.000252024
131.446 0.00023014
130.361 0.000232598
