123.701 0.000111061
120.542 2.05551e-05
125.129 1.42793e-07
125.588 9.5439e-05
116.487 0.000107689
125.541 0.000104957
122.95 9.34585e-05
125.869 9.16274e-05
122.352 9.67246e-05
125.3 9.8934e-05
123.822 0.000108955
121.43 0.000100938
125.45 0.000105741
122.336 9.86381e-05
124.673 0.000109221
126.766 7.39527e-05
119.67 9.83151e-05
121.221 7.57374e-05
127.813 9.81838e-05
125.112 9.4805e-05
123.524 9.825e-05
125.625 9.79712e-05
118.103 9.95433e-05
124.767 8.17018e-05
123.885 0.000102042
123.161 0.000116381
124.826 7.78856e-05
125.535 0.000110544
125.378 9.46239e-05
123.778 9.73651e-05
124.686 6.94189e-06
124.184 1.80776e-06
121.721 9.66573e-05
124.439 9.84779e-05
125.187 9.86376e-05
122.626 0.000100137
120.322 0.000110234
120.988 9.41933e-05
128.357 5.52831e-05
120.404 0.000111743
120.939 0.000106351
123.561 0.000109998
123.646 0.000104089
126.997 8.46675e-05
122.099 1.43314e-05
127.273 0.000108652
122.03 9.49478e-05
125.706 0.000100321
123.04 9.83893e-05
129.501 1.04344e-05
124.264 0.00011464
120.237 0.000100441
122.816 0.000101617
124.453 0.000110777
127.016 0.000106802
124.879 9.97551e-05
124.26 0.000108517
130.221 4.70081e-06
121.06 4.61545e-05
123.716 0.000100721
125.859 0.000101945
123.385 9.64844e-05
124.925 0.000109178
126.353 5.15497e-05
125.768 0.000108746
123.843 9.30094e-05
127.299 8.56596e-05
127.942 9.84268e-05
125.993 9.44718e-05
123.242 9.56775e-05
127.098 0.000109204
117.974 9.50586e-05
121.766 0.000101266
123.976 0.000104009
123.374 9.71097e-05
122.307 6.57717e-05
125.372 4.06958e-07
125.449 0.000100458
118.918 9.73938e-05
120.321 0.000112104
126.702 9.81785e-05
125.974 9.21639e-05
121.116 9.21998e-05
123.241 9.90028e-05
129.47 0.00010622
124.064 0.000106648
125.06 9.83537e-05
123.529 0.000105193
124.881 9.86178e-05
122.982 0.000109316
121.925 0.000110156
116.645 8.83727e-05
127.859 9.82445e-05
125.27 9.60414e-05
123.696 0.000114064
124.803 0.000104805
124.8 9.97251e-05
124.891 0.000102065
121.53 0.000108247
126.251 9.39606e-05
124.347 4.50572e-06
128.089 9.64e-05
127.138 0.000109137
125.226 0.000101107
125.334 0.000102157
129.868 2.09107e-05
126.025 8.36475e-05
125.132 9.39886e-05
125.836 9.70733e-05
122.94 0.000104179
125.287 9.53623e-05
122.699 2.0632e-05
126.326 0.00010754
120.998 0.000101636
123.866 9.617e-05
125.476 8.69591e-05
127.676 9.59882e-05
120.909 0.000108462
124.479 9.95067e-05
125.276 9.01048e-05
122.453 9.67458e-05
128.232 9.63726e-05
123.479 9.45759e-05
126.618 9.68696e-05
123.702 0.000106416
125.325 9.86419e-05
124.978 1.85684e-06
126.035 7.53271e-05
124.43 9.65258e-05
123.508 0.000109133
127.179 9.76057e-05
123.668 9.98446e-05
126.069 9.10349e-05
127.303 9.96282e-05
119.662 0.000109849
123.466 0.000100332
120.428 9.54353e-05
126.467 9.33928e-06
127.695 0.000100495
127.323 7.46348e-05
125.564 9.97102e-05
124.908 9.83928e-05
125.535 0.00010202
122.349 9.48284e-05
121.876 7.59359e-05
125.159 0.000107894
121.996 0.000105998
127.04 9.44205e-05
127.125 9.47475e-05
123.978 9.85664e-05
125.45 9.7904e-05
122.5 9.68373e-05
125.17 9.86053e-05
121.592 9.99603e-05
122.519 9.94658e-05
126.45 0.000107911
126.796 3.65549e-05
125.133 8.23619e-05
123.333 9.02289e-05
125.121 9.09496e-05
124.93 9.42207e-05
123.598 0.000106526
123.781 0.000105642
124.952 0.000108787
124.581 9.50041e-05
124.395 9.61506e-05
125.279 9.72394e-05
126.943 9.35619e-05
122.267 9.77777e-05
124.34 0.000101246
120.314 0.00010382
122.949 9.5895e-05
122.207 0.000100401
124.618 1.47117e-05
121.826 5.54266e-05
128.485 0.000112734
122.608 8.69393e-05
127.035 9.84856e-05
122.902 0.000107214
124.914 9.37455e-05
122.905 9.49287e-05
122.474 9.88372e-05
130.134 9.64426e-05
120.98 0.000113296
127.54 0.000109494
122.391 9.96446e-05
121.921 0.000109572
126.919 0.000109213
122.726 1.03136e-05
118.915 9.22648e-05
124.528 9.02968e-05
123.45 8.93198e-05
126.075 0.000102608
128.093 9.91235e-05
126.555 9.03655e-05
123.452 9.18552e-05
123.472 9.45427e-05
121.225 0.000107075
124.871 9.43691e-05
125.732 0.000141783
127.052 9.56766e-05
125.703 9.8578e-05
125.427 8.72195e-05
122.807 9.96852e-05
120.525 8.9651e-05
118.09 0.000106737
123.161 9.79955e-05
130.129 9.45489e-05
116.579 9.88383e-05
121.768 9.99551e-05
123.406 1.78888e-06
147.537 0.000100327
125.803 0.000100429
124.151 9.95125e-05
128.672 9.72956e-05
128.674 0.000117221
122.492 9.40954e-05
123.251 9.42571e-05
122.35 9.52346e-05
125.145 0.000108606
115.492 0.000108719
124.938 7.03386e-06
126.075 9.03487e-05
126.244 9.82288e-05
115.313 9.91321e-05
132.321 9.80655e-05
126.56 9.51339e-05
115.462 1.7804e-06
125.406 9.59794e-05
125.257 0.000100713
125.605 0.000110045
122.985 9.85687e-05
128.445 9.7595e-05
124.483 9.52108e-05
121.779 3.56069e-07
124.066 9.94902e-05
120.691 0.000102429
127.377 9.54615e-05
121.308 2.12479e-05
122.05 7.52597e-05
125.568 7.36073e-05
126.959 9.21973e-05
123.486 9.40749e-05
120.771 9.6463e-05
123.592 9.16998e-05
122.379 8.13867e-05
119.201 0.000110227
125.99 0.000100139
123.556 9.53628e-05
125.624 9.92336e-05
126.491 8.70219e-05
128.917 9.71952e-05
122.177 9.72354e-05
123.071 9.76223e-05
124.524 0.000110202
122.396 9.99676e-05
122.461 0.000108638
124.726 8.87499e-05
127.854 9.34649e-05
124.839 9.97168e-05
123.853 0.000108268
127.128 9.64568e-05
129.099 9.3906e-05
127.996 9.67766e-05
127.767 0.000107326
120.445 8.63445e-05
125.648 9.38572e-05
126.784 9.82616e-05
124.495 2.00482e-05
124.656 0.000104034
126.422 6.57541e-06
137.525 0.0001065
122.278 9.67022e-05
121.868 9.90629e-05
126.656 8.97118e-05
126.066 0.000100008
124.891 0.000107739
125.757 6.62609e-08
129.984 0.000100737
123.824 9.4787e-05
124.883 9.67975e-05
125.781 0.000100507
116.395 0.000107449
117.988 9.96422e-05
124.086 9.87179e-05
125.899 0.000100492
121.059 0.000109394
128.599 0.000106134
126.151 8.62914e-05
126.111 0.000110432
125.112 9.94464e-05
125.221 9.54442e-05
125.073 3.69682e-05
124.853 2.75311e-05
127.008 0.000112985
128.311 9.7686e-05
124.602 0.000108561
122.299 4.62428e-06
121.441 9.97545e-05
122.204 0.000104086
129.944 6.40419e-05
124.656 0.000108978
128.858 9.72749e-05
123.72 0.000104036
123.806 9.4789e-05
124.629 6.48537e-05
123.429 9.9202e-05
124.515 0.000103173
120.061 9.54054e-05
125.151 0.000108001
125.146 0.000103195
123.945 9.58998e-05
125.136 9.88693e-05
128.167 9.41362e-05
126.161 9.56563e-05
120.527 0.000106599
124.228 9.9791e-05
128.383 9.69035e-05
123.576 9.71161e-05
116.965 9.7838e-05
121.952 0.000102804
123.959 8.28635e-05
122.154 0.000113822
124.571 1.04548e-05
123.883 9.59273e-05
121.131 9.43205e-05
123.276 9.05285e-05
125.661 0.000108541
124.89 9.59343e-05
126.921 9.78395e-05
124.517 9.24234e-05
121.657 0.000101424
123.215 8.91223e-05
125.172 9.9191e-05
125.609 0.000112015
125.62 9.70942e-05
122.744 7.07592e-06
125.503 9.51692e-05
123.027 7.51013e-05
120.014 0.000109362
123.171 9.64433e-05
127.201 0.00010005
121.702 9.48447e-05
124.102 9.70402e-05
122.561 0.00010796
125.481 0.000105006
124.356 0.000103814
124.595 9.77489e-05
123.172 0.000110087
125.899 9.84343e-05
123.792 0.000101438
123.315 0.00010725
123.203 0.000107637
119.424 8.60601e-05
126.345 2.86106e-05
124.306 8.67923e-05
125.483 8.31873e-05
123.824 9.97288e-05
125.717 9.47931e-05
121.853 9.48297e-05
125.451 9.97514e-05
121.607 9.6031e-05
123.347 0.000102651
124.099 0.000100449
125.227 9.58715e-05
128.098 9.95809e-05
121.998 9.5834e-05
124.65 0.000106535
119.345 0.000109649
126.27 9.95679e-05
125.891 9.68496e-05
124.488 9.39564e-05
124.893 0.000109708
126.682 8.85447e-05
149.785 2.65922e-05
123.297 5.66522e-05
122.781 9.65199e-05
124.695 0.000105685
125.649 9.70609e-05
118.508 9.25352e-05
123.625 0.00011011
122.409 9.84771e-05
125.307 0.000106451
125.707 9.75324e-05
127.301 9.05726e-05
123.181 9.98829e-05
123.003 9.62981e-05
124.192 0.000100736
121.644 0.000109368
124.698 9.43763e-05
119.43 9.58602e-05
129.489 6.479e-07
125.394 0.000104903
122.133 9.60177e-05
125.314 0.00010766
119.276 2.06281e-05
122.022 9.61159e-05
125.464 9.65873e-05
125.239 0.000100762
122.054 8.99261e-05
118.759 9.20383e-05
127.749 8.59369e-05
123.767 0.000107638
129.991 9.3943e-05
120.235 9.97535e-05
121.74 0.000108732
125.063 9.90777e-05
125.606 9.99916e-05
116.806 2.04683e-05
119.043 9.504e-05
119.606 0.000107014
124.074 0.000103244
122.8 9.73966e-05
123.267 9.55589e-05
125.031 9.93327e-05
119.619 9.25808e-05
125.987 9.84322e-05
121.309 5.14863e-05
124.348 1.8163e-06
122.469 9.54599e-05
121.241 0.000108921
121.4 1.99158e-05
120.558 9.09209e-05
125.114 0.000108202
120.259 9.67345e-05
127.177 5.58829e-05
126.307 0.000102536
119.848 0.000102722
129.96 0.000108049
125.576 0.000106267
126.823 0.000107751
122.936 0.000101478
123.226 9.9478e-05
121.718 0.000144654
121.945 0.000117916
119.846 9.80606e-05
123.51 9.48695e-05
123.149 0.000103611
125.426 9.57532e-05
122.769 8.22839e-05
126.635 9.53468e-05
123.116 0.000104057
123.6 9.66996e-05
125.715 0.000110576
123.411 8.4811e-05
125.791 9.79997e-05
126.007 9.51991e-05
124.336 9.71681e-05
126.445 1.36653e-05
126.948 8.48199e-05
130.529 0.000100819
126.269 0.000105061
123.931 0.000110249
123.537 9.88244e-05
121.828 1.98994e-05
125.681 9.68149e-05
123.863 9.50611e-05
125.474 9.53092e-05
123.299 9.89877e-05
123.417 0.000110157
122.231 9.63702e-05
118.771 9.70161e-05
124.448 0.000108267
125.549 9.35931e-05
125.482 9.70741e-05
122.136 0.000105469
125.315 9.86743e-05
120.861 0.000111721
125.156 0.000100562
124.388 0.000108012
121.789 9.41929e-05
122.069 2.81542e-05
125.273 8.6961e-05
125.678 9.66004e-05
124.305 0.000100012
123.64 1.04837e-05
125.925 0.000108124
123.167 9.07462e-05
122.011 0.00010308
124.659 9.52099e-05
122.56 9.52428e-05
126.364 9.11823e-05
123.8 2.80663e-05
125.893 9.51077e-05
123.252 9.57384e-05
122.939 0.000100012
125.959 9.65545e-05
125.443 9.56341e-05
124.089 9.63183e-05
124.579 9.58466e-05
121.9 0.00010824
127.039 4.79665e-05
124.815 0.000100602
125.833 0.000102726
125.329 0.000101153
116.097 0.00010343
122.589 9.76165e-05
125.875 6.97764e-06
124.389 9.66426e-05
122.274 0.000109152
120.789 9.61884e-05
124.454 3.80588e-05
122.155 6.48857e-05
123.799 1.51637e-05
123.38 9.51748e-05
125.608 2.01763e-05
127.753 9.81791e-05
122.661 9.57438e-05
123.226 0.000102889
123.748 9.75655e-05
120.011 0.000103758
117.622 9.0439e-05
124.84 0.000102422
126.457 8.77074e-05
124.333 0.000109012
123.054 9.51285e-05
126.653 3.00607e-06
128.466 9.95227e-05
125.197 9.86416e-05
126.492 9.40968e-05
124.017 9.56124e-05
125.253 9.56837e-05
121.261 9.22202e-05
125.193 9.40948e-05
130.397 9.7294e-05
124.693 9.39934e-05
124.446 0.000104952
125.951 9.98093e-05
124.676 0.000106952
126.759 9.89955e-05
122.081 0.000100536
121.135 5.71727e-05
124.885 9.98437e-05
117.002 0.000101688
125.356 7.68292e-05
126.423 9.70217e-05
123.416 8.60465e-05
124.582 0.000109489
124.038 9.84566e-05
121.241 9.66538e-05
121.165 9.3227e-05
122.141 0.000113036
125.427 9.98715e-05
123.362 0.000105536
124.89 9.72306e-05
125.788 0.000104211
126.231 0.000106687
123.18 6.4474e-05
115.662 0.000107986
123.688 0.000109098
124.971 0.000111822
122.783 9.7857e-05
125.701 9.48823e-05
127.067 9.50761e-05
123.325 9.77501e-05
127.033 9.6256e-05
125.742 4.64099e-06
125.649 0.000106137
122.665 0.000109358
120.201 9.02107e-05
122.123 3.78992e-05
121.856 9.69097e-05
123.4 9.82996e-05
123.998 9.4633e-05
126.501 6.49102e-05
124.441 9.6817e-05
126.571 9.62201e-05
130.503 9.97931e-05
125.178 9.67145e-05
127.398 9.97273e-05
124.894 9.15767e-05
120.215 9.82987e-05
124.45 9.638e-05
122.925 9.46736e-05
127.081 0.000101764
121.477 9.53987e-05
121.32 9.69894e-05
125.359 9.84166e-05
126.224 9.62697e-05
122.91 9.79324e-05
125.83 9.86615e-05
122.528 0.000107011
121.901 9.37009e-05
126.643 0.00011005
123.504 9.54104e-05
130.098 0.000105811
128.268 9.5033e-05
124.125 8.02913e-05
124.444 9.50608e-05
126.576 0.000100634
125.017 0.00010619
122.878 6.56606e-05
124.902 9.80034e-05
126.641 9.46924e-05
126.906 0.000107766
121.722 9.67537e-05
121.359 0.000101362
128.215 2.09646e-05
121.161 9.98654e-05
124.676 9.88211e-05
126.85 9.18282e-05
125.44 9.68142e-05
127.138 9.87252e-05
121.261 9.89085e-05
120.684 9.49659e-05
124.926 9.8172e-05
122.331 9.89213e-05
125.257 0.000100073
124.723 0.00010963
123.928 0.000101268
123.655 0.000109925
121.642 9.41441e-05
122.655 0.000100755
124.015 0.000101453
123.963 0.000109739
124.728 4.62987e-06
121.051 9.83397e-05
127.219 6.41692e-05
128.585 9.75599e-05
123.817 9.33469e-05
121.79 9.92309e-05
123.738 9.58187e-05
117.455 9.27255e-05
124.59 9.95264e-05
128.712 9.42019e-05
125.727 0.00010744
123.343 0.000106267
124.076 0.000109293
120.709 0.000103518
125.353 0.000113295
124.561 0.000102042
120.293 0.000102158
126.435 9.58574e-05
123.122 9.60003e-05
125.695 9.89116e-05
122.318 9.85756e-05
119.661 9.51278e-05
128.329 6.59507e-05
124.571 0.000101693
121.105 0.000109065
126.485 9.7461e-05
125.584 0.000100084
123.633 0.000110311
131.4 5.50287e-05
125.583 9.30445e-05
124.942 9.54643e-05
124.958 9.43202e-05
120.732 6.84267e-06
124.532 9.41805e-05
124.339 8.18172e-05
124.824 2.84218e-05
125.615 9.48504e-05
121.764 0.000101316
128.609 0.00010435
123.153 9.91086e-05
119.142 0.000109983
122.591 0.000101435
124.975 9.94997e-05
124.361 0.000106361
125.222 9.25863e-05
126.048 9.93487e-05
122.047 9.46913e-05
121.787 9.81242e-05
124.97 9.72098e-05
129.486 0.000101632
128.089 9.40366e-05
123.499 9.67138e-05
127.204 2.92644e-05
122.029 9.87333e-05
122.133 1.03665e-05
123.686 0.00010249
123.052 9.51568e-05
124.564 9.63073e-05
117.422 0.000114233
124.584 9.78533e-05
125.494 0.000116739
116.299 9.46016e-05
125.562 9.40255e-05
123.022 8.93147e-05
126.622 9.74357e-05
124.73 9.86071e-05
125.904 9.85105e-05
124.943 9.4678e-05
126.826 9.9981e-05
125.968 9.49764e-05
118.061 9.06631e-05
121.642 9.29705e-05
121.905 0.000100512
127.194 0.000100511
124.092 9.72971e-05
119.364 9.36661e-05
123.358 0.000102574
129.39 0.000105191
122.069 6.88776e-06
125.897 0.0001103
126.744 9.3564e-05
115.486 0.000107415
124.313 2.78352e-05
127.089 0.000100262
129.871 9.67127e-05
121.202 9.63611e-05
121.138 8.37084e-05
122.876 6.59147e-05
124.267 0.000100171
127.658 9.65938e-05
127.509 9.84691e-05
123.394 0.000104377
125.706 6.68758e-07
126.525 9.4839e-05
124.836 2.90978e-06
124.228 9.64454e-05
124.186 9.99966e-05
123.248 6.65652e-05
126.515 0.000107307
117.754 9.72545e-05
123.013 0.000109152
126.655 2.06148e-05
123.25 9.64287e-05
125.977 9.67798e-05
124.236 9.69086e-05
122.64 9.78335e-05
123.21 0.000111868
125.186 9.51904e-05
124.397 0.000108176
123.386 9.72388e-05
124.55 9.71012e-05
124.372 0.000118046
123.176 3.63373e-05
125.963 0.000111752
124.806 1.7481e-06
121.271 6.16993e-05
116.142 9.13463e-05
123.135 6.50245e-05
122.227 0.000108569
125.338 0.000109452
121.297 9.55964e-05
123.352 9.45017e-05
123.222 9.75329e-05
115.255 9.53693e-05
118.43 0.000100031
124.331 9.47192e-05
125.741 9.56297e-05
124.367 0.000108853
120.584 0.000117594
119.484 9.4289e-05
126.157 9.92051e-05
123.212 9.15916e-05
124.497 9.41889e-05
121.318 0.000100213
128.324 0.000111797
124.77 9.4785e-05
126.092 0.000114012
129.925 9.67315e-05
120.768 0.000100256
126.057 9.1834e-05
121.752 0.000101364
121.033 9.61669e-05
123.891 0.000100389
123.49 9.95847e-05
126.217 0.000110091
123.385 5.51838e-05
126.146 9.5233e-05
124.277 2.79068e-05
123.39 0.000103755
123.257 9.65066e-05
129.033 9.6103e-05
115.127 0.000102413
122.539 4.67524e-05
124.262 0.000109659
123.562 9.47967e-05
127.951 0.00011032
121.481 1.48569e-05
124.238 8.8827e-05
126.838 9.82413e-05
127.255 0.000102331
123.339 9.56162e-05
127.283 0.000106977
121.263 9.82668e-05
126.328 9.8228e-05
119.442 0.000109609
123.014 5.83634e-05
127.323 9.60094e-05
122.524 2.05743e-05
122.712 9.39409e-05
134.782 0.00011261
122.431 0.000101722
125.587 0.000102899
125.104 9.59925e-05
125.554 9.6813e-05
123.291 9.49664e-05
126.138 9.64769e-05
128.531 9.70516e-05
122.266 9.23913e-05
123.407 0.000102185
119.317 0.000124147
126.609 9.74143e-05
123.533 9.7417e-05
123.738 0.000107178
123.022 8.64946e-05
121.581 1.82125e-06
125.199 9.6836e-05
124.274 9.56865e-05
119.553 0.000102666
122.626 0.000100764
122.341 0.000101939
125.902 9.62397e-05
127.838 9.76375e-05
127.358 1.03902e-05
128.067 9.53102e-05
124.769 0.000101422
122.963 9.02212e-05
122.136 0.000109281
125.343 9.63245e-05
128.614 9.92263e-05
125.782 9.52861e-05
125.788 9.83108e-05
126.442 9.5601e-05
124.405 0.000108653
124.326 0.000102112
124.665 6.53686e-05
124.387 8.89895e-05
121.497 0.000104089
125.083 4.4016e-05
125.929 0.00011388
123.275 9.77054e-05
126.108 9.54883e-05
124.446 3.69488e-05
125.962 9.73214e-05
129.575 9.51457e-05
120.879 0.000106785
126.071 9.93224e-05
123.629 9.39117e-05
128.014 9.84324e-05
124.09 9.64348e-05
126.176 9.69345e-05
125.07 0.000108388
126.941 5.57645e-05
121.964 9.49726e-05
126.115 9.80162e-05
130.174 0.00010088
125.591 9.85092e-05
124.109 9.66414e-05
124.591 9.92123e-05
129.543 9.72173e-05
121.628 8.91876e-05
121.033 7.69155e-05
124.255 0.000106552
126.823 0.000107771
126.664 0.000103013
127.917 9.75444e-05
119.183 9.464e-05
123.527 0.000108436
120.789 0.000101694
124.86 0.000108323
124.473 9.17226e-05
129.668 0.000100292
125.552 0.000100824
120.759 0.000100678
126.041 0.000100355
121.003 9.28113e-05
120.969 5.39916e-05
120.3 0.000104226
123.984 8.99949e-05
125.929 9.84194e-05
122.133 0.000115988
121.498 9.94646e-05
122.712 4.45696e-05
123.094 1.49812e-05
124.15 9.79573e-05
129.482 0.000102473
126.047 9.63572e-05
119.751 7.55006e-05
123.789 9.41019e-05
126.791 9.51297e-05
122.369 9.04571e-05
121.513 9.61346e-05
127.984 1.5021e-05
127.773 9.62257e-05
120.192 0.000100663
124.625 0.00010451
126.652 9.05983e-05
132.895 9.60474e-05
127.658 0.000111805
123.869 7.46119e-05
125.562 9.84487e-05
125.831 9.9001e-05
124.517 9.48519e-05
122.337 6.25027e-07
127.089 9.3623e-05
122.129 0.000103709
127.469 0.000113359
121.416 9.74858e-05
124.931 0.000102375
120.945 9.75715e-05
125.088 9.5274e-05
126.76 9.75255e-05
124.955 9.5787e-05
124.829 9.87777e-05
124.127 9.38016e-05
123.895 0.000109915
133.08 0.000100724
124.035 9.54857e-05
116.76 0.000108839
123.666 9.47048e-05
127.159 0.000103669
122.182 0.000108358
125.093 9.78806e-05
121.661 0.000102007
126.14 6.97723e-05
116.084 9.74516e-05
123.769 9.89199e-05
123.067 0.000107588
126.099 3.72236e-05
123.546 9.74857e-05
123.633 9.79803e-05
127.602 9.53331e-05
124.652 0.000101028
126.271 9.5943e-05
126.037 0.000123172
117.482 9.92209e-05
127.329 9.53902e-05
122.151 0.00010266
125.601 8.88058e-05
122.856 9.34509e-05
123.625 2.07785e-05
115.986 9.84984e-05
128.611 9.78668e-05
125.608 9.62289e-05
122.82 0.00011007
122.399 9.53074e-05
122.186 0.000100353
125.114 9.43982e-05
127.552 9.38473e-05
121.348 0.000102006
123.016 0.000100257
118.302 9.97893e-05
125.65 7.34348e-05
123.38 9.97868e-05
125.363 0.000109735
129.753 0.000106153
119.57 9.85304e-05
116.855 9.96852e-05
123.395 9.63401e-05
124.646 9.78322e-05
124.532 9.77807e-05
122.983 0.000104279
125.687 0.000109168
126.697 9.71207e-05
128.237 0.000106963
125.429 1.49713e-05
121.491 9.77123e-05
123.488 0.000104921
122.691 9.59283e-05
123.112 4.01346e-07
122.981 9.35873e-05
126.363 9.52023e-05
115.993 6.23058e-05
126.522 9.16039e-05
128.666 9.13548e-05
123.689 0.000107262
123.283 0.00011043
122.838 9.97368e-05
122.152 9.991e-05
124.937 9.65486e-05
122.648 9.12812e-05
125.866 0.000100976
123.957 9.43308e-05
126.394 4.35148e-05
124.494 0.000100289
124.562 0.000108477
124.806 9.83924e-05
125.916 2.15078e-05
119.825 9.49541e-05
125.599 9.53161e-05
117.772 0.00010287
123.367 9.94995e-05
126.719 9.40196e-05
124.289 9.38546e-05
126.071 9.50026e-05
128.006 9.86279e-05
118.207 9.74512e-05
124.937 6.48602e-05
121.713 4.60537e-05
123.398 9.51101e-05
125.992 4.61959e-06
124.314 9.04587e-05
120.437 9.4587e-05
126.472 9.67873e-05
125.19 0.000107111
124.394 0.000111636
124.593 1.91404e-05
124.539 9.75184e-05
128.364 9.12396e-05
119.385 0.000105937
124.122 7.51032e-05
122.566 9.8714e-05
127.7 9.90084e-05
125.747 9.66818e-05
124.245 0.00010337
125.4 9.67512e-05
120.91 4.27739e-05
128.407 0.000110168
120.724 0.000103388
125.418 0.000101611
119.809 9.4826e-05
126.009 9.81647e-05
124.199 7.56786e-05
126.145 9.6408e-05
126.208 9.81524e-05
126.167 0.000106989
125.366 0.000104162
126.776 0.000101714
132.374 0.000100019
122.641 0.000109884
126.711 6.89443e-08
119.497 9.56217e-05
119.659 9.52516e-05
126.617 4.51991e-05
128.447 9.37412e-05
119.559 0.000103616
127.06 2.88367e-05
122.774 9.73242e-05
125.288 0.000102706
123.828 9.94397e-05
125.488 9.86232e-05
123.712 0.000105712
123.525 0.000100728
117.806 9.76352e-05
121.594 9.69522e-05
126.175 9.38956e-05
128.041 9.51744e-05
122.807 0.000108157
124.783 9.53925e-05
126.447 9.90774e-05
125.733 0.000112657
125.489 9.52432e-05
123.7 0.000114936
128.668 5.32879e-05
125.612 0.000101459
126.402 9.43787e-05
118.619 0.000119909
119.197 9.39705e-05
123.113 9.5656e-05
125.833 0.00010646
127.357 9.13236e-05
123.406 9.07684e-05
124.99 9.53888e-05
125.311 0.000114119
128.027 9.99021e-05
124.536 0.000101621
124.55 7.15212e-06
124.318 0.00010245
121.98 0.000107507
117.793 0.000111581
125.752 9.96698e-05
124.917 8.32486e-05
115.615 9.24153e-05
126.653 9.99533e-05
123.041 9.9256e-05
122.935 9.71576e-05
121.895 2.7732e-05
124.83 9.40169e-05
123.884 9.88173e-05
123.273 9.42674e-05
127.173 8.89819e-05
126.182 0.000110698
123.897 0.000110727
125.248 2.94869e-05
119.743 9.44356e-05
121.002 8.8654e-05
124.525 9.52984e-05
120.516 1.06291e-05
121.354 2.80224e-05
123.091 9.92182e-05
125.291 0.000123026
123.327 0.000107122
126.084 9.23011e-05
123.233 0.000101881
123.962 8.89709e-05
125.263 9.93997e-05
124.466 9.27115e-05
115.361 0.000106281
125.308 0.000108433
124.781 9.60374e-05
124.816 9.07092e-05
120.996 9.52691e-05
125.289 0.000110249
124.772 0.000109993
126.778 0.000107465
123.318 8.98734e-05
127.942 1.04585e-05
125.855 9.93543e-05
122.761 8.95623e-05
125.538 2.4252e-07
125.803 0.000100294
124.331 9.60657e-05
126.597 9.72352e-05
117.379 7.53124e-05
126.053 2.67566e-05
127.138 9.91597e-05
126.134 0.000109059
121.785 0.000109526
125.487 9.97308e-05
122.329 0.000115146
124.237 9.91259e-05
124.544 2.86544e-06
118.482 8.18424e-05
124.375 8.25999e-05
120.682 9.73041e-05
124.711 0.000100307
124.322 0.000105617
125.721 9.68355e-05
127.822 9.61209e-05
126.165 1.02897e-05
126.595 0.000103553
125.164 9.70936e-05
127.686 0.000101113
124.057 9.93227e-05
124.75 9.59093e-05
123.974 9.00829e-05
124.38 0.000101109
121.284 9.04034e-05
124.707 0.000104725
128.448 9.50245e-05
122.928 9.82876e-05
126.112 9.49594e-05
119.037 9.60396e-05
128.908 9.86653e-05
125.254 9.87174e-05
124.531 0.000104086
126.875 0.000113015
125.032 8.28652e-05
123.69 8.40355e-05
126.175 0.000100016
125.851 0.000112201
122.37 9.92313e-05
124.081 9.82099e-05
123.067 9.81838e-05
127.257 9.29305e-05
119.723 9.85588e-05
125.237 9.78055e-05
125.785 9.74833e-05
126.845 3.66631e-05
118.294 0.000109289
124.869 0.000105162
124.372 8.84473e-05
125.945 8.88181e-05
124.878 0.000109935
125.071 2.0649e-05
124.711 9.03948e-05
124.09 4.02082e-07
123.246 9.31901e-05
125.096 0.000106074
127.171 9.15494e-05
127.461 0.000107914
123.1 9.69145e-05
121.458 9.8952e-05
123.538 9.90601e-05
121.635 6.66612e-05
125.065 9.55763e-05
125.978 0.000110478
119.679 0.000100586
131.099 2.83285e-05
122.913 9.52052e-05
124.958 9.09255e-05
137.791 0.000104811
116.503 9.24762e-05
135.019 9.67462e-05
127.291 9.33797e-05
125.985 9.35537e-05
123.453 0.000101242
127.126 9.63434e-05
127.491 1.4851e-05
126.606 0.000106103
116.672 0.000103592
125.596 9.45661e-05
127.449 0.000103883
120.11 0.000108943
121.779 2.82691e-05
122.836 9.44693e-05
125.508 0.000114993
123.882 9.66291e-05
129.225 0.000100043
123.969 9.15567e-05
123.554 9.51108e-05
125.719 9.41092e-05
125.865 9.58755e-05
127.101 9.53206e-05
123.676 0.000100531
122.609 7.25102e-06
117.345 8.5375e-05
121.799 1.68701e-06
125.631 9.71935e-05
126.154 0.0001121
126.651 9.58817e-05
129.143 9.57167e-05
127.124 9.73346e-05
124.824 0.000103648
124.413 4.60185e-05
125.64 9.51682e-05
122.098 9.91833e-05
122.768 0.000102407
119.051 0.000102022
124.035 9.73918e-05
123.829 0.000110767
123.077 9.27438e-05
127.096 9.47397e-05
122.721 9.52035e-05
123.288 0.000102377
123.983 9.52162e-05
123 9.4753e-05
126.333 9.39837e-05
125.104 0.000101244
125.334 0.000113846
121.518 9.90275e-05
123.8 9.67299e-05
120.791 9.70428e-05
122.585 9.70519e-05
123.862 0.000107036
129.568 0.000101205
123.215 0.000108738
128.962 9.62781e-05
125.076 9.62443e-05
125.587 0.000100201
126.324 9.47354e-05
124.425 6.82085e-05
124.817 3.66488e-05
125.623 0.000103714
123.116 9.59518e-05
122.268 9.82637e-05
121.554 4.68978e-06
124.458 0.000100183
122.353 0.000108285
121.639 4.1795e-07
127.222 2.87938e-06
125.21 9.52905e-05
122.174 9.76213e-05
117.397 9.58643e-05
126.168 9.73883e-05
128.993 6.72315e-07
123.743 9.94706e-05
126.953 0.000102255
127.737 0.000102203
127.037 9.89397e-05
125.027 0.00010507
125.004 9.5904e-05
123.198 8.8518e-05
124.382 8.86006e-05
125.914 8.72232e-05
125.409 0.000104183
121.928 9.51912e-05
125.54 9.23724e-05
124.017 9.50553e-05
126.896 0.000109288
125.428 0.000110605
115.119 9.92829e-05
126.276 0.000101463
123.158 0.000109957
123.966 0.000109765
125.578 0.000101356
123.073 0.000102951
124.446 7.18816e-05
116.353 9.97992e-05
125.446 0.000108918
120.735 9.88466e-05
124.239 0.000101573
123.741 9.74328e-05
121.407 9.65729e-05
123.985 9.32933e-05
123.971 0.000101134
122.096 0.000100193
123.738 9.96957e-05
128.828 9.95555e-05
127.021 0.000101729
119.893 9.64331e-05
126.02 0.000101027
118.879 9.6918e-05
126.223 0.000108999
124.217 0.000106415
123.131 2.07241e-05
118.692 0.000104905
123.716 6.47643e-05
121.598 0.000101335
125.601 9.46295e-05
123.402 9.84939e-05
124.896 0.000113646
122.637 0.000105345
125.944 9.91792e-05
125.207 9.3716e-05
124.387 0.00010765
125.824 0.000103923
125.89 9.45464e-05
127.165 9.83825e-05
120.928 9.86743e-05
119.793 9.88738e-05
121.214 0.000101396
124.115 0.000106762
119.32 9.91465e-05
124.277 6.52266e-05
120.001 0.000101749
123.33 9.58068e-05
125.763 9.80782e-05
125.992 9.79495e-05
120.221 9.55619e-05
122.543 9.56883e-05
124.648 9.60474e-05
124.547 0.000110001
124.759 0.000100458
115.513 9.76897e-05
117.975 9.5477e-05
127.912 9.92305e-05
123.603 4.34973e-05
119.417 6.33904e-05
123.498 0.000106842
124.371 7.01007e-06
124.909 0.000101876
123.579 1.82255e-06
122.356 9.95476e-05
123.248 0.000103279
130.313 0.000100632
122.981 9.45344e-05
121.154 9.59063e-05
126.557 0.000105112
125.34 8.04203e-05
124.616 9.53449e-05
125.964 9.3977e-05
121.917 9.78276e-05
123.851 9.53454e-05
125.534 0.000103371
127.321 9.4448e-05
125.722 0.000107546
127.314 9.87351e-05
123.804 9.7325e-05
121.989 9.61083e-05
125.53 7.41256e-05
123.466 9.48893e-05
125.1 3.54314e-05
126.106 0.000105537
125.247 9.51317e-05
125.482 0.000106507
120.306 6.71321e-07
125.263 9.92972e-05
126.755 8.81431e-05
121.326 9.68342e-05
125.432 9.65841e-05
128.087 9.96791e-05
124.651 9.95758e-05
124.162 0.00010451
122.898 9.84028e-05
125.229 9.67905e-05
121.029 9.70016e-05
125.101 9.87093e-05
125.762 0.000100084
124.044 9.585e-05
122.029 9.35529e-05
123.74 5.47152e-05
124.384 9.39348e-05
116.166 9.60815e-05
123.949 9.60425e-05
128.431 0.000111576
123.05 0.000102327
124.984 0.000110359
124.075 9.47675e-05
125.386 9.51406e-05
125.306 2.14429e-05
122.154 8.72348e-05
122.832 9.51041e-05
125.809 9.67302e-05
122.244 6.71514e-05
119.18 0.000108414
124.107 0.000106036
123.43 9.74662e-05
124.073 9.87247e-05
118.344 9.89791e-05
120.538 9.97293e-05
125.032 9.19884e-05
127.109 9.63639e-05
118.333 0.000105978
126.059 0.000109026
123.536 9.9311e-05
121.098 9.65031e-05
125.906 9.72042e-05
125.632 9.829e-05
125.128 9.72213e-05
119.285 9.32008e-05
121.188 0.000102077
120.789 0.000100975
128.157 9.4229e-05
120.637 9.36948e-05
124.378 0.000106055
124.223 9.79159e-05
124.988 9.79981e-05
125.562 8.80098e-05
126.687 0.000106101
124.404 7.45358e-05
127.058 9.1015e-05
125.486 8.33398e-05
125.739 1.03648e-05
122.406 0.000104756
125.197 9.5874e-05
123.87 9.86377e-05
116.746 0.000110768
124.67 9.47437e-05
125.926 7.37541e-05
126.239 9.60116e-05
125.273 9.4134e-05
125.518 9.84642e-05
125.613 9.57468e-05
120.117 9.9754e-05
124.432 9.59324e-05
122.442 9.50564e-05
123.41 9.58301e-05
123.451 9.82755e-05
123.317 2.59326e-05
119.488 0.000100791
131.219 0.00010023
115.796 9.72849e-05
123.386 9.51147e-05
124.988 9.78848e-05
121.916 9.51717e-05
125.359 9.68978e-05
121.392 9.51691e-05
132.609 9.46631e-05
128.597 0.000110287
123.701 0.000101594
126.256 0.000104935
125.135 0.000106686
125.665 9.77457e-05
122.33 9.38631e-05
126.997 9.57326e-05
126.417 9.04231e-05
118.437 9.83073e-05
123.544 6.67281e-05
126.762 0.00010024
127.451 9.52643e-05
124.873 9.55185e-05
122.153 0.000104124
128.555 9.11659e-05
121.915 9.08102e-05
122.575 0.000110121
126.411 9.92882e-05
124.981 9.95764e-05
125.56 6.47012e-05
122.615 0.000109943
126.061 9.80103e-05
121.369 9.5627e-05
125.234 9.77562e-05
124.844 0.000107432
125.324 8.81405e-05
124.905 0.000110897
124.77 9.87199e-05
122.34 9.80231e-05
124.919 0.000107537
125.554 9.53842e-05
124.529 0.000100306
124.128 9.82445e-05
123.044 9.92193e-05
127.776 9.67236e-05
124.287 0.000108977
127.215 9.54617e-05
115.409 9.25971e-05
122.867 9.71202e-05
123.393 9.8478e-05
157.067 9.47575e-05
120.583 9.88954e-05
122.893 0.000104724
125.523 0.000107969
120.462 9.46396e-05
126.056 9.62234e-05
124.46 9.50161e-05
121.247 9.8644e-05
117.132 0.000101192
124.95 9.92544e-05
126.833 9.63717e-05
125.806 9.83727e-05
125.725 9.594e-05
117.616 9.5942e-06
126.196 8.26264e-05
123.248 0.000107259
120.859 9.60257e-05
122.183 4.63613e-05
126.659 9.06836e-05
126.253 9.61896e-05
122.067 9.60336e-05
121.427 0.000100248
122.644 9.51615e-05
126.783 9.56301e-05
125.515 9.75313e-05
126.843 9.50951e-05
124.426 9.52135e-05
122.343 9.53627e-05
121.336 0.000102976
126.512 9.95962e-05
122.66 9.34637e-05
124.614 9.48935e-05
126.465 9.52518e-05
124.354 0.000108186
125.78 9.75461e-05
124.11 7.16899e-06
123.715 0.000105541
124.297 0.000109104
124.703 0.00010451
128.318 9.60891e-05
124.462 0.000105142
121.357 0.000105867
123.059 0.00010395
125.165 9.82357e-05
117.968 0.000101266
126.173 9.60909e-05
123.722 0.000106967
128.3 9.84532e-05
137.473 9.43229e-05
122.215 9.72266e-05
121.09 9.69507e-05
121.036 2.78242e-05
124.715 9.73291e-05
129.848 4.61209e-05
122.038 8.90445e-05
123.386 0.000103981
127.492 9.49892e-05
124.362 9.94072e-05
129.151 0.000110288
123.185 0.0001014
124.848 9.56056e-05
120.235 9.58036e-05
124.341 9.88731e-05
123.788 0.000109827
117.767 0.000109618
127.89 9.06024e-05
124.296 9.52511e-05
125.743 9.97099e-05
124.943 2.37547e-07
125.774 0.000105433
125.739 0.000105849
130.331 9.29302e-05
126.771 0.000110873
128.186 0.000109598
123.12 9.91871e-05
119.454 0.000110556
124.903 9.75276e-05
124.746 0.000130347
120.151 8.73746e-05
122.026 1.03515e-05
121.509 9.53575e-05
134.969 9.64999e-05
127.98 0.000106326
125.125 0.000100899
124.746 9.39524e-05
122.965 4.64627e-06
125.585 9.53242e-05
116.769 0.000101979
119.678 0.000109555
120.846 9.61471e-05
123.756 4.57701e-05
127.686 9.23157e-05
126.301 9.42362e-05
125.017 9.77721e-05
130.316 0.000114378
124.424 5.53045e-05
125.028 8.8969e-05
123.382 0.000100699
120.639 8.97304e-05
125.942 4.53725e-05
123.892 7.14177e-06
125.777 9.13827e-05
130.063 9.75106e-05
124.344 2.89333e-05
122.056 9.57466e-05
121.102 9.89467e-05
127.222 9.57535e-05
125.38 0.000100844
126.01 9.58411e-05
123.8 0.000109973
124.658 9.54141e-05
125.083 9.53177e-05
125.369 0.000104941
126.941 9.92622e-05
129.892 9.90257e-05
125.149 0.000102516
122.593 9.53867e-05
126.257 9.8725e-05
119.193 9.60202e-05
126.395 9.75918e-05
128.141 0.000108041
120.652 0.000100238
120.796 9.34433e-05
124.487 0.000103137
123.88 0.000101222
125.414 0.000103567
119.753 8.25432e-05
126.667 0.00010019
125.678 9.72154e-05
123.051 9.3848e-05
128.769 9.84747e-05
126.939 0.000109096
126.35 0.000100126
115.905 9.98061e-05
123.327 9.36424e-05
128.211 9.93779e-05
124.888 0.000127744
126.336 9.84723e-05
125.907 0.000100907
125.622 9.47543e-05
125.576 9.40778e-05
124.738 9.27099e-05
126.054 9.68154e-05
126.556 0.000101939
122.547 0.00010621
125.796 9.85331e-05
124.886 0.000112119
125.609 8.23907e-05
125.021 4.673e-06
125.64 0.0001065
123.93 9.14252e-05
127.125 9.5834e-05
125.066 9.72925e-05
123.991 9.55816e-05
123.436 0.000110207
125.217 9.50508e-05
132.753 9.4415e-05
125.729 6.61708e-05
116.1 7.50099e-05
126.794 9.30767e-05
121.939 0.000108245
125.133 0.000108813
120.434 9.61659e-05
121.747 0.00010234
125.412 0.000102054
125.339 7.37213e-05
131.334 9.39762e-05
120.03 9.0786e-05
124.333 9.62075e-05
123.81 1.04863e-05
121.585 0.000102861
119.684 8.3309e-05
125.556 0.000105013
124.574 9.39877e-05
124.847 9.51736e-05
119.365 0.000101602
123.317 9.82221e-05
122.304 0.000107777
125.693 0.000102909
125.948 9.49769e-05
127.196 9.6809e-05
126.248 6.73887e-05
119.973 9.36267e-05
121.197 1.02103e-05
129.007 9.90406e-05
126.199 9.01632e-05
119.112 9.50774e-05
119.156 8.26291e-05
125.965 0.000109131
122.211 0.000100079
124.262 9.78055e-05
130.579 0.000112955
131.588 0.000105046
123.748 9.89087e-05
122.915 9.97048e-05
123.459 0.000101
121.791 3.72581e-05
122.511 9.67962e-05
127.159 6.9593e-06
123.819 9.7748e-05
126.44 0.000101007
126.988 9.58189e-05
124.485 9.7682e-05
123.994 9.40947e-05
123.154 9.6173e-05
118.95 9.51505e-05
119.4 0.000103419
124.78 9.45615e-05
122.458 1.96316e-05
128.327 0.000101387
124.883 8.74239e-05
125.685 7.45514e-05
126.482 0.000104774
116.881 9.74192e-05
123.953 2.89561e-06
124.387 0.000108535
124.419 0.000100162
123.912 0.000102998
126.054 9.35186e-05
125.831 9.81079e-05
121.982 0.000103304
121.658 0.000105029
120.852 9.36575e-05
127.558 9.61099e-05
123.599 0.000100603
124.717 2.09204e-05
127.414 8.63069e-05
126.45 9.84024e-05
123.26 9.98517e-05
122.752 1.10587e-06
124.224 9.56621e-05
124.878 8.24242e-05
123.439 8.27085e-05
124.117 8.43939e-05
127.323 9.27487e-05
125.555 0.000109215
124.621 8.92696e-05
124.618 0.00011052
120.321 9.40281e-05
118.34 0.000100818
123.854 9.41717e-05
125.598 9.66128e-05
125.808 0.000112542
120.69 8.97838e-05
117.043 0.000103388
125.964 9.80075e-05
121.509 9.87698e-05
122.326 0.000107388
125.491 9.28776e-05
125.896 0.000104732
124.686 0.000107435
124.069 9.74095e-05
123.286 9.47113e-05
120.929 0.000102007
125.367 0.000110191
124.278 9.9566e-05
124.499 9.4478e-05
125.185 9.71305e-05
126.789 9.69556e-05
124.981 0.000109031
125.911 9.08721e-05
120.081 4.71611e-06
122.26 0.000109599
132.279 1.48532e-05
124.182 0.000101643
124.528 9.9273e-05
125.651 9.93397e-05
122.891 9.59023e-05
118.571 9.9322e-05
125.723 0.000101788
117.438 0.000101015
124.684 0.000102264
124.616 7.42453e-05
118.836 0.000103396
123.239 0.000105483
126.093 9.53934e-05
126.871 6.6959e-05
119.834 0.000110568
120.555 9.56194e-05
124.688 9.40783e-05
129.297 9.84094e-05
122.005 0.00011025
131.767 9.31734e-05
125.464 2.09923e-05
127.057 0.000107516
127.953 9.52787e-05
119.427 3.83245e-05
118.669 9.64661e-05
124.613 9.52437e-05
127.432 9.24411e-05
127.728 9.28279e-05
123.583 2.79548e-06
124.138 9.2759e-05
122.055 9.18391e-05
124.449 9.34249e-05
122.98 9.76925e-05
125.94 9.51195e-05
125.716 9.98442e-05
122.647 8.99769e-05
117.088 8.80307e-05
125.652 9.73296e-05
124.647 9.52732e-05
123.75 1.52022e-05
125.54 0.000104339
120.422 9.44601e-05
124.709 9.93827e-05
126.47 9.82059e-05
123.074 9.91583e-05
163.11 9.19693e-05
120.159 1.0148e-05
122.408 0.000107427
125.536 1.03e-05
122.102 9.13516e-05
124.118 0.000107569
123.627 9.06666e-05
124.87 0.000102621
122.552 0.000103684
118.142 9.94167e-05
130.327 8.94187e-05
125.522 5.27253e-05
120.051 0.000107665
123.958 0.000107315
123.344 0.000105013
119.285 9.54902e-05
117.424 9.63022e-05
121.395 0.000104691
123.892 6.53228e-05
124.77 6.86669e-07
122.839 9.58243e-05
125.999 0.000108467
125.68 0.000108409
120.763 6.50563e-05
125.331 9.70103e-05
121.234 5.68459e-05
120.19 8.90125e-05
124.737 9.60788e-05
125.972 2.35053e-07
122.705 0.000106605
125.28 5.58623e-05
126.399 8.57478e-05
126.558 9.94633e-05
125.606 9.54592e-05
116.399 0.00010683
123.502 3.53519e-05
124.331 0.000110159
123.975 0.000109803
122.813 9.68505e-05
123.332 9.89112e-05
123.142 9.5375e-05
129.733 9.50644e-05
124.403 0.00011006
125.13 3.49724e-05
123.874 9.64227e-05
125.395 9.59135e-05
119.003 2.46338e-07
120.593 9.83807e-05
124.636 9.80429e-05
128.617 9.59885e-05
122.532 9.60327e-05
121.265 0.000100305
125.647 0.000110239
120.76 0.000107931
127.511 0.000111112
119.402 0.000107262
126.108 8.71091e-05
122.248 0.000110015
125.225 9.91751e-05
126.699 0.000103123
120.679 9.96284e-05
123.243 9.32452e-05
123.348 0.000106569
124.716 0.0001018
125.407 0.000106259
122.484 9.40035e-05
123.433 9.39833e-05
126.427 9.58591e-05
119.843 0.000103206
124.348 9.63051e-05
123.529 9.99876e-05
123.1 0.000108182
117.832 9.06252e-05
125.986 2.91533e-06
125.456 9.98488e-05
124.782 9.59817e-05
125.735 8.49384e-05
120.978 0.000100527
116.983 9.53632e-05
129.406 0.000109148
123.74 2.83003e-05
125.002 0.000107918
126.393 2.05634e-05
125.188 9.50883e-05
123.597 0.000109395
120.742 9.93624e-05
124.779 0.000100082
123.313 9.34023e-05
120.526 9.88001e-05
117.581 5.53587e-05
121.922 9.2415e-05
123.475 7.03961e-06
127.062 9.62531e-05
130.163 0.000107059
123.688 0.000106785
125.012 1.02908e-05
129.098 5.57756e-05
128.046 9.58751e-05
122.483 9.79785e-05
119.662 0.000104956
122.564 0.000103709
124.236 9.46492e-05
126.3 0.000114026
115.374 9.75955e-05
124.853 0.000103517
125.808 9.83285e-05
125.407 0.000100148
123.957 0.000110297
121.806 0.00010008
123.097 9.89386e-05
128.805 0.000100866
125.714 9.97837e-05
121.333 0.00010595
127.69 9.83493e-05
125.304 0.000110735
121.103 9.80447e-05
125.448 9.31736e-05
123.134 0.000102878
126.223 9.82198e-05
120.435 9.98733e-05
125.867 0.000105637
127.175 9.14531e-05
123.443 9.70529e-05
124.043 7.45721e-05
126.193 0.000101731
128.527 9.50628e-05
124.016 0.000109834
123.083 9.53157e-05
127.707 9.24383e-05
128.271 9.89313e-05
124.988 7.05359e-06
124.42 9.72913e-05
125.066 9.66391e-05
124.934 9.9052e-05
123.501 0.000107939
121.995 9.24833e-05
124.378 9.48375e-05
125.577 0.000106115
115.713 2.76221e-05
124.752 9.5121e-05
123.176 9.85509e-05
120.863 0.000100446
126.677 0.000111884
125.14 0.000104227
120.057 0.000100855
127.634 9.85666e-05
125.013 9.53851e-05
118.599 9.80129e-05
124.802 9.64186e-05
126.66 9.54098e-05
121.783 0.000109941
125.209 9.67851e-05
125.589 9.54597e-05
124.368 0.000114647
123.149 9.53491e-05
124.504 0.000102573
122.274 9.65889e-05
123.415 3.68355e-05
126.461 0.000103734
126.547 9.42333e-05
117.166 0.000116239
125.818 9.36994e-05
123.692 7.53472e-05
127.296 9.70435e-05
126.966 7.47275e-05
121.688 9.56722e-05
122.438 9.80997e-05
124.732 9.18643e-05
125.389 0.000102869
125.911 1.03542e-05
126.588 0.000102014
123.378 9.4646e-05
122.987 2.07281e-05
123.131 9.47419e-05
127.377 9.65965e-05
125.866 9.40864e-05
125.913 9.04118e-05
123.577 9.52817e-05
125.109 0.000109651
122.516 0.000105529
120.356 9.86298e-05
121.886 7.38579e-05
125.733 9.66349e-05
123.614 9.50362e-05
120.947 9.52776e-05
125.574 1.79228e-06
125.778 0.000107694
122.776 4.64984e-06
128.088 9.66085e-05
125.256 9.88604e-05
126.288 2.06191e-05
120.842 9.9867e-05
125.757 9.80428e-05
127.355 9.5457e-05
125.532 0.000103834
127.565 9.71407e-05
126.463 0.00010337
123.975 9.50162e-05
123.049 9.58483e-05
119.17 9.81306e-05
121.049 0.000103537
121.022 8.88498e-05
124.894 0.00010737
122.062 9.72754e-05
125.135 9.52322e-05
116.347 9.64314e-05
125.399 9.98355e-05
124.486 9.9473e-05
124.521 0.000107745
124.266 9.76136e-05
121.998 0.000122849
125.829 9.6291e-05
129.084 9.37974e-05
122.91 0.000101767
124.923 0.00010288
123.762 0.000108936
128.936 9.51562e-05
124.099 9.9467e-05
123.661 0.000102245
125.022 8.91273e-05
124.489 9.50773e-05
124.709 8.70128e-05
125.86 3.65295e-05
127.036 9.39442e-05
130.86 0.000108092
123.413 0.000109346
126.337 9.90606e-05
124.567 9.43165e-05
126.819 1.52755e-05
125.111 9.03075e-05
125.806 0.000100233
123.561 9.5478e-05
123.49 0.0001041
122.047 3.70356e-05
126.375 9.66263e-05
128.072 8.949e-05
122.519 9.67502e-05
126.326 6.5085e-05
126.807 9.79013e-05
115.495 0.000110676
123.816 0.00010915
125.569 9.4833e-05
123.477 8.79018e-05
123.968 7.67197e-05
125.961 9.51622e-05
125.867 0.000109965
123.338 9.95849e-05
125.958 9.84536e-05
127.21 2.04616e-05
123.682 0.000112034
125.396 0.000107864
123.637 9.7121e-05
127.732 0.000110289
116.262 9.96699e-05
126.04 9.7215e-05
119.799 7.01806e-06
124.272 9.87344e-05
122.276 9.42902e-05
123.753 9.63967e-05
119.098 9.86701e-05
126.354 0.000105236
132.486 9.29521e-05
118.842 9.12071e-05
122.885 0.000100553
123.418 9.69404e-05
123.26 8.25432e-05
125.181 2.82546e-05
121.326 9.83319e-05
123.116 0.000100874
121.356 9.85208e-05
118.951 0.000101142
123.343 0.000103551
126.866 4.52651e-05
126.795 9.8044e-05
126.473 8.60815e-05
117.766 9.02254e-05
125.865 9.34016e-05
125.774 0.000104767
128.651 0.000108898
125.355 0.000104809
116.814 8.93472e-05
125.128 9.57863e-05
123.453 0.00010881
124.847 9.95567e-05
118.146 9.76942e-05
119.456 9.93116e-05
124.655 9.35163e-05
124.241 5.48075e-05
123.516 0.000111834
122.134 1.48766e-05
117.802 9.01693e-05
129.343 0.000101347
125.554 9.59504e-05
122.422 0.000104038
124.433 4.87269e-05
126.411 0.00010658
126.609 9.45852e-05
119.36 0.000111186
116.674 9.47834e-05
125.375 4.32548e-05
120.675 6.69214e-05
125.886 0.000111547
127.183 4.74768e-05
123.412 0.000108278
126.866 1.86249e-06
123.45 7.49477e-05
126.023 8.97379e-05
125.247 9.72098e-05
122.955 0.000108061
115.76 9.64879e-05
124.849 8.97321e-05
125.953 9.70195e-05
120.716 7.05231e-06
122.112 0.000108484
115.891 0.000111073
127.668 9.81357e-05
126.951 0.00010022
124.221 0.000121954
124.058 9.63796e-05
123.353 0.000102374
128.164 0.00010679
124.918 0.000108135
125.512 1.1241e-06
124.342 0.000108671
126.35 3.65195e-05
120.566 9.88612e-05
124.326 9.18842e-05
126.528 7.72202e-05
125.701 5.47482e-05
123.285 9.59122e-05
124.335 0.000103552
124.282 0.000111167
124.216 9.33391e-05
124.829 9.90121e-05
126.873 9.99218e-05
125.033 9.98968e-05
123.493 9.71047e-05
121.552 8.63017e-05
132.891 8.8134e-05
127.851 9.59507e-05
125.43 9.5481e-05
128.039 2.79011e-05
124.402 9.4866e-05
123.593 0.000101517
126.265 9.89222e-05
125.432 9.57936e-05
125.431 8.55218e-05
126.255 8.9379e-05
125.628 0.000108103
119.065 2.83466e-05
117.574 0.000101638
122.484 5.6042e-05
124.962 9.85248e-05
126.445 9.57215e-05
127.157 9.4308e-05
123.925 9.94326e-05
120.227 9.23818e-05
125.413 0.000103115
118.494 9.72772e-05
117.624 0.000108703
123.625 -0.000107778
125.341 9.57364e-05
126.2 9.74521e-05
127.251 0.000100928
123.573 9.82125e-05
126.254 9.65912e-05
124.834 0.000109634
125.718 9.73445e-05
124.431 9.46159e-05
125.806 0.000102611
125.156 0.000112117
125.111 9.71292e-05
126.225 0.000101132
128.073 0.000105348
121.24 9.74511e-05
122.137 9.78511e-05
126.337 9.23547e-05
125.923 0.000109901
122.181 0.000104437
125.594 9.65864e-05
120.689 8.87673e-05
126.625 9.85527e-05
124.393 3.80467e-05
122.836 0.000108191
129.043 9.73487e-05
121.028 0.000104939
122.761 9.89218e-05
126.422 9.8815e-05
118.445 9.21465e-05
125.636 0.000106994
123.832 9.66517e-05
124.745 0.000103428
120.47 0.00010541
124.194 9.96778e-05
125.916 0.00010229
123.569 1.04206e-05
125.475 0.000102422
124.834 9.92054e-05
121.354 9.79805e-05
124.806 9.93413e-05
124.206 9.65421e-05
125.516 9.62137e-05
127.077 9.86132e-05
124.486 9.62807e-05
123.154 1.46213e-05
130.091 0.000104192
123.591 9.81475e-05
123.29 9.85392e-05
123.984 0.00010061
123.209 8.16596e-05
130.177 0.000108996
126.403 9.45475e-05
125.687 9.08155e-05
119.823 9.45625e-05
123.803 9.00235e-05
124.931 0.0001092
123.665 9.55019e-05
123.515 0.000105798
123.291 9.86114e-05
121.022 0.000112217
127.217 9.83585e-05
126.43 9.79934e-05
122.537 9.90725e-05
124.773 9.23891e-05
129.911 1.84297e-06
127.965 2.06475e-05
120.994 9.82776e-05
125.771 9.61254e-05
123.61 9.39073e-05
125.776 9.9613e-05
123.816 8.06262e-05
124.522 0.000103726
123.342 9.86534e-05
135.436 9.9094e-05
127.254 9.88834e-05
122.977 1.81579e-06
122.761 0.000101045
128.216 9.80953e-05
123.12 9.74882e-05
129.727 4.18807e-05
120.673 9.22237e-05
121.23 9.81219e-05
122.035 9.66248e-05
121.917 9.07482e-05
122.651 9.37105e-05
125.866 5.48939e-05
133.418 0.000101879
123.9 0.000104407
125.231 2.7897e-05
125.206 0.000102889
122.863 9.37349e-05
131.187 0.000105684
123.492 9.65276e-05
123.411 9.64307e-05
119.381 0.000100344
121.236 0.000105487
124.174 0.000104316
125.791 0.000108339
124.946 0.00010033
119.804 4.71548e-06
123.037 7.70284e-05
124.239 2.81054e-05
123.167 9.09126e-05
122.663 9.4898e-05
122.255 0.000100379
120.751 9.56807e-05
122.574 0.000110619
124.464 9.60564e-05
125.72 0.000111058
124.865 0.000107314
125.456 7.1475e-05
125.128 9.41574e-05
125.56 9.27439e-05
124.684 9.49215e-05
124.087 9.4559e-05
119.942 9.16518e-05
115.113 9.42788e-05
125.839 9.38626e-05
121.246 9.27326e-05
118.064 9.4911e-05
124.882 0.000107597
125.506 9.99546e-05
123.912 9.65362e-05
128.028 0.000102604
122.568 0.000103037
123.447 9.4774e-05
127.863 0.000100926
124.687 9.07944e-05
126.864 9.58256e-05
127.128 9.99295e-05
126.575 0.000104069
125.045 0.000100855
122.79 9.4772e-05
123.805 0.00010188
125.992 0.000100385
123.603 9.65856e-05
125.503 9.6584e-05
125.638 0.000108691
126.246 9.90191e-05
123.852 9.38832e-05
125.355 7.79491e-05
126.589 9.51225e-05
126.025 8.97683e-05
125.622 9.95778e-05
124.206 9.99732e-05
116.743 9.80573e-05
123.65 0.000107779
124.397 2.06251e-05
127.194 9.68808e-05
123.263 8.78268e-05
127.263 0.000107555
121.867 6.32301e-05
127.41 0.000101797
123.989 9.52829e-05
126.749 9.82661e-05
125.395 9.24292e-05
126.392 9.73512e-05
122.806 9.5913e-05
119.869 9.41597e-05
123.08 2.86192e-06
125.491 9.99325e-05
123.247 9.68473e-05
127.03 0.000107303
125.217 0.000103367
128.085 9.66538e-05
124.771 8.83436e-05
118.126 9.60981e-05
121.139 9.68588e-05
117.881 0.000100821
124.533 9.23572e-05
123.647 9.92473e-05
115.878 4.28533e-06
126.261 0.000112612
122.699 9.06708e-05
125.488 0.00010644
119.845 9.79746e-05
124.598 9.93434e-05
125.836 2.83054e-05
124.42 2.15846e-05
123.425 5.26507e-05
125.987 9.8459e-05
124.005 9.66323e-05
122.212 9.7913e-05
126.048 0.000101012
124.399 6.98726e-06
124.053 9.83529e-05
117.429 0.00010748
127.861 0.000108225
123.68 9.27695e-05
125.201 9.75179e-05
122.588 9.63589e-05
123.426 0.000108263
126.068 5.49301e-05
126.895 0.000100535
119.893 8.85282e-05
119.635 9.72598e-05
124.007 9.99797e-05
122.108 0.000102747
123.297 9.74735e-05
123.718 9.56662e-05
122.206 9.05599e-05
126.881 9.51467e-05
124.454 4.42094e-05
127.537 9.21392e-05
124.781 9.43668e-05
119.587 2.80026e-05
126.283 8.94802e-05
131.649 0.000104036
121.593 9.66681e-05
125.289 8.93953e-05
127.233 9.84536e-05
121.302 0.000100211
123.193 1.53586e-05
123.769 9.80721e-05
116.374 9.959e-05
122.057 9.32088e-05
124.701 9.458e-05
127.557 9.70467e-05
128.878 9.73272e-05
127.632 0.000100168
116.614 9.54086e-05
116.977 0.0001085
124.34 0.000114715
122.864 9.25725e-05
124 2.91137e-06
121.248 0.000101884
124.517 0.000107748
125.957 0.000109605
123.273 2.62477e-05
119.899 9.50554e-05
126.59 9.96362e-05
127.242 0.000109483
123.567 9.17647e-05
123.549 9.48738e-05
121.21 9.53297e-05
122.684 0.000110722
125.806 9.35942e-05
126.987 9.41114e-05
124.099 0.000101652
129.103 2.07472e-05
124.442 9.60443e-05
124.866 0.000109716
124.329 9.64408e-05
125.003 0.000104972
125.499 0.000106518
126.147 0.00010074
127.032 0.000110921
124.696 0.000107562
126.002 0.000104689
124.865 0.000100439
121.14 9.47638e-05
127.207 4.49312e-05
124.308 0.000106363
120.563 0.0001
127.311 3.97416e-05
121.314 9.43354e-05
124.007 9.53019e-05
123.643 0.000107682
126.109 2.80146e-05
122.76 9.92789e-05
124.596 0.000102671
116.826 9.77624e-05
123.713 9.56361e-05
124.062 5.77774e-05
125.188 7.79354e-05
123.196 0.000101817
121.471 4.62821e-06
128.578 9.44142e-05
124.378 0.000102971
124.434 9.40671e-05
121.759 9.9729e-05
126.777 0.000101765
125.292 9.67041e-05
125.441 9.69393e-05
125.198 0.000104429
124.516 7.87131e-05
119.471 9.40822e-05
126.197 3.70407e-05
127.115 9.54468e-05
124.109 9.03486e-05
123.728 9.56013e-05
127.672 9.78541e-05
123.823 3.60534e-05
124.35 0.000101916
128.438 9.46857e-05
123.628 1.94583e-06
122.431 9.62008e-05
126.634 0.000100791
128.266 0.000111672
122.236 8.21786e-05
124.265 9.50211e-05
119.299 0.000113172
121.073 9.55112e-05
117.313 9.89501e-05
123.964 0.000110662
123.528 9.30474e-05
124.385 0.00011199
121.671 9.53916e-05
127.882 0.000121164
126.336 0.000101862
126.283 9.86584e-05
126.065 9.7445e-05
121.325 0.000127878
122.853 0.000109507
127.302 1.5006e-05
124.241 9.55174e-05
124.589 0.000100639
116.548 9.65922e-05
127.01 9.74071e-05
125.047 0.000100277
117.923 9.20016e-05
119.491 2.05818e-05
121.217 8.92984e-05
122.184 3.75295e-05
129.982 0.000102395
132.809 0.000102815
117.097 1.05573e-05
125.636 9.83031e-05
120.872 0.00010033
124.868 1.03581e-05
120.984 0.000100378
124.006 8.49495e-05
126.143 9.5247e-05
128.292 9.57495e-05
124.615 9.32781e-05
118.432 9.39607e-05
122.918 9.21871e-05
125.71 9.11003e-05
123.921 9.72532e-05
125.277 9.50914e-05
126.785 0.000108354
126.464 9.92424e-05
123.189 0.000103779
124.056 9.59548e-05
125.64 8.97298e-05
124.768 9.50823e-05
126.307 7.46827e-05
125.541 1.5062e-05
123.38 0.000102966
126.133 9.81726e-05
124.312 9.72935e-05
117.686 9.95915e-05
122.379 9.69429e-05
124.432 0.000100189
124.318 2.81398e-06
120.829 0.000108772
119.768 9.50587e-05
126.372 0.000110137
125.052 9.55988e-05
123.313 0.000109934
125.676 9.97789e-05
121.287 6.96609e-05
123.195 0.000101835
125.908 9.64662e-05
122.993 0.000109592
119.886 0.00010052
120.353 9.37724e-05
124.936 9.55795e-05
123.603 9.56249e-05
120.123 0.000109886
125.447 4.52676e-05
122.91 9.25119e-05
124.976 9.82468e-05
123.673 9.69149e-05
123.417 9.65092e-05
124.748 9.49628e-05
124.624 9.77721e-05
123.181 0.000108226
125.914 0.000109125
125.631 7.43169e-05
116.296 2.13117e-05
125.696 0.000101289
125.439 9.66439e-05
123.397 7.38276e-05
123.852 9.6313e-05
126.282 0.000110319
124.043 0.00011291
121.547 9.69959e-05
126.164 9.86936e-05
126.011 9.87928e-05
126.585 0.000108647
124.71 0.000100474
125.502 8.54828e-05
123.985 9.81948e-05
126.862 5.59744e-05
122.785 0.000107155
120.933 9.72233e-05
124.528 9.81041e-05
126.885 9.09744e-05
125.216 0.000102002
119.706 9.62409e-05
125.268 9.8638e-05
126.587 1.0737e-05
125.746 9.4292e-05
124.234 7.55016e-06
122.601 9.79523e-05
126.165 0.000103956
122.803 9.41095e-05
122.473 9.54837e-05
123.401 0.000105957
130.292 0.000107154
126.049 0.000101741
127.415 9.70545e-05
124.462 9.44082e-05
125.217 9.38725e-05
125.952 0.000102538
124.731 9.30437e-05
126.254 9.65146e-05
126.366 2.06888e-05
121.051 9.94165e-05
126.259 9.58717e-05
121.31 9.50424e-05
123.687 9.7654e-05
124.448 0.000104598
125.001 9.91631e-05
130.926 0.000109843
126.048 9.51331e-05
119.006 9.57445e-05
124.84 0.000108918
122.987 0.000104215
124.247 9.59631e-05
125.869 9.71975e-05
121.494 0.000106845
117.985 0.0001013
124.123 9.78713e-05
125.001 9.82565e-05
120.248 2.38475e-07
123.48 0.000103899
126.306 0.000104138
121.852 9.59261e-05
123.75 9.52266e-05
121.685 9.75497e-05
124.012 9.39113e-05
124.723 9.76708e-05
122.526 9.97839e-05
125.495 0.000107596
124.24 8.68517e-05
123.31 0.000102002
125.333 9.44985e-05
126.413 9.58683e-05
125.09 9.81733e-05
126.332 0.000100529
124.593 0.00010103
120.793 2.07417e-05
125.222 0.000101627
125.389 9.50556e-05
123.825 0.000100411
124.507 9.80336e-05
127.91 0.000104566
125.163 9.43071e-05
126.801 9.7046e-05
125.556 1.15726e-06
124.603 9.94208e-05
122.528 0.000100831
123.529 0.000101746
122.151 9.4782e-05
125.184 9.69393e-05
123.768 2.68156e-05
123.902 4.6305e-06
125.008 9.11559e-05
120.997 9.83394e-05
125.303 2.69313e-05
128.361 0.000104809
125.118 8.84769e-05
119.375 9.76158e-05
124.528 5.49796e-05
127.674 9.95842e-05
123.032 9.89346e-05
124.122 9.42377e-05
117.748 8.58826e-05
126.271 9.91249e-05
123.128 0.000107838
115.882 9.52543e-05
124.541 9.85475e-05
125.203 9.82948e-05
121.524 9.89545e-05
125.496 8.80047e-05
125.141 9.79661e-05
124.37 0.000105845
123.741 9.88866e-05
122.682 8.88179e-05
125.501 2.99729e-05
120.342 9.59638e-05
125.067 9.42099e-05
124.282 6.46086e-05
126.102 0.000101245
121.792 9.28319e-05
120.69 9.56233e-05
123.115 8.31325e-05
122.734 9.49309e-05
126.61 9.63645e-05
126.6 7.06747e-06
125.034 9.55888e-05
122.222 9.91026e-05
123.777 0.000104457
121.772 9.09031e-05
124.651 6.47346e-05
124.633 9.37792e-05
128.36 0.000110157
122.307 9.10685e-05
125.263 0.000112155
124.846 0.000106457
125.353 9.76124e-05
122.325 9.77878e-05
128.859 9.60552e-05
126.83 9.93386e-05
126.088 0.000101311
123.836 0.000101061
120.564 9.61109e-05
123.297 0.00010822
127.991 9.6444e-05
126.251 0.000109925
115.703 0.000106056
122.74 0.000103128
127.771 9.41138e-05
124.706 9.80193e-05
129.246 9.33595e-05
125.591 0.000113717
123.008 9.68122e-05
123.438 9.95238e-05
127.148 9.75159e-05
124.595 9.65254e-05
126.704 0.000107232
118.345 9.81892e-05
125.01 9.71529e-05
126.409 9.71754e-05
124.103 9.82405e-05
125.486 8.21261e-05
125.403 9.88266e-05
123.811 9.89398e-05
125.787 0.000108471
125.917 9.35133e-05
125.502 0.000106864
122.217 0.000106896
123.132 9.57959e-05
125.371 9.88177e-05
125.7 0.000108911
125.447 9.56666e-05
120.152 0.000100377
120.859 9.38955e-05
126.328 9.73881e-05
119.806 1.01769e-06
123.392 9.60971e-05
126.471 4.70233e-05
128.542 9.99016e-05
124.085 9.6899e-05
124.797 9.58733e-05
123 0.000107217
122.888 0.000101928
120.797 3.62576e-05
123.056 0.000112646
125.854 3.70799e-05
122.553 9.6316e-05
121.455 0.000107356
121.076 9.97206e-05
124.107 3.50114e-05
125.053 9.72554e-05
127.068 9.73389e-05
122.811 0.000107989
123.425 9.88324e-05
118.074 9.98239e-05
121.796 0.000106863
121.235 9.93335e-05
124.626 1.96545e-05
125.402 0.000100087
123.15 9.92366e-05
122.833 9.41633e-05
122.843 9.33845e-05
126.709 9.50948e-05
125.033 9.65801e-05
124.98 9.38329e-05
120.708 0.000115051
122.019 9.53108e-05
118.081 9.7265e-05
123.845 7.50503e-05
124.283 0.000101186
127.193 1.83903e-06
121.396 9.38197e-05
121.941 9.57871e-05
123.616 9.51017e-05
123.365 9.53243e-05
122.892 0.000109552
125.901 0.000108192
125.76 9.30993e-05
119.162 9.89348e-05
128.382 9.80798e-05
125.691 0.000105185
128.8 9.99521e-05
119.241 3.57116e-05
125.901 9.46388e-05
121.417 9.53193e-05
120.867 8.55127e-05
126.206 0.000103352
123.165 0.00011053
126.224 0.000102942
124.802 0.000104269
122.731 9.52853e-05
124.544 0.000100713
122.94 9.06139e-05
123.075 0.000112517
129.254 2.06946e-05
121.181 0.000100495
123.919 3.64806e-05
122.966 9.33006e-05
121.395 0.000105539
124.311 9.49663e-05
124.067 7.31046e-05
117.753 9.50532e-05
119.956 9.30824e-05
125.206 0.000104119
125.564 0.000103642
127.656 0.000103762
123.346 0.000106872
124.003 0.000108993
123.585 8.2098e-05
125.818 9.55361e-05
126.219 0.000101627
127.177 9.36011e-05
121.506 9.41929e-05
126.681 0.000108583
124.437 9.61955e-05
123.764 0.000100541
124.802 0.000108959
126.075 9.69374e-05
130.696 0.000106624
122.007 0.000104245
118.087 3.55892e-05
122.809 9.91486e-05
125.647 9.59416e-05
120.576 8.06295e-05
125.342 8.97765e-05
121.742 9.87341e-05
127.703 9.92626e-05
124.553 9.70851e-05
126.148 0.000110797
123.441 2.86543e-05
126.25 9.62201e-05
124.492 9.55445e-05
123.652 0.000103988
120.843 9.52924e-05
127.067 9.62303e-05
124.196 0.000107761
128.645 9.69027e-05
122.234 0.000105041
122.783 9.04201e-05
116.307 8.58011e-05
124.386 0.000108131
129.051 0.000111287
126.87 9.52165e-05
127.571 9.49763e-05
122.253 0.000101494
126.054 9.7522e-05
125.937 9.79003e-05
124.77 9.80627e-05
121.595 9.80935e-05
127.458 9.50896e-05
120.456 9.6069e-05
124.878 9.86896e-05
121.437 9.45831e-05
125.432 9.63022e-05
126.124 9.70718e-05
119.72 0.000101981
124.951 0.000106786
122.916 9.95187e-05
127.6 9.93499e-05
123.911 4.16277e-05
123.495 4.5398e-05
121.777 2.86349e-05
124.446 6.9005e-06
120.664 9.91692e-05
118.161 9.41264e-05
125.587 0.000103854
123.044 7.39426e-05
125.901 9.54753e-05
126.758 9.6269e-05
123.477 9.04181e-05
127.441 9.01586e-05
120.455 2.87809e-06
125.494 8.72312e-05
120.742 9.39358e-05
126.007 0.000104517
125.2 5.14299e-05
125.214 9.51477e-05
125.23 9.9368e-05
126.37 6.69235e-05
127.381 0.000102473
126.254 9.18177e-05
124.088 0.000110903
123.825 9.72759e-05
123.23 6.65139e-05
125.761 0.000102632
126.759 9.12204e-05
123.409 0.000109624
130.931 0.000100352
124.109 0.000108749
119.408 9.73886e-05
126.7 9.96008e-05
124.204 9.66997e-05
125.743 9.86776e-05
124.247 9.51125e-05
123.371 8.99167e-05
123.883 9.5076e-05
125.613 9.61237e-05
121.014 9.97998e-05
121.678 9.63216e-05
120.694 8.83116e-05
125.901 9.50644e-05
126.451 9.39316e-05
124.636 9.48808e-05
129.393 9.54844e-05
126.501 6.05544e-05
126.334 9.5521e-05
124.283 9.30349e-05
130.823 1.07121e-05
123.134 9.80679e-05
125.722 9.46867e-05
122.301 4.45456e-05
123.113 9.8681e-05
124.418 0.000110401
122.791 0.000102358
120.753 9.8814e-05
122.098 9.75581e-05
128.052 9.07269e-05
125.752 9.57803e-05
129.35 0.000101871
123.241 9.73023e-05
121.545 9.54639e-05
125.445 2.826e-05
123.922 9.76869e-05
125.219 9.27484e-05
125.784 9.56588e-05
125.479 9.75547e-05
122.607 9.76998e-05
124.245 0.000100323
123.24 8.27761e-05
126.534 9.79666e-05
124.982 9.27431e-05
125.039 9.98737e-05
128.152 0.000100814
120.581 9.43592e-05
123.491 9.54327e-05
128.177 9.46118e-05
123.268 9.68482e-05
125.762 9.67109e-05
124.542 9.55076e-05
130.209 6.42235e-05
122.836 9.58914e-05
125.693 9.79838e-05
125.065 8.67861e-05
124.718 9.49431e-05
127.051 9.97759e-05
121.417 9.93942e-05
126.356 0.00010395
126.972 0.000106581
119.733 9.01443e-05
121.7 9.83595e-05
124.566 0.000100052
126.41 9.56271e-05
122.562 9.89676e-05
123.918 9.50403e-05
123.822 9.03031e-05
124.408 0.000100337
125.321 6.65155e-05
120.721 0.000106238
122.348 3.55812e-07
120.128 8.76561e-05
125.672 0.00010395
128.279 4.57804e-05
128.373 8.82578e-05
123.698 9.84643e-05
124.273 9.6148e-05
121.465 0.000105619
124.103 6.67357e-07
122.5 0.000100445
122.459 9.50071e-05
128.584 9.81693e-05
120.531 0.000101179
123.504 9.88676e-05
126.874 9.91748e-05
126.937 7.779e-05
128.606 1.04487e-05
122.635 0.000100124
123.859 0.000106598
126.814 0.000100621
123.631 9.8964e-05
124.661 9.82791e-05
124.486 1.49645e-05
125.476 2.8304e-06
130.489 0.000110105
121.195 0.000101403
123.872 9.62727e-05
121.865 9.66681e-05
124.677 9.52091e-05
127.613 9.658e-05
122.764 4.137e-07
125.264 9.95822e-05
130.013 9.55327e-05
127.311 9.41209e-05
123.962 9.66439e-05
124.021 9.12628e-05
127.569 1.82738e-06
124.435 9.62277e-05
126.376 9.8641e-05
119.841 8.87384e-05
124.482 0.00010961
121.131 0.000109255
122.217 9.95372e-05
160.777 0.000103593
126.989 9.30038e-05
120.571 9.78394e-05
122.987 0.000102436
126.709 9.95622e-05
123.45 9.89117e-05
124.181 9.57461e-05
120.988 0.000103853
122.948 2.79116e-05
121.684 8.87094e-05
122.344 1.0639e-05
122.146 9.56854e-05
122.181 0.000100067
127.742 9.54077e-05
123.961 9.99059e-05
125.189 9.4061e-05
123.829 9.52334e-05
123.835 9.9851e-05
122.196 8.67451e-05
125.465 0.000109467
125.422 0.000107489
124.564 3.65255e-05
126.189 5.4867e-05
127.775 0.00010273
120.787 9.62803e-05
126.145 0.000102122
125.752 9.42458e-05
120.739 9.61645e-05
123.818 5.65435e-05
124.628 9.86087e-05
126.502 9.59627e-05
121.719 5.55015e-05
121.199 1.09072e-05
121.978 9.58182e-05
126.558 9.57113e-05
123.011 9.26085e-05
125.18 9.2016e-05
120.881 5.48772e-05
122.588 9.9221e-05
123.151 0.000103454
124.425 0.000104109
124.993 9.7485e-05
121.864 9.96626e-05
125.244 9.09707e-05
123.979 0.000102531
123.128 9.56534e-05
119.383 8.60657e-05
126.152 0.000111979
126.026 7.62392e-05
125.83 9.62961e-05
128.357 0.000103387
124.233 0.000111805
122.053 9.55256e-05
126.122 0.000109858
123.418 8.94557e-05
124.617 9.07611e-05
126.248 9.93027e-05
126.901 9.17018e-05
120.548 1.02959e-05
123.491 9.60868e-05
118.903 0.000110749
121.757 9.07398e-05
129.601 7.76122e-05
125.4 0.000106803
121.843 0.000107001
121.26 0.000105792
123.163 1.09969e-06
122.06 9.93166e-05
124.142 0.000100394
125.492 0.000107743
122.658 9.06764e-05
127.065 9.60729e-05
122.025 2.13335e-05
120.225 9.73029e-05
123.524 9.62002e-05
122.595 9.56483e-05
126.924 9.71565e-05
123.603 0.000105254
125.185 9.96581e-05
126.924 0.000104839
126.588 5.46561e-05
124.558 9.45095e-05
124.582 0.000107959
115.743 9.21668e-05
124.995 0.000106769
124.53 9.85172e-05
123.647 9.61808e-05
125.383 0.000100294
116.16 9.92088e-05
126.3 9.57697e-05
119.779 9.81517e-05
130.631 9.62719e-05
126.007 9.62458e-05
122.783 9.88574e-05
125.439 9.66045e-05
126.719 9.73043e-05
120.507 9.87949e-05
126.443 9.62504e-05
126.375 0.000101101
121.8 8.93421e-05
124.273 7.45376e-05
122.118 9.62807e-05
125.594 9.65921e-05
128.389 0.000108341
122.485 9.62991e-05
126.315 0.000102278
127.312 9.41504e-05
122.435 0.000111954
128.026 0.000100066
123.865 0.000100513
127.976 9.5246e-05
122.983 0.0001008
127.036 0.000110373
123.866 9.77758e-05
123.966 0.00010085
128.516 0.000104588
122.031 6.74761e-08
123.765 0.000103886
124.44 8.97198e-05
123.356 1.33699e-05
124.476 0.000106047
131.454 9.94374e-05
125.931 0.00010493
126.404 0.000100912
126.597 9.85157e-05
123.737 9.78819e-05
123.362 0.000109743
125.001 9.37055e-05
122.743 0.000102919
124.91 9.6415e-05
124.93 0.000107395
125.866 0.000109246
126.258 9.6772e-05
120.317 9.42866e-05
125.909 0.000106585
124.061 9.89304e-05
122.57 8.01078e-05
120.185 9.76587e-05
121.729 9.9069e-05
126.198 9.26093e-05
126.596 2.89177e-05
123.752 9.6192e-05
124.642 0.000103432
127.179 1.39352e-05
126.394 6.53282e-05
127.604 0.000104185
125.899 0.000114635
124.475 9.90542e-05
121.974 3.71352e-05
126.43 0.000107325
124.903 8.19316e-05
130.322 0.000109043
123.554 9.71444e-05
122.138 0.000100271
123.239 9.06336e-05
124.851 3.56877e-05
122.333 9.8593e-05
127.057 0.000112462
127.197 9.347e-05
125.386 0.000109371
123.574 7.92904e-05
122.873 0.000109637
126.893 0.000106139
121.324 9.489e-05
124.552 0.000110969
125.873 9.69825e-05
124.034 0.00011016
145.826 9.85368e-05
125.902 9.62652e-05
126.653 8.79409e-05
125.051 9.61973e-05
128.48 9.88621e-05
126.262 9.66639e-05
120.72 9.60122e-05
123.073 0.000107363
125.361 0.000109453
126.865 9.51537e-05
126.059 9.85187e-05
124.95 9.71833e-05
122.499 9.25018e-05
122.968 9.44418e-05
125.436 0.00010115
126.619 0.000107673
126.724 9.17107e-05
125.445 9.69339e-05
125 9.62564e-05
120.554 9.59486e-05
122.4 9.76707e-05
115.247 9.97656e-05
127.428 6.62246e-05
121.899 0.00011092
125.438 0.000107538
125.167 9.83638e-05
123.057 9.42634e-05
123.094 9.43578e-05
130.489 9.60986e-05
123.812 9.79041e-05
125.166 9.56128e-05
123.347 9.50299e-05
127.225 0.000103485
125.336 9.91628e-05
126.992 8.96418e-05
126.869 9.56241e-05
127.402 9.57034e-05
123.768 0.000111577
121.779 9.70528e-05
119.548 0.00010924
128.67 9.5231e-05
123.984 8.94037e-05
124.745 0.000107598
121.77 0.00010636
123.378 0.000110875
125.64 0.000103514
120.346 9.45621e-05
124.531 9.89048e-05
123.337 8.79514e-05
123.199 9.58978e-05
120.796 9.41786e-05
122.978 0.000103932
123.117 8.76291e-05
122.047 9.83707e-05
122.089 9.7846e-05
125.003 0.000103178
119.535 9.45861e-05
127.472 9.91938e-05
125.571 0.000101266
125.508 9.88961e-05
124.311 0.00010025
124.298 8.89345e-05
128.707 9.47044e-05
125.757 9.58816e-05
118.656 9.52295e-05
126.05 0.000100103
124.594 9.2526e-05
123.393 9.78925e-05
127.75 9.18279e-05
126.421 9.87076e-05
127.288 9.79662e-05
126.74 9.53981e-05
126.84 9.31581e-05
127.048 0.000102333
125.88 4.59614e-05
125.872 9.83226e-05
121.73 6.80992e-05
118.263 9.48511e-05
123.913 0.00010646
124.004 0.000100523
118.252 9.01595e-05
124.608 9.69904e-05
124.463 9.07873e-05
124.887 8.80989e-05
120.108 9.58003e-05
123.092 9.52232e-05
126.239 4.63929e-06
126.957 9.75549e-05
127.254 9.74511e-05
127.828 4.37747e-05
128.886 9.55966e-05
127.188 2.42112e-07
126.19 8.67671e-05
122.467 9.98953e-05
126.237 9.72664e-05
123.465 9.68614e-05
121.046 9.78565e-05
126.608 9.65244e-05
124.406 0.000104439
124.902 9.74169e-05
120.517 9.64017e-05
121.822 0.000100785
118.527 9.46583e-05
125.687 9.51716e-05
126.285 9.6053e-05
123.7 9.36586e-05
126.551 0.000101109
123.965 9.91982e-05
124.931 0.000109916
126.449 0.000106985
125.591 9.04174e-05
125.193 9.57984e-05
126.78 1.51668e-05
124.727 7.60169e-05
124.71 0.000101246
126.83 0.000106481
124.353 8.21824e-05
123.946 0.00010198
125.691 0.000104969
125.487 0.000101159
125.515 8.88695e-05
124.534 0.000100438
125.699 6.42252e-05
126.95 8.80222e-05
126.03 0.000108854
124.364 0.000100059
122.904 0.000101487
123.474 9.88884e-05
120.768 9.82388e-05
129.268 0.000100024
130.425 9.82392e-05
130.477 8.04206e-05
125.544 0.000100902
126.636 0.000107845
124.327 0.000100979
125.197 9.38821e-05
121.479 0.000110874
125.916 0.000106208
127.049 9.24109e-05
123.947 0.000106706
124.859 0.000106677
127.501 9.61142e-05
125.054 0.00010734
123.648 2.88947e-06
127.484 9.58267e-05
123.621 9.91238e-05
124.3 7.3194e-05
125.342 0.000102428
124.95 9.54154e-05
