129.54 0.000246359
132.328 0.000244052
124.761 0.000215234
121.881 0.00026439
126.748 0.000271088
129.933 0.000263554
128.443 0.000264051
134.678 0.000237182
131.516 0.000223022
129.216 0.00026213
128.874 0.000203719
128.054 0.000250686
132.22 0.000240536
133.524 0.000233789
120.294 0.000263594
128.898 0.000232576
128.012 0.000254342
131.494 0.000249948
128.135 0.000233504
126.208 0.000223593
132.201 0.000232254
130.902 6.95226e-05
131.073 0.000241774
127.482 0.000229241
129.23 0.000233796
132.415 0.000247081
129.894 0.000235035
125.147 0.000240309
129.049 0.000232034
129.48 0.000263585
128.451 0.000242982
129.512 8.86789e-05
124.091 0.000241105
129.883 0.000250676
121.334 0.000240026
129.772 0.000232335
131.323 0.000231675
125.599 0.000268107
130.207 0.000239658
124.918 0.000168211
128.571 0.000249738
125.323 0.000231697
127.021 0.00023281
129.851 0.000241065
129.035 0.000233661
129.116 0.00035569
127.963 0.000265828
126.56 0.000219705
123.107 0.000134514
147.675 0.00026003
130.028 0.000243417
123.028 5.14886e-05
129.33 0.000247026
131.321 0.00019647
129.041 0.000231745
125.929 1.14206e-05
127.944 0.000224006
121.828 0.000236715
128.735 0.00024081
128.406 0.000243465
134.951 0.000186957
116.716 4.73722e-05
129.712 0.000140456
125.683 0.000266187
133.457 0.000232568
128.8 0.00023126
130.437 0.000215166
131.445 0.000250262
129.27 0.000244664
129.419 0.00023555
128.883 2.58419e-05
131.963 0.000205592
128.714 0.000240416
129.59 0.000227583
128.495 0.00022466
128.153 0.000241249
128.378 0.000234092
128.181 0.000239299
130.901 0.000230063
127.284 0.000224342
129.795 0.00027552
132.386 0.000307383
130.433 0.000264721
123.927 0.000285555
127.185 0.000240023
129.447 0.000249209
132.166 0.000255757
121.006 0.000242728
132.074 0.000255566
131.468 0.000268667
125.623 0.000251444
130.965 0.00025584
123.506 0.000251263
131.683 0.00026002
122.821 0.000238204
129.544 0.000246573
126.525 0.00022035
155.452 0.000251227
130.39 0.00026127
124.452 0.000237839
127.571 0.000254496
130.587 0.000233332
130.565 0.00023501
130.4 0.000212234
123.486 0.000248206
128.93 3.6183e-05
124.094 0.000235122
137.645 0.000321846
127.083 0.000180974
125.064 0.000262636
127.979 0.000267371
129.71 0.000264562
136.33 4.92669e-05
130.147 0.000246998
130.043 0.00026056
129.169 0.000247701
129.447 0.00011414
131.468 0.000237381
131.132 0.000267002
131.242 0.000207428
132.033 0.000174797
128.034 0.000235846
130.197 0.000242434
130.687 0.000266849
127.694 0.000242082
125.423 0.00022709
128.478 0.000223477
128.595 0.000239271
129.041 0.000230278
130.654 0.000237963
128.269 0.000227715
130.712 0.000255063
127.902 0.000219343
126.37 0.000233358
126.69 0.000237038
130.76 0.000259362
125.457 0.000241582
128.727 0.000240443
130.95 0.000239745
131.737 0.000265352
125.342 0.000240207
129.595 0.00026563
129.481 0.000217095
129.491 0.000224472
124.883 0.000252573
125.402 0.000232086
130.731 0.000183735
122.406 0.00028029
125.459 0.000115511
129.064 0.000223556
127.689 0.000228397
130.879 0.000256037
128.306 0.000263984
132.696 0.000238388
127.845 0.000218492
142.414 0.000305268
124.609 0.000249797
123.509 3.72659e-05
128.359 0.000230061
129.811 9.87221e-07
129.205 0.000267962
129.855 0.000233344
135.248 7.04149e-06
124.311 0.000273777
128.093 0.000231897
126.506 0.000232789
129.551 0.000152224
131.312 0.000216702
131.294 0.000267704
126.467 0.000264413
129.308 0.000234993
123.206 0.000272137
129.686 0.000260957
132.729 0.000111603
124.262 0.000235388
129.907 0.000265351
133.94 1.01166e-06
128.747 0.000217122
129.017 0.000234854
127.125 0.000256321
127.017 0.000242503
126.76 0.000240384
130.881 0.000222213
130.71 0.00025691
117.491 0.000249829
129.742 0.000232473
131.44 0.000236419
126.849 0.000267305
136.6 0.000249057
124.619 1.78547e-05
125.555 0.000234186
126.506 0.000239468
132.661 0.000242708
129.204 0.000232956
129.195 0.000238708
135.793 0.000234786
125.455 0.00025258
128.852 0.000262507
122.963 0.000210975
129.48 0.000270026
128.242 0.000235713
131.794 0.000250313
133.369 3.73933e-05
131.532 0.000236064
128.261 0.000232196
125.42 0.000205898
126.731 0.000236802
125.595 0.000238174
133.174 0.00022855
130.074 0.00023276
126.78 6.92238e-05
122.975 0.000204772
122.266 0.0002654
122.347 0.000277076
118.343 0.000225516
132.035 0.000240367
124.886 0.000241695
124.622 0.000244112
118.713 0.000251712
133.69 0.000273101
115.808 0.000231404
131.428 0.000235523
128.795 0.000264784
132.108 0.00027083
118.987 0.0002424
129.371 0.000254246
131.318 0.000273185
131.361 0.00024238
128.259 0.000234679
128.75 0.000246745
128.798 6.82614e-05
126.779 0.000230753
126.281 0.000237747
130.615 0.000230893
131.07 0.00016176
128.958 0.000246092
129.611 7.05e-05
118.329 0.000262223
131.688 0.000233384
128.94 0.000244603
130.997 0.000228681
129.884 0.000237277
128.703 0.000263306
131.314 0.000251499
127.209 0.000241996
131.185 0.000244595
129.95 0.000218313
131.907 0.000158815
128.932 0.000244391
130.126 0.000269162
131.783 8.914e-05
125.925 0.000253624
128.309 0.000235549
129.863 0.00023417
123.833 0.000179424
126.875 0.000231092
127.479 0.000137265
128.2 3.61777e-07
137.841 0.000227137
131.531 0.000256887
127.788 6.88376e-05
136.867 0.000255486
121.344 0.000267814
121.922 0.000236279
127.089 0.000234932
131.431 0.000236676
132.407 0.000239229
131.608 0.000276033
128.702 0.000259454
129.812 3.49288e-05
117.204 0.000231791
130.891 0.000239705
121.421 0.000242947
126.276 0.000231
129.515 0.000235149
127.782 0.000239359
123.987 0.000237754
124.541 0.000244044
124.603 0.000231364
127.889 0.000258908
132.859 0.00023909
129.961 0.000229299
117.89 0.000234224
127.6 0.000233178
130.458 0.000224453
128.264 0.000241663
131.77 0.000264899
128.12 0.000249158
128.272 0.000241903
129.901 0.000232916
130.532 0.000256969
130.137 0.000242562
131.157 0.000242819
122.115 0.000222435
130.649 0.000229991
132.661 0.000188032
125.063 0.000244339
129.616 0.00021797
123.847 0.000242255
128.243 0.000218089
126.656 0.000234341
122.892 0.000232342
130.778 2.53237e-05
129.881 0.00023538
125.147 0.000233102
125.491 0.000190023
129.29 0.000314123
127.167 0.000232824
121.835 0.000104813
130.412 0.000247032
125.741 0.000224261
126.481 0.000234322
122.862 0.000249536
135.165 0.000240717
132.258 0.000263749
130.934 0.000242026
130.262 0.000219904
128.314 0.000244443
130.155 0.000245192
127.721 8.96039e-05
127.148 0.000236639
129.78 9.02617e-05
123.293 0.000256837
130.921 0.00024715
128.908 0.000204201
125.9 8.97484e-05
127.827 4.70699e-05
130.364 0.000232486
130.495 0.000232352
125.783 0.000260842
130.492 0.000266877
126.071 0.000231157
129.763 0.000249969
127.747 0.000242388
128.951 0.000228122
122.961 0.000235908
127.446 0.000262775
130.237 0.000266362
128.393 0.000255334
129.293 0.000229465
129.439 0.000233032
121.23 0.000236654
130.009 0.000190288
129.266 0.000231083
132.544 0.000281186
126.606 0.000215897
127.362 0.000252754
129.882 0.00024841
127.767 0.000239125
130.75 0.000243185
129.578 0.00024125
116.622 0.000197538
129.125 0.000236438
129.119 0.000111948
130.392 0.000244066
128.02 0.000240786
128.924 0.000262535
123.919 0.000197883
129.679 0.000243307
129.286 0.000239687
134.831 0.000241941
128.458 0.000244624
125.34 0.0002362
124.02 0.000242981
122.59 0.000242773
131.455 2.40664e-05
127.09 0.000232182
130.218 0.000264408
153.264 0.000265973
131.569 0.000112492
127.817 0.000267297
129.257 0.000160084
132.203 0.000230122
128.595 0.000242023
128.113 0.00023793
115.524 0.000232642
126.905 0.00019919
129.332 2.70975e-06
128.542 0.000242662
127.639 0.000246571
129.802 0.000265393
116.628 0.000252517
126.937 0.000250259
126.842 0.000239227
128.031 0.000214987
131.033 0.000161518
131.645 0.000235453
123.099 0.000227153
124.841 0.00023537
126.241 0.000190729
126.831 0.000181506
126.674 0.000234485
128.122 0.000233869
130.34 0.000240015
129.663 0.000253298
131.094 0.000239962
128.853 0.000250096
131.255 0.000262485
129.399 0.000247642
128.389 0.000227704
129.743 0.000256925
124.405 0.000270294
131.31 0.000235053
130.545 0.000241704
131.159 0.000251322
128.538 0.000237354
128.318 0.000256472
127.293 0.000234265
123.35 0.000266158
126.592 0.000227413
126.486 0.000238259
130.598 0.000233269
130.374 0.000258133
130.892 0.000250864
131.619 0.00025421
125.975 9.42874e-07
128.702 0.000217448
129.464 0.000214494
127.134 0.000232641
128.716 0.000228878
131.531 0.000254138
136.733 0.000250646
122.235 0.000219535
134.82 0.000247451
128.383 0.00024611
130.31 0.000258559
129.824 0.000237415
126.931 0.000240551
127.298 0.000228939
135.122 0.000223569
130.6 0.000250699
133.798 0.000234033
129.797 0.000231684
135.491 0.000239363
128.746 0.000231524
128.692 0.000251427
131.971 -8.87612e-05
129.103 0.000255466
126.537 0.000233338
130.577 0.000237471
134.97 0.000235391
133.587 0.000244185
124.961 0.000268777
126.687 0.000242316
129.654 0.000233011
127.571 0.000243832
129.683 5.09003e-05
