127.063 0.000306572
129.218 0.000304
123.284 0.000299183
129.046 0.000339451
128.988 0.000308284
126.591 0.000342355
128.125 0.000306819
162.033 0.000360627
129.898 0.000296481
129.925 0.000297174
131.924 0.00031524
128.189 0.00031088
131.324 0.000323748
132.955 0.000336274
127.458 0.000343891
129.465 0.000334156
131.108 0.000311943
135.269 0.000296227
127.396 0.000329181
127.063 0.000317408
126.029 0.00030521
128.877 0.000305798
130.09 0.000296004
128.392 0.000305251
126.688 0.000306079
125.982 0.000297215
129.366 0.00030517
122.299 0.000319344
127.436 0.00029732
138.397 0.000313703
125.857 0.0003177
128.325 0.000284004
134.438 0.000286266
129.653 0.000302627
130.983 0.000312941
130.269 0.000298747
130.256 0.000234396
119.356 0.000284031
127.126 0.000143687
128.066 0.000326775
165.946 0.000344681
129.57 0.000294261
159.957 0.000351738
130.672 0.000303135
129.26 0.000318717
130.351 0.000274354
129.702 0.000351915
129.236 0.000285034
124.921 0.000309364
127.723 0.000295855
128.05 0.000317396
129.15 0.000309429
131.229 0.000339844
130.452 0.00030925
132.005 0.000342508
128.507 0.000143028
129.088 0.000328173
133.475 0.000306286
131.151 0.000303435
129.197 0.000337412
128.822 0.000300964
126.422 0.000304481
124.339 0.000348588
129.016 0.000200344
128.139 0.000280847
129.345 0.000301934
133.479 0.000296431
128.157 0.000293864
125.88 0.000304778
130.795 0.000310541
126.695 0.000309439
129.934 0.000299134
126.185 0.000295587
131.783 0.000334171
131.977 0.000301604
162.141 0.000328708
132.306 0.000320658
129.806 4.64356e-05
129.299 0.000311411
128.22 0.000302187
126.399 0.000307624
132.681 0.00029584
129.835 0.000172804
129.801 0.000332758
131.71 0.00032886
130.955 8.92619e-06
151.214 0.000276501
130.274 0.00034901
129.32 0.000322632
131.194 0.000348044
129.357 0.000312403
130.471 0.000303411
130.389 0.000306182
129.891 0.000349608
129.316 0.000299584
129.503 8.83178e-05
133.18 0.00023772
127.84 0.000299252
129.404 0.000333447
132.251 0.000282948
132.327 0.000290345
129.987 0.000344879
128.527 0.000343084
129.031 0.000308868
127.839 0.000304123
135.146 0.000298779
127.689 0.000309242
129.655 0.000316036
127.762 0.000306799
129.374 0.000432829
129.854 0.000311082
128.885 0.000303006
131.258 0.000335468
130.057 0.000320738
130.519 0.000296748
124.378 0.000116084
130.622 0.000330357
125.992 0.000302091
125.168 -0.000208733
129.516 0.000340789
128.542 0.000308049
131.798 0.000318893
127.98 0.000303371
130.954 0.000298124
130.94 0.000331805
127.997 0.000348801
127.213 1.26097e-06
127.834 0.00031614
130.314 0.000335399
131.068 0.00029478
130.799 0.000324631
128.607 0.000299925
131.301 3.25548e-05
127.626 0.000311077
129.764 0.000311444
161.287 0.000297938
129.015 0.000316968
131.34 0.000117067
127.979 0.00031317
129.464 0.000259618
130.138 0.000311397
129.953 0.000300791
136.388 0.000293385
143.996 0.000324309
123.275 0.000288415
138.156 0.000281218
129.08 0.000302302
128.839 0.000294138
121.805 0.000242661
122.904 0.000300066
157.221 0.000300522
130.197 0.000323883
137.475 0.000313619
122.818 0.000339705
130.636 0.000287786
115.782 0.00033953
119.889 0.000302984
129.43 0.000310656
130.44 0.000280035
134.125 0.000313597
128.605 0.000304556
117.69 0.000315807
160.355 0.00034226
126.832 0.0003101
131.775 0.00030105
131.642 0.00030984
125.909 0.00011551
130.719 0.000332172
130.629 0.000338199
153.809 0.000331554
119.83 0.000302707
129.883 0.000305747
129.916 0.000307443
125.462 0.000201052
127.784 0.00030275
117.094 0.000320086
129.389 0.000298425
129.291 0.000304978
128.864 0.000343738
129.774 0.000281095
132.614 0.000325324
152.22 0.00030142
132.702 1.51995e-05
130.2 0.000303277
129.413 0.000337521
128.663 0.000307011
132.785 0.00029754
122.517 0.000454022
128.362 0.000302127
128.571 0.000280765
131.036 0.000299121
130.549 0.000338072
129.629 0.000298852
129.891 0.000283358
130.501 0.000301675
125.664 0.000314388
147.915 0.000330148
117.696 0.000305425
129.455 0.000309992
129.251 0.000306033
121.729 0.000251485
147.402 0.000306675
131.179 0.000335528
130.394 0.000325182
137.6 2.20105e-05
126.296 0.000317515
128.037 0.000302295
128.696 0.000300542
131.886 0.000355799
126.582 0.000292082
128.098 0.000322996
122.117 0.000300586
123.231 0.000283184
130.13 0.000297446
128.988 0.000315308
165.864 0.000260907
130.537 0.000317798
131.007 0.000347234
122.436 0.000354612
137.44 0.000302172
124.335 0.000321187
148.717 0.000303425
155.261 0.000343284
129.425 0.000321939
129.111 0.000266062
142.406 0.000336338
123.76 0.000304372
130.372 0.000327557
129.376 0.000311857
132.256 0.000298893
129.987 0.000310284
128.871 0.000298031
146.054 0.000288651
124.256 0.000290782
130.938 0.000116937
152.214 0.000294602
161.94 0.000303127
129.812 0.000302401
123.746 0.000303625
129.775 0.000306516
131.048 0.00033031
124.997 0.000142035
121.672 0.000207324
127.8 0.000349324
118.83 0.000114963
128.023 0.00029765
132.846 0.000338596
126.052 0.000311449
128.428 -0.000338142
131.423 0.000308777
132.424 0.000287111
131.793 0.000321537
131.045 -0.000301908
128.819 0.000203236
132.225 0.000216681
127.515 0.000345949
129.714 0.000346818
131.249 0.000298517
133.288 0.000248643
127.101 0.000294539
127.568 0.000312193
130.713 0.000294631
129.793 0.000300905
130.3 0.000234448
129.789 0.00034598
128.47 0.000315136
125.264 0.000286571
129.985 0.000310432
128.084 0.000300049
127.845 0.000328208
144.502 0.000307343
129.187 0.000302631
131.434 3.26863e-05
127.05 0.000305047
129.856 3.23639e-05
134.25 0.000337609
129.87 0.000299538
125.66 0.000306499
130.19 0.000302004
128.182 0.000315924
121.713 0.000328047
130.003 0.000399583
128.559 0.000299893
115.014 0.000335028
131.766 0.000313634
134.22 0.000322776
128.851 0.000301659
132.298 0.000299258
127.438 0.000345426
131.309 0.00032948
159.613 0.000294192
