126.158 8.63477e-05
126.442 7.63292e-05
119.152 8.94824e-05
119.607 -9.84868e-05
124.633 0.000111863
123.41 5.62266e-05
129.994 9.6755e-05
123.653 9.75585e-05
123.059 8.18715e-05
150.18 2.86257e-05
121.456 0.000109581
127.282 9.62113e-05
124.768 0.000107748
126.562 0.000110523
120.813 9.82697e-05
125.991 9.83436e-05
127.163 0.000100552
124.284 4.64385e-05
117.637 9.68821e-05
122.858 9.08533e-05
117.946 9.9883e-05
125.324 9.77927e-05
123.672 0.000111536
129.431 9.68833e-05
124.435 0.000111829
124.822 0.000102657
121.712 9.36152e-05
119.145 0.000100836
124.559 0.00010076
160.453 9.64562e-05
123.217 9.97164e-05
122.229 0.000100894
124.255 9.85525e-05
121.928 0.000110439
125.416 0.000101119
125.595 9.79548e-05
129.133 6.49345e-05
131.895 9.97894e-05
124.337 9.75372e-05
121.591 0.000101712
120.591 9.71077e-05
121.477 9.82152e-05
126.12 9.29185e-05
121.486 0.000100579
126.892 9.33485e-05
117.875 9.52709e-05
119.938 0.000100121
121.099 0.000107411
123.555 9.44125e-05
115.946 0.0001065
125.483 5.63215e-05
124.245 0.000102563
124.355 0.00010443
122.528 9.32954e-05
123.61 0.000102287
117.888 0.000103926
125.358 0.00010053
154.463 4.09702e-07
125.238 9.77622e-05
123.236 1.10665e-05
126.192 0.00010193
124.156 9.96605e-05
125.025 0.000100955
129.776 0.000102129
123.733 0.000108924
122.124 9.05171e-05
128.368 0.000101398
127.333 0.000104712
124.411 2.93453e-06
125.886 0.000102178
126.142 9.79056e-05
125.614 9.60898e-05
121.787 0.000107683
143.817 -0.000109125
121.144 0.000108742
127.536 4.68222e-05
125.463 9.61307e-05
120.483 9.62859e-05
123.243 0.000109172
120.28 9.48772e-05
130.707 9.6779e-05
121.857 9.2951e-05
125.749 6.65012e-05
121.183 0.000113276
150.768 0.000112732
124.312 6.83192e-05
120.166 0.00010487
124.9 0.000100551
128.429 0.000110999
124.453 -9.95197e-05
123.705 9.5477e-05
124.782 8.90062e-05
121.267 9.81719e-05
124.808 9.3113e-05
123.968 0.000101143
121.088 -9.94009e-05
129.687 9.87163e-05
118.281 9.39912e-05
126.077 5.61887e-05
124.121 0.000106452
134.091 0.000101767
121.052 0.000111002
125.321 0.00010112
130.287 9.62119e-05
118.106 9.8676e-05
117.949 0.000109235
123.319 9.82796e-05
126.124 0.000100885
124.707 9.0455e-05
122.5 9.55889e-05
118.271 0.000103546
124.956 0.000105246
122.561 6.58713e-05
124.118 9.75203e-05
123.141 9.67387e-05
119.654 9.69249e-05
124.63 0.000101685
120.566 9.55837e-05
125.671 0.000110812
165.992 1.54089e-05
124.984 9.68465e-05
124.84 9.76974e-05
125.349 8.78136e-05
121.159 0.000109546
128.331 -0.000102702
119.252 6.96222e-05
121.009 0.000100281
125.242 0.000100386
117.497 9.99469e-05
123.513 0.000104298
116.286 9.37976e-05
122.51 0.00011302
124.716 9.95668e-05
123.505 9.69359e-05
120.419 9.79413e-05
118.171 -0.000100857
124.273 9.03937e-05
122.908 9.6406e-05
121.831 0.000101423
123.048 0.000107343
125.768 9.65424e-05
124.642 0.000106096
126.142 0.000100966
121.674 0.000103704
116.265 7.42978e-05
124.876 2.40963e-07
122.953 9.42729e-05
124.976 9.91624e-05
119.552 0.000102071
141.6 9.64337e-05
124.552 9.02801e-05
115.495 0.000100411
126.299 0.000102442
136.904 0.000109739
125.874 9.59126e-05
121.703 0.000106424
125.923 9.72737e-05
124.43 9.8704e-05
126.291 0.000106558
128.764 9.88254e-05
118.458 8.39735e-05
123.068 0.000106307
138.663 0.00010205
128.282 0.000104179
120.027 0.000101842
115.51 2.92042e-06
124.909 9.95043e-05
124.82 9.94109e-05
123.955 7.67741e-05
126.772 9.60595e-05
120.682 9.79718e-05
125.791 8.84517e-05
124.97 9.59408e-05
123.2 9.90412e-05
122.478 0.000108712
123.545 9.90983e-05
124.819 0.000101568
122.655 9.8954e-05
123.138 0.000109986
125.316 1.49881e-05
127.944 0.00010183
126.325 9.15243e-05
124.889 0.000121783
127.126 8.49389e-05
124.171 4.77186e-06
127.958 9.7375e-05
125.215 8.52202e-05
122.906 6.5343e-05
126.101 1.49836e-05
125.865 9.31367e-05
124.75 0.000100896
123.066 0.000108962
125.638 0.000101722
118.463 9.88826e-05
122.889 9.76486e-05
123.725 9.6948e-05
122.538 8.37339e-05
124.69 9.68076e-05
125.978 9.59716e-05
126.317 9.96531e-05
123.926 9.38731e-05
125.585 0.000107877
123.984 0.000113725
119.415 0.000102013
126.209 0.000110337
125.447 9.88254e-05
127.421 5.59234e-05
121.288 9.86549e-05
121.579 9.43129e-05
126.222 0.000104482
124.723 -9.86807e-05
126.645 9.01011e-05
130.366 0.000104632
124.61 0.000112732
119.184 9.77848e-05
124.098 0.000104279
123.612 9.60418e-05
127.491 0.0001028
126.009 8.61227e-05
117.856 9.56463e-05
122.124 0.000110387
123.08 9.71393e-05
121.442 0.000113559
121.35 9.88545e-05
153.331 7.08317e-05
124.628 9.06604e-05
122.935 9.68381e-05
128.466 9.67088e-05
125.148 9.77256e-05
122.524 9.99348e-05
129.792 2.82141e-05
122.808 9.2782e-05
124.914 0.000101655
125.274 8.97548e-05
122.883 9.68156e-05
124.182 9.82478e-05
125.465 0.0001113
123.528 9.70525e-05
121.227 0.000100166
125.301 0.000101347
126.729 1.51216e-05
128.691 3.87212e-05
125.543 0.000108875
126.213 0.000102569
147.215 0.000111421
123.427 9.39563e-05
127.709 0.000105794
122.817 0.000100601
122.157 9.78687e-05
125.185 9.77314e-05
122.427 0.000101735
123.527 0.000107434
118.688 9.64525e-05
126.035 9.81852e-05
127.11 7.63206e-05
121.548 0.00010999
123.883 9.34982e-05
121.307 0.00010862
121.412 9.78274e-05
126.222 9.94875e-05
145.223 9.97896e-05
123.631 0.000107668
125.298 0.000108075
128.424 9.38733e-05
120.593 8.9883e-05
123.548 9.06303e-05
119.778 9.9416e-05
127.119 -2.13055e-05
125.776 0.000101514
124.653 9.62285e-05
121.503 -0.000102018
122.656 0.000102267
125.641 9.6535e-05
129.754 9.61214e-05
124.621 9.68055e-05
125.194 0.00011217
124.097 9.69647e-05
125.031 9.71783e-05
116.012 9.77414e-05
120.395 9.95796e-05
160.421 9.0484e-05
117.377 0.000107716
127.298 9.38135e-05
129.331 9.87562e-05
129.455 0.000110456
125.986 9.56319e-05
121.931 9.59882e-05
121.717 9.60974e-05
131.331 0.000101574
125.094 0.000148224
119.884 5.77666e-05
125.789 0.000158137
121.979 0.000160451
124.408 0.000147123
124.541 0.000166184
124.741 1.61756e-05
126.708 0.000152701
126.851 0.00014954
121.802 0.000172452
123.718 4.39595e-05
120.68 0.000151561
128.042 0.000170274
124.011 0.00015507
128.163 0.000162683
125.725 0.000146777
125.671 1.63793e-05
123.093 0.000161937
126.034 8.66402e-05
125.614 0.000146094
126.005 0.000150052
124.767 0.000148777
120.7 0.000159939
126.856 0.000148947
124.57 0.000168672
125.486 0.000149982
121.617 0.000155661
122.431 0.000121397
129.741 0.000153008
127.564 0.000170424
125.472 0.000143887
125.667 0.000152293
124.898 0.000157003
128.5 0.000138425
127.088 0.000169112
121.046 0.000147828
118.463 0.000145083
123.789 0.000169892
123.859 0.000147913
125.433 7.24769e-05
122.356 0.000149462
124.156 0.000152298
123.618 0.000148432
124.83 0.000147876
117.458 0.000141848
120.948 0.000149469
124.866 0.0001567
124.057 1.79041e-06
118.177 0.000167463
127.837 0.000144435
125.658 0.000149572
128.044 0.000146813
122.743 0.000151678
124.708 0.0001534
126.062 0.000171255
125.634 0.000168292
122.752 0.000147438
122.705 0.00015477
125.226 0.000153521
126.913 1.10759e-05
126.959 0.000154857
129.157 2.79792e-06
125.227 0.000165585
120.957 0.000108773
127.324 0.000162239
122.017 0.00015435
126.107 0.000158372
124.146 0.000168574
125.038 0.000160034
126.974 0.000174315
117.699 0.000159487
123.617 0.000168023
124.429 0.000168758
126.285 0.000162138
124.045 0.000121235
120.638 0.000142993
129.21 4.29966e-06
119.171 0.000147837
127.187 -0.000155296
119.296 0.000167615
123.199 0.000156234
124.266 0.000149844
159.109 9.59088e-05
125.245 0.000159809
119.652 6.25213e-07
120.777 0.000161546
121.172 3.26455e-05
125.091 0.00014854
117.028 0.000177127
125.355 0.000145229
127.429 0.00014889
126.182 0.000153942
127.307 0.000151733
122.051 0.000138402
117.065 0.00015014
133.407 0.000152726
121.61 0.000145441
126.917 8.41071e-05
126.454 0.000169426
125.047 0.000157526
129.166 0.000157661
127.822 0.00015263
145.146 0.000147192
124.529 1.69746e-05
127.047 0.000167622
124.086 0.000172474
122.572 0.000148941
121.112 0.000162383
128.867 0.000151749
125.141 -0.000156854
118.315 0.000125719
123.439 0.000152499
125.765 0.000157394
128.138 0.00013868
121.938 0.000141674
125.79 0.000128728
121.025 0.000149408
118.571 0.000150448
123.641 0.000164244
118.459 -0.000170441
124.119 8.91944e-05
126.384 0.0001617
124.821 0.000149008
122.065 0.000163515
125.051 0.000147582
127.16 0.000157236
126.284 0.000148541
121.736 0.000155677
126.13 0.000159341
127.133 0.000151256
126.21 0.000167182
126.222 0.000154255
122.816 0.00015034
119.198 0.000163532
124.201 0.00014867
127.77 0.000129349
121.216 -0.000159725
118.73 0.000149279
128.135 0.00016148
128.068 0.000151824
124.301 0.000153513
123.863 4.34601e-06
126.962 0.000159412
120.65 0.000117396
120.818 3.09997e-05
124.207 0.000150953
120.078 0.00014865
125.911 0.000164125
121.809 0.000151049
149.757 0.000151341
124.865 0.000148724
118.739 0.000159385
120.673 0.000149937
127.706 0.000170549
126.374 0.00015443
126.348 0.000148897
127.674 0.000153791
124.533 0.000149099
123.17 0.000146353
125.66 0.00017107
121.349 0.000185745
124.809 0.00015578
127.535 0.000144989
125.488 0.000156144
126.16 0.00014926
125.649 0.000146346
122.944 0.000153471
159.486 0.000141658
120.337 0.0001698
124.034 0.000145379
123.554 0.000177268
115.17 0.000153569
124.38 8.68609e-05
135.956 0.000138676
123.482 0.000140833
125.229 0.000148267
125.909 0.000153405
124.589 0.00016472
123.304 0.000169475
127.025 0.000164292
123.751 0.000155132
148.385 0.000150467
126.769 7.17292e-05
149.718 0.000159588
123.638 0.000117775
124.478 0.000152278
169.997 0.000156561
121.692 0.000154529
124.768 0.000163368
126.466 0.000143901
124.523 0.000151963
161.693 0.000154452
126.069 0.000152526
123.214 0.000151285
124.842 1.74244e-06
124.424 0.000168078
126.739 0.000165832
120.689 3.20624e-05
124.622 0.000153721
123.99 0.000149859
128.33 0.000137056
123.184 0.000146099
124.611 0.000149785
115.301 0.000171199
119.545 0.00011134
125.075 0.000120071
125.736 -0.000158751
125.473 0.000155568
122.123 0.00015871
125.927 0.000155279
124.014 0.0001485
121.152 0.000149454
