149.668 0.000369755
118.734 0.000116425
119.872 0.000437235
119.845 0.00039256
117.335 0.000430703
122.61 -0.000405799
115.681 0.000375679
116.304 0.000394932
117.581 0.000387407
121.615 0.000378756
142.184 0.00027003
120.405 0.000391951
122.304 0.000384213
122.512 0.0003806
154.955 0.000181553
120.676 0.000449101
118.138 0.000381444
119.498 0.000440776
120.065 0.000410032
120.002 0.000452433
118.214 0.000433782
120.359 7.44101e-06
153.518 0.000372189
132.198 0.000409198
154.58 0.000375827
119.966 0.000393887
132.808 0.000426296
118.693 0.000382136
129.151 0.000442577
121.183 0.000403288
120.852 0.000190088
119.933 0.000403845
146.916 0.000423877
149.541 0.000390524
120.346 0.000380145
115.706 0.000325454
121.567 0.000386522
163.549 0.000410205
121.686 0.000348067
162.917 0.000388222
120.106 0.000370913
123.954 0.000383029
155.473 0.000396263
121.197 0.000366519
134.642 1.15702e-05
159.557 6.0468e-05
118.523 0.00044275
155.241 0.000396927
119.358 0.000394894
163.604 0.000386525
146.644 0.000190152
118.186 0.000389027
120.828 0.000384938
160.825 0.00041618
163.843 0.000413834
117.978 0.000327466
121.099 0.00043606
122.485 0.00037231
118.723 0.00038917
115.448 0.000426186
158.245 0.000386455
156.956 0.000376641
168.85 0.000381331
127.31 0.000228007
115.068 0.00039339
120.767 0.00035921
151.487 0.000298165
122.031 0.0003873
117.153 0.00037728
118.435 0.000450437
117.909 0.000404492
121.034 0.000386414
117.919 0.000390514
162.092 0.000375704
121.084 0.000396901
118.802 0.000452296
118.84 0.000361571
118.338 -0.000387221
119.402 0.000395096
119.447 0.000382233
116.925 0.000385914
122.808 0.000405839
118.763 8.53612e-05
135.953 6.92921e-06
119.737 0.000379806
121.822 0.000371679
115.168 0.000375692
119.447 0.000404505
157.31 0.0004149
119.122 0.000249159
120.658 0.000378001
160.318 0.000429117
120.012 0.000436498
121.868 0.000361963
141.899 0.000434507
119.635 0.00039877
125.125 0.000458101
119.045 0.000429046
120.813 0.00029843
119.999 0.000392477
116.993 0.000399748
155.256 0.000376306
124.292 0.000361616
120.897 0.000452859
133.172 0.000380064
115.685 0.000375429
120.747 0.000396106
137.179 -0.000188222
122.787 0.00037899
116.202 0.000385487
141.286 0.00039984
122.162 0.00039861
118.782 0.000412845
124.109 0.000383965
123.634 0.000428796
138.912 0.000376924
120.582 0.000259044
121.939 0.000395275
119.678 0.000401849
116.777 0.000399479
138.415 0.000302775
161.61 0.000456085
122.004 0.000388526
117.99 0.000435015
119.979 0.000377526
118.81 0.000219369
130.044 0.000348102
124 0.000396051
120.75 0.000382111
123.984 0.000414159
120.299 0.0001806
122.745 0.000399659
119.357 0.000439847
121.388 6.02167e-05
120.546 0.00038605
132.963 0.0003679
120.781 0.000437387
164.846 0.000392496
145.921 0.000409121
144.675 0.000390418
133.082 0.000375255
155.674 0.00041173
118.768 0.000396578
125.373 0.000446073
116.975 0.000437787
117.202 0.000427317
165.173 0.000360287
149.43 0.000379395
168.371 0.000422749
118.905 0.000392865
120.045 -0.00035919
157.602 0.000381882
116.44 0.000373653
121.062 0.000397629
167.086 0.000416241
116.87 0.000391656
153.591 0.00038451
123.347 0.000416234
119.219 0.000367169
118.993 0.000395877
116.694 0.000395569
118.294 0.00042746
157.56 0.000376669
119.363 0.000358561
117.648 0.000333926
119.586 0.000385389
118.576 0.000418441
118.073 0.000395347
119.959 0.000450708
156.961 0.00036871
119.315 0.000432893
118.737 0.000376533
117.13 0.000392761
118.103 0.000412909
118.647 0.000403468
118.426 0.000387929
119.584 0.000382842
159.066 0.000390387
157.157 0.000428164
115.349 -0.000399985
118.646 0.000405575
155.381 0.000386429
120.736 0.000388695
119.927 0.00037538
127.432 0.000363668
127.437 0.000395645
117.19 0.000396187
169.934 0.000377503
125.504 0.000366238
119.255 0.000380992
118.41 0.00043776
122.701 0.000388461
119.592 0.000397943
120.091 0.000400132
116.933 0.000390217
120.813 0.000406171
165.684 0.00038172
121.851 0.000392674
118.45 -0.000433247
120.249 0.000380232
119.547 0.000390249
120.536 7.32773e-06
119.873 0.000379355
139.069 0.000370648
121.138 0.000381891
122.466 -0.000259956
118.739 0.000376215
131.907 0.000427278
120.005 0.000394101
158.098 0.000377593
119.633 0.000436121
117.903 0.000435025
121.609 0.000424067
121.326 0.000389357
141.06 0.000383542
117.335 0.000116163
164.718 6.03397e-05
120.778 0.000393009
120.704 0.000318951
119.777 0.00040618
116.914 0.000413547
153.059 0.00042114
119.048 0.000450845
165.936 8.24276e-05
121.042 0.00044055
121.493 0.000295492
120.747 0.000402504
145.402 0.000371735
117.121 0.000380936
119.097 0.000381271
120.639 0.000409971
151.207 0.000380186
120.327 0.000378338
117.926 0.000388629
116.497 0.000389693
122.813 0.000397609
149.618 0.000518004
118.004 0.000378069
153.566 0.00041661
121.298 0.000397738
118.395 0.000379362
153.065 0.00038317
145.358 0.000378334
122.675 0.000393753
129.489 7.97106e-05
153.452 0.000401494
121.707 0.000407627
120.748 0.000385309
122.984 0.000393422
119.408 0.000385003
163.884 0.000364027
120.164 0.000412449
116.554 0.000394928
117.436 0.000147774
117.577 0.00043562
117.09 0.000368889
120.097 0.000387211
161.267 0.000431702
142.538 7.36615e-06
154.732 0.000396495
119.363 0.000371019
120.755 0.000380267
168.299 0.000379897
120.89 0.00043072
122.2 0.000374659
122.101 0.000372961
118.792 0.000424072
129.895 0.000381791
139.397 0.000388223
120.619 0.000386023
162.024 0.000397938
115.61 0.00049159
119.717 0.00020957
143.533 0.000395016
115.579 0.000392379
124.092 0.000359553
119.219 0.000445879
155.754 0.000381699
122.192 1.73146e-05
127.699 0.000393861
119.553 0.000422014
120.911 0.000383099
115.642 0.000376707
115.707 0.000459323
118.027 8.23493e-05
120.518 0.000386592
121.345 0.000400385
160.087 0.000190196
162.546 0.000359111
161.843 0.000396083
132.671 0.000406193
151.495 0.000398132
132.402 0.000357133
118.914 0.000328532
154.286 0.000457431
119.97 0.000353852
119.578 0.000384379
140.488 0.000392729
123.337 0.000377639
118.32 0.000382602
122.452 0.000410671
144.866 0.00039378
119.62 0.000380507
118.954 0.0002524
163.77 0.000379365
140.781 0.000384478
121.686 0.000393677
139.3 0.000148969
118.302 0.000388061
118.708 0.000383691
119.997 0.000370537
125.413 0.000440316
116.074 0.000397794
120.076 0.000377063
119.067 0.000392313
121.427 0.000386924
117.686 0.000384178
120.147 0.000297667
118.906 0.000382515
115.29 0.000417265
125.881 0.000383133
