137.597 0.000137897
128.072 0.000136716
121.519 0.000130977
124.23 0.000144937
126.616 0.000146791
123.743 0.000150032
157.556 0.000143873
158.377 0.00014822
123.543 0.000132119
126.832 0.000146188
147.694 0.000131382
166.142 0.000151138
127.929 0.000143632
115.668 0.000131781
166.688 0.000136875
125.175 0.000112672
132.854 0.000132473
143.126 0.000130309
130.047 0.000149789
129.183 0.000135597
126.826 0.000124874
122.909 0.00013813
127.203 6.25679e-05
119.426 0.000130644
144.233 0.000133251
168.428 0.000138036
124.744 0.00013785
129.292 0.000135585
115.35 0.000139002
126.629 0.000123422
122.986 0.000149234
123.315 0.000141213
148.101 0.000135618
122.108 0.000149138
127.154 0.000141436
164.15 0.000135122
121.259 0.000126527
125.18 0.000153651
141.825 0.000147633
123.771 0.000115728
123.478 0.000135824
143.734 0.00013287
154.424 0.000133002
123.472 0.000130916
160.747 0.000135938
127.848 0.000126098
125.635 0.000131261
124.071 0.000145676
129.294 0.000144852
116.765 9.25506e-08
145.867 0.00015195
125.766 0.000155614
124.665 0.00015632
122.375 0.000133801
145.933 0.000122075
124.462 0.000148535
126.391 0.000137953
120.83 1.58574e-06
157.269 0.000150535
136.183 0.000138254
135.395 0.000145405
125.833 0.000125084
122.03 0.000135739
124.209 0.000130501
122.951 0.000129482
155.283 8.80687e-05
138.056 0.000101952
147.875 0.000138246
161.461 0.000143042
123.196 0.00013872
142.283 0.000145349
126.544 0.000130987
127.002 0.000117983
123.556 0.000149901
136.494 0.000154064
127.905 0.000139343
148.451 0.000142216
124.445 0.00013139
153.526 5.00213e-05
121.83 0.000126011
126.967 0.000152489
136.996 0.000142428
122.996 0.000130069
119.166 0.00015195
146.017 0.000143762
123.455 0.000131537
129.654 0.00013729
125.296 0.000131942
124.005 0.000133729
126.539 0.000138358
123.394 0.00013947
126.423 0.000132588
146.553 0.000134224
122.327 0.000134694
124.001 0.000134659
124.796 0.000120689
130.89 0.000150779
118.072 0.000178708
141.77 0.000142334
164.978 0.00014886
125.849 0.000132101
127.144 0.000135303
124.549 0.000117484
135.562 2.92827e-05
145.191 0.000132354
131.823 0.000136082
126.162 0.000132466
120.818 0.000113985
163.226 0.000134769
148.405 0.00013232
129.056 2.37919e-06
125.591 0.000150561
128.02 0.00010322
167.624 0.000156913
129.297 5.04285e-05
130.814 -0.000137121
148.786 0.000136165
139.544 0.000129831
126.521 0.000141041
122.793 0.000130052
152.968 0.000131705
125.891 3.03754e-07
161.544 0.000132235
138.916 0.000106055
127.067 0.000129864
169.737 7.53201e-05
138.636 8.6414e-05
150.073 0.000143108
115.602 0.000134652
145.295 0.00014316
122.99 0.000124891
123.093 0.000133981
161.267 5.86852e-05
120.543 0.000136548
168.303 0.000135266
119.717 0.000134193
168.441 9.79365e-06
123.437 7.97629e-05
124.315 0.000141894
116 0.000145192
127.587 0.000147579
129.374 0.00013053
122.753 0.000131136
155.121 0.000131281
130.802 0.00013609
163.322 0.000137099
125.084 0.000129872
117.632 0.000103826
159.527 0.000132707
126.645 0.000135494
125.837 0.000131599
127.062 0.000135483
126.745 0.000136697
147.016 0.000129972
155.776 0.000131216
163.542 0.000152343
128.12 0.000127929
157.335 0.000153271
120.854 0.000132348
126.918 0.000146085
159.141 0.000130838
164.813 0.000139042
153.681 0.000132128
120.848 4.77673e-05
122.358 0.000149621
126.451 0.000133987
126.735 0.000136915
123.673 0.000136641
122.591 2.8765e-05
125.947 0.000134214
125.044 0.000156124
123.705 0.000149531
124.436 0.000135633
123.816 0.000110173
126.98 0.000139006
126.865 0.000140432
169.335 0.000140576
125.341 0.000148312
120.058 0.000132432
125.227 0.000138269
121.744 8.86162e-05
124.054 0.000132785
127.044 0.000151196
150.118 0.000150097
131.041 -0.000145045
156.691 8.99757e-05
124.182 0.000136795
163.079 0.000141888
123.477 0.000132293
