162.701 0.000386941
121.424 0.000422666
141.112 0.000394799
120.465 0.000368032
118.655 0.000428045
168.015 0.000400491
162.616 0.000393821
154.044 0.00031981
117.257 0.000379525
118.957 0.000375649
169.311 0.000383986
142.254 0.000383904
143.416 0.000350262
122.829 0.000147469
129.271 0.000389444
122.063 0.000384822
120.259 0.000385291
156.476 0.000325229
138.228 0.00042663
118.161 0.000382249
121.244 0.000383579
138.662 0.000441812
120.063 0.000399653
115.92 0.000405619
116.872 0.000406681
145.792 0.000385702
127.168 0.000392643
119.058 0.000265881
145.936 0.000425152
119.211 0.000386181
118.577 0.000401413
160.567 0.000384256
162.397 0.00036543
124.965 3.76868e-05
116.024 0.000372057
119.456 0.000384647
120.013 0.00037235
119.873 0.000387198
116.725 0.000385332
118.017 0.000375529
122.303 0.000403439
116.683 0.000367255
120.083 -0.000442546
135.095 0.000428685
121.673 0.000391955
163.489 0.000444628
152.386 0.000363459
144.19 0.000390248
121.68 0.000394744
119.206 0.000393312
139.108 0.000371107
155.515 0.000393903
119.69 0.000400437
121.849 0.000145877
119.798 0.000429397
119.995 0.000410244
117.78 0.000381009
147.295 0.000380156
117.723 0.000387573
118.172 0.00032914
133.244 -0.000403402
147.807 0.000113608
157.032 0.0001197
122.588 0.000400366
118.645 0.000408752
148.463 0.000358468
121.494 0.000387503
120.912 0.000383663
135.38 0.000371768
129.147 0.000363527
118.579 4.39199e-06
121.896 0.000411169
