128.544 3.64082e-06
130.972 0.00149578
128.896 0.00146733
130.822 0.00156039
131.936 0.00148817
129.796 0.00157612
129.405 0.0015546
131.105 0.00147943
129.922 0.00149871
127.522 0.00149427
130.135 0.00150056
131.96 4.52618e-05
130.681 0.000863215
130.616 0.00154274
130.765 0.00154871
127.037 0.0015134
128.366 0.00149123
129.44 0.00150767
128.803 1.05828e-06
130.245 0.00128936
132.332 0.00150528
126.88 0.000438436
128.655 0.00143121
130.821 0.00153701
127.892 0.00155644
129.153 0.00154295
130.162 0.00142446
124.41 0.00153226
124.697 0.00150859
126.908 0.00135329
128.93 0.00153455
131.321 0.00172707
131.646 0.00136569
128.279 0.00150963
129.526 4.55375e-05
130.354 0.00149516
129.582 0.00155946
128.162 0.00150863
128.884 0.00151862
120.869 0.00146411
129.96 0.00150407
129.517 0.00139714
130.04 0.00155346
129.306 0.0014962
129.085 0.00149016
129.995 7.2042e-05
130.514 0.00151147
131.783 0.00156905
128.551 0.00144303
130.295 0.0014904
128.24 0.00149136
133.509 0.00148388
129.097 0.000438004
127.834 0.00150049
130.178 0.00159991
116.705 0.00148134
121.073 0.00148739
128.294 0.0015024
129.504 0.00155439
130.128 0.00151016
124.096 0.00148887
128.933 0.00147124
130.43 0.00142765
130.458 0.00159513
129.09 0.00157174
130.223 0.00157813
130.593 0.00153055
132.128 0.0016739
135.532 6.32898e-06
129.6 0.00150304
128 0.00157184
131.271 0.00146456
129.9 0.0015637
129.432 0.00140506
134.374 0.00178052
127.881 0.00155243
131.416 0.00155883
128.034 0.00155326
129.096 0.00161197
130.707 0.00152394
131.112 0.00157242
128.813 0.00151771
130.509 0.00152278
129.49 0.00153902
129.52 0.00146421
131.211 0.00149357
130.333 0.00153095
129.591 0.00153163
131.083 0.00173684
130.85 0.0015674
129.565 0.00151053
126.677 0.000839308
127.085 0.000110789
129.494 0.00154502
130.614 0.00150367
130.017 0.00154825
129.447 0.00154099
131.947 0.000578521
131.328 0.0016149
117.677 0.00148833
130.678 0.00172968
131.372 0.00147
129.932 0.00152724
131.554 0.000723816
128.013 0.00151251
129.546 0.00155996
128.541 0.00153175
131.225 0.00159833
130.195 0.00149551
132.48 0.0017163
131.007 0.00167919
127.423 0.00168485
130.18 0.00158991
130.584 0.00086731
128.745 0.0015134
128.471 0.00151582
128.014 0.00150031
130.019 0.00163633
128.657 0.0014612
131.417 4.60477e-05
132.058 0.000114918
117.492 0.00149235
129.769 0.00157912
120.106 0.00146484
125.705 0.00169031
129.344 0.00156783
127.235 0.00172297
126.359 0.00158287
129.885 0.000327167
128.533 0.00150522
127.484 0.00157613
129.653 0.00129673
130.931 0.00170714
130.375 0.00163724
130.973 0.000449131
128.994 0.00159367
129.448 0.00116043
129.036 0.00149054
128.52 0.000718651
130.174 0.00171052
131.517 0.00153026
130.836 0.00156636
131.154 0.00146408
131.542 0.00149622
131.734 0.00157019
131.04 0.00157843
129.003 0.00140347
129.463 0.000434856
129.592 0.000715822
129.939 0.00153593
128.156 0.00158201
129.238 0.00146836
128.297 0.0017096
132.299 0.00131978
129.741 0.00155773
130.886 0.00151511
129.923 0.000322059
130.901 0.000581241
133.225 0.00154546
130.214 0.0013095
129.256 4.53721e-05
129.403 0.000320469
129.279 0.00153275
129.082 0.00151
128.927 0.0017056
134.621 0.001572
129.855 0.00121985
131.416 0.00171231
131.898 0.00149233
129.982 0.00155214
131.925 0.00149827
129.507 0.00153418
131.254 0.00151822
131.129 0.00148439
128.118 0.00153961
127.315 0.000236703
128.465 0.00151098
131.744 0.00170923
127.397 0.00156241
130.188 0.000876468
129.109 0.000110361
132.319 0.00161424
129.614 0.00148555
128.504 0.00100912
130.329 0.00163388
131.454 0.00153966
131.62 0.00011235
127.949 0.0015838
131.79 0.00145468
122.96 0.00129869
130.314 0.0016628
131.094 0.00155238
131.247 0.00149438
130.047 0.00150214
130.886 0.00161762
128.503 0.00169955
130.616 0.00152041
125.817 0.00147146
130.302 0.00157041
128.341 0.00156007
130.958 0.00148977
130.115 0.001536
130.145 0.00157486
123.308 0.00128833
130.565 0.00166501
127.818 0.00152169
130.609 0.00152378
119.652 0.00151875
128.166 0.00146493
129.241 3.74672e-06
120.475 0.000114309
127.11 0.00159242
130.79 7.43541e-05
132.807 0.00156796
128.895 0.00152086
128.581 0.00145568
129.88 0.00140744
133.929 4.57863e-05
129.191 0.00164275
127.707 0.00145699
128.948 0.00159865
128.987 0.00148807
133.371 0.00171857
126.538 0.00147054
130.129 0.00151779
130.494 0.00161802
125.662 0.00151227
131.579 0.00148961
125.387 0.00105275
133.194 0.00153688
131.053 0.00147905
131.899 0.00173373
131.67 0.00147742
131.297 0.00156713
131.944 0.00135211
129.887 0.00154339
129.609 0.00148413
130.021 0.00153384
134.252 0.00107569
129.847 0.00160751
129.551 0.00148787
126.98 0.0015631
130.789 0.00151391
131.78 0.0017876
129.666 0.00158839
127.507 0.00146011
123.244 0.00150002
131.741 0.000232947
127.865 0.00148287
128.159 0.00152512
132.203 0.00145287
129.122 0.00149184
127.853 0.00155451
133.775 0.00147051
130.226 0.00154227
130.409 0.00156662
132.546 0.00148083
130.754 0.00144161
127.593 0.00156679
129.582 0.00144221
122.782 0.0016443
129.297 0.0015277
130.454 0.00147122
132.039 7.37409e-05
132.194 0.00168901
129.135 0.000573377
129.263 0.0014996
126.418 0.00161332
128.974 0.00173283
127.132 0.00174173
131.108 0.00136067
130.448 0.00150529
129.607 0.0015097
127.329 0.00172798
127.171 0.00149302
127.332 0.00157682
127.057 0.00155855
118.842 0.0015571
118.74 0.00148468
128.763 0.00151078
130.049 0.00155345
127.297 0.0015102
132.815 0.00143305
129.681 0.00058295
119.208 0.00152185
127.443 0.00147878
129.163 0.00155028
129.55 0.00161829
127.647 0.00155034
127.562 0.00142203
129.536 0.00155817
125.697 0.000447214
125.638 0.00143063
132.586 0.00155333
122.532 0.00148787
128.116 0.00151705
128.538 0.00156489
130.983 0.00154007
131.869 0.00151969
132 0.00150856
125.672 0.000326212
129.201 0.000162497
128.747 0.00149039
127.905 0.00137344
133.311 0.00153047
127.969 0.00149208
129.289 0.00151557
131.109 0.00151576
131.012 0.00150029
118.6 0.000111453
126.506 0.00150398
127.699 0.00117894
128.879 0.00141581
131.809 0.00116733
132.433 1.76986e-05
118.004 0.00150191
129.41 0.00151572
131.041 0.0015126
129.992 3.91167e-06
129.376 0.00149497
129.684 0.00016172
130.19 0.000584895
129.845 0.00148841
129.099 0.00161305
129.714 0.00153904
128.086 0.000802645
130.678 0.000875353
119.598 0.00155303
129.31 0.00131308
128.24 0.00169235
133.624 0.00153572
128.15 0.00151632
126.019 0.00141193
128.578 0.0016122
130.015 0.00172742
133.017 0.00158029
129.731 0.00116185
129.951 0.00152346
129.106 0.000729783
122.058 0.00150885
115.84 0.000236376
129.095 0.00144737
128.725 0.00150618
133.365 0.00148628
131.22 0.00171303
130.035 0.00154382
129.155 0.00151208
129.517 0.0016364
129.406 0.00150051
128.534 0.00167842
130.751 0.00155002
130.132 0.00148691
129.41 0.00146034
120.686 0.000999034
129.162 0.00173295
130.675 0.00129517
131.28 0.0014585
123.331 0.00151463
129.523 1.73087e-05
131.115 0.000110253
131.924 0.00150341
130.457 0.00171297
126.687 0.00170721
131.059 0.00172387
119.84 0.0016228
130.112 0.00150041
131.087 1.05599e-06
129.016 0.00160579
131.907 0.00175748
126.434 0.00151951
129.655 0.00172265
131.218 0.00140508
125.955 0.00155691
129.415 0.00134753
128.401 0.00118255
131.048 0.00148547
130.702 0.00154285
130.062 0.00140939
122.432 0.00138726
128.158 0.00142099
130.608 0.00158502
131.12 0.00152278
129.762 1.04679e-05
132.431 0.000159809
130.956 0.00151326
127.127 0.0016972
130.751 0.0016351
131.343 0.00149932
129.689 0.0001614
130.158 0.000748349
129.679 0.00168445
128.154 0.00149416
131.781 0.00151288
129.57 0.00143798
131.539 0.00156246
130.279 0.00150028
126.996 0.00164451
129.178 0.00140068
116.599 0.00150338
130.956 0.00137735
133.538 0.00151
128.29 0.0017475
129.099 0.00154421
131.176 0.00155672
130.311 0.00112725
131.134 0.00151581
125.558 0.00170076
129.287 0.0016159
117.1 0.00138644
129.623 0.00170082
130.278 0.000721747
131.472 0.00152514
127.473 0.00149428
127.844 0.00167804
128.616 0.000704621
124.169 0.00144369
129.868 0.00147936
129.015 0.00152559
132.647 0.00147655
127.485 0.00163385
131.19 0.00162251
128.106 0.00158446
131.148 0.00159319
129.964 0.00159795
132.418 0.00152138
123.601 0.00150868
133.33 0.000461708
130.919 0.00155545
129.865 0.00172117
132.876 0.00136242
128.576 0.00159183
129.685 0.00159775
129.004 0.00172173
132.93 0.00152641
127.037 0.00158445
128.729 0.00110859
131.017 0.00169023
128.652 0.00153471
129.05 0.00148211
130.099 0.00112775
128.712 0.00168477
128.129 0.00129839
116.497 0.00152618
130.464 0.00147567
130.77 0.000172255
132.615 0.000573331
129.809 0.0015767
130.539 0.00162396
132.051 0.00162285
130.257 1.39767e-06
131.479 0.00170929
120.663 0.00157091
130.023 0.00149649
131.991 0.00156164
128.287 0.00147445
130.654 0.00169637
128.197 0.00102669
122.092 0.000878797
129.077 0.00170201
129.852 0.00161674
129.636 0.00149441
126.877 0.00141091
128.547 0.00168944
131.667 0.00176025
126.06 0.000580757
129.702 0.00115361
129.693 0.00158934
135.73 0.0015138
129.494 0.0015301
130.464 0.000440223
130.49 0.00160746
129.041 0.00154055
130.996 0.00148604
126.57 0.00149073
131.462 0.00151317
129.928 0.0015081
131.4 0.00165192
130.087 0.00160488
128.715 0.000584445
131.03 0.00148203
132.55 0.0016729
129.131 0.00148897
130.609 0.000899356
127.717 0.00153428
131.154 0.0001034
127.994 0.00159523
130.483 0.00151682
128.542 0.00164391
129.574 0.00171381
125.353 0.00155222
129.346 0.00158077
128.153 0.00159565
129.149 0.0014915
126.498 0.00156125
126.287 0.00149236
126.852 0.00151841
130.1 0.000994399
131.059 0.00149963
128.894 0.00146463
129.11 0.00173911
129.749 0.00155475
131.306 0.00147981
129.512 0.00152148
126.184 0.00152766
130.175 0.00170781
132.222 0.00157183
127.876 0.00152367
130.72 0.00157856
129.625 0.00149997
130.016 0.00149427
129.79 0.00172279
128.708 0.00150181
127.794 0.00149859
129.087 0.00153425
129.203 0.00164164
129.224 0.000440704
128.452 0.00159614
128.971 0.00148645
129.735 0.00144648
129.96 0.00144119
128.407 0.00146224
130.232 0.00149428
128.02 0.00156242
128.053 0.00129163
128.377 4.56947e-05
128.159 0.00141482
128.736 0.00150743
126.336 0.00151821
130.49 0.00159263
130.294 0.00165364
127.978 0.00158832
130.71 0.00156041
132.213 0.0014518
131.102 0.00147045
131.487 0.00153681
129.333 4.46916e-05
130.546 0.00152532
129.715 0.00164563
130.882 0.00171822
130.311 0.0014478
130.839 0.0015761
115.576 0.0015284
128.274 0.00172461
131.073 0.0015544
126.346 0.00156021
128.111 0.000157961
128.145 0.00141252
136.025 0.00160406
128.264 0.00169176
129.543 0.00149877
130.106 0.00155507
132.251 0.00151351
133.042 0.0013873
130.51 0.0015056
129.995 0.00160983
124.678 0.00156132
129.825 0.0015086
129.893 0.00149905
129.382 0.00148446
129.832 0.00149854
127.204 0.00139744
134.299 0.000712907
125.536 0.0015916
126.714 0.0014305
129.645 0.00143454
130.915 0.00151287
129.848 0.0016209
128.548 0.000219817
134.08 0.00163699
128.701 0.00164989
129.688 1.75379e-05
128.734 0.00160331
128.288 0.00174567
130.221 0.000160575
131.175 0.00170259
129.435 0.00149216
130.999 0.00142508
129.087 0.00176003
130.68 0.0015463
129.833 0.00163209
129.725 0.00159579
130.614 0.000715755
129.165 0.00170118
128.32 2.85107e-05
130.69 0.00148326
130.371 0.00146852
128.801 0.00154654
130.187 0.00152308
129.485 0.00150782
129.472 0.00153886
132.856 0.00140857
126.562 0.00161968
127.355 0.00150446
129.468 0.00152574
129.224 0.00165085
130.437 0.00155263
133.795 0.000591735
127.588 0.00117216
129.285 0.00152154
131.681 0.00173117
132.357 0.00148344
130.336 0.00150035
130.158 0.00157757
130.15 0.0014837
126.448 0.00172893
119.08 0.00146729
129.387 0.00158488
130.364 0.00149488
126.932 0.00171177
128.185 0.00148819
128.405 0.00160571
130.578 0.000997542
132.764 0.000231006
131.016 0.00152928
127.609 0.00164028
132.004 0.00152862
124.319 0.00167232
128.945 0.00168765
129.879 0.00152687
123.308 0.00103116
128.778 0.000110823
129.873 0.00159107
129.704 0.00166352
124.705 0.0014663
130.982 0.00170984
131.009 0.00148928
129.894 0.00150294
125.776 0.00147701
127.738 0.00148598
127.616 0.00102047
126.97 0.00166696
129.913 0.00163295
125.804 0.00173434
129.671 0.00165075
122.092 0.000464451
129.848 0.00147715
129.663 0.00155314
129.956 0.00170343
129.2 0.00151638
129.648 0.00152118
129.036 1.04531e-06
128.622 0.00175111
128.731 0.00172478
131.077 0.00158381
129.251 0.00153142
122.83 0.00115646
132.358 0.00150821
135.835 0.00153638
129.676 0.00162951
130.653 0.00160149
127.31 0.00164984
129.247 0.0015126
132.179 0.00146938
128.928 0.00159151
129.764 0.000443694
124.797 2.70602e-05
130.508 0.00136246
128.119 0.00148591
126.048 0.000325138
134.381 0.000449546
125.998 0.00143065
130.78 0.00153374
128.76 0.00144937
130.745 0.0012923
127.215 0.00150322
127.769 0.00150759
127.824 0.000439222
128.766 0.00162343
127.518 0.00150833
130.168 0.0015039
131.503 0.00151515
127.976 7.29531e-05
133.071 0.00151844
128.887 0.00145878
128.465 0.00149392
130.308 0.00170944
130.19 0.00152149
120.728 0.00155314
120.222 0.00146136
130.817 0.00154535
131.219 0.00150546
130.783 0.00102297
127.77 0.00169485
129.201 0.000323158
130.219 0.00150668
127.529 0.00154955
129.994 0.00173841
130.283 0.000322258
130.626 0.0017343
131.784 0.000328522
129.942 0.00130015
130.815 0.00160785
132.691 0.00134024
132.533 0.00102825
130.835 0.00149988
130.704 0.000231406
128.736 0.0014194
129.465 0.00162659
130.02 0.00151751
130.469 0.00168964
129.609 0.00150381
129.433 0.00148145
121.68 0.00152427
128.898 5.83899e-06
126.431 0.001394
131.12 0.00170416
128.642 0.0015461
127.417 0.0017043
118.337 0.00172105
125.701 0.00173134
133.223 0.00165663
128.633 0.00128689
129.691 0.00152934
128.995 0.00150536
117.244 0.0015304
131.28 0.000707945
125.655 0.00153911
132.503 0.00162163
128.682 0.00166782
130.347 0.00150373
128.582 0.00167226
129.235 0.00155299
130.926 0.00151105
130.574 0.00156317
130.714 0.000449049
126.518 0.00154157
129.083 0.00157422
127.653 0.00139628
130.159 0.00151612
128.914 0.00161634
130.258 0.00148253
129.808 0.00100733
133.318 0.00135116
128.965 0.00151063
129.102 0.00163268
129.947 0.00138517
129.623 0.00156873
128.812 0.00157884
126.565 0.0016931
131.022 0.00161377
131.559 0.00157949
129.392 0.00158388
129.409 0.00148343
126.899 0.001734
129.985 0.00149761
130.098 0.00178639
126.791 0.0014036
132.047 0.00150264
129.077 0.00153261
128.855 0.00147723
129.118 0.00159853
130.044 0.0014903
129.007 0.00140587
130.814 0.00153354
126.479 0.00088154
127.632 0.00056566
126.129 2.87106e-05
129.457 0.00148947
124.786 0.00016234
130.798 0.00156557
122.786 0.00160294
129.794 0.00149833
128.939 0.00154129
131.414 1.05222e-06
119.085 0.00150358
128.06 0.00164211
124.396 1.08518e-06
126.113 0.00164354
129.721 0.00151823
127.098 0.00155901
129.153 0.00160305
127.101 0.00151324
131.263 0.00148727
129.15 0.00152721
129.899 0.00152356
129.981 0.00151729
127.599 0.00158393
129.209 0.00149571
129.105 0.00168365
129.077 0.00149813
128.446 0.000438853
130.852 0.00152637
130.722 0.00118462
130.21 0.0015459
129.863 0.00141603
132.815 0.00155272
127.323 0.00150041
131.277 0.00165745
129.351 0.00118609
130.018 0.00154804
131.585 0.00156546
129.278 0.00147254
126.004 0.00129264
132.364 0.00163565
130.447 0.00150055
128.424 7.3435e-05
129.169 0.0015369
129.587 0.0014798
135.115 0.00150709
122.572 0.00156198
120.771 0.00141512
127.117 0.00117537
129.019 0.00173557
131.507 0.00154577
130.322 0.00171523
129.921 0.00154921
131.311 0.00148192
133.581 0.00138872
124.892 0.00153401
130.49 0.00153333
128.53 0.00138254
126.778 0.0014698
128.269 0.00148624
129.389 0.001345
129.262 0.00162983
127.819 0.00146019
130.801 0.00148993
128.031 0.00154351
124.099 0.00158291
130.877 0.00146354
131.907 0.00177016
129.483 0.00166914
127.889 0.00156553
127.906 0.0017354
127.834 0.00156475
130.298 0.0014974
137.579 0.00149638
131.866 0.00156567
129.579 0.00150281
126.127 0.00149212
127.432 0.0016708
130.06 0.00152912
126.916 0.00142159
131.371 0.00152655
128.615 0.0015411
130.477 0.00148241
130.102 0.00150692
131.131 0.00169585
133.76 0.00150067
124.872 0.00168168
124.808 0.00145145
132.444 0.00145561
129.764 0.00163885
127.834 0.00171832
131.807 0.00160594
121.539 0.00149485
126.935 0.0015481
127.876 0.00149516
130.943 0.000875499
126.95 0.00100256
129.525 0.00153854
129.597 0.00149439
130.676 0.00151471
130.866 0.00152355
129.658 0.00153358
129.546 0.000325133
128.645 0.00152614
128.885 0.00151735
130.267 0.00166639
127.836 0.0014666
131.659 0.00150603
123.434 0.00132524
130.203 0.00148552
130.662 0.00153
126.86 0.00151569
130.844 0.00128337
131.277 0.00168998
129.744 0.0014884
131.28 0.00158838
126.525 0.00117994
127.024 0.00149348
128.611 0.00150845
128.64 0.00153603
125.218 0.00151979
119.011 0.00146853
128.073 0.00151836
128.093 0.00159374
129.401 0.00101232
131.55 0.00156433
131.242 0.00148583
128.833 0.00154955
127.358 0.00148539
130.457 2.79704e-05
126.216 0.00126354
131.678 0.00149788
130.59 0.00150808
128.465 0.00149475
130.404 0.00141016
127.832 0.00152284
126.328 0.00150088
132.382 0.00158783
128.803 0.00170333
128.951 0.000444744
129.172 0.00146051
127.23 0.00148258
123.002 0.00141403
130.442 0.00149943
130.828 0.00155489
131.444 0.00152588
133.768 0.00159607
126.345 0.00135819
130.435 0.00150015
126.93 0.00169333
129.704 0.00152247
132.037 0.00106872
128.693 0.0015044
130.732 0.00023146
128.077 0.00150957
128.407 0.0016063
125.103 0.0014835
129.027 0.00157682
130.498 0.00149627
129.748 0.00157818
132.96 0.00152555
132.452 0.000742425
129.934 0.0014848
131.385 0.00151974
130.9 0.0014106
128.329 0.00153154
125.615 0.00119824
130.902 0.00149362
133.709 0.0015696
132.912 0.00158574
126.703 0.00154938
124.959 0.00159083
130.698 0.00148454
129.28 0.00161458
130.16 0.0017389
127.457 0.00155679
132.281 0.00153814
129.383 0.00147478
128.694 0.00165482
128.187 0.00156313
128.737 0.00146851
129.45 0.00140618
133.031 0.00149669
128.595 0.00145849
127.247 0.00162865
132.289 0.00139235
129.457 0.00157294
131.073 0.000707584
131.218 0.00161606
128.389 0.00150948
121.885 2.78283e-05
128.088 0.00151341
123.546 0.00153379
135.179 0.00148648
126.1 0.00169898
117.505 0.00154054
125.588 0.000693984
131.775 0.00158568
127.154 0.00153334
121.639 0.00148004
128.923 0.0013919
129.572 0.00171391
129.096 0.00151914
134.734 0.00155121
130.746 0.000445231
128.829 0.00151754
131.333 0.00156207
130.024 0.00147895
129.483 0.00173592
128.931 0.0015145
130.29 2.85996e-05
127.112 0.00148267
130.894 0.00151557
128.934 0.00154262
131.633 0.00167487
130.146 0.00148953
128.572 0.00148604
126.781 0.00155405
130.722 0.00150564
127.539 0.00153959
131.343 0.00173392
121.609 0.0015729
131.066 0.00160135
131.278 0.00148588
129.777 0.000149155
130.183 0.00149577
131.487 0.00147673
125.658 0.00149487
131.108 0.00157049
131.17 0.00151454
129.246 0.0016879
126.234 0.00163076
128.017 7.26361e-05
128.417 0.00102247
131.214 0.00165228
125.718 0.00122561
128.88 0.00169652
128.327 0.00171987
126.397 0.0015545
127.338 0.00145783
121.71 0.00149054
129.478 0.00152848
129.427 0.00173269
130.588 0.00142973
128.684 0.00157711
130.338 0.00151779
129.3 0.00162938
121.197 0.00157877
128.645 0.0015082
133.025 0.00164905
128.232 0.000110027
125.394 0.00167373
130.831 0.00155277
121.921 0.00148437
130.847 0.00152731
131.407 0.0014688
130.958 0.00151102
128.992 0.00101583
127.821 0.0014437
131.884 0.0015807
129.583 0.00175484
128.327 0.00151592
129.56 0.00148845
130.309 0.00150682
129.619 0.00156425
130.118 0.00143631
128.221 0.000570651
131.675 0.00118152
128.475 0.00156654
130.289 2.68818e-05
130.001 0.00153452
129.092 0.00152146
130.799 0.00172369
131.015 1.74512e-05
128.18 0.00139597
129.864 4.56634e-05
129.908 0.00151737
128.347 0.00152291
126.846 0.00150046
126.13 0.00131182
120.86 0.00150877
130.515 0.00153221
130.119 0.00153454
133.02 0.00148341
125.484 0.00149912
138.364 0.00150688
128.988 0.00160353
128.889 0.00152242
131.515 0.00152697
128.79 0.00155541
129.624 0.00171729
130.802 0.00147775
135.189 0.00147579
128.09 0.00169894
129.956 0.0016398
128.649 0.0014512
131.607 0.00159933
128.971 0.00146949
131.833 0.00152896
118.913 0.00169551
129.955 0.00102241
131.424 0.00154414
129.504 0.00162947
129.499 0.00167883
129.162 0.00150945
131.928 0.00168698
132.739 0.00152996
128.261 0.00150831
129.983 0.00165087
129.232 0.00164333
130.694 0.00164345
125.98 0.000579603
131.036 0.0016914
128.708 0.00170482
123.866 0.00146648
128.089 0.00157722
129.852 0.00148413
133.85 0.00158411
127.203 0.00150419
131.129 0.00154786
129.898 0.0016773
128.748 0.00151146
130.048 0.00179803
128.736 0.00169021
131.103 0.00118421
128.348 0.00137097
128.271 0.00150725
127.646 0.0017281
129.377 0.00152563
131.929 0.0014952
131.659 0.00154593
130.183 6.95682e-05
128.229 0.000723109
130.001 0.00148333
130.943 0.000447501
131.181 0.00172305
130.879 0.000168513
129.801 0.00156583
129.117 0.00159117
130.174 0.0015085
129.193 0.00153654
118.641 0.000163249
130.046 0.00171962
126.749 0.00147774
131.652 0.00151182
129.453 0.00150124
130.007 0.00155173
129.416 0.00150176
130.638 0.00150525
126.191 0.00156331
128.009 0.00169065
131.299 0.00167112
129.535 0.000111373
129.165 0.00149341
129.843 0.00151244
129.828 0.00170055
130.699 0.00153743
129.818 0.00171651
128.415 0.00155894
130.565 0.00156142
128.3 0.00168944
131.443 0.00173451
127.547 2.81995e-05
129.394 0.0017151
129.916 0.00146951
129.616 0.00158668
129.895 0.00149156
128.212 0.00147586
131.913 0.00137997
129.944 0.00151223
122.069 0.00168774
129.127 0.00158127
128.981 0.00162931
131.886 0.00146812
128.3 0.00154196
127.007 0.00123876
129.208 0.00157725
129.082 1.051e-05
129.33 0.000109751
130.179 0.00154754
132.333 0.00151678
132.442 0.00155063
132.134 0.000160083
127.898 0.00147849
129.829 0.00152811
130.417 0.00160097
131.404 0.00143944
131.362 0.00142127
128.622 0.00151248
129.726 0.00156194
128.311 0.00152735
119.781 0.00167032
128.458 0.00165932
130.06 0.00174444
130.97 0.00152232
130.255 0.00151774
131.58 0.00152908
132.504 4.25444e-05
131.64 0.00164017
136.234 7.28188e-05
130.139 0.00175635
131.02 0.00135429
126.175 0.00149459
130.09 0.00155043
123.792 0.00149678
131.435 0.00170081
117.224 0.00165598
131.132 0.00140372
130.837 0.00147652
127.393 0.00152322
126.071 0.00145274
129.944 0.0016302
128.59 0.00153248
131.476 0.00151149
128.712 0.00141524
128.425 0.000718149
127.605 0.00146804
124.741 0.00151463
130.438 0.00154892
132.927 0.00150267
133.772 0.0014138
117.379 0.00161549
129.929 0.00149583
130.022 0.000885294
128.436 0.00125501
127.36 0.00170455
130.698 0.000879981
129.863 3.76534e-06
131.461 0.00154151
129.487 0.00139938
129.809 0.00139534
130.483 2.24194e-06
136.787 0.00154628
127.851 0.00101932
130.515 0.00147434
128.024 0.00149553
131.076 0.00150951
129.701 0.0014779
129.731 0.00141586
129.922 0.00172341
124.264 0.0015633
128.241 0.0015026
124.154 0.00172067
125.424 0.00143136
127.28 0.00154701
128.922 0.00137573
129.212 0.00158422
129.177 0.00141011
129.638 0.00157874
132.449 0.00156931
126.075 1.73724e-05
132.218 0.00171934
127.711 0.00155915
125.21 0.00132506
118.586 0.00150988
133.314 0.00101074
126.492 0.00143576
129.611 0.00148216
130.846 0.00149418
129.705 0.00116811
130.228 0.00149661
129.365 0.00150344
127.673 0.0017817
130.877 0.00117538
129.287 0.00149597
129.976 0.00153777
127.285 0.00158258
128.612 0.000236064
129.758 0.00160218
130.024 0.00101306
122.043 0.00156642
129.812 0.00152728
130.023 0.00171816
128.622 0.00150804
130.116 0.00151377
130.731 0.00160394
129.538 0.00150588
128.177 0.00150838
132.623 0.00154562
126.377 0.00145767
129.802 0.00128056
129.272 0.00114535
129.736 0.00173606
126.405 0.00150249
130.097 0.00154508
126.658 0.00167393
131.407 0.00125785
128.552 0.00155181
129.302 0.00150077
129.985 0.00150171
127.235 0.00150783
131.053 0.0015346
130.552 0.000232197
129.246 0.00142225
130.008 0.00160621
131.667 0.00152327
140.748 0.00136195
132.373 0.00163743
129.371 0.00173965
130.803 0.00148441
130.087 0.00151712
132.63 0.0014756
130.462 0.000231882
132.859 0.00157458
128.773 0.00158084
126.843 0.00152486
132.58 0.00154353
126.434 0.00150593
128.731 0.00157911
129.303 0.000450636
127.915 0.0016554
138.134 0.00165232
128.154 0.0013979
132.273 0.00148103
127.758 0.00172696
130.146 0.00159661
129.098 0.00155191
129.133 0.00116574
132.273 0.00169797
128.856 0.00169036
131.454 0.00149367
130.324 0.00166808
133.528 0.00150355
129.511 0.0016697
128.317 0.00168671
130.389 0.00152873
131.154 0.000721134
130.363 0.00147814
130.84 0.0014695
127.682 0.000719681
122.996 0.00154974
130.316 0.00147974
129.27 0.00140466
129.587 0.00157579
130.405 0.00173884
127.521 0.00160586
129.412 0.00153048
128.09 0.00153557
129.437 0.0015518
127.253 0.00044618
128.986 0.00163307
125.06 0.00119011
128.264 0.00157197
127.481 0.00159675
128.66 0.00158086
116.383 0.00160918
130.4 0.00164411
130.101 0.00147024
132.038 0.0017431
128.982 0.00157837
131.106 0.00149361
130.193 0.00129417
129.663 2.87762e-05
128.235 0.00158747
127.507 0.00149876
129.4 0.00169032
126.845 0.00143411
129.946 0.000109751
129.882 0.00146981
130.348 0.00145837
130.381 0.00152765
120.886 0.00169222
130.167 0.000163445
128.635 0.00150511
129.415 0.00150899
129.98 0.00150749
131.64 4.76993e-05
132.224 0.00153504
131.584 0.00139286
132.625 0.00170632
124.598 0.00175398
131.597 0.00146568
116.826 0.00151728
121.805 0.00150326
129.076 0.00153374
122.337 0.00150853
131.065 0.00164871
126.883 0.00157761
131.75 0.00175279
128.667 0.00163911
129.275 0.00152807
132.241 0.00173103
129.238 0.00154948
130.202 0.00166459
124.9 0.00128041
130.628 0.00150664
127.217 0.00154182
131.633 0.00174018
131.314 0.00170823
130.872 0.00136836
125.616 0.00117503
128.684 0.00168852
123.822 0.00157431
129.442 0.000111039
124.123 0.00160039
130.386 0.00154665
127.951 0.00118004
121.234 0.00150187
127.263 0.00168404
128.483 0.0017114
131.1 0.0015895
130.831 0.00152129
130.346 0.00151652
129.466 0.000110933
129.915 0.00172062
130.631 0.00170519
122.561 2.86003e-05
127.545 0.00149351
127.06 0.00158424
134.466 0.000569856
130.546 4.55268e-05
127.21 0.00159646
129.898 0.00153185
127.701 2.89741e-05
127.589 0.00158094
129.208 0.00153037
127.705 0.000164559
131.678 0.00145884
128.36 0.00148176
129.933 0.00150441
126.195 0.00151937
125.552 0.0015553
128.947 0.0015484
129.924 0.00101339
129.888 0.00147625
131.591 0.00156461
129.586 0.00156481
131.446 0.00148088
125.567 0.00127503
131.009 0.00158563
131.996 0.00151195
129.4 0.00160349
129.459 0.000876919
131.641 0.00151102
127.925 0.000164398
132.446 0.00151608
129.687 0.00168084
130.508 0.000234868
131.614 0.00139022
130.979 0.00171578
130.126 0.00151226
128.121 0.000108248
115.881 0.00141572
127.361 0.00163846
127.83 0.00152738
130.334 0.0015045
129.326 0.000163537
128.022 0.00155804
129.747 6.4099e-06
131.657 0.00156597
129.973 0.00159117
133.394 0.00153189
128.608 0.00148693
124.494 0.00156323
129.075 0.00151099
129.84 0.00153951
131.174 0.000595112
123.013 0.0014346
129.795 0.0010134
130.178 0.000232869
128.551 0.00147745
131.322 0.00151103
129.012 0.00175435
128.387 0.00154064
127.123 0.00169209
128.75 0.00174002
131.918 0.00161128
129.871 0.00154871
126.679 0.00156756
123.516 0.00149386
128.934 0.00172284
129.822 0.00141049
131.198 0.00167724
130.865 0.00158879
129.573 0.00173797
131.214 0.0014651
131.085 0.00144354
134.503 0.00158366
129.673 0.00172394
130.531 0.00156592
129.214 0.00155413
133.609 0.00161234
130.312 0.00138475
130.824 0.0016917
129.892 0.00151776
132.024 0.00155683
127.079 0.00147606
132.634 0.00148262
130.937 0.00170081
131.131 0.00166277
130.337 0.00156953
131.659 0.00130009
128.848 0.00145511
129.849 0.00154414
127.936 0.0014175
129.553 0.00153008
129.935 0.0014892
131.541 0.00169031
124.66 0.00157071
132.55 0.00173132
129.652 0.00152107
131.681 0.00086848
125.405 1.04237e-06
129.861 0.00149573
127.346 0.00148503
131.06 0.00146439
120.214 0.00165959
129.995 0.00150893
130.479 0.00152097
130.515 0.00148807
127.946 0.00156476
129.293 0.00145909
118.304 2.90107e-05
118.001 0.00155663
135.365 0.0017541
130.482 0.00157025
124.723 0.00146871
125.95 0.00155564
123.37 0.00152433
127.601 0.00159231
129.526 0.00158355
130.042 0.00173329
131.161 0.00168899
124.074 0.000724322
128.76 0.00148174
130.193 0.00162445
129.869 0.00167162
129.514 0.00150508
123.411 0.000438699
128.887 0.00171329
121.915 0.00167386
128.449 0.00156148
131.428 0.00124145
132.241 0.00152708
130.989 0.00151153
129.247 0.0015729
128.833 0.00148956
130.746 0.00150927
126.627 0.00150333
129.185 0.00161072
129.287 0.00155736
126.288 0.000906713
128 0.00149447
128.43 0.00150744
129.94 0.00172223
126.503 0.00164214
128.928 0.00150233
129.546 0.00149973
131.948 0.00142021
132.878 0.0003382
129.955 0.00164458
130.621 0.00160141
127.804 0.00179346
128.508 0.000410747
126.381 0.00173122
132.377 0.00167143
128.5 0.00158785
130.308 0.00155731
130.046 0.00151579
132.146 0.00118688
130.743 0.00130466
128.967 0.00149699
127.315 0.00140699
129.04 0.000302901
127.532 0.00103154
130.324 0.00173255
127.854 0.00150453
128.425 0.00150363
123.885 0.00158725
127.93 0.00151363
129.483 0.000426682
129.883 0.0015117
129.322 0.00154547
129.685 0.00162513
135.594 0.00169339
130.047 0.00174024
131.48 0.0015951
129.905 0.00163327
124.07 0.00142345
128.001 0.00173506
131.479 0.00151063
135.484 0.0014672
132.588 0.00159204
127.35 0.00170576
129.217 0.00149003
128.758 0.00144802
129.907 0.00147001
128.997 0.00152493
129.281 0.00169989
121.26 0.00170708
132.471 0.0014703
128.879 0.0015567
130.486 0.0016943
133.024 0.00171779
129.588 0.00116815
132.022 0.00166565
128.664 0.000876704
129.66 0.00173428
129.539 0.00151249
132.374 7.45005e-05
129.637 0.00151873
128.119 0.00163928
131.592 0.00177916
130.685 0.00168994
133.25 0.00149251
125.526 0.00160597
129.29 0.00155383
128.45 0.00146933
129.456 0.00157082
128.237 0.00160254
128.983 0.00160386
129.504 0.000108854
129.98 6.585e-06
128.11 0.0015486
129.654 0.00146264
129.793 0.00140788
127.281 0.00150005
129.721 0.00158151
127.063 0.00153501
129.005 0.00150785
127.501 0.00165652
129.181 0.000982645
127.041 0.00149954
121.977 0.00156508
128.806 0.0015964
130.743 0.00156448
124.782 0.00140995
129.473 0.00155596
132.128 0.00150156
129.603 0.00173948
130.932 0.00150615
127.601 0.00149501
132.59 0.00101818
129.942 0.000578435
127.174 0.00148346
127.745 0.00165523
129.472 0.0016919
130.002 0.00167271
129.194 0.00147474
130.321 0.00167032
129.704 0.00173123
128.273 0.00142501
125.112 0.00157952
126.432 0.00148442
130.914 0.00152726
130.023 4.59167e-05
127.772 0.0016392
121.632 0.00154596
130.444 0.00163621
128.483 3.47766e-06
128.747 0.00106793
129.629 0.00153055
129.942 0.00152091
127.195 0.00149177
130 0.00156972
128.063 0.00148552
127.882 0.00142246
127.174 0.00169527
128.249 0.00154135
131.913 0.00152742
128.333 0.00161441
129.202 0.00137207
127.883 0.00152067
128.575 0.00150963
128.275 0.00141119
126.458 0.00161666
132.931 0.00154297
127.883 0.00151673
126.148 0.0015145
129.865 0.00100542
127.516 0.00153533
129.944 0.00154768
124.748 0.00149503
129.771 0.00151017
132.003 0.00158667
129.933 0.00115267
128.894 0.00150124
129.929 0.00165949
130.108 0.00151102
128.202 0.00156644
126.275 0.00155112
131.611 0.00140745
127.437 0.00159532
130.495 0.00149537
128.264 0.001566
130.739 0.0015458
132.679 0.00158807
128.37 0.00139019
128.021 0.00147774
128.744 0.00150063
130.273 0.00151611
132.281 0.00159087
128.975 0.00155567
131.701 0.00155802
129.813 0.00152146
129.105 1.73795e-05
126.006 0.0014873
128.788 0.00117672
127.682 0.00153229
130.589 0.00153003
127.124 0.00155264
130.014 0.00149254
130.295 0.00149462
130.998 0.00151035
130.128 0.00149704
129.36 0.00154163
131.229 0.00173166
131.54 0.00153979
129.605 0.00117793
126.667 0.00154756
128.41 0.00152372
128.519 0.00158232
125.553 0.000110175
117.343 0.00160858
133.06 0.00154042
131.824 0.000224509
129.414 0.00151853
130.145 0.00150109
132.777 0.00161032
131.309 0.00147997
122.933 0.00167151
130.23 1.08365e-05
131.071 0.00152755
128.807 0.00101475
144.986 0.00151554
129.959 0.00147448
129.451 0.0016555
125.562 0.00169488
130.115 0.00172407
129.435 0.00157907
130.939 0.00149662
129.433 0.00152358
128.356 0.00153042
128.295 0.00100621
129.209 0.00164854
129.984 0.00150457
130.861 0.00169711
126.693 0.00151686
131.185 0.00174295
129.586 0.00173365
129.393 0.00157165
131.676 0.00170093
128.556 0.00170446
130.37 0.00139861
128.595 0.00146827
129.365 0.00154926
132.23 0.00155418
130.52 0.00161586
130.33 0.0014512
129.203 0.00145351
129.356 0.00148938
124.136 0.00169921
127.935 0.00142031
131.752 0.00138146
130.318 0.000235488
130.086 0.0014953
129.489 0.00148511
130.199 0.00170549
131.249 0.00150377
127.267 0.0012895
127.756 0.00150372
131.793 0.00151058
130.598 0.00160299
131.155 0.00154786
129.971 0.00148311
129.735 0.00174855
130.978 0.00165896
134.054 0.00139934
128.877 0.00149719
131.577 0.00154189
128.847 0.00160785
126.596 0.000883012
129.057 0.00148759
130.499 0.00167368
128.85 0.00147551
130.89 0.00141885
130.395 0.00153456
128.393 0.00148905
125.602 0.00170554
125.868 0.00167918
131.346 0.00154038
129.218 0.00156598
130.868 0.00158543
128.132 0.00157842
128.007 0.00155517
127.203 6.25395e-06
127.207 0.00160393
129.312 0.00158542
131.839 0.00151389
129.524 0.00100945
131.049 0.00149715
129.514 0.00150299
129.536 0.00171381
128.799 0.00170303
130.348 0.00155179
127.496 0.00154972
126.756 0.00146499
128.566 0.00149458
134.675 0.00151537
