130.073 0.000604159
133.099 0.000663938
130.837 0.000602135
129.474 0.000535906
127.114 0.000579043
129.429 0.000601442
130.287 0.000569747
122.877 0.000571113
131.302 0.000546692
129.767 0.000653043
130.004 0.000632628
129.651 0.000673869
121.12 0.000649639
130.08 0.000290544
137.263 0.000574646
121.727 0.000613444
131.007 0.000529854
130.52 0.000616798
130.52 0.000573301
117.415 1.67946e-05
129.025 0.000674639
132.746 0.000573779
128.922 0.000578628
131.024 0.00057467
128.939 0.000615871
131.665 0.000677822
127.676 0.000439777
129.837 0.000580574
128.322 0.000591464
130.747 0.000541702
126.43 0.000167638
128.944 0.000603985
129.829 0.000509762
133.015 0.000566583
115.348 0.000580831
129.585 0.000610813
128.024 0.00060804
130.489 0.00058161
129.194 0.000386454
128.843 0.000539022
127.099 0.000602376
128.392 0.000453788
132.771 0.000596092
128.874 5.39989e-07
129.422 0.000313054
127.614 0.000606121
131.576 0.000605847
132.759 0.000587957
129.028 0.000493517
129.961 0.000652115
122.686 0.000435825
128.886 0.000568388
128.639 0.000655008
138.204 0.000550388
129.562 0.000646273
116.891 0.000651493
126.721 0.000658796
141.99 0.000572159
131.136 0.000540915
130.997 0.000571088
137.332 0.000125577
128.406 0.000577613
127.947 0.000577614
129.539 0.000546575
130.6 0.000585613
134.674 0.000546687
129.264 0.000577567
132.01 0.000485473
122.817 0.000568966
129.9 0.000587264
148.263 0.000586441
126.37 0.000569078
132.085 1.81183e-05
127.658 0.000584967
129.58 0.000570061
132.047 0.000573503
130.061 0.000511112
130.989 0.000635341
126.659 0.000162519
128.328 0.000333534
130.189 0.000554907
123.765 0.000609874
117.85 0.000587237
132.39 0.00052091
131.394 0.000581964
129.89 0.000615328
130.197 0.000574174
131.849 0.000566944
128.112 0.000580799
168.599 0.000582634
125.464 0.000579464
126.26 0.000539629
129.454 0.000660734
128.094 0.000584434
127.211 0.000581648
129.251 0.000578112
127.39 0.000633982
126.535 0.000605411
144.839 0.000502975
134.554 0.000594244
149.297 0.000552113
148.679 0.000647268
118.634 0.000564137
146.816 0.000658801
131.415 0.000608299
118.206 0.000577767
119.786 0.000586249
134.807 0.000637191
129.504 0.000686851
129.294 0.000619287
140.462 0.000595258
128.96 0.000611035
129.667 0.000567607
129.559 0.000572303
134.091 0.000550695
141.141 0.000632991
131.743 0.000592608
126.85 0.000587787
137.288 0.000567385
122.237 0.000581525
131.815 0.000594929
127.772 0.000594126
130.59 0.000574128
128.455 -6.32752e-06
115.76 8.99918e-05
127.243 0.000544737
131.42 0.000589784
142.32 0.000579825
128.803 0.000662396
131.303 0.000618353
128.539 0.000569821
131.316 0.000636075
130.516 0.000659558
124.221 0.000587354
126.9 0.000587041
122.663 0.000565925
127.208 0.000336007
116.766 0.000657165
129.031 0.00065563
138.324 0.000573329
130.606 0.000178038
131.339 0.00053539
122.952 0.000624322
128.14 -0.000583633
131.38 0.000586462
129.961 0.000333965
132.639 0.000575288
128.597 0.000588914
163.354 0.000580588
131.304 0.000626811
138.085 0.000610663
131.03 0.000587122
125.128 0.000550842
129.158 0.000591903
131.91 0.000623188
127.966 0.000632768
131.165 0.000604051
129.154 0.00059983
132.116 0.00059384
122.591 0.00058391
122.265 0.000604217
129.883 0.000664494
128.879 0.000591601
129.359 0.000576826
126.402 0.000573265
127.938 0.000659395
128.16 1.10922e-05
125.839 0.000124074
129.602 0.000598575
138.538 0.000601453
131.309 0.000580574
130.399 0.000609224
132.985 0.000582026
129.666 0.000505065
132.926 0.000557832
124.526 0.000473676
127.174 0.000662585
131.194 0.000171774
129.442 0.000541697
129.169 0.000651466
119.725 0.000596345
129.786 0.000597848
130.956 0.000591311
129.276 0.000584153
129.985 0.000610902
130.886 0.000617118
129.027 0.000596348
130.583 0.000578913
125.207 0.00059508
134.801 0.000581088
130.304 0.000625061
128.414 0.00056023
130.024 0.000574092
129.982 0.000576791
127.293 0.000594492
130.504 0.000609948
128.347 0.000589748
135.356 0.000573013
125.691 0.000540224
131.08 0.000587021
135.469 0.000581741
128.016 0.000576216
132.714 0.000579006
130.691 0.000592491
130.218 0.0006027
128.091 0.000654227
116.104 0.000275026
131.323 0.000578816
126.414 0.000598121
131.243 0.000629783
116.722 0.000570844
126.306 0.00056887
128.726 0.000639644
129.721 0.000585035
130.278 9.02357e-05
129.757 0.000635093
132.087 8.88205e-05
118.292 0.000596622
129.369 0.000585452
132.086 0.000537885
128.542 0.000575647
129.352 0.000575495
126.723 -0.000585382
129.113 0.000127008
130.038 0.000614715
127.079 0.000610414
129.338 0.000599857
130.39 0.000126596
130.012 0.000681593
132.73 0.000628085
120.219 0.0005772
129.491 0.000576693
130.612 0.000576465
139.104 0.000395505
130.147 0.000599132
124.452 0.000636255
132.482 0.000661814
134.937 0.000569542
126.738 0.000596362
165.175 1.73823e-05
117.545 0.000212987
132.001 0.000591775
127.471 0.000584883
130.16 0.000582001
128.396 0.000605911
118.285 0.000589047
128.728 -6.3227e-05
131.492 0.00056957
130.426 0.000573366
129.358 0.000589876
120.712 0.000659723
130.051 0.000587328
130.624 0.000171887
129.584 9.0742e-05
130.364 0.00057484
131.841 0.000502788
130.776 0.000575499
128.349 0.000544877
133.356 0.000594959
115.992 0.000638467
134.095 0.000553196
129.693 0.000615986
128.413 0.000634329
135.226 0.000408095
124.444 0.000571964
126.805 0.000508994
131.616 0.000643248
127.99 0.000663814
134.495 0.000594787
130.491 0.000591445
139.847 0.00060235
127.972 0.000687991
130.499 0.000575794
127.337 0.000214502
129.31 0.000634077
115.274 0.000643648
131.456 0.000599891
132.493 0.000518755
123.481 0.000620225
127.088 0.000583197
128.72 0.000578043
130.16 0.000656502
127.028 0.000580185
131.668 0.000652026
129.598 0.000501344
128.594 0.000604954
