123.007 0.000100226
121.521 0.000111002
124.584 0.000103208
124.913 9.5936e-05
122.375 0.000103413
125.458 9.30726e-05
126.016 0.000100612
122.967 0.000100312
123.396 0.00010262
126.016 9.83635e-05
125.46 0.00011133
125.239 0.000103279
125.92 9.89637e-05
126.519 9.85838e-05
123.217 9.89181e-05
119.778 0.000114549
125.348 0.000107312
124.652 0.000116432
127.942 8.79274e-05
126.916 0.000105595
125.972 0.000100195
122.654 0.000108014
120.422 0.00011265
124.904 1.9255e-06
123.598 9.8471e-05
123.91 9.75522e-05
124.884 6.7483e-05
124.964 9.91637e-05
126.446 0.000103334
124.743 0.000110546
122.298 0.000102198
120.814 0.000115084
125.217 9.81422e-05
122.944 2.15931e-05
124.825 9.81726e-05
126.958 0.000100065
122.21 0.000112785
126.399 0.000102507
123.597 0.000111514
118.397 3.00089e-06
124.077 0.000107052
124.246 0.000113901
118.976 0.000103944
120.157 0.000101891
125.571 0.000101571
122.826 0.000102205
123.688 0.000101295
124.318 9.87336e-05
121.797 0.000112768
119.649 8.99727e-05
124.326 0.000110411
123.292 9.99665e-05
125.416 9.91829e-05
125.076 0.0001029
123.87 0.000101156
125.47 4.72982e-06
124.652 0.000111289
123.891 0.00010131
125.922 6.81801e-05
131.504 6.50398e-05
126.008 9.9741e-05
123.955 8.37829e-05
119.376 0.000103481
127.446 0.000114228
124.611 0.000110967
122.151 9.16296e-05
124.459 0.000112518
125.562 1.55463e-05
123.17 2.07109e-05
120.949 0.000104114
122.877 0.000101974
126.799 9.39401e-05
127.669 9.43499e-05
126.975 0.00010294
121.192 0.00010117
124.001 0.000110563
124.104 9.9504e-05
123.837 0.000102312
126.033 1.52835e-05
122.099 0.000101567
119.702 0.000105298
125.803 0.000101001
123.115 9.95229e-05
127.383 0.000101545
128.162 0.000116085
123.917 4.5929e-06
125.799 7.46772e-05
124.153 9.78586e-05
126.406 0.000104114
123.551 9.88595e-05
123.804 9.91818e-05
127.148 9.76887e-05
123.786 0.000104342
122.769 9.8772e-05
123.855 9.26007e-05
125.968 9.61306e-05
120.026 0.000102466
122.086 9.76048e-05
125.829 7.18326e-06
121.424 0.000100531
125.084 9.1811e-05
131.703 8.81796e-05
126.456 0.000102569
123.895 9.93599e-05
122.931 0.000111704
125.836 9.71422e-05
126.814 0.000101576
126.681 0.000102922
126.682 0.000114471
124.847 0.000100195
127.795 9.80748e-05
123.348 9.29141e-05
124.634 9.13606e-05
125.703 0.00010864
123.164 9.68823e-05
125.447 9.99674e-05
123.757 0.000104211
123.287 0.00011129
122.925 1.19535e-06
125.923 0.00011623
125.509 0.000105646
124.286 9.75269e-05
125.387 9.81078e-05
120.431 8.26836e-05
123.497 0.000107176
125.874 5.65686e-05
124.692 0.000100558
123.838 9.26868e-05
125.297 0.000103616
122.916 9.85835e-05
123.932 0.000115112
120.892 0.000109223
117.528 0.000100452
121.17 9.84754e-05
124.604 0.000107351
123.66 0.000103258
124.379 0.000107109
124.621 9.8138e-05
125.411 0.000102425
124.139 0.00010382
124.119 0.000100569
117.395 0.000107794
118.642 9.70292e-05
123.825 9.11852e-05
125.985 9.98664e-05
124.649 9.9011e-05
122.275 0.000113219
126.527 9.93066e-05
125.171 9.66358e-05
124.107 0.000101111
123.008 0.000112029
122.12 0.000112706
115.63 9.74727e-05
124.687 9.8011e-05
123.812 0.000101624
129.525 1.02614e-05
120.783 9.53806e-05
123.877 9.80484e-05
124.556 8.26052e-05
124.26 9.88902e-05
124.866 0.000102688
121.716 9.87815e-05
125.803 0.000111413
124.166 9.91137e-05
124.875 0.000103706
123.32 9.80314e-05
128.65 9.51376e-05
126.285 9.77871e-05
125.254 0.000101592
125.244 4.71339e-05
123.553 9.95173e-05
122.137 0.000113409
125.617 0.000101423
126.145 9.88157e-05
123.466 0.000101878
127.148 0.000115718
127.643 2.93511e-05
122.516 0.00011566
124.505 0.00011139
127.708 9.81016e-05
124.324 0.000101671
124.174 7.65488e-05
125.69 0.000113997
120.119 1.00019e-05
124.592 9.81531e-05
123.001 0.000105476
126.276 0.000113712
124.629 0.000110534
126.396 9.86285e-05
123.981 0.000102724
124.818 9.11322e-05
124.573 0.000101691
125.88 9.74827e-05
123.84 0.000113129
124.319 0.000108187
123.149 8.83317e-05
117.842 0.000101377
123.333 0.000105624
125.855 0.000102952
122.655 0.000110865
124.591 4.71474e-05
119.413 0.000107247
124.469 9.68594e-05
126.776 9.93532e-05
124.945 2.23697e-05
121.338 9.78001e-05
126.633 9.89384e-05
123.239 9.30733e-05
123.963 6.74646e-05
125.671 2.14375e-05
124.196 9.77525e-05
127.542 0.000103264
125.512 0.000101696
125.452 0.000113374
124.552 0.000111792
127.605 9.69362e-05
123.75 0.000106483
122.429 0.000107366
123.743 9.71408e-05
129.273 0.000102265
124.001 0.000101658
126.121 2.46519e-07
125.199 0.000113232
125.347 9.96191e-05
124.156 0.000103209
124.087 0.000100867
124.982 9.32632e-05
122.307 9.53203e-05
124.892 9.97815e-05
124.849 0.000101047
120.22 0.000107411
128.697 9.89613e-05
124.333 9.50285e-05
125.459 0.000110848
119.21 0.000105336
126.26 9.90918e-05
130.67 9.06127e-05
122.918 0.000101131
126.598 9.95917e-05
124.711 9.29525e-05
123.75 0.000103645
117.129 0.000101747
122.104 0.000105759
120.399 6.53415e-05
124.516 0.000117208
123.112 0.00010516
123.88 1.52029e-05
123.618 0.00010751
124.025 5.66785e-05
126.381 9.83708e-05
123.882 1.55066e-05
125.538 0.000103659
124.475 0.000112361
122.957 0.000119194
123.962 9.63325e-05
121.967 9.40439e-05
120.718 0.000102945
127.071 9.36196e-05
126.533 0.000112593
122.885 9.67349e-05
123.632 0.000100624
122.285 0.00010222
121.047 0.000110676
124.164 9.84631e-05
123.951 9.88862e-05
134.155 9.50886e-05
125.116 0.000103225
124.7 9.61904e-05
122.994 0.000102083
126.051 9.49273e-05
125.345 0.000102733
125.209 9.05814e-05
127.622 9.80419e-05
124.309 0.000103787
122.924 9.93303e-05
123.966 9.2199e-05
127.503 9.83251e-05
124.308 0.000107291
127.048 0.00011108
124.898 0.000113846
119.477 0.000115252
125.087 9.89153e-05
123.336 0.000114325
125.23 9.95685e-05
124.515 3.06201e-06
127.634 8.63562e-05
117.886 9.87142e-05
124.362 0.000104431
127.603 9.95491e-05
125.812 8.8478e-05
125.011 0.000101357
125.201 2.90556e-05
125.159 5.28795e-05
124.153 0.000101647
122.212 9.22816e-05
124.846 4.55711e-05
126.15 2.92434e-05
117.246 0.000103375
126.497 0.000103916
122.234 9.25732e-05
123.376 9.51221e-05
124.905 0.000105418
125.39 0.000104623
126.804 0.000100775
124.858 0.000103763
125.058 0.000106093
124.055 9.49187e-05
123.781 0.000113175
126.297 1.00681e-05
125.129 0.000111041
116.54 0.000102616
123.786 0.000110016
125.075 9.78478e-05
124.971 1.53209e-05
122.52 0.000103825
124.295 0.000101766
123.434 8.23326e-05
120.147 9.91018e-05
124.86 2.31011e-05
123.517 9.53717e-05
123.841 0.000112735
127.927 9.88305e-05
121.039 9.93825e-05
115.848 9.87509e-05
118.233 0.000108159
125.312 9.97195e-05
125.09 9.85247e-05
126.202 9.90667e-05
129.365 9.7947e-05
122.868 0.000109047
122.966 0.000113893
125.096 9.87071e-05
115.088 0.000111032
123.291 0.000112882
127.991 9.83247e-05
124.864 9.071e-05
122.613 8.84319e-05
124.455 0.000100926
120.876 8.44581e-05
124.884 2.97605e-06
125.852 8.61275e-05
125.085 9.73204e-05
121.773 0.000112371
124.686 0.000100956
124.001 0.000118249
125.654 0.000109466
124.017 0.00010198
127.138 1.08444e-05
124.998 0.000101717
122.67 0.000115222
124.296 7.79239e-05
123.152 0.000103208
124.698 9.75022e-05
128.442 0.00010107
124.088 9.83095e-05
124.299 0.000103021
123.261 5.5444e-05
122.063 0.000101558
123.351 0.000100551
120.207 9.84476e-05
126.077 8.98871e-05
121.938 9.95757e-05
124.17 0.00010667
125.69 0.000102781
122.701 8.34437e-08
118.922 3.84292e-05
125.004 0.000105729
122.642 0.000112722
124.529 8.43676e-05
124.163 0.000105441
128.197 9.6888e-05
118.616 0.000106484
123.052 0.000103065
117.258 9.83009e-05
120.379 9.99619e-05
125.627 0.000102043
122.512 1.08924e-05
123.411 1.44901e-05
121.535 0.000105451
122.551 9.78099e-05
122.24 0.00011131
122.506 2.77875e-05
119.709 1.89683e-06
118.104 9.82923e-05
125.462 0.000110161
123.464 0.000105835
124.839 8.00127e-05
117.716 6.40241e-08
124.525 0.000106992
125.971 0.000102236
124.851 9.8857e-05
126.451 0.000100948
125.283 6.42188e-05
124.715 2.13376e-05
122.392 9.45023e-05
125.557 9.89962e-05
128.017 9.86424e-05
123.044 0.000111164
126.018 0.000107446
116.039 0.000107457
125.219 9.72389e-05
124.861 9.78673e-05
124.889 6.72862e-05
124.899 0.0001022
125.264 9.99305e-05
123.687 0.000115638
124.589 9.91371e-05
127.587 0.00010272
124.398 9.881e-05
124.981 0.000100243
127.811 9.91094e-05
123.616 9.846e-05
122.359 9.99323e-05
125.503 9.49154e-05
122.179 9.89895e-05
124.072 0.000107591
124.756 0.000103817
123.055 0.00011337
124.321 0.000102997
125.606 0.000108177
126.491 9.95696e-05
125.2 0.000112632
127.085 9.92276e-05
121.746 0.000111099
125.704 9.95864e-05
120.674 0.000101779
125.271 9.50008e-05
125.082 0.000109294
123.769 9.86836e-05
129.148 0.000102672
121.114 0.000106724
124.62 9.9029e-05
122.874 0.000100262
125.979 9.6856e-05
123.791 9.58199e-05
118.308 9.55418e-05
124.695 9.87059e-05
124.998 0.000103587
124.812 9.71948e-05
124.159 9.69828e-05
126.334 0.000109312
125.447 0.000100403
126.766 0.000102716
125.543 9.95743e-05
124.757 4.10271e-07
126.812 0.000108253
124.829 9.59024e-05
126.966 0.000114551
122.128 0.000110146
123.308 9.77167e-05
119.783 9.56554e-05
123.373 9.80947e-05
126.407 0.000106549
124.077 9.7876e-05
124.386 0.000105506
125.99 0.000112337
126.999 0.000113305
125.808 0.000103594
125.136 0.000101723
121.96 6.83811e-05
125.587 9.25534e-05
126.513 9.27724e-05
121.622 0.000108223
122.374 9.70227e-05
129.04 0.000107678
126.488 0.000111515
127.051 0.000105907
119.161 0.000101088
123.255 0.000112757
125.321 9.93736e-05
125.612 0.000100434
124.125 9.92899e-05
126.516 0.000100555
127.943 0.000107712
125.117 0.000105474
123.05 9.71668e-05
124.201 0.000104819
125.287 0.000110202
122.646 9.69069e-05
126.063 9.90988e-05
115.274 3.0108e-05
123.96 9.9218e-05
121.498 0.000111931
121.924 4.66603e-06
122.685 0.000101915
121.347 0.000105302
127.159 9.999e-05
124.673 9.77326e-05
121.897 5.28111e-05
124.899 0.000109948
126.223 0.000111574
125.413 0.000105944
124.371 0.000114146
122.637 9.83332e-05
124.397 0.000112364
126.725 0.000109604
125.169 0.000104654
126.052 0.000104023
124.073 9.63539e-05
126.147 0.000100971
124.937 0.00010131
127.876 0.000100689
126.603 1.51556e-05
122.496 0.000105893
126.113 0.000100347
128.421 0.00010484
125.382 0.000100701
125.183 0.000103924
127.873 9.87059e-05
123.73 9.82709e-05
122.513 0.000100963
126.221 0.000102263
124.259 0.000101387
124.862 0.000111132
125.747 9.97099e-05
125.843 0.000102151
128.733 0.000110191
125.888 9.50357e-05
126.43 0.000100621
124.913 0.00010054
121.274 1.15376e-06
126.687 0.000103763
125.722 4.40081e-05
120.93 0.000102584
125.315 0.000104589
125.429 1.55935e-05
125.079 9.78926e-05
127.225 9.21577e-05
125.879 0.000101845
122.763 9.92356e-05
122.892 9.84584e-05
124.029 0.000111317
123.383 0.00010898
124.265 0.000102027
122.976 9.89493e-05
124.324 0.00011309
124.234 6.21199e-05
125.786 0.000111577
126.007 0.000111308
124.591 0.000107528
123.83 0.00010638
123.971 0.000113654
124.024 0.000102653
124.208 9.83961e-05
125.917 0.000106836
123.762 0.000100695
130.747 9.74763e-05
122.776 0.000111962
123.663 9.73457e-05
127.325 9.74238e-05
122.759 0.000105396
123.854 9.79942e-05
123.532 9.9259e-05
124.992 0.000101777
125.375 0.000110423
127.262 0.000113619
125.441 9.78268e-05
126.109 0.000114482
125.368 7.26837e-06
129.623 0.000105919
119.476 0.000114159
122.773 0.00010483
123.186 9.86759e-05
123.286 0.000106647
115.49 0.000104106
126.054 0.000109314
120.576 9.79909e-05
127.173 2.1084e-05
123.366 0.000104533
124.105 9.97219e-05
123.888 0.000113164
124.981 9.65472e-05
123.961 4.81924e-06
123.409 9.85213e-05
123.015 0.000100093
123.605 9.71809e-05
121.836 0.00010131
124.922 9.817e-05
123.914 9.78637e-05
125.55 0.000105938
124.354 6.658e-05
124.969 0.000111555
124.846 9.84169e-05
125.057 9.9018e-05
125.085 0.000109987
125.602 6.64158e-05
125.073 0.000111204
125.195 9.93679e-05
118.896 1.91399e-06
122.871 0.000111941
124.123 7.18783e-05
126.927 0.000110938
126.529 0.000112686
120.785 9.23036e-05
125.03 0.000100245
123.128 9.90725e-05
118.769 0.000111964
117.338 9.95421e-05
125.153 4.4207e-05
121.184 9.8986e-05
122.231 7.73366e-05
129.017 9.73419e-05
123.604 0.000102465
123.664 0.000105427
122.622 9.72409e-05
121.169 0.000101769
123.858 0.0001023
126.036 0.000110934
122.709 9.31538e-05
120.715 0.000104514
123.021 9.04795e-05
122.499 0.000109572
121.099 2.11265e-05
128.413 0.00010034
126.259 9.12843e-05
122.64 0.000106675
123.917 0.000105624
127.284 0.000100801
126.488 0.000110569
123.106 7.68942e-05
123.285 0.000113048
118.492 0.000118236
125.683 2.88129e-05
125.131 9.88034e-05
125.253 9.66938e-05
126.641 9.67634e-05
125.703 9.93444e-05
124.994 0.000113329
123.718 9.79464e-05
125.198 9.35487e-05
120.941 9.78552e-05
124.075 9.92427e-05
123.943 0.000114527
126.078 0.000103398
125.381 9.147e-05
124.19 0.000101838
123.641 9.85621e-05
126.893 0.000100968
124.771 3.76056e-05
127.481 0.000102279
123.096 2.9062e-05
127.304 0.000114609
124.831 9.95648e-05
124.19 0.000102958
123.308 9.56636e-05
126.796 0.000101684
124.22 0.000101867
122.277 0.000100834
125.239 0.000116086
123.707 0.000103023
125.396 0.000102741
123.359 0.000103534
122.872 9.13741e-05
118.765 9.65894e-05
124.979 9.91197e-05
125.035 9.4438e-05
127.212 6.78095e-07
125.553 9.86258e-05
120.659 0.000103194
130.576 9.83704e-05
126.97 0.000107602
126.172 0.000113178
127.956 0.000102392
124.201 9.86256e-05
124.38 9.96726e-05
126.658 0.000114896
123.838 9.60659e-05
122.581 4.54643e-05
123.242 9.73101e-05
125.274 0.000110237
125.816 9.97254e-05
124.193 9.35296e-05
125.47 9.83738e-05
125.038 0.000101143
122.872 0.000100628
124.035 0.000105844
125.082 9.76203e-05
122.49 0.000101081
125.17 0.000100282
125.927 0.000102582
124.949 9.90032e-05
122.665 9.88552e-05
124.047 0.000111899
125.031 9.97448e-05
124.252 9.73206e-05
121.541 9.68891e-05
124.418 9.80637e-05
122.901 9.70024e-05
125.235 9.24595e-05
123.456 9.91421e-05
125.419 2.10485e-05
126.222 2.09727e-05
124.07 0.000101296
124.891 0.000101895
124.521 0.000103798
123.987 9.95594e-05
123.726 0.000100328
122.986 0.000107553
115.283 9.82588e-05
123.593 8.87534e-05
124.674 9.10239e-05
125.655 9.54807e-05
124.675 0.000100173
122.075 9.91758e-05
115.062 6.68928e-05
122.367 5.7184e-05
122.832 9.83291e-05
122.853 0.000107772
123.989 9.52998e-05
124.665 0.000112646
124.673 4.69179e-05
123.655 0.000101829
123.964 0.000111225
124.512 0.000104114
125.873 9.88062e-05
125.19 0.000101983
123.393 9.69762e-05
125.505 3.91076e-05
123.378 9.88145e-05
123.999 9.73991e-05
125.624 9.82317e-05
124.954 9.56013e-05
122.971 0.000100896
123.257 0.000117009
124.381 9.80979e-05
123.256 0.000114677
125.053 7.23949e-05
122.391 9.67813e-05
124.262 9.52228e-05
125.354 9.97571e-05
125.335 9.99789e-05
123.244 9.79453e-05
125.404 0.000110817
120.505 9.91345e-05
122.562 9.85954e-05
123.171 9.94633e-05
126.919 9.88296e-05
123.287 0.000112138
125.428 0.000103477
131.186 0.000112907
124.403 9.97205e-05
122.918 9.20313e-05
124.679 0.000113716
126.544 0.000106993
123.66 0.000106453
127.681 0.000113612
124.711 0.000102381
125.095 0.000108838
124.502 0.000101623
124.481 0.000101646
128.867 9.95113e-05
116.388 0.000102686
124.493 0.000102567
123.514 9.24882e-05
123.184 9.81227e-05
125.477 9.78637e-05
126.992 0.00010208
122.933 0.000102744
124.722 9.19546e-05
124.585 5.71018e-05
122.004 0.000102586
125.554 9.54635e-05
124.832 8.48803e-05
124.792 2.10667e-05
125.367 9.48012e-05
123.929 9.74632e-05
118.796 0.000103099
125.794 9.91125e-05
124.284 0.000114543
124.836 0.000103982
128.753 0.000104047
122.567 0.000111744
121.721 0.000102738
123.542 0.00010031
125.581 0.000111286
121.361 0.000100571
124.346 9.72133e-05
122.738 0.000102674
125.724 0.00010374
125.797 0.000101312
124.964 9.96348e-05
122.408 6.72229e-05
124.968 9.91379e-05
123.118 0.000108944
125.342 0.000102967
125.674 9.95675e-05
116.2 0.000106805
122.617 0.000105597
125.223 9.93124e-05
126.022 2.91454e-05
124.707 0.000114829
124.956 9.83757e-05
126.829 7.71619e-05
125.898 9.64405e-05
123.806 0.000100154
127.039 0.00010154
127.253 9.95055e-05
124.293 6.90501e-07
122.438 7.90895e-05
123.764 0.000100309
124.213 0.000101239
123.885 9.86383e-05
125.427 9.87905e-05
117.904 7.92472e-05
122.559 9.69786e-05
120.024 9.99237e-05
127.138 9.97364e-05
122.31 0.000105798
124.357 0.000102906
124.241 9.79443e-05
116.331 0.000103961
127.067 9.51805e-05
122.924 8.62952e-05
125.61 0.000112256
119.748 0.00010134
123.128 0.000102362
123.424 9.89977e-05
127.21 0.00010682
127.966 9.36445e-05
127.604 9.85345e-05
123.393 0.000102808
121.486 6.76465e-05
125.997 0.000110117
121.74 0.000100158
125.012 9.71629e-05
134.684 0.000100027
124.131 9.80703e-05
121.246 0.000113986
123.885 0.000101001
123.65 9.97309e-05
121.841 0.000102122
124.938 0.000106204
121.695 0.000115831
124.653 9.81383e-05
122.199 0.000106235
122.909 9.8267e-05
123.646 0.000102834
126.101 0.000102309
126.045 0.000104059
121.045 0.000103193
126.945 0.000102469
126.1 0.000103482
124.185 2.13853e-05
125.635 9.85296e-05
118.991 0.0001025
120.202 9.93627e-05
120.86 1.54452e-05
126.673 9.49556e-05
124.635 9.95934e-05
126.745 9.64821e-05
123.994 9.76624e-05
124.343 0.000112739
127.007 0.000100296
122.829 0.000111694
124.597 4.80257e-06
126.598 6.80931e-05
124.26 0.000101036
125.568 9.81082e-05
124.688 0.000101104
123.225 0.000100169
124.605 3.80426e-05
124.606 7.79969e-05
125.522 6.58674e-05
124.925 9.8889e-05
124.917 7.85155e-05
123.444 8.59688e-05
126.761 9.67117e-05
122.511 9.93889e-05
115.714 9.77328e-05
122.833 0.00010266
126.35 9.86876e-05
124.053 9.93101e-05
125.854 9.66452e-05
115.476 0.000109942
123.172 0.000113959
117.381 0.000113171
123.832 9.6166e-05
124.352 0.000105088
124.297 0.000108536
124.511 0.00011348
123.352 9.71473e-05
124.867 9.76933e-05
123.13 0.000102646
123.214 0.000100306
123.377 0.000103988
122.78 0.000102915
129.105 0.000100524
126.417 9.95108e-05
130.502 9.79122e-05
120.324 9.31383e-05
124.266 9.79314e-05
124.468 9.90235e-05
120.93 9.7089e-05
123.051 9.32293e-05
125.129 0.000101879
124.584 0.000108765
124.846 0.000110338
122.268 0.000105322
119.338 0.000111644
123.976 2.90416e-05
122.106 9.67235e-05
122.732 0.000109
123.102 0.000111579
128.943 1.40303e-05
125.271 9.68727e-05
124.825 3.63998e-05
127.398 9.79059e-05
124.94 0.000112686
125.529 0.000105907
126.587 0.000113308
125.727 0.000101615
123.286 0.000112178
122.709 0.000109861
115.48 0.000103779
125.694 9.80387e-05
116.165 0.000111159
125.657 0.000101641
123.535 9.22918e-05
124.08 9.86172e-05
126.567 9.96536e-05
123.965 0.000104739
126.23 9.89281e-05
123.92 0.000102135
117.311 0.000101029
126.637 9.38362e-05
116.057 0.000111999
126.857 9.99616e-05
126.244 0.000102674
126.232 0.000109987
122.439 0.000108591
123.897 9.37878e-05
125.415 9.89339e-05
116.669 0.000104272
126.829 0.00011219
118.291 9.07645e-05
125.545 9.91939e-05
116.887 9.81781e-05
125.598 0.000102063
121.164 0.000103415
127.282 9.26359e-05
124.473 9.90854e-05
123.91 9.71876e-05
125.385 9.99252e-05
122.237 0.000102447
125.85 0.000113818
123.482 9.82427e-05
120.985 0.000106352
126.167 9.8931e-05
126.755 9.76998e-05
123.122 9.68176e-05
123.839 0.000101948
120.656 9.77527e-05
126.473 8.54682e-05
124.684 0.000110572
123.271 9.50534e-05
120.124 0.000106603
125.068 0.000101982
124.37 0.000116323
126.827 9.56227e-05
125.648 0.000105635
124.194 9.81242e-05
122.963 9.71587e-05
124.477 8.88297e-05
124.118 0.000100743
126.859 9.70509e-05
122.04 9.18811e-05
126.186 7.82968e-05
119.991 0.00010944
121.136 5.0206e-06
124.973 0.000100667
125.121 0.000114164
124.764 9.85918e-05
125.164 0.000101745
121.944 3.79947e-05
119.855 0.000108039
122.658 9.12362e-05
124.366 9.9989e-05
125.801 9.85572e-05
125.334 0.000103508
124.093 0.000101413
126.131 9.66428e-05
120.983 2.943e-05
125.292 9.80259e-05
124.172 9.27399e-05
125.133 0.000103404
116.672 0.000113504
115.873 9.82868e-05
126.787 2.15829e-05
123.662 0.000108529
123.74 9.74558e-05
125.011 8.65484e-05
125.698 0.000100442
124.111 0.000116741
125.656 3.73172e-05
126.19 5.76244e-05
123.191 0.000112767
126.827 5.91757e-05
125.389 0.000110311
124.428 9.94575e-05
126.253 0.000100356
124.964 9.42063e-05
124.508 0.000104206
125.691 0.000101147
124.239 9.81527e-05
124.732 9.87606e-05
130.263 9.75605e-05
126.563 2.14645e-05
125.651 9.93576e-05
120.389 9.80568e-05
123.825 9.7055e-05
127.105 0.000117119
125.037 9.94442e-05
125.608 9.84755e-05
123.573 8.59074e-05
126.581 9.65196e-05
121.174 0.000112232
123.558 9.7959e-05
125.29 9.75732e-05
125.307 0.000100336
122.247 0.000101495
125.946 0.000100265
122.027 9.88852e-05
120.824 0.000103829
126.53 0.000111704
122.652 9.63851e-05
128.561 8.59604e-05
125.062 6.87454e-05
124.921 0.000102652
126.602 9.77478e-05
129.351 0.000111487
124.984 0.000108512
125.391 9.8911e-05
126.346 0.000101167
126.254 9.69563e-05
123.722 8.74689e-05
124.193 9.85185e-05
122.233 9.86873e-05
126.06 5.79632e-05
125.2 9.97695e-05
123.31 0.000104103
122.658 0.00011212
123.856 0.000110866
123.894 9.70324e-05
122.466 9.27415e-05
126.916 9.79486e-05
122.109 9.42764e-05
124.379 0.000106143
121.907 0.00010499
122.288 0.000103232
126.365 0.000102717
123.943 0.000105664
125.717 3.856e-05
124.342 9.78577e-05
123.894 5.64515e-05
126.709 0.000113305
123.966 9.8828e-05
125.319 0.000100295
122.573 9.70307e-05
122.518 0.000104774
118.427 9.68276e-05
125.386 0.000103579
123.743 9.95984e-05
118.553 0.000110173
126.592 9.60944e-05
125.59 0.0001122
125.311 0.000108516
122.471 0.000106972
125.297 0.000103094
124.815 0.000105421
124.248 0.000102443
124.577 9.5157e-05
123.189 0.000114786
121.295 5.73159e-05
125.672 0.000109279
121.248 9.25423e-05
121.565 0.000111421
126.655 9.42923e-05
126.93 0.000107112
122.294 0.000103393
125.557 0.000104575
125.587 0.00010042
124.428 9.85e-05
126.694 1.5459e-05
120.849 0.000100548
124.557 9.20307e-05
127.319 8.91438e-05
125.303 9.97929e-05
121.765 9.72583e-05
122.889 0.000112371
124.366 9.94754e-05
119.976 0.0001102
124.321 9.99892e-05
125.176 9.68075e-05
124.48 7.33361e-06
124.4 0.000102052
124.283 0.000102379
123.312 0.000101341
124.223 0.000105549
125.379 9.78372e-05
121.215 0.000112265
124.188 0.000105287
126.535 0.000110721
126.068 4.82756e-05
124.993 6.92745e-07
123.971 9.35969e-05
122.501 9.85938e-05
123.594 9.99137e-05
118.567 0.000104176
124.97 0.000110822
129.64 9.14014e-05
121.017 0.000104253
124.19 0.000111433
126.234 0.000104613
121.554 0.000102995
123.489 0.000102877
126.062 9.91202e-05
126.724 7.51093e-05
121.258 9.98848e-05
123.518 9.94432e-05
128.146 9.88582e-05
124.427 9.66768e-05
126.002 0.000102938
125.511 0.000104647
115.798 2.14e-05
124.589 9.94106e-05
124.782 9.74973e-05
125.437 0.000100982
123.67 0.000102033
125.237 0.000108198
125.633 5.6807e-05
125.422 9.65128e-05
125.343 0.000104328
123.477 9.82588e-05
121.73 9.8641e-05
125.045 9.89161e-05
125.734 9.93877e-05
120.401 0.000101962
124.811 0.000109629
126.454 0.000114009
123.992 9.99129e-05
124.609 0.000111269
122.454 0.000103537
123.016 0.000113184
122.469 0.000113772
123.321 9.70916e-05
125.089 0.000118608
124.533 0.000102358
122.879 8.2661e-05
123.411 0.000101852
126.294 0.000101915
125.803 5.84022e-05
123.296 9.84164e-05
124.291 4.7797e-06
124.135 9.91986e-05
124.602 0.000102352
122.788 9.68733e-05
125.895 0.000113335
126.052 9.94582e-05
124.345 0.000113266
126.453 0.000100368
125.269 0.000100907
116.248 9.96107e-05
124.808 0.000104697
128.29 0.000104094
125.063 9.60027e-05
126.571 0.00010291
123.545 0.000104953
126.925 0.000103256
128.953 0.000104083
121.341 0.000102158
122.17 9.80681e-05
119.334 -3.809e-05
126.303 0.000103377
124.505 0.000108537
126.106 9.624e-05
124.513 9.74789e-05
123.694 7.82915e-05
119.81 0.000110061
126.203 9.83564e-05
124.517 9.76762e-05
125.309 0.000103091
126.958 0.000100295
129.934 9.94461e-05
120.427 0.000105838
117 9.86078e-05
125.254 0.000112368
120.724 0.000100352
123.392 8.77849e-05
126.244 9.96122e-05
124.381 0.000100138
124.836 0.000103172
123.679 9.74121e-05
125.289 -0.000102813
124.416 9.85575e-05
126.255 0.000102081
122.72 0.000114834
125.979 0.000103304
121.716 1.339e-07
123.094 0.000105364
127.654 6.37348e-05
118.329 0.000100858
128.446 9.85186e-05
123.081 0.000102657
126.889 9.90542e-05
126.771 0.000109431
125.677 9.88687e-05
123.785 4.20044e-07
125.105 0.000100238
125.981 0.000101093
123.258 0.000112968
125.098 0.000108744
126.559 6.78077e-05
126.399 9.52541e-05
121.783 0.000100972
123.431 9.86858e-05
127.819 9.9662e-05
121.938 9.94769e-05
124.368 5.65586e-05
126.536 9.77214e-05
124.461 9.80473e-05
122.313 0.00011165
125.235 2.08985e-05
122.229 0.000105902
125.756 2.15045e-05
124.511 0.000102443
126.1 0.000102634
123.668 9.83154e-05
125.307 9.8415e-05
119.673 0.000106983
125.155 0.000100053
128.366 0.000103165
125.718 9.72245e-05
125.638 0.000108141
123.922 9.86324e-05
123.092 9.89079e-05
120.704 9.73079e-05
125.601 9.57615e-05
126.725 0.000108917
126.233 0.000106139
123.474 0.00010302
122.472 9.56505e-05
124.722 0.000114531
123.591 9.69758e-05
124.014 2.14588e-05
123.939 0.000113844
125.946 0.000116137
120.105 9.9646e-05
125.3 0.000100005
125.179 9.90355e-05
121.25 0.000102882
124.06 9.9541e-05
123.925 0.000111176
126.043 9.57862e-05
124.33 9.696e-05
124.81 0.000103871
124.225 0.000111689
127.722 0.000101845
122.944 9.22199e-05
127.273 0.000111041
125.215 9.69975e-05
124.659 0.000107266
121.333 0.000108464
119.029 0.000104153
126.025 0.000111515
123.088 9.73092e-05
123.435 0.000102283
124.094 0.000113462
124.198 7.22997e-06
125.023 0.0001037
126.596 0.000114177
124.639 0.000113477
119.676 0.000111632
125.957 9.21281e-05
125.604 9.99142e-05
126.132 9.76673e-05
123.29 0.000104874
123.728 9.77806e-05
123.983 0.000110048
125.403 0.00010286
124.728 9.56937e-05
124.29 9.73062e-05
123.242 9.80623e-05
124.91 9.61154e-05
123.779 0.000101306
126.649 0.000104436
124.666 9.86549e-05
123.759 4.85855e-06
125.308 1.52134e-05
123.268 0.000111582
124.761 9.97473e-05
123.267 0.000100699
123.982 1.16784e-06
125.612 0.000105841
125.444 9.96514e-05
121.816 9.99986e-05
124.229 0.00010693
123.402 0.000110977
127.324 0.000103036
125.157 9.56873e-05
126.016 9.43825e-05
124.142 7.78015e-05
123.966 0.000114732
125.067 9.67581e-05
125.803 9.96916e-05
129.029 9.90384e-05
124.535 9.85165e-05
126.397 0.000102008
124.038 0.000111275
122.755 0.000104136
123.434 9.97695e-05
124.964 0.000106129
125.364 0.000109687
126.072 9.87477e-05
121.541 9.91927e-05
126.416 0.000113369
122.964 9.95633e-05
125.747 0.000103159
122.964 9.88359e-05
126.44 9.89411e-05
124.596 2.10764e-05
123.002 0.000111368
122.494 0.00011069
124.428 0.000112211
123.115 0.000110453
125.29 9.86883e-05
124.111 9.95465e-05
126.094 0.000100581
124.089 9.7433e-05
125.874 4.80779e-05
123.014 9.41823e-05
126.449 0.000101841
123.61 9.97431e-05
123.011 0.000101429
118.076 9.73415e-05
124.955 0.000115537
126.441 0.000101377
123.183 0.000112597
121.828 9.90658e-05
124.433 9.60127e-05
127.864 2.93659e-05
122.332 9.65921e-05
125.76 0.000102507
123.634 0.000106076
122.049 0.000105206
122.905 9.89209e-05
127.702 8.27273e-05
124.166 9.95453e-05
120.122 9.85864e-05
125.407 9.9582e-05
125.183 3.8309e-05
126.371 9.22806e-05
124.25 0.00011142
115.94 9.88141e-05
126.207 0.000102165
124.399 9.8526e-05
124.057 0.000106074
125.407 1.53858e-05
125.202 0.000106709
126.2 -0.000114694
127.711 9.91554e-05
125.629 9.18423e-05
124.788 9.73096e-05
125.439 2.46849e-07
122.935 9.55299e-05
124.76 0.000114443
124.33 9.87903e-05
124.185 0.000101049
126.058 9.50261e-05
123.732 0.000102165
122.54 0.000102818
123.852 9.93531e-05
125.513 2.95259e-06
121.144 0.000100598
125.324 0.00010208
124.357 1.51877e-05
126.566 9.56385e-05
125.272 0.000117766
122.561 9.8901e-05
123.671 0.00010142
126.707 9.56109e-05
124.81 9.73047e-05
127.069 0.000112842
125.448 0.000113043
121.551 0.000112433
127.714 0.000110231
122.474 0.000118559
128.771 0.000108026
126.673 9.78506e-05
124.039 0.000105113
123.674 0.000106503
125.526 0.000107506
125.188 7.75606e-05
121.945 6.68963e-05
125.428 0.000112393
125.02 9.94928e-05
125.196 0.000103231
124.164 9.52999e-05
125.167 9.90272e-05
125.905 8.60165e-05
122.441 9.17283e-05
123.02 8.6241e-05
124.768 9.3533e-05
126.612 0.000100775
120.173 9.6123e-05
126.047 0.000111642
126.773 2.15855e-05
124.125 0.000104332
120.602 0.000107548
126.057 0.000101195
125.157 9.97435e-05
122.271 0.000102131
126.35 0.000106215
124.986 0.000107672
124.688 0.000112031
123.291 0.000111754
124.391 1.52689e-05
122.372 0.000105609
122.882 0.000102466
125.413 1.0589e-05
124.314 9.99758e-05
127.144 0.000102106
124.116 9.64146e-05
122.536 0.000103073
128.429 0.000114697
121.805 0.000113301
118.22 0.000110398
124.868 9.67175e-05
120.724 0.000113406
124.224 0.000106831
124.259 9.84054e-05
123.397 0.000105588
128.336 0.000103994
125.109 0.000107303
122.76 0.000107194
125.38 9.4869e-05
121.848 0.000101694
116.793 9.61606e-05
122.379 9.72597e-05
125.25 9.93743e-05
124.652 0.000107014
127.436 2.94295e-05
126.465 9.94081e-05
126.768 0.000110331
125.75 3.87063e-05
126.205 0.000102087
121.295 9.70772e-05
124.526 9.80817e-05
124.412 0.000103992
124.833 1.47296e-07
123.969 0.000104763
123.71 0.000106074
127.065 0.000112405
124.743 4.73319e-05
123.7 3.78354e-05
127.227 0.000104181
126.014 9.9622e-05
126.707 9.82541e-05
126.356 0.000101792
123.583 9.1312e-05
124.142 0.000114296
124.055 1.16458e-06
122.317 0.000105709
116.122 9.75837e-05
124.284 1.16119e-06
125.09 0.000109188
125.427 0.000113547
124.931 0.000100727
121.547 9.87532e-05
123.887 9.41776e-05
120.995 9.96942e-05
123.163 0.0001071
123.152 9.72851e-05
124.628 0.000101195
123.349 0.00011243
118.092 0.000115952
124.643 9.98934e-05
124.056 0.000102348
121.343 0.000102881
120.859 0.000111901
125.329 9.58779e-05
124.084 9.77408e-05
124.231 0.000100195
125.963 0.000102132
122.522 9.77035e-05
128.744 9.90735e-05
116.248 0.000105497
121.614 0.000115558
126.15 0.000106719
123.482 9.25844e-05
124.462 9.92329e-05
125.773 9.16116e-05
124.453 0.000101842
124.937 0.000105069
124.972 0.000103598
124.649 0.000102052
124.964 0.000106275
125.31 0.000102033
124.03 9.88588e-05
125.288 0.000113532
124.419 4.85351e-06
125.746 9.17726e-05
121.998 9.55561e-05
125.834 1.88087e-06
127.626 9.20968e-05
126.266 9.85533e-05
126.427 0.000112242
123.959 9.68935e-05
125.434 9.16984e-05
125.164 0.000104448
123.192 0.000102966
123.536 0.000117208
122.809 1.54498e-05
124.306 9.9302e-05
125.775 0.000101424
125.942 9.47491e-05
125.417 0.000101734
124.496 9.29762e-05
125.392 7.63271e-05
125.765 0.000112939
123.542 9.5149e-05
125.533 0.000104211
122.782 0.00010215
123.103 2.76202e-06
123.984 9.87506e-05
125.322 9.6774e-05
128.071 9.78203e-05
122.95 0.000113134
122.48 9.88743e-05
123.744 0.000103862
123.604 0.000106161
124.774 7.20123e-06
124.89 4.89435e-05
125.402 9.91182e-05
125.067 9.77292e-05
124.564 0.000107296
128.317 0.000110163
127.124 9.56688e-05
122.705 0.00010368
124.596 0.000111822
124.113 0.000101594
124.662 9.68918e-05
124.604 0.000112596
125.69 9.7432e-05
125.77 0.000103918
124.737 9.40204e-05
125.876 9.10869e-05
122.853 0.000102684
123.4 4.64994e-05
123.203 9.50415e-05
123.761 0.000114206
125.121 0.000103125
124.206 0.000109312
119.821 0.000114098
126.924 0.000100168
123.216 0.000110408
126.369 7.66482e-05
125.062 9.9751e-05
124.336 0.000100324
125.664 9.45718e-05
127.017 0.000102512
123.263 0.000112093
123.326 0.00011163
121.193 4.70475e-06
123.167 0.000100557
126.374 0.000101622
124.193 0.000102756
125.112 0.000103179
127.59 0.000107533
124.086 9.87295e-05
124.277 9.91013e-05
122.645 0.000101564
127.876 0.000110999
125.97 9.31085e-05
125.367 1.07703e-05
125.12 0.000115472
121.813 9.93255e-05
124.671 0.000101129
124.616 0.000102179
126.17 9.75739e-05
125.109 5.79989e-05
126.444 9.67285e-05
123.064 4.51163e-05
124.39 9.87253e-05
126.148 0.000100289
122.605 0.00010244
125.184 9.7893e-05
125.976 9.60975e-05
125.021 9.89915e-05
118.822 0.000102497
123.907 0.000101088
120.632 0.000101862
123.762 9.50066e-05
124.137 9.87532e-05
123.37 0.000100964
124.189 9.82582e-05
127.971 9.93649e-05
126.536 9.89676e-05
123.068 9.83054e-05
124.637 9.95464e-05
122.381 9.91942e-05
125.903 0.000103988
122.72 0.000107351
123.357 9.50549e-05
126.13 0.000104551
124.157 0.000106157
126.949 0.00010508
127.522 9.4438e-05
124.412 2.17822e-05
125.965 0.000111349
128.602 0.000100943
116.882 0.000111009
122.638 9.35511e-05
121.85 0.000105419
127.075 9.99966e-05
125.24 0.000105015
121.023 9.9328e-05
126.645 0.000109692
125.691 9.72727e-05
126.416 9.84917e-05
124.078 9.73457e-05
122.715 0.000102224
126.334 3.67716e-05
128.053 0.000103105
122.761 0.000107425
124.156 0.000103963
125.442 0.000110905
125.014 9.81212e-05
124.133 9.23387e-05
128.243 9.15984e-05
124.916 0.000103972
123.019 0.000104177
124.998 8.40222e-05
128.1 0.000104987
121.903 9.33329e-05
124.14 9.09308e-05
125.763 0.000108465
123.178 0.000112641
122.932 9.6587e-05
126.414 0.000100882
124.108 0.000101953
118.221 1.49839e-05
125.426 9.18202e-05
124.011 9.83962e-05
123.303 9.37062e-05
126.285 9.91037e-05
122.701 0.000107136
126.648 9.64067e-05
124.472 0.00010375
127.129 0.000113459
126.531 0.000112249
123.763 0.000104749
123.685 9.66759e-05
123.059 8.85805e-05
127.025 0.000102181
119.822 9.87509e-05
126.157 9.35865e-05
126.273 9.38373e-05
123.581 0.000110071
123.261 6.64646e-05
124.246 0.000101231
125.164 0.000106983
124.683 0.00011399
119.327 0.000100052
124.877 0.000108038
127.109 0.000107047
122.647 8.70543e-05
122.355 0.00010076
124.654 0.000104032
121.865 0.000102576
126.397 9.87051e-05
123.319 9.7392e-05
123.011 9.85624e-05
120.842 0.000109398
122.222 9.85266e-05
124.645 9.79735e-05
124.828 0.000102303
123.691 0.000110615
124.413 9.78949e-05
119.661 0.000103372
118.622 0.00010586
122.146 0.000101579
124.187 0.000100721
124.099 9.97226e-05
124.56 9.86926e-05
124.327 0.000103915
126.243 9.76982e-05
123.035 9.84099e-05
126.609 0.000100217
123.57 9.90633e-05
125.263 0.00011463
125.483 9.94313e-05
124.924 9.93496e-05
116.545 0.000114482
123.278 9.53674e-05
126.467 9.99602e-05
127.765 9.90213e-05
124.227 9.78353e-05
126.908 9.19345e-05
126.004 9.84284e-05
124.369 0.000101788
126.032 9.75177e-05
124.263 0.000109811
127.442 9.92664e-05
124.885 0.000114624
124.341 0.000103373
125.576 0.000103414
124.132 9.82325e-05
124.54 8.59631e-05
121.747 9.80976e-05
127.533 0.000106294
123.746 0.000106007
124.41 0.000106194
125.846 0.000100864
125.207 0.000103969
125.388 0.000105609
119.062 0.000101446
125.126 9.51141e-05
125.72 9.96024e-05
121.792 9.83232e-05
123.889 0.000114959
124.984 9.65969e-05
123.657 0.000111552
123.961 0.000112112
127.812 9.9717e-05
126.395 0.000100583
125.304 0.000101062
125.457 0.0001007
125.555 0.00010471
119.624 0.000107757
126.13 9.99699e-05
123.758 9.97023e-05
122.265 9.66434e-05
121.532 9.77542e-05
121.536 0.000100583
123.999 8.91406e-05
123.947 9.8317e-05
125.305 9.86056e-05
127.264 9.85679e-05
124.239 0.000113011
126.438 9.54564e-05
124.049 8.25265e-05
115.344 9.41434e-05
124.251 2.1492e-05
124.682 9.98949e-05
124.915 9.77269e-05
124.143 0.00010034
122.635 6.59058e-05
124.104 0.000106615
123.08 0.000104017
124.661 9.82386e-05
123.103 9.82325e-05
119.462 1.06635e-05
119.641 9.16015e-05
126.195 0.000108765
126.304 9.75416e-05
124.68 0.000109539
121.387 0.000103226
122.691 9.35515e-05
124.332 5.68335e-05
124.679 0.000114194
123.203 0.000111349
124.32 4.74909e-05
126.058 0.000111765
127.154 6.6684e-05
121.473 9.90063e-05
123.08 0.000100789
118.114 1.52037e-05
128.85 0.000101898
127.593 7.15928e-05
124.933 0.0001034
126.349 9.30335e-05
118.246 0.000102032
126.035 0.000113663
123.054 0.000106141
124.295 0.000112607
124.192 9.94528e-05
124.714 9.8127e-05
126.032 0.000112789
125.827 9.41121e-05
121.703 0.000110105
125.425 9.83647e-05
125.529 9.71252e-05
125.146 0.000112085
124.271 9.8434e-05
124.327 9.77045e-05
127.02 9.99035e-05
123.245 0.000112614
126.461 9.54432e-05
119.741 0.000117032
125.616 6.78077e-05
120.937 0.000105307
124.432 0.000114834
125.44 0.000100135
125.1 0.000109485
124.027 0.000105541
122.759 9.94693e-05
123.018 0.000109617
126.786 0.000101012
124.669 9.75303e-05
127.965 9.32097e-05
123.842 0.000107282
124.999 0.000103217
122.905 0.000100355
119.58 9.47709e-05
124.359 0.000114579
127.541 0.000103715
121.425 0.000101323
127.015 0.000106615
126.084 0.000106061
123.263 9.81457e-05
123.392 0.000104752
125.518 9.95565e-05
118.945 0.000108223
120.497 9.28452e-05
126.315 9.90985e-05
125.967 0.000117349
126.804 9.81099e-05
121.723 9.80356e-05
123.849 9.87263e-05
123.112 9.79676e-05
121.703 7.30022e-06
125.442 9.98525e-05
120.969 6.3016e-05
124.794 9.90594e-05
124.181 9.73935e-05
120.179 0.000113908
122.067 9.81117e-05
121.493 9.79486e-05
125.728 0.000104311
124.578 4.69987e-05
127.195 0.000101608
121.481 9.51205e-05
125.14 0.000109744
124.108 0.000111138
125.995 0.000106858
125.08 2.17054e-05
124.936 9.7388e-05
124.71 0.000100774
123.014 8.51461e-05
127.697 5.94097e-05
124.88 0.000116708
124.702 9.00775e-05
125.385 0.000100055
123.548 0.000113283
124.664 0.000109877
120.392 9.77135e-05
123.637 9.73803e-05
126.478 0.000116407
126.021 0.00010529
125.013 0.000113552
123.957 0.000105402
126.436 0.000111414
122.086 0.000109897
127.213 9.84573e-05
125.471 9.77177e-05
124.563 0.000103083
115.948 0.000109233
124.147 0.000114187
122.536 0.000102227
126.836 9.96514e-05
124.931 9.91227e-05
124.629 0.000111097
125.487 8.52705e-05
124.489 0.000113129
125.356 5.38057e-05
124.949 4.36626e-05
116.946 9.93749e-05
125.254 9.19197e-05
127.285 0.000102803
124.424 9.76931e-05
123.926 9.92434e-05
124.918 9.38046e-05
126 0.00011179
125.725 0.000104318
126.101 0.000103008
120.186 0.000103304
124.078 6.66982e-05
124.952 0.000102922
123.792 9.82056e-05
125.017 9.74217e-05
125.701 0.000104006
126.861 0.000102733
123.523 1.1406e-06
119.556 6.59973e-05
120.928 0.000104465
122.513 0.000103386
125.741 8.8177e-05
126.111 9.80059e-05
127.632 9.81274e-05
127.956 9.48685e-05
126.405 0.000104205
126.719 0.00011103
124.852 0.000106545
122.657 8.79956e-05
118.226 0.000116966
125.432 9.21981e-05
122.436 0.000100152
124.621 0.000111598
144.427 0.000102252
121.517 3.95751e-05
125.544 6.73074e-05
125.496 0.000103334
124.818 9.72934e-05
123.939 0.000118045
124.216 1.51735e-05
125.398 9.85317e-05
125.051 9.29671e-05
126.163 0.00010369
130.79 7.33585e-06
125.774 9.62238e-05
124.248 0.000106565
126.025 9.94956e-05
124.546 0.000100075
125.764 1.51157e-05
124.665 0.000113564
125.053 9.28967e-05
124.265 0.000102698
126.024 9.9285e-05
125.511 0.000102685
122.483 6.74075e-05
122.58 0.000103832
127.236 0.00011131
123.226 0.00011341
123.283 9.51199e-05
124.922 9.87176e-05
125.488 9.99477e-05
128.221 0.000113215
124.386 0.000115831
123.836 0.000113731
124.63 9.32772e-05
123.069 0.000105602
124.205 9.91986e-05
122.929 9.94736e-05
125.986 9.78603e-05
122.663 0.00011393
125.898 9.93462e-05
124.308 0.000111532
123.658 0.000103565
118.154 9.72993e-05
123.405 9.78741e-05
123.973 0.000114048
126.537 0.000100285
123.778 9.88124e-05
122.486 9.59049e-05
127.567 0.000100005
123.638 9.98411e-05
122.576 9.21486e-05
124.123 9.93895e-05
124.011 0.000102652
123.506 0.000103895
125.884 0.000100319
125.823 0.000111654
124.437 9.99895e-05
125.722 9.19818e-05
125.386 0.000108307
125.544 0.000104456
122.92 9.62162e-05
123.09 9.29073e-05
124.433 9.78377e-05
124.145 0.000101404
126.583 9.98969e-05
124.363 9.84139e-05
121.044 0.000101179
124.675 0.000100917
124.282 0.000102856
122.48 9.75891e-05
123.343 0.000104625
124.45 0.000101601
124.415 0.000102862
126.445 9.46283e-05
122.75 9.79994e-05
116.752 0.000101885
117.294 2.11576e-05
120.269 3.52853e-05
121.297 9.98551e-05
124.91 9.85511e-05
123.884 9.71612e-05
122.939 0.000101495
122.114 0.000101687
124.321 0.000109848
115.794 9.92755e-05
125.926 9.94838e-05
123.902 9.76229e-05
126.089 1.09071e-05
121.497 0.000112296
119.194 0.000111647
124.682 9.25788e-05
125.297 0.00010601
123.801 2.97071e-06
124.251 1.88544e-06
125.071 9.84629e-05
123.77 9.9574e-05
124.694 6.81416e-07
123.058 9.86062e-05
124.113 0.000111144
128.147 9.96518e-05
124.511 9.875e-05
122.795 0.000101343
119.499 0.000102781
126.663 0.00010037
121.752 5.76915e-05
126.273 0.000109903
122.033 9.4749e-05
125.509 9.60319e-05
127.563 9.13794e-05
127.578 0.000112514
123.388 0.000100864
123.712 0.00011126
125.024 9.82682e-05
123.001 9.81042e-05
124.755 0.000106611
125.033 0.000100535
128.066 0.000100196
124.91 0.000110163
124.031 0.000100763
123.756 0.000109742
124.225 0.000114487
125.062 0.000113968
125.776 0.000100539
126.266 9.42641e-05
126.868 6.60309e-05
126.474 0.000102955
124.195 9.83559e-05
125.481 0.000111672
125.328 9.91972e-05
125.391 3.78721e-05
118.108 0.000113586
123.367 0.000100681
122.882 0.000106818
124.731 9.75101e-05
124.395 0.000102314
126.128 9.81844e-05
116.864 0.000100391
124.544 0.00010291
124.579 9.72573e-05
123.906 9.95417e-05
124.763 0.000104717
125.788 0.00010062
125.222 9.74928e-05
127.434 4.74044e-06
123.035 0.000114583
120.579 0.000111781
121.482 0.000100115
115.128 9.99517e-05
124.74 0.000109021
126.492 9.88268e-05
125.013 8.37188e-05
124.589 9.73204e-05
122.525 9.64548e-05
123.287 0.000106776
125.181 9.89667e-05
123.916 0.000111271
125.491 3.77385e-05
121.153 9.98055e-05
126.39 9.70132e-05
123.751 9.51273e-05
123.738 0.000106075
123.114 8.09976e-05
124.678 0.000106276
126.242 9.96005e-05
121.47 9.52081e-05
125.253 9.89658e-05
120.758 9.9608e-05
124.612 9.78984e-05
124.07 9.4654e-05
123.346 0.000100143
126.644 0.000109064
123.412 0.000111486
124.179 9.78221e-05
122.146 0.000102772
125.337 8.61833e-05
123.113 9.61805e-05
126.508 0.000105937
126.705 0.00011126
127.899 5.86513e-05
126.712 0.000104279
125.433 0.000110988
120.597 9.84606e-05
124.339 0.00010137
127.391 0.000102394
126.302 9.92324e-05
128.033 8.4859e-05
124.434 0.000101869
123.782 9.56511e-05
125.909 9.87374e-05
122.431 7.6737e-05
124.448 0.000111318
124.29 9.95211e-05
123.701 0.000101089
123.419 9.28004e-05
120.677 0.000104787
123.212 8.38002e-05
129.133 0.000103632
123.884 9.93305e-05
124.338 6.77112e-05
123.076 0.00010652
125.89 0.000102263
122.744 0.000114686
117.616 3.79966e-05
125.734 0.000104574
124.426 0.000103933
125.967 9.79354e-05
125.187 9.70723e-05
118.776 9.94344e-05
121.938 0.000102303
123.807 9.17212e-05
121.149 0.000101337
123.627 0.000101491
123.325 9.98079e-05
125.1 0.000111795
126.755 9.96486e-05
125.095 0.000103935
118.922 0.000114751
124.255 4.8005e-06
125.188 9.80449e-05
122.685 0.00012019
122.574 0.00010041
128.677 0.000111599
124.899 0.000102985
126.575 0.000103269
125.128 0.000104025
122.631 9.7021e-05
124.827 9.4194e-05
124.769 4.65095e-05
125.434 0.000104336
125.404 0.000113663
123.218 9.97806e-05
125.945 0.000115186
125.065 0.000103764
126.441 0.000103963
122.011 9.66423e-05
125.251 7.5173e-05
121.469 9.16068e-05
126.203 9.94258e-05
126.356 0.000107651
123.116 0.000100462
120.584 0.000112817
124.864 0.000100355
120.577 0.000109494
124.505 0.00011271
122.845 9.95865e-05
123.444 9.83319e-05
126.018 9.88376e-05
124.154 9.7314e-05
126.27 0.000112816
125.398 0.000114713
121.448 0.000102639
125.033 0.000107143
121.446 0.00011042
124.54 5.72713e-05
123.689 9.74204e-05
124.905 0.000106535
121.872 0.000104791
123.229 9.97559e-05
124.494 0.000101365
122.641 0.000103709
121.802 0.000102437
123.415 8.75418e-05
116.563 0.000105082
123.965 9.90332e-05
122.807 9.89968e-05
123.75 2.9301e-05
125.9 0.000101823
125.677 9.39813e-05
121.874 9.72908e-05
116.491 0.000104391
121.594 9.74686e-05
123.06 9.73624e-05
125.667 9.84207e-05
122.193 4.43249e-05
124.161 0.000111809
124.219 0.000103919
124.135 0.00010329
126.009 0.000108418
125.043 0.000110907
125.757 0.000105929
123.896 0.000108352
129.141 1.44799e-05
127.288 0.000101195
126.681 9.25019e-05
124.919 0.000111897
