125.161 0.000131338
124.833 0.000138537
125.522 0.000139566
124.328 0.000133822
125.77 0.000134317
124.799 0.000141338
140.084 0.000158586
124.53 0.000134066
124.677 0.000146435
123.629 0.000133627
124.962 0.000135668
119.594 0.00013984
125.17 0.000154009
123.936 0.000136169
125.965 0.000151535
124.81 0.000133819
124.869 0.000154726
127.887 0.000147947
131.708 0.000135178
124.32 0.00015297
124.673 0.000153271
129.699 0.000140712
123.441 0.000138009
124.766 0.000138463
125.527 6.59835e-05
126.376 0.00014454
125.692 0.000135931
137.838 0.000154948
125.025 0.000153785
123.996 0.000135872
126.863 0.000151604
124.035 0.000136613
123.36 0.000134977
124.445 0.00013563
124.957 0.000134295
121.584 0.000143241
124.025 6.52742e-06
121.04 0.000139052
123.006 5.22785e-05
124.779 2.58956e-06
124.221 0.000152659
124.572 0.000139189
126.862 7.75837e-05
131.192 0.000142325
123.086 -0.000140353
126.468 0.000157492
124.944 4.07174e-05
120.661 0.000145771
124.074 0.000147535
125.452 0.000136013
127.309 9.46288e-07
125.199 0.000136582
125.598 0.000137882
126.206 0.000131749
125.287 0.000138894
123.605 0.000135597
125.563 0.000139404
124.838 0.000150499
124.302 0.000157168
125.745 0.000136284
123.899 0.000151936
125.865 0.000141611
125.341 9.23617e-05
121.258 0.00013857
124.95 0.000144602
123.014 0.000133265
125.983 0.000141145
124.869 0.000136717
125.574 0.000126742
123.258 -0.000137417
124.802 0.000148985
127.099 0.00016056
123.734 0.000153969
135.007 0.000126529
122.088 0.000139658
126.026 0.000141936
123.11 9.09053e-05
125.725 0.000153604
126.365 2.97573e-05
127.026 0.000137763
118.901 0.00014561
125.744 0.000129289
125.741 0.000137361
124.535 0.000152508
125.525 0.000130007
123.617 0.000130516
121.968 5.26013e-05
126.122 0.000144681
124.569 0.000134766
165.526 0.000135559
125.764 0.000150693
118.79 0.000146149
124.807 0.000143089
125.262 0.000139015
127.467 0.000133799
125.346 0.000134555
125.587 0.00013951
127.104 0.000141073
125.931 0.000136512
166.367 0.000141833
125.923 0.000138254
123.727 7.90923e-05
124.766 0.000133941
125.064 0.000136057
123.454 0.000138724
115.146 0.000138072
125.951 0.000140989
124.957 0.000143148
123.86 0.000136668
124.939 0.000135427
125.527 0.000127847
124.618 9.57328e-05
117.97 0.000128329
140.512 0.0001338
126.865 0.000136645
121.643 0.000136413
124.017 0.000145523
125.016 0.000146736
127.752 0.000134141
126.189 0.000133377
125.99 0.000110095
124.43 0.000129978
137.248 7.99874e-05
126.337 -0.000117567
122.261 0.000137326
134.685 0.000127546
124.581 -0.000139566
122.351 0.000141505
124.104 0.000145177
125.16 0.00013628
123.889 0.000137123
125.596 6.52128e-05
124.683 0.000140128
124.193 0.000136026
123.464 0.000134055
125.273 0.000151346
125.489 0.000126849
124.859 0.000147299
148.006 0.000135588
127.51 0.000135921
122.358 0.000134484
124.26 0.00014442
126.613 0.000132079
120.547 0.000157695
123.252 0.000139789
125.519 1.46892e-05
127.205 0.000135044
125.006 0.000136941
126.236 0.000142412
124.416 0.000153974
125.653 0.000135462
125.337 0.000134404
121.906 0.000116441
125.465 0.000134359
121.076 0.000136317
127.203 0.000136491
163.276 0.000136073
123.863 0.000141484
117.213 0.000136637
125.567 5.19235e-05
125.415 0.000146463
124.942 0.000140502
124.824 0.000156934
125.769 0.000128721
124.649 0.000153035
121.54 0.000139649
126.005 0.000140048
126.444 0.000141064
124.634 0.000140676
130.117 0.000160007
125.608 0.000145224
124.107 0.000134612
119.846 0.000138232
124.368 0.000138522
126.109 0.000155255
121.903 0.000126195
125.249 0.000126883
123.712 0.00015634
124.825 0.000113932
123.826 0.00013917
124.637 0.000134669
115.66 0.000136133
125.53 0.00016446
122.655 0.00013887
118.192 0.000139825
125.229 0.000137359
125.176 0.000140995
124.522 0.000127752
123.429 0.000151724
124.726 0.000138643
124.297 0.000138627
125.024 0.00012904
121.45 0.000153703
153.928 0.000144952
120.803 0.000138052
122.47 0.000137573
123.16 0.000137708
125.201 0.000136002
124.763 0.000136218
121.412 6.68479e-05
122.828 0.00013451
123.953 0.000139877
123.253 0.000135544
125.299 0.000133913
123.206 0.000141311
