131.038 0.000228676
125.084 0.000231682
132.796 0.000231258
129.845 0.000265499
128.525 0.000236436
124.906 0.000267108
123.165 0.000267235
129.604 0.000263014
119.341 0.000256468
122.239 0.000233483
129.258 0.000253663
127.774 0.000236906
121.224 0.000261505
128.061 0.000233653
126.325 0.000233621
125.407 0.000263484
125.191 0.000245057
127.961 0.000136526
124.032 0.000238183
128.542 0.000235623
124.516 1.14095e-05
129.546 0.000230594
131.455 0.000266686
135.971 0.000251664
128.611 0.000255941
126.14 0.00024373
127.63 0.000201462
128.862 0.000271146
129.283 0.000234425
127.888 0.000242929
130.472 0.000251823
130.44 0.000257036
120.594 0.000227528
124.75 0.000242684
128.6 0.000233177
131.321 0.000236187
128.038 0.000269645
129.87 0.000235287
124.201 0.000241455
131.158 0.000243195
131.954 0.000228007
128.893 0.000243656
129.825 0.000267148
126.473 0.000226097
126.235 0.000235013
129.057 0.000231482
122.076 0.000238024
129.022 0.000234564
124.399 0.00026652
127.528 0.000112832
117.516 0.000246945
130.073 0.000233581
131.845 0.000234324
