126.85 0.000174577
124.746 0.000168314
127.607 0.000130267
124.168 0.000169902
124.383 0.000168531
125.358 0.000166586
125.905 0.000142681
128.277 0.000188166
122.402 0.000172621
124.957 0.000183727
122.595 0.00018812
126.007 0.000183801
123.302 0.000190276
126.529 0.000161314
124.94 0.00017393
124.454 0.000164151
126.503 0.000184414
125.087 0.000169442
124.15 0.000188545
124.731 7.94643e-05
130.922 0.00014116
120.422 0.000187109
124.161 9.42111e-05
125.539 0.000169839
124.745 0.00016356
123.554 0.000189569
123.59 0.00016847
125.652 1.83736e-05
125.31 9.57348e-05
