115.556 0.000166394
150.678 0.000183999
119.021 0.000168618
125.114 0.000165853
119.922 0.000153164
120.97 0.000123427
139.183 0.000162454
117.733 0.000178056
124.392 0.000176829
126.702 2.23012e-07
123.671 0.000176935
125.744 0.000175222
126.082 0.000168407
124.907 0.000165304
130.454 0.000167178
121.897 0.000165371
122.503 0.00017052
123.648 0.000163298
126.628 5.08675e-06
118.652 0.000168585
126.788 7.88947e-05
127.206 0.000181707
125.088 0.000167338
126.798 0.000142993
124.209 0.000167966
124.892 0.000164031
125.562 0.000187984
124.585 0.000165581
124.781 4.98421e-06
123.51 0.00018804
123.115 0.000165474
118.008 0.000173874
125.483 0.000181059
125.366 0.000165666
124.599 3.57396e-05
127.069 0.000162057
125.101 0.000145305
122.112 0.000136537
124.548 0.000164754
125.318 0.000162194
124.87 9.57678e-05
127.374 3.14585e-06
125.019 -0.000163302
121.658 7.19871e-05
122.446 0.000160692
119.442 0.000165826
123.014 0.000164282
123.426 0.00016369
121.882 0.000175389
121.763 0.000164175
115.639 0.000162272
125.455 2.55307e-05
123.647 0.000163873
125.402 0.00016253
122.268 6.46155e-05
127.589 0.000162459
123.736 0.000181661
126.781 0.000189823
128.022 0.000167804
125.146 7.54144e-05
126.661 0.000165728
128.659 0.000178586
124.022 0.000164555
124.905 7.82627e-05
125.568 0.000160946
125.002 0.000165772
125.619 0.000165739
122.318 0.00019147
127.009 0.000175174
117.776 0.000172248
124.439 0.000166507
124.143 0.00016492
124.792 0.000189113
121.77 3.32388e-05
125.024 0.000172344
124.288 0.000183817
124.767 0.000155033
125.588 0.000166426
124.087 0.000170311
138 0.000185322
126.538 3.57298e-05
126.056 0.000169353
124.526 0.000166923
123.517 0.000171632
123.172 0.000169299
126.498 0.000168229
124.885 0.000110846
124.084 0.000177764
125.001 0.000172303
126.392 0.000162735
126.368 0.000161593
126.159 0.000159141
123.001 0.000167213
134.292 0.000185465
124.657 0.000167538
121.585 0.000163975
119.543 0.000167923
123.915 0.000167315
122.648 0.00015933
125.15 0.000168719
124.95 0.000171836
121.344 0.000161501
126.73 0.00016417
124.584 0.000163638
123.339 0.000157755
148.333 0.000187232
126.396 0.000166291
121.182 0.000172337
133.595 0.000166538
115.306 0.000166728
129.442 0.000162333
124.194 7.92127e-05
124.366 0.000193841
125.222 0.000166802
117.411 0.000170941
119.66 1.20108e-05
134.847 0.000165045
151.692 9.32262e-05
125.23 0.000164072
126.79 4.77396e-05
126.568 0.000179219
125.324 0.000167254
125.887 0.000186591
125.52 0.000178675
125.5 0.000181816
127.049 0.000190431
134.345 0.000169937
125.381 0.000190515
122.495 0.000187429
125.162 1.87214e-06
124.383 9.94854e-05
124.011 1.9163e-06
125.83 0.000188856
124.218 0.000162534
121.142 0.000161165
126.248 0.000189723
120.559 0.00019522
129.442 0.000174266
131.839 0.000186486
125.767 0.000172105
123.99 0.000164099
126.151 0.000162301
122.382 0.000161171
143.443 0.000172789
127.414 0.000162929
125.073 0.000167109
125.88 0.000189377
136.098 0.000162487
124.935 0.000182654
117.889 0.000184992
122.811 0.000142838
124.932 0.000167264
126.725 0.000161567
124.583 0.000163826
124.598 0.000163858
115.911 0.000154468
126.731 0.000168917
123.214 0.000186275
127.373 0.000157646
120.532 0.00017258
126.028 0.000188731
123.701 0.000157982
125.409 0.000173521
126.185 0.000165169
117.83 0.000172523
126.838 0.000176952
124.847 0.000165389
126.001 0.000163448
160.427 0.00016341
127.044 0.00018083
125.77 3.64873e-05
127.647 0.000167904
118.271 0.000189201
120.395 4.79997e-05
124.816 0.000180405
125.628 0.000168919
124.691 0.000187453
124.65 0.000142713
125.19 0.000165915
122.467 0.000166755
124.316 0.000164983
121.689 6.50922e-05
124.472 0.000156921
123.298 0.000166273
125.741 0.000163671
126.346 0.000181771
119.314 0.000166109
124.974 0.000167979
132.785 0.000167091
123.524 0.00016496
135.095 0.000169825
126.042 2.54865e-05
124.661 0.000189948
116.471 7.96219e-06
123.774 0.000168805
132.285 0.000166715
127.856 0.000176249
124.665 0.000174931
144.493 0.000174916
124.979 0.000186769
124.454 0.000165542
124.467 0.000172403
137.954 0.000160089
131.599 0.000182421
122.472 0.00017149
124.846 0.000164242
122.733 3.7161e-05
119.445 4.11974e-07
126.128 0.000168401
126.566 0.000162091
124.057 0.000160017
124.796 0.000183048
124.674 0.000164733
123.328 0.000183005
116.153 0.000185304
126.786 0.000184983
124.851 0.00017192
121.73 0.000158555
146.815 0.000162644
126.377 0.000186763
124.199 0.000162914
128.065 0.000183256
122.958 4.82469e-06
123.767 0.00018594
124.921 0.000165911
118.227 0.000143782
125.845 0.000168176
124.717 0.000166688
118.474 0.000186098
162.746 0.000153173
128.203 0.000164358
127.535 0.000170895
126.171 0.000163619
125.052 0.000178493
124.639 0.00015682
124.488 0.000165466
115.932 4.14865e-07
123.932 0.000163587
124.866 0.000164661
126.027 0.000168915
122.682 0.000187451
139.325 0.000164341
124.775 0.00017094
124.934 0.00016978
124.117 0.000167642
126.314 0.000163688
119.931 0.000190596
128.046 0.000178854
125.706 0.000184784
120.739 0.0001907
119.738 0.000184376
124.456 0.000171643
126.234 0.000163165
124.062 0.000170825
120.551 0.000160397
125.029 0.000167327
124.451 0.000170615
125.942 0.000165638
123.857 0.000186857
124.769 0.000170297
123.334 0.000158959
123.145 0.000188611
125.817 0.000111605
123.59 0.000196246
124.816 0.000162912
123.562 0.000179698
123.349 0.00016556
126.163 0.000161858
123.691 0.00016607
116.85 0.000166325
127.58 0.000179529
120.122 0.000168527
122.853 0.000182318
124.786 0.00016792
122.905 0.000193778
115.642 0.000162276
123.993 0.00016261
131.564 0.000161799
120.226 3.5649e-05
124.168 1.15571e-05
123.87 0.000168527
124.312 0.000171222
124.078 0.000167595
118.911 3.5456e-05
125.27 0.000152431
125.953 0.000135106
130.841 0.000164313
122.72 0.000107179
123.97 0.000170723
118.876 0.000146637
117.126 0.000170399
122.266 0.000169784
127.583 0.000173789
126.003 0.000188827
125.158 7.77847e-05
124.559 0.000163778
125.11 0.00018347
126.841 0.000179711
123.996 0.000149907
125.869 0.000174001
125.734 0.000164446
132.584 0.000160425
125.275 0.000190297
121.744 0.000164973
125.691 0.000164609
125.561 0.000165523
122.728 0.00017166
127.237 0.000181742
120.93 0.000173917
123.951 0.000174775
123.875 0.000163101
124.111 0.000162734
126.197 0.000173765
124.302 0.000187807
125.931 0.000165551
119.162 0.000147461
152.111 0.00016911
118.634 0.00019087
134.661 0.000185175
128.05 0.000165256
126.753 1.20915e-05
126.63 0.000160653
115.116 0.000163757
124.076 0.000185984
125.732 0.00016535
124.692 0.000163361
123.804 0.000166601
125.895 2.57849e-05
118.852 7.26396e-05
123.72 0.000170544
120.599 0.00016762
125.671 1.79886e-05
127.773 0.000167379
124.859 0.000163808
127.979 0.000164589
125.92 0.000168859
126.191 7.81206e-05
127.336 0.000164035
117.495 0.000155519
125.591 0.000167277
125.663 0.000167443
121.613 0.000153616
125.557 0.000164603
124.684 1.82383e-05
164.876 0.00015766
119.479 1.15401e-06
122.471 0.000173219
121.635 0.000176657
122.666 0.000170602
116.937 0.000164268
126.391 9.54402e-05
122.973 0.000167476
124.473 0.000187927
118.191 0.000174125
131.561 0.000149226
127.057 0.000177819
124.905 0.000164039
125.279 7.94172e-05
124.963 0.00016175
123.976 0.000167477
121.277 0.000167005
124.184 0.000163298
127.663 0.000174594
124.499 0.000162348
128.788 0.000168443
127.319 0.000167595
122.194 0.000163636
126.255 0.000166002
124.329 0.000164846
127.384 0.000171311
125.27 0.000164463
128.526 0.000172422
152.471 0.000160679
126.457 0.000140683
124.983 0.000165169
125.769 0.000170294
121.169 0.000169062
124.669 0.000165484
127.657 9.08241e-05
124.262 7.88411e-05
122.799 0.000167488
126.029 1.22584e-05
119.965 0.00017499
160.007 0.0001563
125.697 0.000177096
127.024 0.000190292
126.427 0.000151498
125.494 0.000148474
127.825 0.000165717
125.704 0.000167757
124.776 0.000186551
123.531 0.000179893
126.858 0.000177065
124.273 0.000161413
125.733 0.000163386
126.182 0.000169432
119.639 0.000187169
125.271 0.000158495
142.008 0.000171944
122.195 0.000184076
127.613 0.000166273
127.092 0.00016676
126.365 -0.000162751
124.014 0.000163907
126.916 9.46277e-05
124.19 0.000173225
125.805 0.000163176
130.725 0.000162801
123.118 0.000166048
127.902 0.000174731
125.269 0.000171457
131.049 0.000161334
125.516 0.000173408
132.428 0.000125806
121.374 0.000186356
125.908 0.000164083
126.324 0.000165111
123.553 0.000177023
124.196 0.000163085
124.545 0.000169894
119.163 0.000192671
146.383 5.18692e-06
133.882 0.000167903
125.033 0.000165711
125.425 0.000159963
125.021 0.000183303
130.5 0.00017185
119.225 0.000171394
125.794 0.000186609
123.107 0.000176464
123.452 0.000185804
123.51 0.000111804
124.616 0.000185556
123.579 0.000170956
116.767 0.000187651
122.768 0.000169183
124.425 0.000185734
124.05 0.000163562
124.669 0.000173387
131.552 0.000172783
117.5 0.000171551
124.033 0.000191131
124.234 0.000168205
144.922 0.000176256
123.059 0.000165354
122.402 0.000168343
126.715 0.000167597
123.458 0.000175487
126.091 0.000161882
123.576 0.000160792
123.922 -0.000142124
125.648 0.000167695
125.949 0.000160823
123.801 0.000168946
126.868 0.00017184
125.77 0.000190523
126.396 0.000170471
124.728 0.000175097
129.216 0.000160171
124.733 0.000162976
118.293 6.30866e-05
124.072 2.52342e-05
131.094 3.17486e-06
116.855 0.000171949
121.626 0.000188472
125.592 0.000168629
124.106 0.000171944
123.864 0.000149881
126.847 -0.00018972
124.894 0.000166118
123.605 0.000182734
127.662 0.000165516
129.168 0.000168089
122.115 0.000168674
125.864 0.000173905
125.487 0.000169901
126.458 0.000166026
123.958 0.000166966
139.389 0.000161875
126.192 0.00018077
124.529 0.000164225
122.639 0.000168477
121.452 0.000160961
123.604 0.000165425
139.191 0.000185307
125.573 0.000177844
137.184 0.00016866
122.455 0.000161258
124.515 2.48411e-05
127.336 7.85922e-05
125.602 0.000150834
124.427 0.000163961
127.339 0.000167508
127.434 0.000166512
120.717 0.000162417
126.586 0.00016279
123.53 1.89701e-06
129.806 0.000168673
124.143 0.000160807
120.927 0.00019004
127.184 0.000168196
124.823 0.000116703
127.558 0.000171537
127.142 0.000172238
125.402 0.000173527
125.094 0.000192426
124.096 0.000156944
124.868 0.000166316
122.26 0.000126555
126.861 0.000171143
124.385 0.000171977
137.859 0.000160382
125.15 0.000163959
124.412 0.000164451
127.947 0.0001623
126.24 0.000173298
125.171 0.000163973
123.408 0.000164913
125.359 0.000172343
127.578 0.000172472
124.204 0.000167109
123.759 0.000171871
130.288 0.0001694
122.958 0.00016824
128.733 0.000166267
124.72 0.000164671
135.344 0.000186544
120.334 0.000169437
122.059 0.000162803
124.608 0.000169227
122.543 0.000157986
124.44 0.000168539
124.872 3.51265e-05
126.666 0.000169304
126.449 0.000173487
124.807 0.000188253
118.327 4.80131e-05
119.124 0.000148637
123.094 0.00016399
123.576 0.000174037
122.414 0.000172126
126.798 0.00017129
126.927 0.000159846
116.465 0.000161943
122.023 0.000176715
151.411 0.00019458
124.963 0.000163621
125.308 0.000164706
126.11 0.000164331
125.114 4.10907e-07
123.384 0.000170466
125.971 0.000176062
125.408 9.51639e-05
124.645 0.000164306
123.893 0.000163457
127.958 0.000185463
126.426 0.000162269
126.501 9.46096e-05
125.467 0.00016923
122.037 0.000163349
123.153 0.000189995
120.38 0.000161657
123.8 0.000182529
125.383 0.000164039
123.584 0.00011225
124.169 -0.000164498
136.076 0.000164034
145.873 0.000168066
124.492 0.000165897
122.781 0.000163549
124.428 0.000164761
125.055 0.000166042
120.773 0.000166273
123.523 0.000163611
138.492 0.0001815
126.596 0.000166476
127.393 0.000167752
128.662 0.000163383
127.301 0.000166925
123.9 0.000143455
124.74 0.000171733
124.345 0.000191631
127.574 0.00014215
124.622 0.000172981
124.894 0.000165265
126.56 8.3583e-06
126.002 0.000195288
115.689 0.000174035
162.539 0.000157917
124.198 0.000173392
123.458 0.00013639
121.839 0.000122665
120.21 0.000155199
122.731 0.000169741
123.735 0.000173514
126.779 0.000163548
124.544 0.000139436
126.632 0.00018965
126.126 0.000164495
128.951 0.000163996
125.385 0.000166352
122.282 1.20594e-05
123.135 0.000176493
122.649 0.000111621
126.547 0.000160315
124.819 0.000194636
126.083 0.000166063
124.004 0.000181088
124.24 0.000169548
124.67 1.7849e-05
122.035 1.78927e-05
125.584 0.000185223
115.665 0.000153206
121.075 9.50023e-05
124.364 1.19061e-05
126.738 0.000155856
121.414 9.1658e-05
124.809 3.29734e-06
126.55 0.000159364
125.939 0.000192383
125.343 0.000163188
125.394 0.00016503
125.283 0.000152104
125.897 0.000186793
117.447 0.000190138
123.92 0.000179471
122.504 0.000171379
121.348 0.000187535
116.114 0.000163546
126.118 0.000169559
125.33 0.000162477
125.042 0.000166085
123.53 0.000164759
127.913 0.000154995
126.077 9.56139e-05
128.099 0.000162389
123.311 0.000166737
124.009 0.000185723
122.34 0.000169023
124.795 0.000172868
121.286 0.000166483
135.094 0.000166568
125.684 0.0001743
123.047 0.000176067
124.51 0.000157674
127.498 0.000188372
121.264 0.000168775
125.363 0.000176458
124.582 0.000171086
125.59 0.000168707
123.285 0.000169935
131.926 0.000168363
115.711 0.00016547
126.528 0.000154785
146.364 0.000185591
124.137 0.000189356
124.187 0.000163182
132.37 0.00016128
126.249 0.000171584
123.561 0.000173473
123.738 0.00016434
125.846 0.000172496
123.76 0.000194016
122.903 -0.000165612
116.104 2.44113e-07
124.94 0.000110465
116.517 0.000171766
123.472 1.11567e-06
124.457 0.00015694
124.004 0.000111607
121.32 0.000164712
123.998 0.000166118
122.763 0.000160913
126.755 0.000172227
122.276 0.000163085
124.67 0.000164699
120.538 0.000156014
125.354 7.95027e-06
122.412 0.000156609
126.899 0.000162521
128.506 0.000153328
117.859 0.000128341
121.95 0.000187482
146.831 4.74231e-05
124.438 0.000165614
123.829 0.000171851
126.69 0.000167144
122.875 0.000164368
117.235 0.000173527
121.79 0.000167729
123.637 1.78368e-05
126.251 0.000187479
128.035 0.000185596
117.309 0.000177585
124.252 0.00016739
124.744 0.000197688
130.192 0.000164584
125.987 0.000166055
124.381 0.000174019
126.126 0.000167052
125.555 -0.000172669
143.944 0.000170428
126.583 0.000164031
128.379 0.000168735
125.826 0.000169573
122.769 0.00017379
131.664 0.00016272
125.425 0.000169393
124.953 0.000164257
123.954 0.000162696
123.446 -0.000169485
125.048 6.38447e-05
122.641 0.000162026
128.892 1.74382e-05
118.521 0.000165531
124.102 0.000172971
125.854 0.000166931
124.152 0.000166306
124.933 0.000175413
126.16 1.90647e-06
126.115 0.000182989
124.306 0.000172389
121.274 0.000166772
125.695 0.000178866
124.012 0.000162378
124.547 0.00017707
118.181 0.0001675
124.012 6.07115e-05
124.073 0.000179981
124.203 0.000169111
128.632 0.000163565
126.7 0.000170176
123.273 0.000153416
124.569 0.000168992
125.616 0.000170961
124.907 0.00016382
123.924 0.000112977
120.554 0.000164458
127.857 0.000165687
123.921 0.000169227
118.851 0.000165267
126.072 0.000171521
123.799 0.000181301
124.85 0.000169058
122.021 0.000175314
124.916 0.000187339
123.993 0.000179148
128.598 0.000171428
156.621 0.000195999
124.431 0.000165282
125.416 0.000183048
125.462 1.2015e-05
123.442 0.000178266
118.278 0.000163807
125.718 0.000171117
127.205 0.000164011
125.413 0.000164633
122.423 0.000164744
118.794 0.000179925
121.469 0.000169424
115.607 0.000154391
128.651 0.000184882
121.948 0.000150353
123.599 0.000185181
150.037 0.000166871
127.016 0.000157868
124.885 0.000163275
127.167 0.00017129
117.454 0.000155474
126.776 0.000164159
117.693 0.000161448
124.114 0.000115046
124.337 0.000162642
124.184 0.000128391
124.762 0.000177318
128.22 0.000187429
124.045 0.000170929
125.841 0.000191821
125.576 0.000190349
127.125 0.00016261
118.092 0.00016792
124.278 0.000142927
124.578 0.000177523
123.527 0.000169052
125.509 0.000185319
125.048 2.56862e-05
121.595 0.000161627
127.727 0.000158946
126.978 0.000174296
124.291 0.000166898
125.533 0.000148616
125.684 0.000185296
124.848 0.000166205
127.56 0.000186942
123.76 4.96101e-05
124.908 0.000171994
120.024 0.000169534
159.886 0.000165671
126.332 0.000166016
119.617 3.62333e-05
126.604 0.000176459
125.326 0.000185214
127.296 0.000152346
119.712 1.70014e-06
117.131 0.000186465
130.194 0.000114416
125.787 0.000175696
118.75 0.000186204
124.262 0.00017066
125.556 0.000184785
124.875 6.30663e-05
127.206 0.00017066
121.566 0.000152247
121.733 0.000192454
125.407 0.000187301
125.808 0.000167327
126.694 0.000163399
124.73 0.000167352
126.322 0.000169829
125.036 0.000163936
121.321 0.000173641
127.42 0.000167767
125.191 0.000190103
125.292 0.000141081
124.511 -0.000166203
117.719 0.000164442
122.372 0.000190288
133.43 0.000167852
121.067 0.000196289
123.91 0.000166898
126.417 -0.000159065
140.065 0.000165369
123.35 0.00016154
120.757 0.000181748
115.613 0.000166329
125.512 0.000187945
125.963 0.000159409
121.413 0.000184339
124.727 0.000161345
119.816 0.000159811
121.132 0.000165665
119.312 0.00015826
124.709 0.000164518
123.721 0.000164712
123.605 0.000166952
123.17 0.00017696
125.909 7.59641e-05
125.621 6.27624e-05
126.094 0.00016082
124.452 0.000181461
124.004 0.000165218
119.947 0.000167445
125.804 4.89988e-05
122.194 0.000175807
138.558 0.000165128
129.068 1.93943e-06
126.65 0.000162903
124.3 7.85497e-05
123.827 0.000171707
123.144 9.19361e-05
139.008 0.000168786
121.008 0.000128654
124.15 0.00018698
120.252 0.000167393
133.52 0.00017114
126.02 0.000170151
116.979 0.000179639
122.699 0.000169296
123.801 0.000165583
124.757 0.0001744
127.057 0.000165022
126.802 3.18672e-06
120.248 0.000195478
124.141 0.000165907
124.517 0.000160017
142.779 0.000164257
124.988 4.73312e-05
142.348 0.00016338
124.033 0.000178397
122.818 0.000188005
123.609 0.000180184
122.459 0.000164163
123.982 0.000169259
125.736 0.000172675
120.481 0.000166404
126.644 0.000187309
126.301 0.000166637
130.172 0.000162359
123.749 0.000160283
126.334 7.9712e-06
123.802 0.00016352
122.926 0.000188194
148.185 0.000171194
126.434 0.000154814
124.542 0.000193819
165.331 0.000164457
122.85 0.000128812
122.447 0.000165867
125.222 2.474e-05
127.23 0.000122076
122.133 0.000149879
119.899 0.000175534
123.736 0.000167096
126.598 -0.000171985
124.166 0.00017036
124.554 0.000165207
118.999 0.000171468
124.838 0.000162084
123.809 0.000170079
123.198 0.000190481
123.093 0.000163739
115.937 0.000172353
122.178 0.000165795
130.314 0.000142152
123.185 0.000166387
126.877 0.000171794
127.838 0.000171127
128.203 0.000196545
125.757 0.000169626
128.538 0.000164566
121.724 0.000175491
121.087 0.000189374
121.383 0.000172612
124.693 0.000187237
155.865 0.000165177
