122.594 0.000680917
120.545 0.000992897
121.071 0.00110393
122.975 0.000205967
118.919 0.000950923
121.22 0.00100729
122.457 0.000939235
124.89 0.000941345
126.021 0.000941116
118.596 0.000967322
118.046 0.00110216
121.281 0.00101823
117.744 0.00103849
118.313 0.00104694
119.873 0.00094304
118.307 1.13092e-05
125.075 0.000980011
115.787 0.00109246
120.447 0.000665504
122.945 0.000945599
118.692 0.000983767
115.776 0.000936721
117.914 0.000889587
122.401 0.00101556
122.866 0.000948859
121.675 0.000907219
115.33 0.000537456
125.738 0.000953726
120.916 0.000965943
119.591 0.000963003
122.257 0.000994231
116.271 0.00103682
119.361 0.00107536
121.46 0.000148231
116.771 0.000966193
121.294 0.000943924
116.994 0.000991211
116.956 0.000938766
118.582 0.000933878
120.888 0.000869483
119.985 0.000863744
119.671 0.000985297
118.251 0.000821817
118.095 0.000973223
119.055 0.00107021
118.608 0.000996324
123.925 0.000968266
117.902 0.000945245
115.358 0.00098274
119.835 0.00109513
122.044 0.000891482
121.292 0.000892435
118.42 0.000891654
119.823 0.000987284
120.35 0.00103418
115.807 0.00102034
120.586 0.000963835
120.853 0.000982408
119.636 0.000928277
119.389 0.000933608
124.201 0.000955671
116.722 0.000996257
119.95 0.00107966
119.94 0.00109996
119.289 0.000991561
119.933 0.000911538
120.334 4.71738e-05
122.175 0.000348487
117.017 0.000987621
117.322 0.00109974
119.788 0.000455983
119.839 0.00110926
116.194 0.00100872
119.002 0.00109397
118.167 0.000994229
123.686 0.000464873
118.689 0.000954774
119.326 0.000969606
116.419 0.00103775
118.505 0.00101987
116.105 0.000951862
120.179 0.000935157
119.085 0.000998475
119.471 0.000261639
118.849 0.000958319
120.585 0.000972305
120.705 0.00106382
121.065 0.00109093
118.037 0.000935769
115.853 0.00104063
118.744 0.000949057
121.055 0.000955901
117.549 0.000970914
122.505 0.000969431
118.936 0.000947806
119.664 0.00107106
121.273 0.000967338
119.796 0.000946712
120.007 0.000986002
118.647 0.00107039
118.764 0.000963399
120.904 0.0002832
119.033 0.00107084
120.291 0.000960605
120.976 0.000966432
118.826 0.000980603
124.687 0.00103327
124.886 0.00109203
119.421 0.00109069
120.204 0.000959197
117.301 0.000948714
122.105 0.00101213
118.013 0.000984144
126.289 0.00108628
122.754 0.00095889
121.798 0.000968536
118.778 0.00109812
118.621 0.00103961
115.558 0.000658092
119.778 0.000938441
116.516 0.0010969
120.142 0.000947465
118.592 0.00094808
118.693 0.00110368
118.885 0.000961343
119.398 0.000928128
119.917 0.0010431
125.427 0.000903221
116.02 0.00095016
120.054 0.000749972
116.222 0.00100454
122.183 0.00108851
119.187 0.00101618
119.626 0.00098405
118.663 0.000965808
120.325 0.001057
118.085 0.000985621
119.816 0.000972532
119.896 0.00108653
116.853 0.000883886
117.288 0.000671557
120.192 0.000942856
116.838 0.00102189
118.991 0.000952871
120.491 0.00102235
120.636 0.000894092
121.833 0.00106717
119.31 0.000836744
120.258 0.00107734
116.169 0.00106858
116.375 0.00102862
121.965 0.00098602
120.399 0.00096636
121.363 0.000150178
115.731 0.000953195
119.256 0.000944919
120.255 0.00106906
115.424 0.000974592
118.773 0.000949047
125.1 0.000577002
123.187 0.00125402
118.467 0.000655733
116.334 0.000999465
117.294 0.000980014
118.241 0.000966017
119.139 0.00107569
121.493 1.82931e-05
119.172 4.64282e-05
121.662 0.000978528
121.531 0.000954467
122.242 0.000552589
115.846 0.000995001
121.681 0.000899314
120.416 0.000949665
119.251 0.00107449
119.215 0.00109061
120.496 0.000991259
122.593 0.000970972
116.925 0.000957841
118.96 0.000967355
122.689 0.00100772
115.21 0.000990258
116.615 0.00108832
120.165 2.9883e-05
119.148 0.000957728
121.509 0.00098689
120.625 0.000940364
120.069 0.00099676
116.823 0.000151425
120.636 0.000991095
117.287 0.00093863
117.213 0.000544372
115.069 0.000980226
116.824 0.00101521
117.764 0.000988682
117.542 0.000997863
117.056 0.00113126
117.779 0.0011129
118.757 0.00100452
117.706 0.00122171
119.049 0.000987238
118.959 0.00100202
124.632 0.000951643
119.19 0.00100248
115.665 0.000941927
120.414 2.90829e-05
121.151 0.000832828
121.259 0.000991124
119.537 0.00103975
118.615 0.00104924
115.64 0.000932052
120.687 0.00101665
119.614 0.00108459
119.097 0.000452315
117.897 0.0010288
118.964 0.000948537
117.696 0.00109341
120.246 0.00102172
118.047 0.000966237
117.99 0.000935656
119.103 6.63836e-06
119.699 0.000959457
119.96 0.000102283
118.994 0.00108516
116.722 0.00103071
120.338 0.000971546
116.626 0.000975018
120.414 0.000970731
120.138 0.00105919
118.603 0.000962566
118.432 0.000831231
116.841 0.000946223
122.882 0.00108934
117.575 0.00109224
123.191 0.000896451
118.507 0.00110741
118.277 0.000929064
121.321 0.00100897
119.794 0.000101943
122.707 0.000954459
121.007 0.000745588
118.837 0.00100771
120.02 0.000968395
121.84 0.000922212
121.213 0.000951063
120.488 6.87343e-06
119.425 0.000988704
122.593 0.000952166
120.54 0.00110066
120.724 0.000934494
116.309 0.00088943
120.185 0.0008402
119.498 0.000974304
117.9 0.000953021
118.628 0.000978974
119.945 0.000967357
121.716 0.00105968
118.521 0.00105379
120.82 0.000757371
117.767 0.00103265
121.081 0.000963216
118.825 0.000950135
120.578 0.000954007
119.994 0.000985284
119.604 0.000993017
119.328 0.000642054
119.747 0.00099242
117.59 0.000965993
117.365 0.000910481
116.097 0.000805849
120.054 0.000957727
119.015 0.000946556
118.146 0.00103465
119.662 0.000940196
118.234 0.000285017
123.068 0.00102176
119.412 0.00103692
115.553 0.00100194
119.021 0.000281236
116.466 0.000148081
120.274 0.000946057
121.133 0.000960516
126.597 0.000959821
118.994 0.000950068
116.201 0.000975715
121.039 0.000960866
119.008 0.00110228
119.563 0.00102159
119.974 0.00102395
122.831 0.000903821
124.087 0.000455725
119.29 0.000954116
120.431 0.000802861
125.044 0.000880658
116.492 0.00101277
119.842 0.000981285
118.341 0.000976835
119.598 0.000970284
118.436 0.000958089
116.209 0.00092447
118.301 0.00107981
121.874 0.000666828
116.392 0.000987462
122.008 0.000953725
122.433 0.00107419
119.292 0.000887449
116.874 0.000963314
119.666 0.00106646
119.647 0.00101793
121.389 0.00106753
116.568 0.00104883
123.198 0.00107199
118.459 0.000868069
118.896 0.00107921
118.957 0.000979545
121.666 0.00101094
122.822 0.000998389
119.71 0.000975609
159.172 0.000938647
119.12 0.00105555
118.903 0.00103896
116.416 0.000833204
117.288 0.00103775
118.053 0.00112853
121.057 0.000898527
119.641 0.00095916
122.408 0.000970648
120.685 0.000949951
117.603 0.00105327
120.567 0.000973902
119.301 0.00109103
120.253 0.000367139
123.178 0.000103391
118.821 0.000967764
116.612 0.00110236
118.178 0.00101709
118.107 0.00107083
122.425 0.00107679
121.477 0.000959466
117.933 0.000983856
116.361 0.00100622
116.964 0.000975233
117.148 0.000998963
121.578 0.00101895
116.537 0.000953411
120.727 0.000965724
121.436 0.00109539
122.391 0.0009576
117.651 0.000999078
121.226 0.000939228
121.018 0.00109383
121.99 0.000952565
118.211 0.000985828
121.852 0.000969644
119.054 0.000967181
117.119 0.000955533
118.529 0.000914831
120.113 0.00059824
122.654 0.00095786
119.194 0.000959883
119.348 0.00111461
120.182 0.000955324
120.389 0.000989312
121.205 0.00109472
123.262 0.000959318
116.418 0.00103278
117.237 0.00107805
118.962 0.00106949
115.64 0.000975471
120.836 0.00097766
122.533 0.000655172
115.827 0.00104701
121.102 6.82523e-06
115.636 0.000977817
120.629 0.000967255
121.401 0.000281522
118.148 0.00105207
117.294 0.000877888
120.782 0.00100549
119.928 0.00103083
120.278 0.000960452
118.97 0.000990154
121.971 0.000924287
117.309 6.95327e-05
120.463 2.88154e-05
121.824 0.000962829
121.629 0.000943687
121.457 0.000445029
116.169 0.000952041
119.752 7.09649e-05
119.964 0.000293877
118.978 0.000965562
119.945 0.000958269
119.204 0.000930885
120.124 0.00107013
117.501 0.00102351
123.111 0.00101178
118.362 0.000953888
119.966 0.000992576
120.938 0.000939365
119.574 0.000982868
118.168 0.00074516
118.862 0.000926237
121.421 0.000994562
119.884 0.00099864
117.284 0.000973376
120.366 0.000737917
118.931 0.000956541
116.205 0.00104274
118.134 0.000960714
125.04 0.000656345
120.547 0.00088396
119.262 0.00100189
119.603 0.0010405
118.956 0.000967028
120.483 0.000963296
121.845 0.00103565
120.396 0.000914504
115.017 0.000903563
123.504 0.000943205
119.675 0.000969824
119.49 0.00107787
123.373 0.000985745
120.579 0.000958223
117.788 0.000915815
119.819 0.000941821
118.677 0.000996767
119.636 0.000950403
118.987 6.17804e-07
119.635 0.000970774
115.548 0.00108129
118.93 0.000929534
117.612 0.00101037
119.184 0.000994227
120.764 0.00109754
118.466 0.000944148
120.623 1.92033e-05
117.519 0.000974672
117.8 0.000934197
119.647 0.00097381
120.326 0.001092
123.176 0.000957194
122.023 0.000958485
117.046 0.000749031
118.611 0.00100649
118.65 0.000998613
118.043 0.00107094
117.949 0.000950572
120.563 0.000970473
118.493 0.00100311
118.427 0.000980625
122.997 0.00104486
119.757 0.000910274
118.855 0.000950034
118.117 0.000976805
117.437 0.000990148
119.682 0.00108476
120.971 0.00105172
117.104 0.00112521
120.511 0.000905557
116.894 0.00105361
121.218 0.00107698
120.836 0.000931054
121.548 0.00096491
118.319 0.00097007
166.973 0.00093637
118.437 0.000974681
118.947 0.00110604
118.74 0.00103763
118.189 0.000987442
116.468 0.00076907
121.894 0.000952615
118.012 0.00103735
118.805 0.0010226
117.665 0.00103854
119.319 0.00100865
115.769 0.000986481
117.775 0.000957225
123.854 0.00101706
117.93 0.00103892
123.867 0.000880403
124.026 0.000937107
121.326 0.000208281
122.527 0.00098024
117.979 0.000978146
120.292 0.00102234
121.952 0.000961869
120.193 0.000953852
125.814 0.00113124
119.272 0.000921273
118.031 0.00114002
118.387 0.000756091
120.806 0.000939398
119.755 0.00101537
119.725 0.000939859
116.71 0.00098922
121.035 0.00102961
122.023 0.00103449
122.346 0.00110386
118.744 0.000978751
119.406 0.000950354
121.745 0.000961473
122.718 0.00110581
121.658 0.00107884
119.467 0.000987271
120.519 0.000965267
117.514 0.000992649
121.641 2.90951e-05
120.098 0.000977091
120.936 0.000965901
123.017 0.00107607
118.979 0.000955729
122.436 0.00110213
115.229 0.000931043
120.482 0.000975896
117.31 0.000951216
115.547 0.000967645
119.164 0.000980144
120.432 0.000884528
118.867 0.000102801
117.404 0.0010043
118.26 0.00092984
122.809 0.00107206
122.097 0.000960498
115.907 0.000940677
117.893 0.000967102
120.051 0.000961861
116.681 0.00111076
120.322 0.00101954
118.595 0.000203492
123.009 0.000640199
117.007 0.000102331
120.152 0.000952456
121.495 0.000992661
121.657 0.000971381
119.032 0.000894365
120.095 0.00112174
116.212 0.00102781
116.397 0.0011115
123.101 0.000909097
119.266 0.000951123
119.978 0.0009933
119.747 0.000682174
121.204 0.000954572
115.444 0.00103014
115.631 0.000968925
119.054 0.000948007
116.468 0.000974149
118.207 0.000994637
121.077 0.00094731
119.124 0.000984231
120.651 0.000951778
120.672 0.00100104
118.739 0.00109898
119.861 0.00101266
116.674 0.000965946
119.504 0.00104703
119.471 0.000980523
121.01 0.00100279
118.087 0.000745016
120.731 0.000969939
117.675 0.000954114
116.987 0.000962273
122.037 0.00109457
118.626 0.00110281
119.947 0.00097588
118.667 0.000961336
121.041 0.000945311
118.506 0.000979028
121.853 0.00106181
121.375 0.000280866
118.033 0.000941802
121.255 0.000962776
119.547 0.00100574
120.374 0.000944314
122.437 0.000967183
122.521 0.00109677
120.342 0.000927776
120.969 0.000920527
119.869 0.00108583
117.758 0.000951171
120.237 0.000912946
121.061 0.000951259
119.814 0.00100529
118.89 0.000887853
122.842 0.000366758
120.396 0.00113687
119.6 0.00110619
117.621 0.000855942
116.889 0.00102136
117.671 0.00111403
120.623 0.00104507
121.038 0.000997934
123.785 0.000622022
117.492 0.000995412
121.032 0.000968191
118.131 0.000149746
121.881 0.000929318
121.534 0.000687046
118.675 0.000926622
121.278 0.000889346
119.402 0.000953392
120.055 0.00101554
127.444 0.000379418
122.2 0.000964829
121.303 0.000951466
120.163 0.00108876
120.093 0.000987578
121.764 0.00100179
120.003 0.00111675
118.572 0.000966516
118.566 0.000928935
121.355 0.00101372
124.805 0.000909901
120.099 0.000982549
118.419 0.00097713
119.039 0.00097265
121.315 0.0010416
120.967 0.00100174
115.669 0.000928923
116.698 0.00104663
117.115 0.000566237
115.275 0.000949456
121.645 0.000888012
115.663 0.000283876
121.045 0.00107214
121.092 0.00108566
119.511 0.00103238
120.015 0.000798031
118.513 0.00113206
119.875 0.000645739
115.765 0.00103115
120.821 0.000961634
124.305 0.000965501
123.061 0.000282826
119.956 0.000998095
119.24 0.0010633
116.992 0.000988391
121.182 4.69954e-05
122.873 4.59038e-05
117.733 0.000990418
117.053 0.000964285
117.685 0.000905067
123.115 0.0010188
120.803 1.89387e-05
123.264 0.00103207
120.399 0.000961896
119.82 0.000999021
121.57 0.000918911
119.113 0.000881673
118.217 0.000955134
119.346 0.000964306
120.205 0.00104303
122.724 0.00100101
121.137 0.00097766
121.486 0.000954029
119.444 0.000981014
119.237 0.00112158
115.059 0.000880799
120.562 0.000622436
117.354 0.000637221
119.086 0.00104883
115.092 0.0009678
119.515 0.000954443
119.675 0.000954484
121.251 0.000551012
118.056 0.00093649
118.744 0.000924724
116.513 0.000988182
122.672 0.00102146
120.289 0.00090744
119.314 0.000963183
118.315 0.0011149
117.187 0.00100869
115.791 0.000923805
118.885 0.000104874
117.132 0.00107548
117.5 0.000992969
117.539 0.000983085
123.413 0.000888522
116.733 0.00109973
116.919 0.000987591
122.233 0.00106592
119.149 0.000949956
120.251 0.00101639
115.845 0.00105693
120.886 0.0013497
124.486 4.02198e-06
118.162 0.00100254
119.523 0.000986118
123.156 0.000895373
120.584 0.00104111
120.233 0.00105086
119.725 0.000962475
118.004 0.00105654
120.039 0.00109472
122.226 0.00126242
118.881 0.000816892
117.388 0.000975317
119.176 0.000951257
119.931 0.00110669
122.28 0.000455515
119.969 0.000967206
115.076 0.00105697
117.79 0.000957386
122.629 0.00108266
120.63 0.000980583
116.237 0.000649065
115.285 0.000968864
120.133 0.000976805
119.162 0.000963172
120.364 0.00100205
118.905 0.000793408
121.697 0.000985389
120.075 0.00107359
118.577 0.000835217
116.191 0.000979044
118.669 0.000954601
117.928 0.00112063
119.371 0.00101338
121.437 0.000968544
117.678 0.000984394
124.14 0.00100233
118.556 0.000847709
119.523 0.000967639
121.513 0.000936479
119.785 0.00109946
121.725 0.00109833
120.945 0.000949567
115.965 0.000953888
119.207 0.000994493
120.089 0.000958787
118.441 0.000920732
118.369 0.00108743
119.256 0.000949702
116.141 0.0010249
118.304 0.001012
118.486 0.000842594
116.914 0.000944666
120.408 6.9865e-05
116.474 0.00094094
116.749 0.000943448
119.194 0.00107538
118.302 0.00109667
120.17 0.000967505
119.671 0.000952792
119.486 0.000944751
116.874 0.000982435
115.219 0.00114854
117.684 0.000973359
119.491 0.00103951
122 0.00100294
119.63 0.000821021
117.999 0.000953222
121.896 0.000943348
118.427 0.000956745
118.474 0.000940933
120.182 0.000916756
120.608 0.000962955
117.509 0.00105898
118.832 0.000455497
119.183 0.00106359
116.857 0.00102795
124.419 0.00114441
120.413 0.00094967
122.905 0.00108782
118.357 0.000937044
122 0.00102094
120.721 0.000205199
121.573 0.00109864
120.823 0.000933537
122.41 0.000944052
120.661 0.00099442
116.801 0.000935046
121.466 0.000423779
121.452 0.000967063
120.106 0.00103393
122.326 0.000970805
119.728 0.000938519
120.538 0.0010005
118.679 0.00109796
117.583 0.00104703
116.08 0.0011335
120.745 0.000948096
120.208 0.0009592
121.959 0.000942803
117.064 0.0010988
120.22 0.000952151
118.721 0.000831108
123.554 0.000992438
119.363 4.59181e-05
117.624 4.0366e-06
118.946 0.000995686
119.924 2.85495e-05
119.545 7.06891e-05
119.586 1.09628e-05
120.571 0.000649992
119.743 0.000960458
116.869 0.001024
116.78 0.000987732
119.49 0.000927762
120.461 0.000968989
119.649 0.00106469
120.116 0.00096238
121.934 0.000733751
121.202 0.000946166
118.486 1.08829e-05
115.67 0.000956064
122.4 0.00100396
121.346 0.00055709
120.001 0.00064104
119.874 0.00098642
118.46 0.000982635
124.384 0.000897334
120.899 1.1146e-05
115.795 0.00089197
118.263 0.000981427
118.521 0.000927588
120.615 0.000953466
118.101 0.00104442
120.371 0.000786079
116.335 0.00100699
120.391 0.000956299
121.217 0.000952421
118.787 0.000951304
117.321 0.000902723
120.539 0.000836401
121.861 0.000975784
117.057 0.00102005
120.29 0.000991947
120.723 2.38108e-06
117.977 0.000974627
120.375 0.00095785
119.195 0.00108703
118.368 0.000995165
120.904 0.000949342
121.207 0.000973689
116.719 0.000978674
118.782 9.40814e-07
121.497 0.000955379
115.021 0.00107984
117.313 0.000958073
117.903 0.0011045
120.98 0.00110671
120.287 0.00103005
116.56 0.00100123
115.59 0.000955296
117.591 0.000696444
119.301 0.00095881
121.253 0.000943954
124.92 0.00107413
117.302 0.000954834
119.416 0.00107543
116.153 0.00102608
117.334 0.00108546
121.63 0.000896289
117.236 0.000965209
117.536 0.000900659
122.194 0.000960231
118.511 0.000367417
120.318 0.000979467
122.118 0.000949637
119.901 0.00101789
117.572 0.000903954
115.731 0.000975635
122.242 0.00100456
118.275 0.000944251
118.258 0.00104927
116.608 0.000938979
123.651 0.00099216
119.053 0.00112723
122.07 0.000980742
124.179 0.0011229
120.726 0.00105743
118.237 0.00108584
119.087 0.000945174
121.348 0.000972002
119.992 0.00109677
120.284 0.00108819
118.128 0.000951675
119.626 0.00110986
121.342 0.000960618
119.34 0.000975814
119.432 0.00101287
120.47 0.0010722
118.68 0.000963148
122.217 0.000950387
118.87 0.00101321
116.964 0.000943179
119.674 0.000949619
121.468 0.000978243
121.204 0.000978076
123.644 0.000104909
118.128 0.000966069
118.06 0.00101082
121.842 0.000922099
125.114 0.000963404
115.713 0.000915634
119.75 0.00106162
119.837 0.000987255
115.077 7.18558e-05
121.636 0.000950429
121.478 0.00112034
118.797 0.00107948
119.21 0.000971383
116.015 0.00108286
124.843 0.000954587
122.034 0.000978015
119.197 0.000992454
117.948 0.000947494
119.925 0.00102897
117.132 0.000957471
116.964 0.000981256
116.473 0.000989462
117.125 0.00103812
120.685 0.000948545
120.629 0.000958679
124.806 0.00105348
120.596 0.00097143
120.893 0.000934845
120.815 0.000965553
122.784 0.00093216
117.709 0.00107821
120.713 0.000959406
116.15 1.17673e-05
121.923 0.000967539
119.492 4.62585e-05
116.823 0.00105958
119.826 0.000994249
118.24 0.00106768
116.314 0.00109053
119.425 0.000972054
118.919 0.000946105
120.067 0.000966976
120.032 0.000948577
119.781 0.000893473
120.916 0.000937988
120.515 0.000979166
119.103 0.000861744
119.247 0.0010447
119.36 0.000946162
123.774 0.000924361
117.47 0.000984312
117.004 0.00098555
123.689 0.00112815
117.148 0.000967232
118.342 0.000896453
120.529 0.000983648
120.709 0.00098128
121.175 0.000955468
118.669 0.000968552
120.656 0.000954673
118.206 0.00105342
118.853 0.000983212
120.235 0.000204951
115.369 0.0010582
120.296 0.000970644
119.343 0.00101445
119.15 0.0010082
122.562 0.000150722
124.744 0.000962913
119.257 0.000968941
119.769 0.000996995
119.642 0.000104344
119.601 0.000992328
115.763 1.88607e-05
115.852 0.0010209
118.552 0.000938954
117.493 0.00103233
119.566 0.000959268
119.695 0.00100816
118.984 0.00112708
117.871 0.000837788
119.924 0.00098985
119.505 0.00104809
119.902 0.00098616
115.025 0.000941363
118.957 0.00097921
118.977 0.000998686
115.872 0.00094117
122.684 0.00100692
121.357 0.000961977
118.607 0.000950056
116.431 0.000979029
116.156 0.000978252
120.082 0.000963698
116.496 0.000951283
120.939 0.00109174
116.436 0.000904607
122.585 0.000981176
117.156 0.00102972
120.378 0.000550219
118.008 0.00080955
120.724 0.00100456
121.644 0.000898363
120.569 0.00101634
121.793 0.00102816
118.947 0.00037127
120.996 0.000991901
119.395 0.000988423
120.041 0.00096276
122.723 0.000992063
118.587 0.00102122
117.837 0.000640097
116.935 0.000987699
119.227 0.00109781
115.917 0.00105324
119.904 0.00111003
120.225 0.00107642
120.777 0.00104055
118.575 0.000901937
120.258 0.000448982
117.253 0.000969562
121.662 0.000946703
119.023 0.00109953
119.641 1.39444e-06
119.784 0.00103996
116.942 0.000946114
116.595 0.000935593
116.662 0.00020535
122.85 0.000960405
117.847 0.000990049
120.551 0.000954464
121.105 0.00102738
120.757 0.00102835
120.855 0.000979823
120.375 0.00105382
120.228 0.000955548
119.436 0.00107388
122.084 0.0010002
120.856 0.00108435
115.467 0.000956214
123.086 0.00106526
119.827 0.000975246
115.29 0.000942035
126.082 1.09562e-05
125.066 0.000624024
119.559 0.0010932
121.543 0.000946848
118.99 0.000961154
119.536 0.000953734
123.446 0.00107989
120.83 0.00101424
119.4 0.000829542
119.494 0.000989761
122.791 0.000906933
117.654 0.000992551
119.969 0.0010977
122.091 0.00106241
118.094 0.000942819
119.536 0.00105906
117.345 0.000286557
118.347 7.03494e-05
120.818 0.000956919
125.381 0.000949713
121.367 0.000884839
119.672 0.000956559
120.733 0.00100285
120.612 0.000957159
123.075 0.000999258
118.808 0.00102581
116.455 0.000988514
119.196 0.00091997
120.201 0.000999481
118.974 0.00085666
119.776 0.00109068
121.816 0.000779401
117.392 0.000833915
119.061 0.00093986
115.983 0.00110549
121.127 0.000721531
119.757 0.000104765
119.361 0.000456692
119.728 0.00106893
120.604 0.0009951
120.325 0.00093823
120.469 0.0007345
118.431 0.00108405
120.953 0.000925914
121.15 0.000956348
120.468 0.00055251
122.513 0.000962959
117.3 0.000999128
123.236 0.000885785
117.679 0.000972674
118.795 0.000987018
121.32 0.000958682
121.601 0.000937148
117.028 0.001057
120.87 0.00107494
120.742 0.000987606
119.098 0.000963459
118.762 0.000979218
119.444 0.000946425
117.108 0.000908784
116.696 0.00106468
116.255 0.000938291
117.669 0.000948828
118.878 0.00112277
120.462 0.00094033
122.079 0.000998306
121.033 0.00107899
120.113 0.00064847
116.562 0.000952182
120.774 0.000953855
116.03 0.000957487
119.561 0.000854726
118.605 0.000979881
121.408 0.0010991
115.458 0.000892446
118.408 0.000992146
117.769 0.00101936
119.463 0.000976443
119.94 0.00106121
122.511 0.00112049
120.335 0.000148706
119.291 0.000954967
116.408 0.00109132
115.106 0.000959509
118.802 0.00101447
117.168 0.00097139
117.196 0.000998984
118.724 0.00084494
118.089 0.000982734
119.086 0.00106272
118.253 0.000951224
117.448 0.000895235
119.367 2.86154e-05
123.981 0.000937402
119.482 0.000980652
122.732 0.00109542
121.692 0.00106144
121.797 0.000961389
119.076 0.00101584
122.796 0.00106579
117.098 0.000898235
121.517 0.000960822
120.402 0.000905364
116.303 0.000545786
120.893 0.000976501
119.867 0.00107746
119.528 0.0010353
116.446 0.000940408
120.441 0.000969335
119.21 0.00092255
119.815 0.00108067
119.089 0.00109027
118.587 0.00105654
121.445 0.000937622
120.975 0.00111913
119.022 0.00106819
116.564 0.000955146
119.803 0.00109071
120.273 0.000986509
121.899 0.000967061
115.764 0.000760529
118.325 0.000967353
122.388 0.000981063
115.29 0.00100058
122.506 0.000953837
115.82 0.00109785
120.637 0.000647721
116.442 0.000940829
118.922 0.000966017
118.589 0.00108054
120.99 0.000891683
124.715 0.000902298
119.31 0.000986203
119.984 0.00103194
118.404 0.0010929
120.188 0.000916831
119.555 0.00103363
118.411 0.00109893
115.487 0.00101337
120.346 0.000949206
117.63 0.00111673
122.88 0.000786229
117.896 0.000956023
119.286 0.000956519
121.785 0.00101959
117.457 0.000986173
118.452 0.000990835
122.46 0.00109893
117.673 0.00109666
119.339 0.000942834
120.087 0.000980921
121.561 0.000204038
120.278 0.0010021
120.807 0.000864571
118.16 0.00097307
121.039 0.000940412
123.019 0.000818031
118.343 0.00100366
122.076 0.000987611
117.75 0.00109226
115.681 0.0010213
117.81 0.000997233
118.781 0.000965555
120.525 0.00108072
120.463 0.000960312
115.82 0.00110202
120.433 0.000957728
121.218 0.000949752
120.425 0.000998494
118.938 0.000941753
120.8 0.000725683
120.297 0.000474721
116.888 0.000914655
123.511 0.000935314
115.255 0.000893078
122.476 0.000958753
116.144 0.000962819
117.211 0.00101572
120.952 4.02276e-06
120.513 0.000993063
120.828 0.000958104
115.716 0.00102625
121.757 0.000957845
121.341 0.00100833
120.277 0.00108822
121.91 0.000840344
121.859 0.000936039
118.205 0.000943778
120.548 0.000958885
117.687 0.00107897
120.263 0.00103914
117.522 0.0010862
118.689 0.00102607
124.189 0.000958416
117.255 0.00103337
120.904 0.000947179
135.268 0.000824382
123.605 6.7101e-06
121.823 0.000930648
119.936 0.00102039
120.522 0.000950562
122.895 0.000378836
121.769 0.000947423
118.213 0.00100629
119.035 0.00103266
116.6 0.000471876
115.533 0.00099788
122.649 0.000996853
120.984 0.000738717
117.672 0.000915789
120.138 0.000922228
118.55 0.001023
117.619 0.00107305
120.553 0.000952836
116.075 0.00100058
125.77 0.00102124
120.19 0.000649044
123.295 0.000871333
119.89 0.00106419
119.684 0.0010647
118.171 0.00101984
119.508 0.00107482
119.817 0.000971362
119.047 0.000968932
118.14 0.000965921
120.417 0.00108125
119.054 1.8303e-05
120.531 0.00102751
121.255 0.00097034
120.918 0.000957447
121.111 0.000929173
120.711 0.000941019
122.08 0.000963728
120.253 0.000953516
121.2 0.000978392
121.017 0.00102159
120.785 0.000955643
115.747 0.000970396
118.199 0.000797328
118.611 0.000984361
120.492 0.000974545
119.376 0.00100985
119.604 0.00108151
118.844 0.00100248
119.999 0.000949875
120.437 0.00109307
119.298 0.0011017
116.787 0.000951513
124.768 0.000981734
115.277 0.000950274
119.154 0.000967447
118.169 0.000979206
118.22 0.000953717
120.148 0.00109822
116.951 0.000979186
119.273 0.000950796
116.769 0.000995911
120.381 0.000868457
118.752 0.000993831
117.378 0.00103163
115.471 0.00108096
116.621 0.000943791
119.225 0.00107294
118.56 0.000950132
124.917 0.000982801
116.867 1.82287e-05
120.554 0.000962693
116.375 0.000995334
119.288 0.000953849
122.368 0.00099123
120.076 0.001
118.524 0.00111028
116.802 0.000937326
120.262 0.000949223
119.314 0.000951062
125.104 0.000960392
119.935 1.11317e-05
121.797 0.000206892
121.911 0.000806457
123.068 0.00109271
121.488 0.00105577
118.247 0.00103913
120.193 0.00100637
115.774 0.00101459
120.861 0.000918889
121.107 0.000959906
118.87 0.00101136
118.988 0.000980047
118.798 0.00108956
119.446 0.000967073
121.302 0.00110255
116.614 0.000966402
120.945 0.000448723
119.194 0.000973566
116.642 0.000965056
120.02 0.0010848
119.677 0.00110062
120.214 0.000957272
119.208 0.000975582
120.716 0.00106548
116.911 0.000958962
118.734 0.000750366
119.82 0.0010896
121.86 0.000959815
117.857 0.00108459
122.139 0.0010692
120.065 0.000988864
120.471 0.00100447
119.491 0.000990109
118.374 0.00105689
118.305 0.000956032
118.95 0.000875191
119.041 0.0010704
116.129 0.00103934
120.375 0.000744709
121.338 0.000976254
123.561 0.000956205
120.733 0.000959025
120.543 0.000980033
123.113 0.000919581
120.144 0.000955968
117.024 0.00111549
116.332 0.00095487
117.981 0.000637001
119.465 0.000982519
119.476 0.00112639
121.584 0.00101236
117.746 0.00102144
121.051 0.000985112
118.182 0.00100048
122.67 0.000646244
119.774 0.000967488
119.851 0.000993213
121.517 0.000981241
120.61 0.000947016
119.195 0.000968017
120.968 0.00100975
118.566 0.000338418
118.144 0.000991269
122.373 0.00107948
115.683 0.00098383
116.542 0.000997393
118.669 0.00097238
118.886 0.000949496
119.448 0.00108493
122.415 0.000983157
120.706 0.00108078
117.505 0.00107515
122.119 0.000974305
119.914 0.000970564
121.925 0.000979876
116.075 0.000206852
118.856 0.000944978
119.93 0.000991537
119.611 0.00104412
118.971 0.000876811
118.176 0.00096161
120.171 0.000459679
118.999 7.2046e-05
124.264 0.00102192
119.541 0.000897903
115.31 0.000945639
120.979 0.00104806
118.666 0.00109249
115.426 0.00111945
119.176 0.00106843
120.53 0.000939898
119.773 0.00101098
121.095 0.000990802
120.172 0.00108988
119.004 0.00106768
117.128 0.000921406
118.769 0.00109603
121.797 0.000895704
125.377 0.000949483
116.36 0.00100451
115.663 0.00101574
118.313 0.000999479
117.743 0.000954332
119.188 0.00104134
119.625 0.00113956
118.165 0.000901026
120.11 0.000103448
119.568 0.000965534
116.003 0.000979346
121.544 0.000954365
118.931 0.00106221
118.527 0.000825666
119.579 0.0001065
117.833 0.00109356
119.248 0.000536868
119.333 0.000970509
121.977 0.000955052
117.466 0.00105252
117.763 0.000563912
121.804 0.000453313
116.543 0.00104501
120.284 0.000958103
120.344 0.00109138
120.035 0.00101579
118.196 0.000948109
120.015 0.000992002
120.198 0.000946755
118.033 0.00093379
119.314 0.000964934
120.331 0.00107935
121.461 0.000892101
120.432 0.00101962
118.979 0.00105142
119.27 0.000952455
116.096 0.000909623
120.559 0.000964533
123.049 0.00101014
119.661 0.000961332
122.32 0.000517866
118.606 0.00107829
120.041 0.000944599
118.2 0.00109897
117.526 0.000967286
121.986 0.000891767
124.494 0.000819547
119.694 0.000991297
122.395 0.00089603
120.577 3.03021e-05
118.837 0.00100725
121.215 0.000208128
116.712 0.00100796
120.631 0.00095803
120.062 0.00097972
120.689 0.00096282
118.779 0.00106417
122.13 0.000972273
120.83 0.00102153
118.376 0.000997495
118.512 0.000956398
115.686 0.000971066
119.359 0.0010008
120.144 0.00101912
117.498 0.000952444
121.98 0.000981341
126.484 0.000973262
121.284 0.0009529
119.277 0.00100613
120.334 0.000940334
119.648 0.00102363
120.634 0.000970775
116.947 0.000971997
121.624 0.000957154
123.949 0.000988052
118.942 0.00103205
116.299 0.000743231
116.616 0.00109896
122.077 0.000968153
117.752 0.000959469
115.262 0.00106373
121.865 0.00106865
115.927 0.000927242
121.742 0.000958736
121.414 0.000929787
122.82 0.00106769
121.143 0.0010911
119.102 0.000976869
123.545 0.00101351
119.938 0.00114163
120.345 0.00107399
120.732 0.0010033
123.224 0.00091646
116.037 0.00109774
116.393 4.75328e-05
119.647 0.000941864
116.169 0.00107718
120.095 0.0010815
122.331 0.001038
119.782 0.00100597
121.82 0.0010293
116.561 0.00103968
118.102 0.00110562
118.304 0.000949544
121.255 0.00096483
122.721 0.000980779
116.482 0.000950086
121.625 0.000279508
115.856 0.000916879
119.775 0.000999813
121.109 0.00109577
122.614 0.000958905
119.1 0.000968363
121.122 0.000904221
120.655 0.000945804
120.099 0.00095223
120.082 0.00112232
115.089 0.000963863
120.278 0.000911006
115.622 0.000997049
120.644 0.00089701
115.637 0.000908947
118.552 0.000937921
120.244 0.000971614
117.783 0.00101878
118.833 0.000940044
115.287 0.000949882
120.312 0.00107508
119.81 0.00074241
123.092 0.000949068
119.09 0.00095453
120.238 0.0010071
120.083 0.00104173
119.146 0.000974094
124.778 0.00108166
119.617 0.00100063
116.683 0.00104329
119.105 0.000982924
123.159 0.00098843
119.333 0.0010026
124.078 0.000966141
119.433 0.000942514
120.518 0.000982803
119.208 0.000890927
120.948 0.00106166
118.215 0.0009957
121.359 0.000206985
117.568 0.000944194
120.434 0.000968656
119.553 0.000959609
118.727 0.00107367
115.615 0.000943242
117.327 0.000967767
119.551 0.000945362
121.162 0.000966785
116.939 0.00101653
120.351 1.38672e-06
119.608 0.00108008
120.898 0.000988928
119.244 0.000951215
121.326 0.00100317
120.725 0.00108133
121.24 0.000936306
118.278 0.000695568
120.741 0.000930445
120.321 0.000953739
123.521 0.000960973
117.866 0.000992299
118.948 0.00108916
118.943 0.000931677
120.37 0.000996871
122.475 0.00097479
118.983 0.000895802
119.661 0.000994151
121.116 0.00107649
118.689 0.0009522
122.782 0.00108006
121.832 0.00100109
118.315 0.00106893
123.559 0.000958142
121.678 0.000285105
123.565 0.000955615
116.66 0.00103033
118.3 0.000978708
118.455 2.78623e-05
119.246 0.00101516
121.196 0.000976216
121.29 0.000996085
120.275 0.000960451
118.913 0.000948146
121.536 0.000985754
115.495 0.000877594
116.477 0.0010392
119.238 0.000977097
117.63 0.000945015
119.964 0.000928156
120.699 0.000965223
116.728 0.00101806
118.562 0.000933352
120.665 0.000943465
121.849 0.000965699
124.507 0.00103739
120.21 0.00103044
119.663 0.00100797
122.159 0.000967734
120.724 0.000990152
119.43 0.000280049
116.479 0.00102679
119.489 0.000391354
120.486 0.00102191
125.786 0.000455885
118.863 0.000942943
122.248 0.00103276
116.728 0.000939307
120.88 0.000997613
121.231 0.000936049
121.749 0.00095622
118.541 0.0009521
121.455 0.000931496
124.229 0.00101028
117.754 0.000956106
120.696 0.00109506
118.738 0.00100024
119.944 0.00114478
116.896 0.00110203
119.59 0.000947504
120.601 0.000877865
115.654 0.000951629
116.444 0.00103732
116.564 0.00103382
120.461 0.00109226
120.249 0.000971515
117.042 0.00106297
121.732 0.00103224
121.507 0.000973305
121.126 0.000147796
118.333 0.000954185
118.117 0.000948645
119.205 0.000998747
117.099 0.000987789
123.054 0.00108039
118.525 0.000955103
115.742 0.00100407
120.763 0.000928706
121.769 0.000980858
119.059 0.00101326
119.632 0.00100174
122.931 6.53405e-05
119.962 0.000954071
116.236 0.000988997
116.612 0.00107854
118.468 0.000959661
121.711 0.000992185
