128.3 0.000283624
128.928 0.00034145
130.27 0.000323171
127.776 9.49444e-06
133.725 0.000365955
131.027 0.000336902
125.65 0.000307477
127.189 0.000280578
127.515 -0.0003403
127.098 0.000338485
130.054 0.000331861
130.785 -0.000329024
131.826 0.000158213
126.324 0.000333685
123.659 0.000285328
127.271 -8.48979e-05
127.42 0.000373008
128.747 0.000335016
130.55 0.000130163
122.753 0.000307814
130.721 0.000376109
129.751 0.000328278
127.444 0.000386113
131.018 0.000364546
128.843 0.000334466
118.587 0.000156769
121.768 0.000319291
131.926 0.000312489
130.491 0.000325785
129.012 0.000325659
130.431 0.000330387
129.254 0.000338722
132.549 2.38604e-05
131.043 0.000387031
130.423 0.000371945
122.218 0.000345279
128.518 0.000339376
130.467 7.74706e-07
129.588 0.000351399
125.497 0.000333191
128.65 0.000352884
132.781 9.70016e-05
130.643 0.000306491
129.142 0.000347246
129.941 0.000342404
130.917 0.000275737
130.149 0.000224885
131.126 0.000329208
125.62 0.000327208
131.223 2.49554e-05
128.736 0.000326616
130.386 0.00033639
129.302 0.000308769
126.189 0.000305678
128.522 0.000258604
129.266 0.000303052
127.342 0.000331468
131.824 0.000322204
126.882 7.01952e-05
131.688 0.000370767
131.671 0.00037198
127.741 0.000370312
139.35 0.000298293
131.845 0.00033901
129.546 0.000360215
129.6 0.000342542
128.248 0.000377858
129.328 0.000322559
130.927 0.000342696
129.838 0.000344346
127.657 0.000222691
116.465 0.000331224
129.04 0.000335716
128.58 0.00036486
133.926 0.000322259
128.912 0.000334198
126.38 0.000334095
130.835 0.000324223
115.483 0.0003368
133.485 0.000328128
131.488 0.000358859
120.693 0.000322955
129.659 0.000325392
159.982 0.000346268
127.224 0.000325139
129.531 0.00034073
129.352 0.000361425
129.094 0.000365473
130.605 0.000323686
131.286 9.52694e-05
122.246 0.000306704
128.018 0.000337687
132.151 0.000367459
128.514 0.000323646
128.723 0.00033101
124.501 0.00033822
128.568 2.28529e-06
131.999 0.000299777
128.529 0.000330593
131.106 0.000330036
129.437 0.000376026
128.18 0.000339175
129.26 0.000376306
129.913 0.000327798
129.847 0.000323604
128.747 0.000322783
129.037 0.000337546
130.234 0.000322194
125.624 0.000324144
130.118 0.000365517
133.081 0.000310862
125.572 0.000328206
125.093 0.000156141
129.7 0.000332389
132.76 0.000495072
125.078 0.000539606
119.531 0.000558917
130.226 0.000548362
129.175 0.000588973
128.178 0.00061039
126.88 0.000592431
125.771 0.000533278
130.611 0.000604564
118.739 0.000506909
131.985 0.000539351
133.821 0.000593698
131.723 0.000538077
124.316 0.000542443
130.642 5.09697e-07
128.506 0.00055762
128.091 0.000508007
124.577 0.000555003
132.59 0.000613323
127.22 0.000539888
128.429 0.000536759
129.135 0.000538507
129.008 0.000554707
115.046 0.000585649
131.155 0.000546199
131.465 0.000555012
117.738 0.000255027
126.702 -0.000561802
128.575 0.000544802
129.73 0.000553435
131.23 0.000521195
129.145 0.000562932
128.505 0.000602931
129.895 0.000534825
128.089 0.000543637
130.472 -0.000568513
135.013 0.00055558
129.152 0.000540459
127.425 0.000418425
130.289 0.000409576
130.256 0.000553505
127.885 0.0005715
131.583 0.000562318
129.767 0.00054521
128.267 0.00053655
128.21 0.000538089
129.944 0.000604178
131.983 0.000576103
130.001 0.000511602
130.07 0.000523086
127.586 0.000510393
130.538 0.000537431
122.474 0.000532904
146.057 0.000363085
122.995 0.000537872
130.532 0.000547522
123.667 0.000528124
131.374 0.000554817
128.448 0.000595278
131.102 0.000549022
129.346 0.000612474
130.198 0.000538173
128.762 0.000547317
128.344 0.000533861
127.312 0.000608443
133.199 0.000543224
129.09 0.000533021
129.216 0.000254604
133.932 0.000512534
129.763 0.000206447
122.435 -8.50176e-05
129.239 0.000543727
130.011 0.000594483
128.696 0.00057847
128.744 0.000536812
128.731 0.000522621
129.864 0.000554781
127.989 0.000499065
128.907 0.000545614
127.294 0.000535643
131.845 0.000158047
128.814 0.000514146
131.779 0.000567554
125.719 0.000366107
127.972 7.90216e-07
129.724 0.000602853
131.076 0.00057546
131.369 0.000592036
118.919 0.00059086
126.522 0.000551099
130.141 0.000531524
128.49 0.00030919
129.874 0.00053524
133.907 0.000542089
127.402 0.000603086
115.02 0.000574724
