124.171 0.000179217
138.974 1.73128e-06
122.95 0.000136002
124.184 0.000159674
151.27 0.000164244
126.116 0.000159207
169.387 0.000158781
120.698 0.000154221
130.465 0.000161097
124.416 0.000175546
142.582 0.000179505
159.276 0.000153458
120.975 0.000180429
159.055 0.000172847
124.268 0.000148202
124.325 0.00018029
125.298 4.66825e-05
122.575 0.000157643
141.246 0.000172276
119.989 0.000158419
123.977 0.000165541
116.608 0.000170289
121.319 0.000169212
128.7 0.000187383
130.999 0.000173816
119.174 0.000162018
169.477 0.000160635
129.758 0.000161431
126.383 0.00016409
118.763 9.16639e-05
125.237 0.000162025
122.585 0.000162597
119.463 0.000188895
120.611 0.00018141
123.505 0.000136671
143.048 0.000158549
142.266 0.000165543
124.612 0.000172109
115.751 9.53171e-05
135.795 0.00016242
126.14 0.000159097
129.397 1.49725e-07
130.64 0.000171261
125.713 0.000173175
126.702 0.000159293
120.518 0.000166967
122.86 0.000162364
123.601 0.000173099
126.335 0.000161851
121.104 -0.000208486
152.012 0.000183412
119.741 0.000172363
126.842 0.000179718
143.4 0.000173561
125.731 0.000171402
143.191 0.000150542
125.929 1.02615e-07
120.553 0.000171777
124.459 0.000136604
128.69 0.000160626
124.886 3.11809e-06
127.072 0.000172449
124.827 -0.000186085
127.217 0.000150865
129.457 0.000160973
124.349 0.000147012
125.472 7.59191e-05
124.239 0.000164084
118.279 0.00016545
123.327 0.000163634
117.427 0.000137675
119.952 8.91096e-05
116.883 0.000160397
164.505 0.000155758
158.087 0.000157289
118.441 0.000184463
122.592 0.000174754
121.818 0.000159916
126.744 0.000165482
124.082 0.000152381
125.277 0.000184266
158.423 0.000156047
167.018 0.000160615
156.878 0.000167164
121.72 0.000168638
135.058 0.000180722
124.777 0.000159662
125.214 0.000155013
142.724 0.000158082
121.804 -3.35025e-05
168.798 0.000156497
152.543 0.000158947
126.862 0.00015895
121.658 4.67833e-05
129.503 0.000158715
151.322 0.000158517
124.595 0.000172686
167.492 0.000181345
124.384 0.000124956
126.684 0.00016437
125.695 0.000167515
117.295 0.000164413
120.957 0.000174389
133.354 0.000165251
125.928 0.000167261
148.124 6.13984e-05
123.305 0.000155425
128.746 0.000157421
116.353 0.000145426
138.985 0.000128418
125.912 0.000149835
124.561 0.000167751
131.691 0.000161055
123.377 0.000161029
134.691 7.4804e-06
135.159 0.000164713
149.988 0.000188663
126.262 0.000156568
121.904 0.000167661
126.452 2.85886e-06
125.91 0.000164895
127.011 -0.000179278
156.92 0.000159854
123.989 0.000162391
122.074 7.83127e-05
123.937 0.000164283
128.976 0.000152538
125.552 0.000159505
126.08 0.000150696
127.715 7.0198e-07
121.723 0.000150291
156.567 0.000160175
124.449 0.000182644
121.718 0.0001674
122.289 0.000161799
124.639 0.000164661
121.067 0.000163995
126.921 0.000165776
125.572 0.00016558
117.419 0.000157081
119.977 0.000168647
124.465 0.000160707
139.83 1.19722e-05
115.882 0.000164035
125.953 0.00015664
122.151 0.000161855
123.761 0.000154395
123.792 0.000164953
127.051 0.000137325
125.225 0.000164632
125.08 1.17497e-05
133.858 0.000133564
127.538 0.000181317
124.166 0.0001569
122.881 2.4872e-05
125.774 0.000157513
124.556 0.000150212
126.907 0.000161259
129.055 7.12211e-06
124.415 0.000150719
148.789 0.000170532
121.78 0.000159474
123.351 0.000171547
155.215 0.000165598
121.951 0.00015629
166.952 0.000158574
124.814 0.000159216
125.528 0.000166076
124.354 0.000162627
167.33 0.000160253
123.551 0.000182639
146.696 0.000122514
122.229 1.12421e-07
118.676 0.000175303
124.886 0.0001639
123.873 0.000165035
126.356 -0.00017065
137.588 0.000167146
121.348 0.000184664
126.148 0.00015828
137.646 0.000150384
125.579 0.000171562
115.159 0.000159519
123.907 0.000164057
122.346 0.000160377
126.009 0.000154417
164.055 0.000170846
145.484 4.01428e-07
126.415 0.000166173
125.561 0.000159577
125.603 0.000169214
121.36 0.000167008
122.195 3.46698e-05
133.271 0.000167853
118.605 0.00012381
148.049 1.74573e-05
123.393 0.000108831
119.847 0.000179664
123.927 0.00016024
122.845 0.00018067
127.758 0.000162099
122.636 0.000166609
138.086 0.000148362
123.438 0.000161047
125.533 0.000163821
123.284 0.00016145
128.042 0.000176949
141.122 4.83733e-06
127.475 0.000165886
123.767 0.000168192
152.704 0.000178002
126.623 0.000161582
124.123 0.000160076
127.778 0.000159922
163.499 0.000187421
143.34 0.000178928
141.598 8.16992e-05
121.508 0.00018218
124.864 0.000153197
125.337 0.000154637
124.382 0.000170062
152.414 0.000160666
148.228 0.00018163
167.002 0.000157826
126.105 0.000158976
125.042 -0.000177653
121.6 2.43772e-05
122.505 0.000170691
141.284 0.000165942
126.177 0.000159483
122.945 0.00018272
126.24 0.000160297
123.704 0.000156437
124.186 0.000157249
151.769 0.000162314
126.239 0.000153214
119.389 0.000162324
125.057 0.000157038
123.468 0.000160242
158.171 0.00016704
121.262 0.000162758
115.573 0.000175524
128.465 0.000163788
139.101 0.000161145
122.819 2.48723e-05
158.804 9.33124e-05
123.739 0.000164115
151.389 0.000161964
123.257 0.00016198
168.486 9.46748e-05
123.696 0.000150883
125.785 0.000159989
121.072 -0.000164689
135.914 6.31979e-05
116.646 0.000165294
167.499 0.000180463
122.78 0.000127966
127.919 0.000155536
125.106 0.00016056
123.532 0.000183773
118.76 0.000187577
123.103 0.0001631
121.273 0.000136743
143.04 0.000153263
123.003 0.000154845
168.566 0.000164809
128.081 0.000155937
122.987 0.000159495
154.532 0.000161066
118.935 0.000160398
139.098 0.000168236
120.521 0.000162889
124.205 0.000158117
167.809 0.000160365
127.191 0.000166269
125.645 9.43647e-05
130.464 0.000164851
129.248 0.000160945
125.578 0.000160542
164.946 0.000160865
127.837 0.000168171
154.098 0.000150988
153.452 0.000154873
150.09 0.000163671
122.165 7.36596e-06
128.476 0.000165736
123.625 0.000159652
132.203 0.000155842
123.189 0.000159713
134.06 0.000173027
163.219 0.000163546
125.108 0.00019037
125.296 0.00015838
153.204 0.000163593
125.632 0.000168565
122.779 0.000165442
122.365 0.000170025
118.764 0.000169436
120.477 0.000166292
122.354 0.000159614
155.896 0.000175661
124.11 0.000161974
147.661 0.00016048
164.502 0.000155449
134.211 0.000145453
139.964 0.000165098
124.988 0.000185153
124.964 -0.000167903
124.861 0.000158275
148.142 0.000167007
124.974 -1.73837e-05
166.331 0.000154678
125.213 -0.000167634
121.472 0.000155845
150.379 0.000164758
169.786 0.000166363
115.877 0.000165762
124.92 0.000166464
118.265 3.52145e-05
141.994 0.000157234
128.629 0.000170964
169.763 0.000165576
125.685 0.00016886
125.574 0.000141026
122.084 0.000129362
123.778 0.000163907
125.01 0.000180551
123.803 0.000153734
120.441 0.000173351
152.3 0.000167089
166.032 0.000160937
125.462 0.000167961
125.443 3.4597e-05
125.414 0.000186012
124.204 0.000182377
127.408 0.000169484
126.252 0.000184916
123.116 0.000164384
126.401 0.000146422
128.751 0.000158436
123.98 0.000157894
145.934 0.000159356
127.233 1.83087e-05
123.409 0.000109751
169.312 0.000173852
122.612 0.000156405
118.215 0.000169158
120.491 0.000185423
116.214 0.000182832
118.555 4.61983e-05
117.037 0.000148086
123.033 0.00016122
123.775 0.000182451
161.291 0.000160635
161.504 0.000162047
126.139 0.00015707
124.645 0.000156929
124.001 0.000166382
123.532 0.000175719
128.816 0.000174991
167.263 0.00016482
123.274 0.00018905
140.436 -0.000177433
123.244 0.000168801
128.657 0.000156391
161.327 0.000149751
117.957 0.000165706
125.179 0.000178833
127.687 9.50592e-05
117.566 0.000165843
120.783 0.000162636
124.899 0.000162155
121.736 0.000160259
126.881 0.000165163
117.78 0.00015464
117.418 -0.000166564
160.803 0.000163313
120.829 0.000187408
125.005 0.000107744
124.268 0.000180394
117.997 0.000167301
128.207 0.000165475
125.491 3.50911e-05
124.033 0.000107485
118.054 0.0001594
121.034 0.000159818
127.908 0.00016092
163.31 0.000172357
132.971 0.000107385
124.299 0.000175337
121.401 0.000107692
136.785 0.00016465
121.598 0.000165936
151.01 0.000165128
143.424 0.000160078
120.172 0.000178774
130.953 0.000181192
122.508 0.000152941
125.41 0.000174663
124.937 0.000158789
127.502 0.000131848
121.391 0.000165321
119.672 0.000156694
134.91 -0.000155581
124.254 0.000182516
118.552 0.00012558
126.187 0.000183465
138.102 0.00017871
122.437 0.000167629
160.315 0.000138652
139.011 0.00018182
126.201 0.000164389
124.809 0.000149104
139.42 0.000156979
123.574 0.000165674
124.162 0.00016747
169.557 0.000161623
131.705 0.000165253
121.792 0.000186941
126.25 0.000158919
124.18 0.000166969
122.754 0.000139571
119.708 -0.000175175
124.964 0.000164344
124.69 0.000182213
123.17 0.000158532
125.584 0.00016506
121.375 0.000174418
142.785 0.000148999
120.552 0.000152513
160.754 0.000163889
123.459 0.000177214
124.096 0.000158651
126.161 0.00018699
125.902 0.000164605
118.545 1.16989e-05
164.372 0.000169658
150.294 0.000157061
122.258 0.000159146
122.348 0.000154161
167.018 0.000141405
124.823 0.00017813
154.248 0.000182949
124.43 0.00012194
137.75 0.00016401
127.395 0.000163032
167.072 0.000161198
156.54 0.000178102
127.692 0.00015751
133.254 0.000158171
121.463 0.000164135
121.723 0.000170083
124.115 0.00018264
166.471 0.000123752
125.004 0.00015824
118.218 0.000169048
126.208 0.000157007
151.253 0.000108278
124.158 0.000172059
126.341 0.000160506
122.654 0.000173076
122.763 0.000165106
120.665 0.000181367
121.521 3.45718e-05
123.992 0.000157212
125.352 0.000163152
140.417 0.000179739
123.216 0.000172274
116.172 0.000148228
124.338 0.000165405
118.391 0.000169106
123.004 0.000166285
125.235 0.000166755
123.128 0.000170039
137.61 0.000184018
124.338 0.000164942
164.003 0.000184298
136.928 0.00015838
120.904 0.000163557
124.727 0.000171393
148.067 0.000160133
129.702 4.83138e-06
168.49 0.000185806
128.579 0.000151944
162.348 0.000158139
143.39 7.8766e-05
123.579 0.000160402
126.681 0.000158946
123.045 7.64089e-06
124.614 0.000178995
155.068 0.000180928
163.692 0.000183925
121.187 0.000162316
169.827 0.000164279
159.179 0.000185428
124.289 0.00018837
124.128 0.000167051
126.704 0.000110656
124.496 0.000165495
121.576 0.00021379
139.735 0.000168804
158.416 0.000156384
127.472 0.000166205
121.305 0.000160506
169.206 0.000168635
124.197 0.000162739
125.894 0.000183644
121.399 0.000122622
143.557 0.000136031
125.813 0.000181896
156.665 0.000147677
124.055 0.000166034
134.562 0.000181888
122.54 0.000183355
125.571 0.000139204
118.038 0.000160785
117.313 0.000159483
121.538 0.000169828
143.295 1.64104e-05
142.654 9.14494e-05
121.689 0.000166398
124.497 0.000178297
163.055 0.000156653
121.357 0.000167875
125.117 0.000137829
121.995 0.000166082
126.465 0.000162001
125.848 0.000160843
154.212 0.00017741
130.223 0.000160336
125.914 0.000169805
148.626 0.000170758
128.929 0.000163528
122.732 0.000177414
125.079 0.000153424
125.469 0.000170973
120.87 0.000181249
124.794 0.00017846
142.242 0.000160013
123.194 0.00018368
123.349 0.000183385
156.184 0.000160522
127.23 0.000151559
115.471 0.000165873
117.597 0.000183599
125.009 0.000157497
123.419 0.000163851
124.151 0.000181343
138.745 0.00016958
125.559 0.000168997
115.339 0.000181719
123.488 0.00016247
118.195 0.000163674
138.276 0.0001621
125.521 0.000161086
168.699 0.000161043
122.693 0.000185418
127.45 0.000135141
122.486 8.29267e-05
133.945 -0.000172694
120.937 0.000156385
120.758 0.000158229
124.298 4.87378e-05
167.83 0.000165905
163.219 0.000168034
123.059 0.000185504
128.262 0.00018098
124.204 0.000173911
120.869 0.000153687
127.632 0.000184403
118.521 0.000178487
124.363 0.000166177
167.437 0.000172504
125.209 -0.000161692
123.978 0.00015511
125.09 0.000169316
142.179 0.000162117
125.953 0.000156654
121.375 0.000179765
122.579 0.00015879
126.985 0.000161124
151.866 0.000151935
126.542 0.000154739
118.657 0.000181173
120.149 0.000158613
124.609 0.000155309
121.049 0.000160952
122.819 0.000152426
126.333 0.000155289
116.353 -0.0001758
125.401 0.000179119
125.967 0.000162244
131.453 0.000159081
126.725 0.000186375
120.359 0.000182654
121.75 0.000185125
124.239 4.8249e-05
134.538 0.00015924
141.442 0.000172479
127.091 0.000161119
153.366 0.000159326
122.428 0.000180154
125.311 0.000147943
122.884 0.000164233
126.264 0.000178851
121.703 0.000173547
133.856 0.000169922
123.46 0.000161106
123.116 0.000169723
125.76 0.000151238
153.025 0.000182193
120.087 0.000180641
154.926 0.00015824
125.712 0.000182575
125.614 0.000162127
124.966 0.000175549
127.657 0.000158866
116.986 0.000158296
121.169 0.000154628
123.215 0.00016274
125.868 0.000166941
133.979 0.000160441
153.687 0.000160892
117.765 0.000168251
123.316 0.000173448
121.803 0.000162045
126.332 -0.000174181
123.086 0.000166558
152.965 0.000164355
123.509 0.000158934
130.161 0.000165864
155.927 0.000184098
124.773 0.000173984
118.697 0.000158684
126.628 0.000161478
122.307 0.000158247
124.075 0.000162187
126.352 0.000138102
160.603 0.00017423
125.142 0.000158701
128.645 0.000186312
115.226 0.000183516
122.448 0.00016659
150.416 0.00018184
118.632 0.000164457
138.812 0.000163727
128.285 -0.000168625
120.184 0.000165542
125.95 0.000157448
119.388 0.000129434
160.057 7.76472e-06
122.72 0.000157441
125.235 0.000136442
120.878 0.00016357
159.312 0.000153647
124.515 9.21621e-05
127.332 0.00017847
122.123 0.00016568
123.062 0.000157156
156.748 0.000181817
122.373 0.00017923
121.283 0.000163814
124.211 0.000158084
124.915 0.000182796
159.849 -0.000165189
129.205 0.000163607
124.924 0.000158084
119.875 0.000158521
126.555 7.74133e-05
150.9 0.000159284
125.499 0.00016593
124.305 0.000137215
121.768 0.000162019
151.705 0.000164083
123.562 0.000180327
126.543 2.45481e-05
131.494 0.000191336
129.429 0.0001674
124.232 0.000155221
126.472 1.7096e-05
159.396 0.000164198
124.886 0.000175537
146.766 0.000159404
123.363 0.000160916
126.625 0.000157016
121.325 0.000168448
133.912 0.000178053
130.57 0.000164149
123.874 0.00016755
130.684 0.000179161
152.069 1.85929e-06
146.605 0.000160308
122.573 0.000160128
123.403 0.000171593
125.546 0.000159357
122.234 0.000170307
123.405 0.000181682
122.134 0.00016466
117.382 0.000178052
126.767 0.000178619
121.645 4.96993e-06
124.43 0.000159418
118.976 0.000159778
125.048 0.000156527
117.359 0.000161158
165.25 0.00017168
126.611 0.000173442
147.468 0.000166456
147.363 0.000186411
116.449 0.000160329
126.089 0.000179208
124.951 0.000159879
169.554 0.000184577
153.842 0.000163832
122.191 0.000160658
126.064 0.000180305
125.079 0.000125338
134.306 0.000136619
123.106 0.000161027
140.911 0.000158287
141.175 0.000180651
122.031 0.000156922
131.026 0.000159764
123.698 0.000170719
125.919 0.000172724
125.498 9.41553e-05
125.85 0.00016134
121.458 0.000157752
126.551 6.16547e-05
120.29 0.000148416
125.341 0.000180367
126.46 0.00015886
123.539 0.000162689
121.485 0.000171931
126.58 1.16634e-05
124.994 0.000161814
125.564 0.000162057
124.935 0.00015868
129.676 0.000171587
121.365 8.20654e-05
125.831 0.000168719
156.652 4.70038e-05
116.892 2.46335e-05
163.584 0.000159848
126.404 0.000163093
131.063 0.000161622
143.912 0.000163238
121.451 0.00016219
128.305 0.000152221
119.748 0.000158916
139.855 0.000157831
126.814 4.45643e-05
127.892 0.000154526
142.256 0.000169283
154.72 0.000163237
124.13 0.000157286
160.597 0.000173634
123.159 0.000165874
121.034 0.000158209
124.307 0.000184292
119.562 0.000164936
126.657 0.000160754
154.263 0.000174942
116.317 0.000161114
123.077 0.000159292
124.271 0.00016205
128.066 0.000156236
122.842 0.000166791
116.004 0.000189116
124.619 0.000159227
116.699 0.000181009
128.49 0.00017193
125.708 0.000165373
160.272 0.000160787
136.162 0.000165189
124.498 0.00015868
163.427 4.85358e-06
120.813 0.000159062
129.529 0.000147744
137.6 0.000156764
162.06 0.000167763
156.788 0.000169486
162.815 0.000161042
126.08 1.48963e-07
126.176 9.28647e-05
143.218 0.000158656
125.131 0.000181299
162.722 0.000164299
125.427 0.000158002
162.041 0.000162984
128.077 4.51963e-05
162.912 0.000118991
123.596 0.000160565
123.895 0.000166952
116.728 0.000172552
146.466 3.81954e-07
127.686 1.74582e-05
125.435 0.00016708
125.332 0.000154463
122.919 0.000138259
133.404 2.47476e-05
126.446 0.000159315
122.204 3.04484e-06
162.598 0.000153497
121.897 0.000157274
123.769 0.000162624
140.951 0.000158315
120.373 0.000173774
124.715 0.00015692
128.193 0.000186799
143.61 0.000158001
124.894 0.000159084
117.071 0.000144365
127.893 0.000171257
123.087 0.000164465
122.759 0.000180813
140.861 0.000162104
130.07 0.000191304
119.262 0.000164789
124.977 0.000160591
156.091 0.00016313
121.775 0.000166084
122.019 0.000166738
146.571 0.000158192
129.976 0.000179661
122.987 0.00016453
123.679 0.000162519
117.688 0.000165016
155.118 0.000188751
125.707 0.000167609
149.436 0.000182644
123.709 0.000176264
115.74 0.000162743
124.152 0.000168654
125.69 0.000180383
127.25 0.000144343
124.952 0.000157229
163.64 0.000181993
120.91 0.000150091
121.412 0.000161234
123.823 0.000164215
149.532 0.000165711
125.873 8.39787e-05
126.095 7.96621e-06
123.174 0.000175024
121.281 0.000186702
125.219 0.000166073
167.374 0.000162632
125.261 0.000171988
123.305 3.41194e-05
145.37 7.78049e-06
123.748 0.000194326
127.592 0.000170613
132.089 0.000164835
165.436 0.000148704
123.885 0.000161703
122.351 0.000174319
164.27 0.000158547
124.771 0.000190238
126.476 0.000159357
152.819 0.00015731
127.762 0.000160647
127.636 0.000169376
123.723 0.00018281
125.568 0.000180828
125.061 0.000159988
125.876 6.8114e-05
126.114 0.000170509
124.477 0.000165929
122.944 0.000158491
128.181 -0.000179222
122.413 0.000142218
138.794 0.000180619
163.07 0.000181386
135.663 0.000173631
151.6 -0.000169469
125.452 0.000161814
166.877 -0.000168982
140.173 5.61557e-05
125.548 1.84035e-06
145.519 0.000165343
143.319 2.45279e-05
115.891 0.000162229
124.33 0.000154733
115.23 0.000159381
125.811 0.000164249
126.244 0.000159354
125.141 0.000158393
125.183 0.000167606
149.047 0.000169385
154.806 0.000165883
126.204 0.000165247
117.821 7.27098e-05
120.346 0.000123905
123.605 0.000158781
115.058 0.000122501
124.813 0.000167289
155.115 -0.000177641
169.911 0.000160119
160.928 0.000170571
126.614 0.000159107
124.421 0.000187039
151.368 0.000163953
125.465 0.000172798
124.908 0.000161525
124.284 0.000165791
125.406 0.000113148
127.483 0.000163952
162.202 0.00015831
148.639 0.000163056
141.758 0.000163854
121.945 0.000184642
124.548 0.000158114
123.427 6.76051e-07
167.57 0.000166574
125.528 0.000149648
130.798 0.000158667
123.478 0.000182773
122.899 0.000158798
116.237 0.000157177
121.879 0.000190064
124.829 0.000161224
147.524 0.000159686
128.019 0.00016918
127.534 0.000150359
117.49 0.00015382
138.752 0.000151075
136.044 0.000166589
125.061 0.000164457
145.916 0.000159497
125.851 0.000170125
123.374 0.000167864
117.705 0.000173606
168.369 0.000165474
137.969 0.00016149
135.344 0.000160638
133.125 0.000159387
153.413 0.0001394
126.197 0.000148557
123.917 0.000172023
162.621 0.000152009
123.253 0.000151299
123.176 0.000162448
125.026 0.000147835
151.41 0.000167524
122.799 0.000180779
125.924 3.44495e-05
127.532 0.00015991
161.258 -0.000163753
123.672 0.000157304
125.252 0.000160144
132.726 0.000170537
147.25 0.000160297
127.185 0.000171098
123.967 -0.000181103
127.237 0.000170199
124.9 0.000161416
142.106 0.000173661
124.401 0.000189121
151.687 0.000159996
135.893 6.70705e-07
124.979 0.000180388
122.14 0.000162347
122.331 3.48179e-05
144.609 0.000179274
123.292 0.000124048
127.721 0.000168347
117.237 0.000166847
138.429 0.000166887
116.894 0.000158223
143.782 0.000167275
125.221 0.000162528
121.136 0.000163966
143.234 0.000158829
124.452 1.7389e-05
124.888 7.55831e-05
126.981 0.000166432
123.269 0.00018117
124.69 6.45377e-05
123.809 0.000158324
123.902 -0.00010673
126.688 0.0001826
162.654 0.000165493
125.805 0.000127889
129.495 0.000179982
115.957 0.000175784
118.733 0.000160124
126.192 0.000172372
149.121 0.000160123
133.136 0.000178113
122.64 0.000150653
125.553 -0.00016482
119.549 0.000192411
122.85 0.000158191
129.214 0.000182685
128.155 1.69494e-05
121.206 0.000164778
119.547 0.000164773
147.019 0.000149083
128.843 0.000161777
126.212 0.000178205
121.718 0.000161794
127.305 0.00016599
123.486 0.000148003
135.272 0.000156407
125.154 0.000173576
123.543 0.000159112
115.636 0.000161636
124.726 0.000139509
145.415 -0.00017226
140.466 0.000172156
129.115 0.000167074
143.42 0.000159177
119.109 0.00015809
155.71 0.000183479
123.039 0.000159978
125.747 2.44645e-05
122.801 0.000167815
128.588 0.00016559
145.543 0.00018246
126.783 0.00015657
126.606 0.000156215
161.449 0.000166307
122.991 0.000108723
168.466 0.000179157
129.362 0.000141317
124.5 0.000158565
139.729 4.67456e-05
