129.301 0.000671034
129.96 0.000573435
131.332 0.000565641
129.139 8.86289e-05
130.874 0.000578304
128.457 0.000602523
130.122 0.000589489
132.218 0.000443366
127.309 0.000588576
124.048 0.00067246
120.962 0.000636554
129.583 0.000496723
120.693 0.000577453
129.821 2.80182e-05
129.012 0.000258591
129.718 0.000565662
148.393 0.000619778
117.674 0.000535836
132.513 0.00056197
131.279 0.00037084
128.618 0.000608751
126.865 0.000172198
130.87 0.00060171
124.335 0.000532026
129.971 0.000655195
129.544 0.000703664
128.869 0.000569929
132.068 0.000671716
130.192 0.000588354
131.363 0.000335428
130.967 0.000601372
130.269 0.000648947
128.875 0.000575664
128.451 0.000600679
