122.124 9.66084e-05
126.734 0.000104677
125.035 3.69481e-05
128.433 9.43758e-05
124.169 9.645e-05
124.256 0.000107763
123.195 9.46142e-05
123.879 3.72381e-05
123.776 9.99186e-05
123.321 5.50069e-05
122.631 9.79802e-05
128.299 0.000105452
125.63 9.44769e-05
118.808 9.66084e-05
122.845 9.72032e-05
123.602 9.64757e-05
123.801 5.48824e-05
124.822 9.30405e-05
122.089 0.000101704
123.254 1.02774e-05
124.439 9.54702e-05
118.266 9.57871e-05
123.598 0.000107689
125.191 9.77676e-05
125.815 0.000102601
126.044 0.000108723
118.555 9.51713e-05
124.135 2.06779e-05
123.677 9.73665e-05
125.251 9.47056e-05
122.683 9.63371e-05
125.294 9.49484e-05
121.114 9.97091e-05
121.666 0.00010816
122.545 0.000105955
125.745 9.56975e-05
124.617 0.000107205
116.554 9.53163e-05
124.259 9.51064e-05
124.212 7.87474e-05
123.235 9.07714e-05
124.77 7.67808e-05
125.764 9.60492e-05
123.693 9.71588e-05
123.841 0.000100663
125.778 0.000109978
120.32 9.90222e-05
125.45 0.000104553
118.674 0.00010058
123.009 5.61479e-05
129.029 9.93312e-05
121.585 0.000101516
129.126 8.24256e-05
122.636 9.87689e-05
127.505 9.79144e-05
118.565 1.03793e-05
119.459 9.52233e-05
118.77 0.000100827
119.77 8.82763e-05
125.155 9.57317e-05
123.621 0.000100269
123.691 9.49891e-05
125.108 8.91073e-05
126.905 8.01541e-05
127.552 9.67195e-05
122.445 9.89331e-05
126.177 8.32933e-05
117.953 9.96272e-05
119.971 7.24431e-05
117.033 9.48578e-05
122.313 9.53792e-05
125.983 0.000107915
125.945 9.92665e-05
124.796 0.000106696
119.491 0.000105841
116.865 9.3326e-05
124.415 9.6985e-05
124.414 5.51739e-05
122.444 0.000107495
121.316 0.000101225
125.373 0.000100533
124.147 0.000106315
119.278 9.11639e-05
124.189 8.20594e-05
119.597 9.13127e-05
123.629 9.13846e-05
125.101 0.000112841
123.223 9.84941e-05
128.323 0.00010018
124.718 0.000100067
121.434 9.6547e-05
125.502 4.54536e-06
122.588 9.24002e-05
124.083 8.48658e-05
125.803 8.37225e-05
128.626 0.000100298
123.288 9.7825e-05
130.211 9.13745e-05
125.089 0.000104333
125.483 9.62971e-05
123.852 9.66765e-05
122.644 9.3276e-05
126.267 9.52155e-05
131.514 9.49671e-05
127.151 9.56351e-05
126.213 0.000100557
124.882 0.000107271
120.594 9.35166e-05
120.22 0.000100361
124.159 9.82591e-05
123.384 9.70977e-05
121.482 8.8384e-05
125.942 9.76254e-05
122.238 9.57919e-05
117.778 9.42503e-05
127.157 9.53652e-05
122.633 0.000103131
120.622 9.75574e-05
119.461 0.000104325
125.213 0.000108273
124.185 0.000108443
130.022 0.000103296
127.1 0.000105327
124.981 8.26359e-05
123.668 2.10184e-05
125.224 5.5252e-05
124.639 9.47514e-05
117.761 0.000106885
122.333 8.72625e-05
121.9 9.31961e-05
116.464 8.95477e-05
128.197 2.27601e-05
120.868 9.7664e-05
123.834 9.56124e-05
125.886 9.22688e-05
120.35 0.000101553
125.804 0.00010556
125.736 9.43342e-05
124.076 9.96157e-05
122.891 0.000109202
123.823 0.00010366
127.784 6.74823e-05
125.508 9.53243e-05
118.708 0.000100119
120.601 9.69622e-05
123.713 9.72648e-05
118.591 9.62528e-05
120.65 0.000100348
126.487 9.78124e-05
128.469 9.80401e-05
123.445 0.000106447
126.558 9.88305e-05
125.393 0.000109806
123.933 9.51312e-05
123.652 9.06315e-05
121.924 9.12488e-05
123.413 9.79405e-05
123.524 9.71221e-05
122.63 7.18871e-06
124.081 0.000102959
121.499 9.53822e-05
116.052 1.47063e-05
122.805 2.06417e-05
118.639 0.000106885
124.138 9.9062e-05
119.954 9.31092e-05
125.214 0.000107021
123.406 9.5519e-05
121.692 9.95251e-05
123.569 1.48868e-05
124.552 9.90596e-05
125.34 9.88635e-05
125.036 9.54016e-05
122.418 9.13614e-05
123.752 9.96629e-05
125.429 9.94043e-05
125.427 7.37739e-05
127.222 9.14934e-05
122.694 9.59643e-05
120.237 0.000109029
125.85 9.86155e-05
122.788 9.21571e-05
128.222 0.000112374
120.841 9.59278e-05
120.893 0.000108054
126.011 0.000101393
124.714 0.000106687
125.511 7.08771e-05
124.535 3.6695e-05
121.097 9.76365e-05
122.897 9.54465e-05
122.25 9.06628e-05
129.834 7.19376e-05
124.833 8.93404e-05
124.912 9.46267e-05
123.947 9.80774e-05
124.014 9.76661e-05
121.557 0.00010938
122.406 9.89893e-05
129.612 9.96377e-05
124.979 1.02368e-05
127.461 9.69486e-05
127.276 1.03834e-05
125.232 0.000102515
121.714 9.61883e-05
120.884 0.000106739
126.753 0.000108948
125.973 9.77349e-05
124.674 0.000109633
117.701 8.74144e-05
122.695 0.00010147
122.479 0.000101244
125.687 9.50071e-05
127.508 0.000104866
126.632 9.76203e-05
126.21 9.50352e-05
122.818 9.79796e-05
129.743 8.96941e-05
122.869 8.96044e-05
122.826 9.72754e-05
122.892 9.38119e-05
116.107 8.94567e-05
123.988 0.000110757
125.913 0.000102525
124.06 9.57733e-05
127.861 9.94798e-05
122.97 0.000108212
125.985 9.81881e-05
122.02 6.24175e-05
127.969 9.3025e-05
127.583 3.63345e-05
119.764 9.50723e-05
123.054 9.78127e-05
126.03 0.000100111
122.981 9.62433e-05
126.244 8.2974e-05
126.771 9.5884e-05
125.72 9.65605e-05
117.343 9.10982e-05
116.592 8.72751e-05
123.367 0.000107141
122.626 9.63472e-05
122.665 9.96272e-05
116.425 0.000106705
122.35 9.33669e-05
120.916 9.25818e-05
125.557 9.44398e-05
122.92 9.94225e-05
127.64 0.000100957
124.306 9.71291e-05
125.365 8.65135e-05
121.487 1.48548e-05
123.926 9.54303e-05
128.402 0.000101433
121.576 9.79159e-05
125.082 9.48886e-05
123.839 0.000103177
127.526 9.38459e-05
124.929 9.0029e-05
122.59 9.89476e-05
123.789 0.000103699
116.876 9.84476e-05
121.335 9.02335e-05
121.294 9.76025e-05
120.532 0.000101656
123.988 9.72434e-05
124.762 9.4848e-05
120.051 0.000100275
125.341 0.000104425
122.968 9.424e-05
124.865 9.57313e-05
122.056 9.55693e-05
122.58 1.03841e-05
125.251 8.99298e-05
124.708 9.94957e-05
127.059 9.53854e-05
124.117 0.000100698
126.619 9.71763e-05
118.925 1.04765e-05
122.843 8.86819e-05
117.845 6.46138e-05
123.335 9.82279e-05
122.857 6.94406e-05
121.477 4.64086e-06
126.033 0.000109351
124.599 9.44696e-05
125.027 0.000110749
126.156 0.00010067
125.599 9.71026e-05
121.263 9.5404e-05
123.337 9.87388e-05
124.696 9.6915e-05
126.05 9.68013e-05
115.762 9.55263e-05
124.571 0.000109057
123.752 8.5926e-05
126.169 9.63382e-05
124.927 0.000100556
119.068 8.19722e-05
120.985 9.40581e-05
116.823 0.000104235
124.654 0.000105874
121.511 5.59163e-05
122.031 9.95789e-05
123.359 9.50259e-05
124.285 9.31352e-05
123.228 0.000108699
123.284 9.64309e-05
121.526 9.64643e-05
121.709 9.50986e-05
128.332 0.00011036
124.14 9.67788e-05
115.64 9.87795e-05
126.822 9.67091e-05
132.086 9.60677e-05
119.957 9.41423e-05
123.572 2.87413e-06
123.13 9.97638e-05
124.249 9.78273e-05
124.968 4.80737e-06
124.456 0.000111568
126.047 0.000107981
124.434 9.79463e-05
124.572 9.62255e-05
121.629 9.7582e-05
125.597 8.92076e-05
126.941 9.5237e-05
122.1 9.12457e-05
124.224 9.60714e-05
124.728 9.87829e-05
127.79 9.62851e-05
128.039 9.96454e-05
126.533 0.000105324
124.253 7.65442e-05
126.003 9.98382e-05
126.11 9.91299e-05
125.052 9.93179e-05
120.089 0.000102624
123.255 9.6089e-05
120.263 0.000103887
124.765 9.53916e-05
125.052 0.000104816
117.494 0.000109038
119.447 0.000102021
125.259 9.60846e-05
121.388 0.000108114
121.821 9.80292e-05
120.78 0.000112777
121.584 9.62172e-05
127.116 9.87554e-05
123.799 9.97184e-05
123.134 9.56213e-05
121.182 0.000107175
129.822 0.000109317
121.637 9.44401e-05
123.079 0.000107152
122.804 0.000108369
118.713 0.000107555
125.71 0.000102555
121.806 8.86887e-05
123.419 9.53813e-05
120.69 0.000102546
123.951 7.45327e-05
118.779 9.90958e-05
125.012 0.000102151
125.711 0.000109452
120.611 9.74128e-05
123.509 1.02246e-05
126.551 9.84333e-05
123.429 0.000103666
123.105 0.000107102
125.702 0.000106931
126.779 9.23901e-05
124.739 0.00010642
127.323 0.000104679
127.045 0.000101486
115.365 9.29966e-05
125.654 5.52893e-05
119.294 9.95545e-05
119.495 0.000110265
119.629 0.000107127
123.396 0.000104581
125.256 9.7207e-05
122.438 9.81226e-05
119.313 9.11461e-05
125.879 3.68639e-05
119.692 9.67157e-05
120.333 9.69555e-05
123.583 0.000109505
124.798 0.000101693
129.361 3.61381e-05
125.296 9.45881e-05
121.936 0.000100995
117.515 9.46743e-05
124.6 2.73957e-05
121.015 9.41437e-05
115.844 9.32265e-05
126.707 1.42778e-05
124.668 0.000106783
123.078 9.90973e-05
125.517 0.000113591
122.936 1.59459e-05
122.427 9.54511e-05
119.617 0.000100443
121.14 0.000112058
122.354 9.50079e-05
127.075 0.000110111
119.299 9.89373e-05
126.153 6.61117e-07
124.676 9.42713e-05
125.63 0.000100862
125.121 9.89571e-05
118.985 9.60587e-05
127.794 2.02009e-05
121.089 0.000106961
120.401 0.000108716
122.448 9.64846e-05
122.717 0.000100816
119.824 0.000109798
121.765 0.000112147
124.565 0.000108627
125.166 1.03088e-05
123.431 9.4393e-05
125.045 0.000107764
118.857 9.3341e-05
124.359 9.53323e-05
124.337 9.50553e-05
125.329 8.54204e-05
122.662 9.27803e-05
124.739 9.56412e-05
121.536 9.26517e-05
127.565 0.000107088
122.622 6.62014e-07
125.068 9.40464e-05
122.096 9.95723e-05
124.245 0.000109131
124.524 9.56916e-05
127.656 0.000106102
124.999 9.6885e-05
126.453 0.000103698
126.175 9.25965e-05
121.924 7.92741e-05
137.659 9.5023e-05
125.444 9.65992e-05
118.34 0.000110683
123.567 9.92912e-05
117.814 9.43796e-05
126.597 9.47499e-05
126.641 9.56206e-05
124.991 9.59513e-05
121.324 0.000108831
125.905 9.95971e-05
124.472 9.90296e-05
126.971 0.000107328
122.929 0.000109285
126.503 0.000112715
122.973 8.4415e-05
115.145 9.91161e-05
125.862 9.53783e-05
122.989 9.60002e-05
126.343 0.000107547
115.141 8.31336e-05
123.144 9.76703e-05
119.518 9.54299e-05
129.867 9.50908e-05
122.863 0.000110029
121.597 9.93225e-05
124.515 0.000105644
125.987 9.07644e-05
122.971 9.97339e-05
124.51 0.000102329
124.784 9.99849e-05
122.682 0.000109392
123.179 9.16842e-05
124.803 0.000106816
120.508 0.000105193
126.209 9.65918e-05
126.13 9.63129e-05
120.453 9.93384e-05
124.509 9.56162e-05
118.72 8.87998e-05
126.063 9.74267e-05
126.336 9.50234e-05
120.857 0.000102603
127.741 0.000102875
122.134 0.000112505
123.863 0.000103028
122.335 9.75097e-05
119.896 8.97352e-05
123.601 9.57022e-05
124.139 9.76701e-05
125.944 9.49657e-05
125.515 9.2166e-05
120.406 0.000106302
125.203 4.71132e-06
123.011 9.68757e-05
127.901 9.6516e-05
125.904 9.52641e-05
122.039 0.000100931
118.682 0.000101641
125.015 4.35972e-06
124.667 8.92534e-05
122.621 9.58165e-05
123.508 0.000107783
122.938 9.53026e-05
123.056 9.47191e-05
126.805 0.000108799
126.398 9.48674e-05
124.428 9.62535e-05
124.944 9.82408e-05
126.813 9.55312e-05
124.055 7.04999e-05
120.86 9.79105e-05
125.46 0.000105273
129.796 9.56562e-05
127.25 0.00010793
124.413 0.00010915
124.11 0.000100846
123.173 9.89373e-05
124.769 9.60747e-05
124.781 9.91268e-05
125.646 0.000146059
125.142 0.000105773
120.363 0.000104372
123.196 9.63617e-05
123.448 9.079e-05
125.445 9.63634e-05
126.458 8.94936e-05
120.046 0.000101707
121.752 9.70675e-05
115.988 9.81683e-05
121.218 1.14337e-06
124.82 9.47597e-05
124.56 9.61643e-05
127.665 9.72406e-05
124.143 2.80837e-05
123.817 0.000101251
128.529 0.000109187
115.838 9.56295e-05
125.111 9.52099e-05
124.527 8.23437e-05
127.3 9.23131e-05
125.692 8.18245e-05
126.293 0.000100995
120.867 0.000103619
126.67 9.84662e-05
124.815 2.82625e-05
125.845 9.80738e-05
129.653 9.70456e-05
122.956 9.60326e-05
126.406 9.48768e-05
117.906 9.18868e-05
129.527 8.6586e-05
123.876 8.71888e-05
118.269 0.000110807
124.295 9.57364e-05
117.795 9.23028e-05
122.96 9.95754e-05
124.523 0.000109394
121.413 0.000108521
127.642 3.9223e-07
124.825 9.51111e-05
129.629 9.82547e-05
125.153 0.000108618
127.208 9.94228e-05
125.108 0.000108071
120.316 9.41839e-05
125.283 0.000101952
123.648 9.9555e-05
130.645 9.6174e-05
126.475 0.000109845
123.915 9.62211e-05
126.539 9.51013e-05
125.043 0.000103905
124.046 9.56878e-05
123.039 0.000105582
124.982 8.26389e-05
124.69 9.50574e-05
124.852 9.84891e-05
122.679 8.82165e-05
123.86 9.56604e-05
118.404 0.000102999
124.809 0.000110799
122.42 9.78282e-05
122.848 0.000109417
126.591 9.86672e-05
122.776 9.60409e-05
126.607 9.1516e-05
126.831 9.5736e-05
124.203 9.80796e-05
126.914 9.72679e-05
120.333 9.47876e-05
121.662 9.4256e-05
120.67 9.64662e-05
122.873 9.56771e-05
126.714 0.000108179
120.374 4.02836e-07
121.295 9.75506e-05
117.043 9.59811e-05
126.428 0.00010464
121.403 9.35585e-05
124.928 9.85492e-05
123.1 9.59986e-05
119.426 9.99861e-05
123.035 0.00010215
125.22 9.64769e-05
121.693 9.49092e-05
123.581 8.94567e-05
124.221 0.000106334
119.76 9.75192e-05
124.333 0.000107409
127.206 4.65653e-06
123.835 0.000102998
125.335 9.26342e-05
125.99 9.61245e-05
126.696 2.43052e-05
124.799 9.75094e-05
125.496 9.94704e-05
123.578 0.000102533
121.167 0.00010713
123.505 9.7498e-05
125.12 0.000105705
125.273 0.000109579
119.566 8.2048e-05
127.529 9.6431e-05
123.285 9.56808e-05
126.818 9.50558e-05
127.298 0.000108064
124.435 9.48365e-05
115.6 0.000100864
122.738 9.51568e-05
123.355 0.000106741
128.61 9.57767e-05
124.191 9.98069e-05
123.267 9.50442e-05
129.479 9.95932e-05
126.133 9.64672e-05
126.968 0.00011507
121.955 0.000102507
125.951 9.75429e-05
123.514 9.98548e-05
131.484 0.000103692
124.729 9.17416e-05
119.482 3.90336e-07
120.829 9.35566e-05
124.701 0.000121837
130.12 0.000100734
125.776 9.59965e-05
123.764 9.38585e-05
117.766 0.000109935
122.444 7.39324e-05
125.346 9.63451e-05
122.779 9.47545e-05
123.735 9.70383e-05
120.879 9.60005e-05
127.992 9.86774e-05
122.737 0.000101221
122.555 9.90719e-05
121.517 0.000113361
115.491 9.38481e-05
125.951 9.89693e-05
123.564 0.000106247
119.762 1.61699e-05
118.664 9.95154e-05
124.92 8.64823e-05
128.533 9.61722e-05
124.848 9.88861e-05
125.857 9.54028e-05
121.638 0.000102473
121.634 0.000108056
124.481 0.000103634
128.673 0.000104635
126.677 9.52766e-05
115.246 0.000110474
120.14 9.97379e-05
125.056 2.95769e-05
124.509 9.69521e-05
120.88 0.000103125
124.883 0.000109259
123.524 0.000107936
124.176 8.66588e-05
123.25 9.4584e-05
123.66 9.4813e-05
125.217 9.57599e-05
120.607 0.000101285
126.461 1.92687e-06
123.169 0.000107628
122.918 9.90532e-05
125.347 9.53142e-05
127.923 8.26512e-05
125 2.88653e-06
129.742 9.60729e-05
124.951 9.62968e-05
123.294 0.000107911
119.065 7.80191e-05
124.763 9.95395e-05
123.502 0.000104237
121.872 9.98004e-05
126.031 9.33446e-05
122.436 0.000102278
125.56 9.81484e-05
128.686 0.000111464
117.125 9.71443e-05
122.311 9.67921e-05
120.09 3.66107e-05
126.019 9.78157e-05
128.599 0.000100152
116.19 0.000111342
124.696 9.62133e-05
126.043 0.000108761
121.672 0.000110782
121.943 8.44687e-05
122.092 6.60966e-05
121.686 9.88267e-05
120.508 0.000100985
122.556 9.45829e-05
119.885 9.93818e-05
122.987 9.96716e-05
119.66 9.13152e-05
124.158 0.000103218
123.139 1.02501e-05
127.297 0.000106083
126.593 9.63589e-05
120.83 9.63192e-05
123.268 0.000107393
126.009 9.22672e-05
121.502 9.4984e-05
125.473 0.000102519
124.298 9.6705e-05
126.301 5.45413e-05
119.295 9.68688e-05
126.028 0.000101373
124.437 0.000103644
125.336 0.000108408
124.83 0.00010067
119.628 1.15878e-06
147.461 9.4414e-05
124.527 9.88047e-05
120.545 4.63197e-05
126.443 9.43834e-05
123.784 1.483e-05
126.011 1.49239e-05
125.031 9.61955e-05
124.16 9.39662e-05
122.908 9.92152e-05
121.498 9.97298e-05
124.316 9.88548e-05
120.067 7.50763e-05
124.59 5.70377e-05
119.517 9.90754e-05
123.645 0.000107012
124.741 9.55995e-05
122.134 0.000110116
124.786 9.94927e-05
122.664 9.61738e-05
124.766 9.4048e-05
124.754 0.000109941
125.325 0.000106435
126.859 0.000108566
123.107 9.88015e-05
120.537 0.000100603
126.266 0.000113123
121.378 9.80428e-05
123.428 8.8687e-05
126.182 9.72406e-05
124.63 9.59778e-05
122.354 9.91698e-05
124.109 9.46981e-05
126.541 9.26586e-05
123.874 0.00010037
116.357 8.07191e-05
117.252 0.000113148
127.457 9.965e-05
122.598 0.000109261
123.736 9.41774e-05
126.153 6.9244e-06
121.67 6.61696e-05
124.953 3.69699e-05
131.409 0.000111627
119.731 0.000106528
126.071 9.67478e-05
123.614 8.64405e-05
129.931 5.525e-05
120.019 9.05597e-05
123.127 1.55076e-05
122.861 9.46517e-05
124.153 0.000103218
123.878 9.91649e-05
121.545 9.11239e-05
123.481 9.55462e-05
127.661 0.00010005
125.831 9.75099e-05
124.608 0.000100733
125.968 8.9394e-05
126.029 0.000101115
118.982 0.000108553
126.625 0.000111677
123.776 0.000108072
123.654 0.000108544
127.727 0.00010495
126.213 7.56063e-05
122.355 9.85346e-05
125.59 9.62527e-05
124.933 9.82763e-05
121.311 9.27001e-05
122.633 3.69499e-05
122.925 9.96018e-05
128.032 9.66323e-05
124.348 9.73334e-05
126.392 0.000104778
121.168 0.000111474
127.869 9.77977e-05
123.597 0.0001022
127.049 0.00010964
115.802 9.90137e-05
125.444 9.43334e-05
124.801 9.47021e-05
126.555 9.44769e-05
128.134 9.70448e-05
124.696 6.59161e-05
121.101 9.66246e-05
124.365 9.46058e-05
127.434 9.81044e-05
123.232 9.9526e-05
121.15 0.00010814
128.112 9.27599e-05
123.03 0.000102885
121.492 0.000113406
123.499 9.40234e-05
121.873 9.87375e-05
123.75 9.55225e-05
123.867 1.04386e-05
120.051 9.64796e-05
123.543 9.85387e-05
126.318 0.000102193
123.553 3.54536e-05
124.009 9.79859e-05
118.818 0.000101744
124.38 9.82205e-05
121.485 9.5581e-05
121.499 9.64833e-05
120.938 8.91781e-05
125.124 8.27814e-05
122.87 0.00010913
122.656 9.72854e-05
123.656 9.79306e-05
125.943 9.62416e-05
123.496 0.000104577
121.879 9.55098e-05
123.105 0.000107865
125.359 9.39091e-05
122.532 9.83791e-05
125.064 1.02851e-05
121.557 9.44365e-05
120.114 0.000111732
122.199 1.86395e-06
121.912 9.55399e-05
124.739 0.000109837
124.235 9.7147e-05
117.22 0.000101591
123.801 0.000114006
121.036 1.83713e-06
122.251 1.90567e-06
123.329 9.71207e-05
116.777 9.39002e-05
125.492 7.46318e-05
122.931 4.66099e-05
124.772 9.28537e-05
115.438 9.79336e-05
124.219 9.56325e-05
128.926 9.64966e-05
126.109 9.57815e-05
123.037 9.59251e-05
123.57 9.4575e-05
126.46 0.000102633
120.642 9.71939e-05
127.383 9.64477e-05
119.019 0.000101396
124.274 0.00010755
125.126 0.000101931
117.152 9.33647e-05
122.52 9.6056e-05
124.553 9.27608e-05
119.883 9.47879e-05
121.834 9.4542e-05
124.981 9.67726e-05
123.622 0.000102685
127.061 9.64994e-05
124.55 0.000103846
124.51 9.74239e-05
128.435 9.75874e-05
126.649 0.000100306
127.549 0.000114074
126.668 0.000103264
124.335 9.37313e-05
125.214 0.000102912
123.785 6.67587e-05
123.518 9.88544e-05
125.074 1.06576e-05
127.55 9.02987e-05
116.437 9.56355e-05
121.722 9.81832e-05
130.036 9.5916e-05
120.714 9.43908e-05
123.803 9.77804e-05
121.048 9.7248e-05
128.405 9.56607e-05
123.893 9.5493e-05
121.628 9.42916e-05
121.304 0.000109293
123.873 9.35734e-05
123.876 9.45396e-05
126.702 8.94418e-05
125.642 0.000106391
125.663 0.000101486
122.187 0.000104508
122.081 9.60651e-05
119.96 1.06351e-05
122.788 9.95336e-05
126.529 9.70782e-05
128.27 0.000104004
124.694 9.56709e-05
124.419 1.09615e-06
124.962 8.27794e-05
121.973 0.00010544
122.718 0.000109273
130.103 9.57807e-05
123.315 9.85749e-05
126.093 0.000110568
123.216 0.000102538
120.672 9.57097e-05
120.974 9.68328e-05
126.356 9.74864e-05
123.188 9.88726e-05
120.124 0.000110829
116.452 9.22765e-05
124.51 9.88898e-05
125.748 9.48959e-05
120.661 0.000109821
123.785 6.4217e-05
126.479 0.000108754
125.094 9.75469e-05
124.944 9.31242e-05
122.747 0.000109212
127.729 9.62583e-05
124.901 8.19303e-05
126.972 0.000123257
125.45 2.38441e-07
125.037 0.000106635
124.625 9.87837e-05
123.612 6.5388e-05
125.612 9.40253e-05
126.456 2.3963e-07
122.895 9.86288e-05
124.766 9.92477e-05
124.097 0.000104405
123.929 8.61069e-05
126.031 9.86619e-05
117.81 8.66512e-05
125.164 2.82876e-05
124.168 9.60133e-05
128.1 9.98763e-05
122.76 9.30977e-05
125.334 9.47608e-05
123.223 2.0131e-05
126.271 0.000106783
124.873 6.46611e-05
121.467 1.41985e-07
125.072 9.60759e-05
118.277 9.2732e-05
126.052 9.94195e-05
125.423 0.000109323
120.308 9.71098e-05
124.264 9.91011e-05
125.243 9.91127e-05
126.708 9.74254e-05
125.723 0.00011208
124.467 9.65e-05
123.312 2.83793e-05
125.521 9.69071e-05
119.405 9.531e-05
124.002 0.000105478
125.477 9.95069e-05
124.232 9.51048e-05
122.882 9.77579e-05
125.861 9.52993e-05
125.857 0.000103729
125.395 9.60535e-05
125.643 0.000107838
124.343 9.98779e-05
124.781 9.91942e-05
123.718 0.000109666
124.488 9.11546e-05
124.836 4.37369e-05
123.714 9.62874e-05
122.466 0.000102262
129.579 9.50766e-05
125.043 9.4891e-05
122.818 8.96132e-05
127.806 9.42398e-05
127.985 3.76104e-07
124.102 0.000101527
123.886 8.92488e-05
120.32 9.58426e-05
119.729 0.000107515
126.609 9.22657e-05
123.373 9.57429e-05
124.805 9.7231e-05
126.265 9.58749e-05
127.839 9.86412e-05
123.68 8.79045e-05
124.693 9.08808e-05
125.136 6.04327e-05
126.111 0.000104861
124.477 0.00010615
125.476 0.000112461
115.417 9.60797e-05
129.122 0.000111683
124.401 0.000100396
115.033 9.78465e-05
122.127 0.000109319
123.839 9.88675e-05
119.79 9.50197e-05
123.613 9.20845e-05
121.171 7.71547e-05
123.85 5.55285e-05
123.714 0.000100076
125.286 0.000111759
123.038 0.000102201
117.813 9.94203e-05
123.957 0.000100771
126.172 9.62965e-05
126.767 9.5122e-05
122.825 0.000110915
123.451 9.78496e-05
125.225 9.91094e-05
121.833 9.96737e-05
123.976 9.59968e-05
122.806 9.9492e-05
124.273 9.51934e-05
122.486 0.000108691
122.244 4.71257e-05
125.181 9.65343e-05
126.308 9.86163e-05
124.64 5.2482e-05
116.349 9.56572e-05
125.428 9.67368e-05
122.575 9.1618e-05
120.147 9.82046e-05
122.553 9.45483e-05
119.002 0.000102141
128.078 7.39303e-05
127.71 9.78874e-05
122.28 0.000100129
123.655 0.000109964
125.425 9.47006e-05
124.604 9.47598e-05
123.178 0.000105585
122.98 9.44614e-05
125.975 0.000101889
124.076 9.62813e-05
128.939 9.767e-05
130.131 0.000103452
122.251 0.000103857
121.539 0.000108318
125.373 0.000101605
124.908 9.99224e-05
127.979 0.000110232
123.688 9.56128e-05
127.568 9.40704e-05
125.184 9.37295e-05
120.342 1.86747e-06
124.967 8.42466e-05
127.694 9.81218e-05
129.134 0.00010212
125.577 0.000108315
127.863 0.000100654
122.224 9.8257e-05
132.11 9.70519e-05
122.449 2.04979e-05
126.218 0.000103235
129.015 9.54714e-05
126.507 7.59005e-05
121.299 0.000109478
125.745 9.51111e-05
125.774 9.59276e-05
124.015 0.000101038
120.331 0.000106332
116.618 9.21169e-05
125.461 9.72685e-05
126.767 9.65e-05
125.68 9.81142e-05
124.804 6.43323e-05
125.497 9.57297e-05
125.282 6.93493e-06
126.514 9.46648e-05
125.471 0.000109114
125.743 0.00010908
126.972 0.000104949
122.017 0.000103275
122.781 9.48056e-05
124.169 9.58337e-05
123.103 7.36703e-05
128.737 0.000107609
122.157 2.1425e-05
123.472 0.000104381
121.094 8.84286e-05
126.983 9.55255e-05
123.498 2.81998e-05
123.869 0.000102884
122.665 9.64065e-05
124.226 9.2232e-05
127.01 4.02875e-07
124.141 0.000101571
123.384 0.000111469
125.836 9.86019e-05
125.425 0.000111481
118.36 9.17435e-05
125.172 0.000103693
124.048 9.67515e-05
120.732 0.000113979
126.807 9.97732e-05
121.057 9.92143e-05
123.977 9.66306e-05
128.4 9.9547e-05
123.8 0.000103015
128.294 9.17639e-05
127.29 9.63784e-05
125.79 9.79948e-05
120.066 0.000109622
115.575 9.48472e-05
124.257 0.000105047
128.221 4.68296e-06
122.119 9.71477e-05
122.766 9.33561e-05
123.99 9.46041e-05
123.733 8.69143e-05
119.151 2.03515e-05
124.756 0.000103943
120.891 9.39011e-05
123.251 0.000102126
121.759 9.48018e-05
123.84 9.47654e-05
119.905 0.000100677
123.307 0.000102267
126.36 8.43969e-05
121.121 9.29613e-05
124.844 6.64192e-05
125.165 9.14812e-05
121.514 3.65679e-05
127.502 5.5992e-05
125.628 9.64566e-05
125.468 0.000100425
125.216 0.000105117
126.734 9.88285e-05
125.247 2.88497e-06
124.558 9.56428e-05
123.59 9.97621e-05
124.283 4.80141e-06
124.307 0.000106023
120.55 9.55926e-05
123.209 0.000108972
119.617 0.000102237
125.19 0.000103544
125.626 0.000104581
129.774 9.71258e-05
123.119 0.000100391
125.124 0.00011094
122.782 9.74901e-05
123.954 0.000106387
120.869 9.91078e-05
122.853 9.75015e-05
125.69 9.7806e-05
123.108 0.000105139
121.086 0.000101049
125.706 9.48541e-05
120.275 0.00010835
115.55 2.06012e-05
124.392 0.00010987
126.774 9.85717e-05
123.812 0.000109043
122.827 9.26111e-05
125.222 0.000106698
120.523 9.28711e-05
123.076 9.45224e-05
124.462 0.00010933
119.421 9.81995e-05
127.001 1.11434e-06
120.665 9.55695e-05
125.824 0.000101256
125.736 9.5131e-05
122.665 1.03706e-05
117.362 0.000100947
126.066 4.57229e-05
125.242 9.83398e-05
119.944 9.29873e-05
122.045 8.80027e-05
124.881 9.58921e-05
120.302 0.000104306
122.691 3.76775e-05
130.538 8.23957e-05
122.951 9.49232e-05
126.04 9.72018e-05
124.338 0.000107997
120.683 0.000103679
124.897 9.15934e-05
123.714 9.70192e-05
123.353 9.47983e-05
126.587 9.69924e-05
119.44 6.72159e-05
124.669 0.000100329
128.57 9.55415e-05
125.417 1.89537e-05
125.202 8.27165e-05
127.239 9.66667e-05
124.28 8.88651e-05
127.392 1.41135e-07
123.903 9.61358e-05
122.975 9.87823e-05
121.281 9.48507e-05
125.482 9.51844e-05
120.936 0.000101344
124.3 0.000106756
125.179 0.000108865
124.459 0.000100531
119.422 0.000100766
127.971 9.84251e-05
123.598 0.000111061
127.183 0.000109203
120.535 2.93948e-05
123.265 9.18149e-05
121.238 0.000107624
123.63 9.59817e-05
126.336 0.000110017
126.135 0.000102432
123.993 0.000104242
124.085 4.57528e-05
119.721 9.8736e-05
125.024 9.6144e-05
124.624 0.000107897
123.02 9.51136e-05
122.917 9.60601e-05
125.947 9.2874e-05
123.346 0.000105231
124.883 9.89849e-05
123.012 0.000109261
128.549 9.14205e-05
128.529 0.000100691
123.246 9.39289e-05
122.175 9.98309e-05
123.724 0.000109997
125.262 0.000100416
119.602 9.82194e-05
126.599 9.79499e-05
128.092 0.000102469
121.686 0.000105271
118.615 0.000110397
123.423 8.83512e-05
126.684 9.75625e-05
116.906 9.68504e-05
124.835 0.000108892
124.24 9.95873e-05
124.335 9.68193e-05
124.606 9.55002e-05
127.129 9.64744e-05
123.364 0.000100986
121.442 0.000100519
118.764 9.65552e-05
120.136 2.39878e-07
121.747 9.50696e-05
125.706 9.94389e-05
122.456 9.28568e-05
130.603 9.70005e-05
123.288 8.33032e-05
125.344 0.000108074
126.217 9.61796e-05
123.117 9.30926e-05
129.261 9.84928e-05
124.473 9.03213e-05
125.623 9.58846e-05
124.259 0.000108432
125.376 9.56652e-05
125.903 9.55654e-05
116.298 9.37101e-05
123.001 0.000106427
127.01 6.52147e-05
118.159 0.000101416
124.616 1.50481e-05
124.351 9.87148e-05
124.082 9.81856e-05
123.588 0.000106265
125.458 8.75984e-05
125.984 9.67032e-05
122.85 9.77579e-05
127.638 0.000103845
121.887 0.000103154
119.168 0.000105865
124.203 9.59234e-05
125.531 0.000108453
123.077 0.00010876
123.274 9.52086e-05
128.208 0.000109376
117.198 9.02275e-05
121.406 9.41606e-05
125.34 0.000107241
122.282 5.59077e-05
121.702 9.5734e-05
121.945 9.52989e-05
125.471 9.44543e-05
124.469 9.68033e-05
121.794 9.64533e-05
122.339 0.000102193
120.904 3.67148e-05
123.733 0.000102188
124.407 9.88104e-05
123.095 9.51748e-05
124.123 9.19855e-05
125.909 9.53698e-05
123.683 9.86241e-05
121.059 9.54705e-05
122.119 9.66752e-05
122.969 9.83514e-05
126.677 9.56142e-05
123.579 0.000108047
124.155 8.76363e-05
127.453 0.000107961
123.292 9.46407e-05
129.654 9.53712e-05
122.108 3.64265e-05
120.733 0.000108451
128.609 8.80221e-05
123.802 0.000103918
120.617 9.53259e-05
124.169 9.57925e-05
125.589 9.81666e-05
125.826 0.000102349
124.601 9.56287e-05
122.379 9.77621e-05
124.728 9.90751e-05
123.899 9.77745e-05
125.568 0.000104305
127.025 9.86587e-05
125.26 9.49348e-05
124.716 9.70201e-05
125.685 9.95139e-05
127.161 9.74556e-05
125.6 5.26313e-05
123.371 9.44625e-05
122.982 0.000102413
125.58 0.00010928
125.579 2.83879e-05
120.092 0.000102291
123.165 6.52589e-05
126.846 0.000103679
123.876 8.97833e-05
125.761 9.43247e-05
121.339 0.00010966
125.105 9.53916e-05
125.61 0.000106925
121.832 9.49047e-05
124.22 9.5625e-05
122.761 2.05903e-05
124.372 0.000102354
125.8 9.54216e-05
125.76 0.000109784
123.716 1.83724e-06
119.553 9.90282e-05
124.624 0.000107642
126.548 9.51193e-05
124.399 0.000109789
126.342 9.36186e-05
124.696 1.03549e-05
129.623 8.54641e-05
119.582 0.000108393
116.584 9.03239e-05
122.041 0.000108871
125.083 0.000103769
126.162 9.61362e-05
125.085 0.000108604
118.034 0.000101875
129.576 9.86028e-05
124.687 9.7119e-05
124.452 0.000105749
119.303 9.5076e-05
126.105 6.21112e-05
122.767 8.9295e-05
134.725 9.44638e-05
121.864 0.000100029
121.377 9.82236e-05
122.145 9.7732e-05
124.472 0.00010596
125.469 9.95091e-05
121.108 9.20723e-05
125.28 0.000110829
124.089 0.000109351
121.832 9.5449e-05
128.561 9.3786e-05
121.549 9.39092e-05
123.293 9.68267e-05
125.071 9.63246e-05
120.541 9.59276e-05
125.375 0.000100739
124.93 0.000103044
125.953 0.000102403
120.607 8.89573e-05
128.188 0.000103261
122.405 0.000100987
124.769 0.000112635
125.247 0.000111451
123.317 0.000109852
120.565 0.000107264
121.975 9.4883e-05
119.752 4.62998e-05
123.311 0.000105491
123.18 9.90631e-05
127.794 0.000100793
121.707 7.3363e-05
125.151 0.000101349
117.501 8.58826e-05
125.957 9.7563e-05
126.772 9.95268e-05
118.641 9.83705e-05
130.407 9.87249e-05
117.646 8.73159e-05
126.786 9.83109e-05
127.433 9.73344e-05
115.047 9.8066e-05
126.114 0.000106596
125.488 0.00010382
121.598 9.62518e-05
126.376 0.000100256
124.64 4.57587e-05
126.481 8.27904e-05
120.568 1.04555e-05
123.023 1.45348e-05
122.945 7.39353e-05
125.593 9.51657e-05
125.34 9.6948e-05
121.39 0.000103115
123.251 0.00010269
126.518 0.000106866
127.131 9.6232e-05
122.811 0.000106353
126.424 0.000100445
121.753 9.98559e-05
125.229 9.65026e-05
126.791 9.76632e-05
125.497 0.00010331
122.766 0.000106569
122.942 0.00010576
121.888 0.00010477
122.399 0.000101069
123.321 0.000103296
126.346 9.4627e-05
126.684 9.93423e-05
121.181 9.61647e-05
126.485 9.70447e-05
125.459 0.000110693
125.788 9.51317e-05
122.768 0.000101042
129.372 0.000111587
123.328 0.000104825
128.343 9.53508e-05
126.894 9.1735e-05
125.002 0.000108851
131.774 9.33357e-05
127.661 9.75477e-05
122.175 0.000106885
124.085 9.49441e-05
125.923 8.26057e-05
123.741 9.61507e-05
125.735 0.000107339
122.469 9.73482e-05
123.299 9.48741e-05
124.656 0.000101364
123.65 0.000100475
121.639 4.48554e-05
127.118 9.69741e-05
131.371 9.65242e-05
124.142 0.000103506
125.209 9.4658e-05
128.172 0.000102072
126.451 0.00010442
130.693 0.000105325
123.258 5.53546e-05
118.386 0.000102054
122.309 0.000105531
128.895 9.04711e-05
124.444 9.48572e-05
120.903 9.45164e-05
123.702 0.000100269
126.032 9.88151e-05
117.203 6.25348e-05
128.438 9.76239e-05
123.884 0.000112934
122.772 0.000106636
121.948 4.69781e-05
120.015 9.2558e-05
128.446 0.000101251
129.398 0.000105134
126.482 0.000107287
123.777 9.4068e-05
125.87 0.000109964
123.426 0.000114208
121.227 9.51658e-05
124.896 3.67537e-05
123.802 0.00010743
124.111 9.65993e-05
123.97 6.67324e-07
121.685 9.7743e-05
122.585 9.98177e-05
126.647 0.000101441
122.321 9.46694e-05
124.187 9.50809e-05
126.248 0.000107448
125.028 0.000104627
121.759 0.000102959
124.895 6.62684e-07
124.771 0.000108931
127.196 8.82731e-05
125.068 8.88915e-05
123.467 9.7781e-05
124.852 8.95784e-05
129.236 9.97354e-05
121.267 9.52226e-05
125.199 0.000110195
124.335 9.60841e-05
123.213 9.79961e-05
120.917 4.75028e-05
126.174 9.4388e-05
126.339 9.46462e-05
122.263 9.10986e-05
123.627 9.45332e-05
125.164 9.58183e-05
123.159 0.000101182
115.713 9.4999e-05
120.401 9.55881e-05
124.951 0.000102093
123.5 0.000106534
125.582 9.38904e-05
121.785 9.94647e-05
119.874 0.000102588
125.793 9.94827e-05
122.579 9.16269e-05
123.147 0.000109101
126.115 9.6005e-05
126.574 0.000100232
123.18 9.77468e-05
124.195 0.00010729
123.465 3.72861e-05
124.264 8.85754e-05
119.566 9.89548e-05
124.064 9.62387e-05
122.836 7.6346e-05
120 9.5227e-05
124.34 1.49474e-05
126.475 9.01804e-05
118.792 0.000102866
120.252 2.82801e-05
122.214 9.72227e-05
120.965 9.71679e-05
122.192 1.06601e-05
124.433 9.86123e-05
123.546 9.73506e-05
120.1 9.7339e-05
122.907 9.08542e-05
125.998 0.000105975
122.918 9.44726e-05
124.106 9.50765e-05
123.005 9.403e-05
125.304 9.49559e-05
120.447 0.000109123
126.307 9.65898e-05
125.691 9.09174e-05
121.489 9.60336e-05
122.797 0.000106608
126.863 0.000101409
125.643 0.000109935
131.091 0.00010908
123.144 9.93827e-05
122.232 9.96454e-05
115.417 9.7373e-05
126.355 0.000105013
123.123 7.54572e-05
125.443 0.000109786
124.431 9.02643e-05
127.833 9.16411e-05
124.135 0.000101032
122.637 8.20304e-05
121.677 9.93802e-05
123.376 0.000103855
124.958 0.000105393
119.769 9.03754e-05
126.636 9.5409e-05
123.539 0.000113181
122.677 0.000106012
125.104 9.52165e-05
126.556 9.88289e-05
123.476 9.87413e-05
126.13 4.61907e-06
128.77 0.000103314
125.027 1.71849e-06
124.186 4.53987e-05
123.702 9.72518e-05
126.475 9.4505e-05
127.079 0.000105257
119.917 9.44598e-05
123.572 0.000107416
115.882 0.000113275
115.868 9.81493e-05
120.565 9.76389e-05
121.272 5.32781e-05
125.502 9.93615e-05
125.014 6.7018e-05
126.768 9.58498e-05
130.889 9.87479e-05
127.661 8.69393e-05
121.73 9.21144e-05
123.834 0.000109544
126.629 9.86427e-05
127.443 9.90812e-05
122.26 9.85729e-05
125.17 9.85941e-05
120.066 9.15781e-05
122.224 9.48048e-05
124.411 0.000108303
120.405 0.000103667
124.835 9.94247e-05
127.229 0.000108431
128.114 9.67207e-05
122.054 9.34982e-05
128.821 9.96075e-05
119.45 0.000103064
126.204 9.64817e-05
126.106 0.000103695
124.598 9.68576e-05
123.308 0.000100818
121.835 9.1818e-05
124.379 0.000109994
121.41 9.60636e-05
116.115 9.59334e-05
118.344 9.18228e-05
120.602 9.48652e-05
124.314 0.000110881
127.178 2.83844e-07
125.043 9.54173e-05
125.849 9.34062e-05
117.247 9.36511e-05
124.081 9.70291e-05
126.074 9.88141e-05
124.964 0.000109662
120.513 0.000106867
131.679 9.59955e-05
126.54 6.86506e-07
123.274 6.56329e-05
125.881 9.73311e-05
119.838 5.61176e-05
125.681 9.37441e-05
120.664 0.000103586
121.874 9.52412e-05
122.056 9.95949e-05
124.045 9.52505e-05
125.208 9.51506e-05
118.462 9.51234e-05
128.994 9.75618e-05
126.504 0.000109136
123.407 9.30478e-05
119.318 0.00010055
124.496 0.000104611
121.751 0.000102843
123.743 9.61137e-05
121.944 0.000103633
126.484 9.66504e-05
125.803 9.92152e-05
122.281 6.98113e-06
122.194 9.54472e-05
125.516 9.85987e-05
123.231 9.58154e-05
122.294 9.55751e-05
123.518 9.8049e-05
120.077 9.44916e-05
123.595 9.75525e-05
123.708 0.00010378
125.881 0.000103799
125.828 9.61754e-05
123.438 0.000104562
126.723 0.000103221
123.559 9.9956e-05
124.331 2.81577e-05
125.491 0.0001074
122.453 9.84139e-05
126.071 0.00010094
126.759 0.000102788
121.346 9.58713e-05
129.913 9.77451e-05
116.97 9.03042e-05
120.217 0.00010894
123.679 9.3623e-05
123.376 9.60277e-05
127.709 9.69417e-05
126.44 9.5949e-05
121.583 9.62899e-05
124.845 0.000107863
115.642 9.96008e-05
