126.247 0.000246401
133.102 0.000261575
121.846 0.000266582
130.782 0.000241834
129.563 0.000245782
128.386 0.000249021
128.923 1.58772e-06
134.947 0.000223467
128.903 0.000255804
129.971 0.000243018
120.678 0.000240685
129.939 0.00025035
127.83 7.38608e-05
125.155 0.000252567
128.83 0.000256232
131.645 0.000237806
129.793 0.000250167
128.929 0.000241184
128.893 0.00025056
129.033 0.000239841
131.847 0.000254317
129.547 0.000243372
128.924 0.00027833
131.491 0.000240405
130.17 0.000279311
130.308 0.000191411
126.344 0.000243534
136.308 0.000242072
124.256 0.000243085
129.548 0.000232766
127.565 0.000234433
132.615 0.000254471
129.667 0.00024873
131.26 0.00024077
128.046 0.000251756
115.479 0.000223013
129.531 0.000225425
128.695 0.000233542
128.475 0.000237645
129.733 0.000239337
129.018 0.000268578
130.368 0.000266292
134.854 0.000249804
129.327 0.000232604
140.793 7.49638e-06
126.375 0.000141033
130.721 0.000263816
128.876 0.000269109
128.91 0.000269101
121.979 9.41697e-05
130.2 0.000277972
124.185 0.000243365
130.662 0.000253139
128.227 0.000221727
131.339 2.66659e-05
130.065 0.000241888
127.89 0.0002401
127.307 0.000248409
132.308 0.000242515
120.841 0.000246901
123.688 0.000235277
132.49 0.000241504
130.606 0.000251009
129.448 0.000240608
126.577 0.00025171
129.76 0.000262493
130.324 0.00026053
128.869 0.000235278
131.079 0.000248758
126.259 0.000272583
131.979 2.76845e-06
127.047 0.0002623
131.653 0.000239349
132.136 0.000244248
125.884 0.000245038
131.06 0.000271378
128.555 0.000259606
130.449 0.000279951
131.134 0.000242743
120.607 0.000241388
130.133 0.000245105
132.083 0.000252457
128.846 0.000246604
132.338 0.00025644
131.224 0.000244521
129.66 2.82237e-06
127.555 0.000271807
129.15 0.000263096
129.773 0.000212264
130.019 0.00022571
131.586 3.76345e-05
128.634 0.000253917
123.439 0.000229094
126.984 0.000170289
128.387 0.000279265
130.835 0.000239537
129.223 0.000244284
129.142 0.000260478
128.581 0.000209412
131.394 0.000273989
128.058 0.000250036
127.14 4.85035e-06
126.484 0.000248285
129.347 0.000251986
127.017 0.000272891
128.036 0.000281992
131.194 0.000250635
125.905 0.000244988
130.231 0.000238739
130.104 0.000241781
130.789 0.000232422
130.754 0.000231158
129.69 0.000233126
129.696 0.000272312
132.548 0.000240515
130.933 0.000248134
132.792 0.000233076
127.599 0.000251088
126.644 0.000287096
130.092 0.000253537
128.681 0.000249472
131.602 0.000259531
130.039 0.000140681
127.216 0.000252601
131.715 0.000228352
125.782 0.000240055
131.929 0.000266287
129.913 0.000252427
132.466 0.000279519
128.556 0.00028267
130.793 0.000227815
129.596 0.000237437
125.71 0.000242037
125.764 0.000262689
127.313 0.000239934
125.594 0.000238318
131.072 4.63119e-05
126.882 0.000246539
130.6 0.000259234
127.715 0.000280225
129.432 0.000259071
129.736 0.000232701
124.599 0.000243039
129.36 0.00023714
129.755 0.000248594
130.158 0.000252312
129.29 0.000245722
129.516 0.000277779
129.435 0.000260035
126.865 0.000236958
130.315 0.000259698
128.765 0.000250865
130.347 0.000115155
128.448 5.76449e-07
129.445 0.000252524
129.045 0.000250494
130.048 4.84565e-05
131.615 0.000244504
131.652 0.000247678
131.421 0.000260292
127.746 0.00027882
130.063 0.000166976
130.896 0.000224658
131.037 0.000278019
130.433 0.000245312
130.35 0.000254968
130.632 0.000242367
130.533 0.000226808
132.091 0.000139972
130.581 0.00024936
130.387 3.77721e-05
131.583 0.000256854
128.673 0.000224282
128.393 0.000238889
129.589 0.000189283
129.441 0.000243458
129.626 0.000240719
126.276 0.000242618
130.498 0.000236533
117.796 0.000118822
128.452 0.000278031
130.902 0.000283804
131.936 0.000239321
132.674 0.000242273
124.689 0.000278011
128.644 0.000246225
129.535 0.000213207
128.09 0.000274971
129.177 0.000242566
129.857 0.000276708
129.945 0.000251842
127.411 0.000186444
129.811 0.000241217
130.916 0.000264833
129.782 0.000275772
130.08 0.000244918
130.555 0.00024271
130.364 0.000159674
127.486 0.000187556
129.544 0.000231735
134.727 0.000252607
131.299 0.000248969
132.153 0.000236343
129.568 0.000247806
131.045 0.0002311
133.267 4.35543e-07
129.088 0.000241268
127.605 0.000230476
132.066 0.000226274
127.783 0.000249465
127.629 0.000240644
128.522 0.000282452
123.516 7.06411e-05
129.577 0.000256789
125.914 0.000227755
131.217 0.000273684
127.91 0.00024176
135.622 0.00027061
131.468 0.000271215
130.07 0.000274316
127.669 0.000265314
131.794 0.000240161
129.259 0.000249031
132.7 0.000283896
127.303 0.000224672
130.794 0.000248099
128.547 0.000247451
128.01 0.000261217
130.778 8.20262e-05
131.457 0.000242458
128.673 0.000244194
127.568 0.00025203
129.748 0.000274135
132.687 0.000263137
128.269 0.000236882
127.925 0.000242633
123.709 0.000243935
129.104 0.000229374
133.209 0.000280033
129.88 0.000243285
128.486 0.000257761
132.352 7.42769e-06
128.507 0.000232064
130.325 0.000241267
130.38 0.000258626
129.073 0.000260891
127.096 0.00025392
129.792 0.000246548
127.807 0.000242648
132.099 0.000249697
126.169 0.00023747
126.331 0.000240023
128.7 0.000269316
128.769 0.000253329
125.697 0.000225379
130.644 0.000243106
130.305 0.000257112
129.988 0.000254703
131.149 0.000242726
130.187 0.000267887
128.965 1.18878e-05
131.102 0.00027046
130.757 1.74605e-05
128.304 0.000265529
129.089 2.64258e-05
129.15 0.000242588
130.754 0.000240818
129.811 0.000269336
130.287 0.000263013
128.899 0.000238841
130.338 0.000262697
128.412 0.000269564
122.555 0.000233508
124.868 2.79996e-06
129.222 0.000260226
127.791 0.000239321
129.862 0.000252675
125.034 0.000211719
134.696 0.000255376
129.596 0.000242307
130.868 0.000275971
130.667 0.000233294
123.643 0.00024725
129.302 0.000240167
128.691 0.000258371
126.816 2.22383e-07
129.918 0.000248339
130.809 0.000251172
130.03 0.000271604
118.17 0.000260482
127.44 9.34778e-05
130.376 0.000238102
131.223 0.000255952
123.223 0.00025312
126.92 0.000266889
130.193 0.000238465
128.78 0.000233572
129.012 0.000210531
127.77 0.000245479
124.204 0.000224425
129.157 0.00024139
123.645 0.000247872
130.572 0.000239313
130.973 3.62529e-07
130.403 8.82697e-05
126.546 0.000249163
128.344 0.000253398
130.345 0.000260114
131.581 0.000252272
128.778 0.000264531
131.66 0.000235731
126.716 0.00027307
129.857 0.000245672
124.968 0.00016539
129.51 0.000242627
127.705 0.000251737
123.022 0.000241644
132.506 0.00025221
133.163 0.000247824
130.501 0.000244923
123.935 0.000240518
129.691 0.000229692
132.155 1.70798e-07
130.119 0.000216394
128.491 0.000243612
130.01 0.000244734
131.042 0.000196338
131.636 0.000274951
127.032 0.000286163
130.076 0.000255727
127.459 0.00026491
130.944 0.00022265
128.633 0.000278875
127.12 0.000261624
133.576 0.000254238
130.509 0.000244433
129.084 0.000273394
130.815 0.000279727
120.624 0.000230594
132.901 0.000261742
129.185 4.6472e-06
127.904 0.000265108
127.789 0.00023553
129.65 0.000246304
130.357 1.20604e-05
132.43 7.05526e-05
131.591 0.000239948
131.273 0.000266214
128.44 0.000246163
124.239 0.000204877
129.745 0.000123717
130.81 7.14936e-05
130.806 0.00024563
130.769 0.000232683
127.974 0.000236027
131.029 0.000268324
126.242 0.000243825
129.558 0.000273487
129.95 0.000242406
129.337 0.000252365
130.362 3.75275e-05
130.282 0.000273683
131.533 0.000238211
124.813 0.000233467
137.541 0.000246101
132.247 0.000223408
128.939 0.000260947
127.815 0.000240622
127.837 0.000267677
123.624 0.00023497
121.129 0.000162335
130.229 0.000145616
129.349 0.000246367
127.841 9.50384e-05
129.821 0.000241192
127.683 0.000242428
127.687 0.00021395
131.949 0.000221099
129.555 0.000248672
129.398 0.000259693
128.801 0.00026305
132.226 0.000257518
129.027 0.000260188
128.845 0.0002305
130.001 2.34431e-07
127.01 0.000242594
115.795 0.000260954
129.422 0.000227024
128.365 0.000226065
130.917 0.000247972
124.68 0.00028423
130.553 0.000241261
134.999 3.72095e-05
130.586 0.00024598
127.782 0.000219359
130.933 0.0002478
129.468 0.000238025
126.501 0.000278996
123.76 0.000250642
126.748 0.000263242
123.395 0.000164451
129.934 0.000240585
127.336 0.000236084
126.731 0.000263751
128.212 0.000242035
129.911 0.000248631
129.843 0.000237705
130.81 0.000243437
129.028 0.000254601
121.861 0.000224829
130.497 3.71864e-05
120.604 0.00013486
130.548 0.000242355
126.357 0.000228086
132.481 0.00026246
129.172 7.29319e-06
131.156 0.000240816
122.462 0.000229553
131.37 0.000206174
129.064 0.000279038
129.771 0.000269008
130.982 0.000239476
128.498 0.000257367
127.503 0.000230687
124.667 0.00022916
127.931 0.000243864
126.692 0.000232223
119.36 0.000241587
127.661 0.00024204
128.643 0.000243023
128.909 0.000243502
134.793 2.54538e-05
126.664 0.000247046
123.536 0.00023336
130.513 0.000227933
127.795 0.000237192
132.093 0.000141413
132.545 0.000221024
132.33 0.000269706
129.668 0.000282156
127.488 0.000261711
128.019 0.000244882
131.439 3.78537e-05
130.7 0.000243986
132.998 0.000253964
126.604 0.000240977
129.302 0.000254644
130.677 0.000247511
128.345 0.000244541
127.838 0.000255115
132.18 3.8404e-05
132.828 7.15682e-05
128.306 0.000263675
127.611 0.000277773
129.734 0.000278325
131.728 0.000246606
127.94 0.000270141
129.603 0.000244467
130.218 0.000117524
130.804 0.000242976
131.155 0.000239328
130.502 0.000258196
129.244 0.000245311
130.404 0.000275959
129.735 0.000116681
129.977 2.83677e-06
119.494 0.000115324
129.062 0.000273541
129.682 0.000260815
130.947 0.000247462
128.751 0.000237716
129.964 0.00024384
129.315 0.000277037
130.545 0.000240592
129.769 0.000260301
133.262 0.000230141
129.407 0.000228393
128.18 0.000279601
130.18 0.000237951
132.736 0.000262477
127.902 0.000115119
130.315 0.000239482
130.68 5.21163e-05
128.413 0.000265025
126.594 0.000224114
130.339 0.000243081
133.685 1.73237e-05
128.571 0.000255892
130.355 0.000239183
124.026 0.000235387
130.844 0.000239841
130.669 0.000242477
121.013 0.000272657
132.752 0.000250158
129.27 0.00022959
129.748 0.000250483
125.473 0.000242089
126.057 0.000226333
131.012 0.000264222
129.557 0.000277302
131.498 0.000252452
130.307 0.000240599
123.549 0.000244462
132.123 0.000247661
127.579 3.77997e-05
131.519 0.000251945
129.192 0.000242847
128.078 0.00024157
129.243 0.000250574
127.19 0.000226124
128.816 0.000237949
129.755 5.2144e-05
128.892 0.000246006
131.114 2.62308e-05
128.066 7.3499e-06
129.718 0.00024225
128.808 0.000243933
133.782 0.000257868
129.51 0.00023441
117.229 0.000249528
124.219 0.000246894
130.181 0.000243348
131.277 0.000242171
129.73 1.13068e-05
130.049 0.000269563
129.517 0.000230484
130.264 0.000240614
128.825 0.000253362
129.012 0.000263669
126.669 0.000264875
128.923 0.00018678
129.527 0.000277589
128.154 0.000273434
138.136 0.000244049
131.323 0.000237277
129.825 0.000253517
128.153 0.000255232
131.329 0.000243557
128.807 0.000239623
127.714 0.000269678
115.438 1.75576e-05
130.109 0.000245613
128.701 0.000252027
141.834 0.000247669
120.905 0.000232605
126.583 0.000245498
122.142 0.000263459
134.03 0.000239303
130.174 0.000225903
126.335 0.000266391
129.671 0.000277338
129.085 0.000185276
128.84 0.000167162
127.294 0.000230427
129.339 0.000159474
130.921 0.000259528
130.006 0.000286245
123.921 0.000243397
126.281 0.000244315
128.524 0.000253286
127.804 0.000244795
128.831 0.000247339
129.542 0.000272988
127.216 0.000253655
129.834 0.000243901
130.813 0.000249623
131.983 0.00025853
128.076 0.000247273
128.836 0.000170285
130.969 0.000239233
128.803 0.000249741
131.2 0.000237497
128.983 0.000165478
126.772 0.00025173
130.039 0.000232487
127.466 0.000243944
130.185 0.000267472
121.057 0.000256195
127.479 0.000243127
128.944 0.000235925
133.267 8.91585e-05
131.898 0.000249065
