130.653 0.000234583
130.616 0.000236849
130.218 0.000233481
119.694 0.00022236
130.269 0.000268597
126.368 0.000233928
124.002 0.000236478
130.866 0.000232322
127.346 2.58711e-05
128.613 0.000237245
126.868 0.000231392
132.564 0.000241593
127.42 0.000154312
124.573 0.000248155
131.318 0.000241073
123.415 0.000233266
126.436 0.000247693
128.798 0.000227928
129.954 0.00023227
133.201 0.00023179
128.72 0.000235139
120.068 0.000242213
136.358 0.0002326
128.15 5.1219e-05
127.331 4.76721e-05
128.959 0.000245785
124.247 0.000265795
127.58 0.000213907
127.577 0.000182078
131.5 0.000225865
128.812 0.000253887
129.038 0.000221251
130.83 0.000158257
127.609 0.000278467
126.915 0.000233717
121.178 0.000232993
129.434 0.000235344
132.524 0.000231925
127.849 0.000255202
132.887 0.000271509
127.726 0.000232799
129.735 0.000267502
129.77 0.000252712
128.332 0.000227095
125.31 0.000269665
128.581 0.000233318
131.032 0.000236475
132.792 0.000192925
122.526 0.000230811
130.968 0.000201141
130.059 0.000237169
122.233 0.000231845
129.513 0.000265555
127.406 0.00025212
127.155 0.000241966
128.715 0.000236117
124.727 0.000220624
126.451 0.000245824
130.04 0.000260119
126.969 0.00027094
123.155 0.000242441
126.899 0.000266495
130.62 0.000232552
130.059 0.000181375
133.219 0.000231618
123.868 0.000242156
130.968 0.000265914
129.648 0.000267493
129.105 0.000233423
127.75 0.000228754
128.866 4.36952e-06
126.844 0.000234979
130.171 0.000259136
130.367 0.000232615
130.957 0.000240578
132.093 0.000245774
130.774 0.000232384
129.017 2.52261e-05
129.485 0.000231166
130.209 0.000235638
129.165 0.000158981
130.972 0.000268173
123.965 0.000238636
125.405 0.000228833
125.091 0.000249597
132.882 0.000237527
129.851 0.000234981
131.603 0.000226364
130.033 0.000266043
125.505 2.54248e-05
129.779 0.00022986
131.001 0.000265831
126.935 0.000243753
129.906 0.000235235
131.23 0.000234649
129.474 0.000266695
133.496 0.000239369
128.883 9.19926e-07
130.448 0.000231813
129.277 0.000230371
127.88 0.000235639
127.91 0.00023397
126.25 0.000249622
128.595 0.00023291
132.339 0.000243735
133.78 0.000242688
131.059 0.00024302
130.589 0.000229893
129.462 0.000231015
123.373 0.000238411
129.427 0.00023072
131.754 0.000247727
130.37 0.000247085
127.6 0.000231576
132.086 0.000234297
125.705 0.000256767
129.293 0.000268141
130.009 0.000227792
128.581 0.000261565
129.134 0.000252157
130.752 0.000237273
128.309 0.000135197
130.881 0.00025294
131.433 0.000226756
128.705 0.000241773
129.399 0.00023286
130.863 0.000240854
124.506 0.0002635
116.51 0.000240897
125.325 0.000255525
133.667 0.000236379
127.774 0.000236706
130.301 0.000238205
126.466 0.000199909
129.484 0.000256736
123.179 0.000234685
128.766 0.000243477
128.785 0.000241723
129.451 0.000251537
127.293 0.000240152
131.251 0.000233543
130.031 0.000226396
129.556 0.000233915
128.183 0.000230506
131.51 0.00024578
128.444 0.000235372
125.284 0.000233261
129.468 0.000231554
131.188 0.00022496
123.094 0.000272551
130.693 0.000239314
126.575 0.00023642
127.271 0.000213731
128.07 0.000264608
132.292 0.000260758
129.747 0.000246504
127.679 0.000233042
126.144 0.00027509
134.223 0.000171658
128.64 0.000231377
123.537 0.000250819
132.404 0.000230115
124.243 0.000236031
128.373 0.000201635
129.149 0.000222484
131.329 0.000270044
124.883 0.000264959
136.196 0.000268026
132.19 0.000237137
124.166 0.000180675
130.818 0.000230063
130.887 0.000224428
125.419 0.000268338
131.616 0.000242064
131.344 0.000262123
124.91 0.000230042
128.554 0.000225413
126.844 0.000224673
130.237 0.000249955
129.22 0.000247834
132.899 0.000268861
127.936 0.000237376
126.401 0.00023368
128.2 0.000253869
128.614 0.000110285
129.369 0.000235284
117.758 0.000269556
126.645 0.000236528
125.84 0.000228119
132.327 0.000237552
129.691 0.000247741
134.972 0.000260596
130.154 0.000237947
123.231 0.000241709
127.897 0.00024038
131.653 0.000251236
126.393 0.0002507
130.212 0.000261487
130.369 0.000238466
123.313 0.000230275
129.368 0.000237594
129.246 0.000232661
123.033 0.00026404
132.259 0.000216309
129.99 0.000248339
128.454 0.000231212
127.988 0.00015957
126.983 0.000190308
128.364 8.96626e-05
132.107 0.000226264
129.77 0.000237366
124.379 0.000262826
128.398 0.000265691
130.241 0.000154757
130.514 0.000206613
129.225 0.000237455
126.093 0.00023153
129.262 0.000239178
125.484 0.000227102
131.536 0.000113316
127.917 0.000256811
131.369 0.00023309
133.094 0.000266968
131.022 0.000241123
131.006 3.60063e-05
131.129 0.000231347
125.919 0.000233323
117.924 0.000275483
131.207 0.000255148
130.636 0.000242511
128.969 1.04879e-05
129.469 0.000257624
129.808 0.00026463
134.152 0.000239737
132.039 0.000238981
130.98 0.000232477
127.513 0.000160023
129.844 0.000242813
130.315 0.000243392
129.153 0.000234358
133.715 0.000245528
130.466 0.000244526
128.034 0.000243158
126.502 0.000247456
125.911 0.000235102
133.619 0.000243528
131.245 0.00022535
126.709 0.000250607
130.44 0.000241171
132.5 0.000234387
127.769 0.000266452
130.63 0.000236367
120.122 0.000249901
129.267 0.00026542
128.457 0.000234208
126.294 0.000265543
125.616 0.000233841
128.618 0.000280052
130.703 0.000237444
129.486 0.000248183
130.541 0.00023518
122.079 0.000235634
129.21 0.000264168
127.192 0.000200309
133.054 0.000230408
122.78 0.000230441
129.161 0.000246214
135.397 0.000238274
126.775 0.000237987
132.076 0.000233989
128.702 0.000243875
130.552 0.000267532
131.887 0.000215475
133.842 0.000111958
130.106 0.000266712
128.981 8.81048e-05
129.427 0.000231032
126.442 0.000240785
129.379 0.000136526
129.192 0.000250893
127.171 0.000266459
132.198 0.000243445
129.153 0.000235307
129.664 0.000251909
131.616 0.000237652
129.657 0.000235557
127.008 0.000223743
129.761 0.000233694
129.269 0.000233468
130.967 0.000235904
131.757 0.000245609
129.969 0.000269294
126.493 0.000243897
128.058 0.000270667
129.06 0.000160113
127.203 7.05697e-06
132.498 0.000201543
126.619 0.000243062
125.723 0.000235007
131.704 0.000243156
132.839 0.000230485
124.84 0.00024289
130.071 0.000265448
129.02 0.000269262
128.893 0.000238708
131.694 0.000263764
128.422 0.000240327
128.515 0.000129715
126.787 0.000240763
128.379 0.000240359
128.161 0.000214442
128.582 0.000267326
128.482 0.000223853
124.88 0.000230721
129.478 0.000267627
129.646 0.000246343
128.614 0.000236718
127.061 0.000260573
126.206 0.000246051
130.126 0.000241953
132.515 0.00026148
131.903 0.000235589
128.601 0.000233274
130.143 0.000236092
129.959 0.000245115
127.979 0.000230227
129.757 0.000228344
130.402 0.000242922
128.824 0.000237349
126.08 0.000236816
115.319 0.000242305
134.936 0.000224949
123.66 0.000222418
120.293 1.13092e-05
136.321 0.00024155
142.136 0.000240554
135.405 0.000256746
129.318 0.000246948
128.377 0.000214881
130.461 0.000235298
129.002 0.000260161
129.255 0.000254891
131.527 0.000264584
131.242 0.000253275
123.51 0.000237135
129.494 0.000254063
130.395 0.00026008
128.405 9.41925e-05
129.908 0.00024382
132.504 0.000226481
131.744 0.000238818
131.269 3.62553e-05
133.093 0.000237791
126.385 0.000241628
130.895 0.000237781
127.905 0.000238106
125.504 5.08296e-05
124.415 0.000201332
124.862 0.000247637
129.566 0.000232924
129.729 6.91916e-05
129.133 0.000234723
128.091 0.000235914
127.591 0.000228167
127.923 0.000233903
130.128 0.000234568
128.212 0.000241233
130.42 0.00024182
125.445 0.00024333
127.579 0.000239201
129.794 0.000277308
130.315 3.60472e-05
131.089 0.000249296
125.531 0.000114382
124.385 0.000228274
129.149 0.000231296
129.272 0.000271296
124.693 0.000232988
129.483 0.000267544
129.036 0.000158486
130.358 0.000232367
131.032 0.00023337
131.114 0.00024164
133.189 2.51095e-05
132.694 0.000264912
129.413 0.000238946
131.938 0.00025726
125.109 0.000273037
120.838 0.00023184
132.221 0.000222889
128.767 0.000234511
129.536 0.000252969
130.725 0.000216842
130.494 0.00023812
128.378 0.00027227
126.187 0.000264806
130.612 0.00024348
122.883 8.41457e-05
130.139 0.000214482
127.884 0.00024501
123.003 0.000238591
127.921 0.000239151
131.885 0.000241173
128.261 0.000218475
127.343 0.000234581
133.424 0.000245273
127.48 0.000230493
122.795 0.000260049
129.37 0.000261187
126.704 0.000248386
122.184 0.000245239
127.477 0.000242092
129.233 0.000247965
128.894 0.000249556
128.431 0.000247811
128.006 0.000234488
136.67 0.000257522
130.098 0.000255724
123.775 0.000236503
130.966 0.000227526
131.308 0.000272515
131.233 0.000242694
131.102 0.000218099
131.653 0.000232789
129.903 0.000240313
126.793 0.000260116
134.485 0.000242751
128.302 0.000227626
128.845 0.000110916
128.858 9.07323e-05
130.28 0.00018383
125.108 9.29867e-05
128.541 0.000237906
130.27 0.000227396
122.89 0.000269767
128.659 0.000229357
128.75 0.000250509
125.499 0.000242293
125.923 0.000243969
126.27 0.000240615
131.029 0.000236132
130.638 0.000136172
131.059 0.000261146
129.21 0.000239133
127.931 0.000235641
128.207 0.000251523
124.519 0.00022839
127.597 0.000260542
127.82 0.000235996
131.551 0.000264553
129.695 0.000231742
121.151 2.15644e-07
130.288 0.000232323
126.637 0.000234476
131.196 0.000226308
132.94 0.00023896
130.337 0.000232282
128.302 0.000274823
126.244 0.000241503
128.98 0.000244991
129.809 0.000240001
130.26 0.000204007
129.454 0.000205592
129.041 0.000270631
123.805 0.00025561
132.402 0.00016516
130.432 0.000231791
126.676 0.000218883
132.733 0.000249818
129.385 0.000234983
127.865 0.000231697
129.381 0.000217594
126.259 0.000241435
128.262 0.000262056
121.486 0.00026385
136.211 0.000243664
125.409 0.000274646
128.441 0.000250949
129.896 0.000231371
125.297 0.000256851
128.012 0.000264149
127.754 0.000243839
129.225 0.000251959
129.075 0.000236223
128.45 0.000244743
131.522 0.000246062
129.803 0.000235447
127.456 0.000110712
128.501 0.000239122
129.092 0.000258066
128.061 0.000243038
127.406 0.000220452
131.275 0.000273205
122.105 0.000234418
129.251 0.000239464
126.553 0.000232634
127.592 0.000213904
123.271 0.000244095
129.249 0.000135098
126.667 0.000235305
128.034 0.000235663
133.156 0.000240725
127.146 0.000235236
135.443 0.000229349
128.209 0.00025836
127.675 0.000233917
124.74 1.59145e-05
127.218 0.000244622
130.963 0.000237521
128.412 0.000250168
130.552 0.000239014
130.311 0.000265351
125.853 0.000237115
131.153 0.000231754
126.504 0.000236647
130.544 0.000261691
127.626 0.000239874
130.986 0.000232572
131.223 0.000239277
124.647 9.39487e-05
128.975 0.000232344
131.131 0.000246751
123.243 0.000227622
126.301 0.000234552
122.23 0.000110765
127.242 0.000244007
120.498 0.000231409
128.569 0.000232655
130.533 0.000162872
130.114 0.000235721
130.119 0.000213994
131.267 0.000221391
128.758 0.000235549
127.103 0.000234291
132.366 0.000241788
132.936 0.000251334
127.995 0.000260206
122.053 0.000274966
128.657 0.000241708
129.14 0.000232319
129.527 0.000236366
124.913 0.000212455
127.622 0.00020363
128.642 0.000160924
133.123 0.00027559
127.225 0.000244994
132.088 0.000246633
129.654 0.000262854
133.647 0.00021622
131.001 0.000157942
131.136 0.000246619
127.722 0.000248323
125.678 0.000111767
133.217 0.000221823
125.973 0.000242793
128.413 0.000319077
130.719 0.000261403
127.216 0.000245769
128.003 0.00023471
132.987 0.000242445
129.953 0.000263337
125.75 0.000194871
119.264 7.08332e-06
129.012 0.00024953
123.248 0.000241878
125.96 0.000231384
129.634 7.08453e-06
132.215 0.000234075
128.147 0.00023892
129.028 0.000233318
129.621 0.000267404
129.216 0.000260042
129.347 1.70087e-05
126.367 0.000234962
128.759 0.000265873
122.385 0.000235819
132.986 8.93979e-05
125.463 0.000261468
129.283 0.000250714
131.266 0.000226863
130.232 0.00023093
130.461 0.000271303
123.859 0.000269042
128.139 0.000275676
122.645 0.000218526
131.404 0.000247966
130.751 0.000231998
125.503 0.00027261
129.714 0.000245196
124.565 0.000232691
131.959 0.000161305
132.348 0.000232901
132.126 0.000223103
127.504 0.000267974
124.783 0.000270388
132.91 0.000219614
133.887 0.000244043
131.632 0.000239275
127.435 0.000244132
127.934 0.00022842
131.44 0.00026078
133.139 0.000248967
125.219 0.0002397
129.103 0.00022971
131.413 0.000271203
128.547 0.000262441
115.401 0.000229419
127.608 0.000204154
123.943 0.000221181
129.223 0.000243559
132.246 0.00024541
128.343 0.000230362
125.62 0.000272127
130.274 0.000243155
130.398 0.000265508
129.4 0.00023295
128.303 0.000232809
127.943 0.000261922
129.98 0.000219408
132.889 0.000233142
129.642 0.000247429
124.112 0.000228369
130.249 0.000233821
128.275 0.000243259
127.023 0.000243481
129.193 0.000236769
129.715 0.000231419
127.285 0.000237852
118.577 0.000238795
129.652 0.000232175
128.445 0.000136151
129.876 0.000269426
128.706 0.000249677
132.056 0.000231591
126.35 0.000255089
128.703 0.000242957
128.262 0.000251083
131.431 0.000257042
126.864 0.000223697
128.874 0.000249166
131.736 0.000221621
127.469 0.000264818
127.166 0.000237055
129.589 0.000267013
135.259 0.000251561
125.466 0.000232969
119.927 0.000247907
131.767 0.000274464
128.103 0.000234578
132.164 0.000274575
128.373 0.000236021
129.937 0.000246779
129.89 0.00023939
128.495 0.00022097
130.369 0.000245199
129.168 0.000225421
129.3 0.000223085
121.299 0.000219948
124.953 0.000219956
134.646 0.000247357
128.508 0.000235347
128.997 3.649e-05
128.291 0.000271956
125.936 0.000250031
125.918 0.000111675
126.185 0.000272701
129.989 0.000254896
129.087 0.000234685
127.197 0.000237257
133.152 0.000236925
127.524 0.000182553
129.819 0.000231273
129.705 0.000265304
132.059 0.000220109
129.289 0.000213615
130.139 0.000243312
131.294 0.000234496
127.503 0.000233397
127.284 0.000223916
130.514 0.000221254
127.653 0.000234212
129.115 0.00024541
125.994 0.000216774
129.972 0.000250768
125.596 0.000253734
126.001 0.000240697
129.977 0.000234192
129.628 0.000241928
132.336 0.000264448
127.981 0.000235966
128.114 0.000236955
130.459 1.1869e-05
131.388 0.000236406
128.856 9.25136e-05
124.859 0.000259795
131.947 0.000255436
129.418 0.000232313
131.728 0.000232768
128.79 0.000235959
129.556 0.000231446
131.544 0.000269161
143.825 0.000222073
123.811 0.000242641
123.322 0.000232647
129.075 0.000238155
138.906 0.000240245
129.778 0.00023938
133.199 0.000223714
130.122 0.000222306
130.506 0.000278123
124.752 0.000222423
127.467 0.000232883
133.604 0.000263647
127.487 0.00023395
127.346 0.000242732
137.071 0.000234785
128.447 0.000247245
130.662 0.000225812
120.567 0.000225074
122.884 0.000251928
126.882 0.000251818
124.899 0.000236689
128.8 0.000260709
133.491 0.000235539
119.573 0.000235748
131.546 0.000243021
129.919 0.00023219
130.6 0.000240941
129.361 4.37022e-06
126.525 0.000262013
132.829 0.000234814
126.091 0.000264061
125.957 0.000251211
129.253 0.000234771
129.957 0.000229911
116.336 0.000107799
125.829 0.00023159
128.431 0.000231163
129.618 0.000237296
126.671 0.000236786
128.629 0.000232195
128.331 0.00023342
127.493 0.000239125
129.201 0.000239672
135.176 0.000233902
119.435 0.000265248
134.744 0.000249688
132.345 0.000210642
130.593 0.000233539
128.845 0.000232181
133.742 0.000260465
130.48 0.000236166
126.553 0.000235975
127.435 0.00023877
130.016 0.000249277
124.399 0.000253913
130.995 0.000240757
122.83 0.000112225
128.173 0.000274393
132.019 0.000228512
129.945 0.000237339
130.51 0.000238297
123.001 0.000251897
126.12 0.000262848
129.42 0.000246628
129.012 0.000239706
127.875 0.000252452
120.021 0.000263305
123.613 0.000275878
119.075 0.00025764
130.269 0.0002427
128.359 0.000268775
127.697 0.000240057
136.091 0.000253885
130.611 0.000234018
130.189 0.0002307
132.96 0.000241831
135.291 0.000254179
131.379 0.000229278
130.079 0.000236105
130.143 4.72258e-05
128.835 0.000246843
130.195 0.000234358
126.058 0.000246411
133.108 0.000246765
128.798 0.000233676
131.055 0.00023534
123.515 0.000239499
128.849 0.000237221
130.479 0.000265935
130.165 0.000163717
132.421 2.54906e-05
131.484 3.66029e-05
116.387 0.000267466
130.992 0.000244122
128.92 0.000228921
125.848 0.000237949
127.179 1.14792e-05
123.49 0.000264263
128.22 0.00023418
130.768 0.000268394
128.687 0.000227828
131.009 0.00025729
129.729 0.000250079
130.901 0.000214471
131.551 0.000243905
131.724 0.000110966
129.368 0.000242758
131.58 0.000270027
136.168 0.00023822
127.397 0.000269327
131.702 0.000212808
131.369 0.000235073
122.011 0.000273444
129.011 0.000261843
130.073 0.000233541
130.864 0.000264163
131.303 0.000112729
128.409 0.000266161
126.604 0.000241785
130.544 0.000246879
128.631 8.94796e-05
129.28 0.000242714
134.45 0.00022818
132.518 0.000246228
128.513 0.000267421
130.291 0.00023641
129.086 0.000236718
129.367 0.000238553
132.328 0.000252523
130.958 0.000236957
132.342 0.000203761
128.912 0.00026518
125.724 0.000236911
129.868 0.000238251
126.74 0.000233682
128.053 0.000247176
128.994 0.000200978
133.059 0.000233433
134.48 8.93573e-05
131.558 0.000267891
129.394 2.58517e-05
124.814 0.000235878
128.076 0.000238575
130.384 9.10059e-05
131.012 0.000234735
129.727 4.40534e-06
129.342 0.000248286
134.706 0.000242216
133.135 0.000236732
130.248 0.000258133
128.913 0.000231553
121.01 0.000233339
129.417 0.000107366
133.704 0.000188411
127.022 0.000233954
129.143 0.000270629
125.159 0.000230161
127.438 0.000201948
120.737 1.70424e-05
128.953 0.000228056
126.311 0.000265137
125.869 0.000246
124.318 0.000223038
126.614 6.88952e-05
129.889 0.000232557
129.407 0.000253201
126.69 0.000246677
126.052 0.000232828
130.135 0.000241596
128.816 0.000250362
128.198 0.000242172
128.991 0.000205644
130.659 0.000238531
119.111 0.000241661
125.177 0.000233326
126.794 0.000225743
129.48 0.000223868
125.243 0.000230544
124.85 0.000214086
127.419 0.000239432
125.726 0.000235403
131.681 0.000256581
129.587 0.000232582
126.089 0.000247537
129.286 9.85038e-07
129.078 0.000236967
129.483 0.000234373
128.585 0.000222353
127.524 0.000231831
126.378 0.0002156
125.953 0.00023715
115.276 0.000271117
130.274 0.000237837
126.219 0.00024273
129.354 2.48809e-05
130.073 0.000263807
129.07 0.000241769
130.299 0.000257403
127.536 0.000267762
128.465 0.000231418
133.673 0.000262304
134.375 0.000260381
127.999 0.000230739
127.275 0.000238729
131.126 0.000260559
129.043 0.000231912
127.929 0.000257836
130.035 0.000231195
130.285 0.000245968
128.461 0.000238491
126.87 0.000240524
128.082 0.000226053
