118.686 0.00101281
116.64 0.00111904
117.206 0.000930698
118.518 0.000727154
120.717 0.000989539
118.331 0.000950504
119.92 0.000969433
117.363 0.000992393
116.225 0.000925291
120.559 0.000829142
119.148 0.00108541
117.42 0.000943374
119.586 0.00105586
116.07 0.00111564
121.117 0.00100446
122.77 0.000888881
115.773 0.00108051
120.469 0.000954259
122.027 0.000970322
118.402 0.000979781
119.041 0.000926828
121.134 0.00108278
121.232 0.000878981
121.923 0.00108251
119.313 0.00098751
120.69 0.000949533
119.357 0.00107869
117.917 0.000956652
119.97 0.000949007
120.624 0.000942291
120.636 0.000934514
121.465 4.62284e-05
120.68 0.00109723
119.351 0.00102794
119.975 0.000997146
119.608 0.00100584
118.555 0.000978508
122.003 0.000989289
116.415 0.000994904
117.878 0.00104262
117.669 0.000993488
120.406 0.000947215
118.467 0.000992402
119.866 0.00108777
120.502 0.00100298
120.981 0.000987639
121.413 0.000931012
120.209 0.000281077
120.653 0.00107181
116.447 0.000970817
116.53 0.000987185
117.507 2.85166e-05
120.775 0.000960186
121.208 0.000449821
119.28 0.00101402
120.007 0.00101693
116.742 0.000979368
119.182 0.00109178
118.639 0.000978016
119.244 0.000990968
120.367 0.000936769
119.212 0.000916254
121.911 0.000933961
116.419 0.00110429
115.782 0.00100673
116.096 0.00103796
119.569 0.00102085
117.894 0.00096797
118.393 0.000432748
119.376 0.000392409
119.277 0.000971417
115.676 0.000990869
117.125 0.00074377
119.561 0.00105025
119.41 0.00094972
119.583 0.00107311
120.067 0.000969291
117.469 0.000939652
118.006 0.000379518
120.346 0.000456032
118.134 0.00102879
123.557 2.86485e-05
117.927 0.00106837
118.273 0.00100507
119.626 0.000934787
121.625 0.000972675
119.891 0.000952213
116.909 0.00103046
115.912 0.00103372
120.396 0.00108484
120.183 0.0010259
116.986 0.000908504
118.32 0.00101692
118.143 0.00101043
125.119 0.000960145
118.91 0.00111097
117.698 0.000964912
119.545 0.000980777
122.76 0.0010777
117.041 0.000762168
117.976 0.00110147
118.07 0.000983368
119.033 0.00093061
120.46 0.000993837
118.967 0.00110299
118.508 0.00102119
118.113 0.000986262
119.541 0.000963641
118.867 0.00108892
126.447 0.000823021
119.187 0.000989435
121.158 0.00107434
119.656 0.00104989
121.461 0.000973919
116.839 0.00106188
116.984 0.000551075
122.17 0.000991691
122.073 0.000991867
115.723 0.000915864
119.1 0.000960447
118.854 0.000942353
122.822 0.00099336
116.133 0.00101228
119.996 0.000950237
116.827 0.00101237
121.33 0.00100537
120.444 0.00102242
119.505 0.000551464
121.187 0.00100887
120.789 0.00102724
116.281 0.00109193
120.171 0.00101755
118.392 0.000987901
121.607 0.00100663
119.975 0.000552368
118.833 0.000953642
119.972 0.000970347
118.951 0.00107739
119.065 0.000961619
117.111 0.000988188
122.356 0.000271557
120.268 6.96378e-05
120.58 0.00107569
119.47 0.000986479
119.925 0.0010773
119.034 0.00106406
122.352 0.000989857
120.969 0.000994702
121.774 0.00105586
117.042 0.000875708
116.616 0.00109176
116.33 0.00107555
118.682 0.00098688
123.945 0.000932896
116.922 0.000943944
118.986 0.0011108
117.251 0.000948081
119.078 0.00109406
118.401 0.0010674
116.024 0.00106123
120.52 0.00107984
121.257 0.00103009
115.055 0.000946265
118.225 0.000828007
115.928 0.00091574
118.304 0.000200068
119.567 0.00106277
119.926 0.00096535
118.14 0.00111425
119.295 0.000959253
117.442 0.00101656
120.47 0.000953639
117.738 0.000983654
119.968 0.00087143
118 0.000459911
118.467 4.60414e-05
120.661 0.000939587
120.888 0.000948704
118.459 0.00109282
119.698 0.00108933
117.99 0.00103698
119.478 0.000367745
119.115 6.63814e-06
118.88 0.000973443
119.954 0.000969129
126.708 0.000933727
120.776 0.000943172
119.361 0.000984228
120.964 0.000939278
122.505 0.000910961
115.359 0.00102652
118.949 0.000893964
118.203 0.000954265
116.926 0.000983727
120.122 0.00107203
117.33 0.00102238
118.429 0.000970253
121.178 0.00110639
119.817 0.000949109
118.732 0.000517502
129.728 0.000977205
115.9 0.000963411
121.205 0.00096847
121.788 0.000862597
120.847 0.000944409
118.628 0.00105165
118.261 0.000929515
118.223 0.000958213
121.302 0.000948625
119.16 0.00100376
119.444 0.000959749
115.558 0.00103076
120.741 0.000798852
122.578 0.000963981
115.381 0.00094996
119.564 0.000914735
120.195 0.00101735
120.515 0.00108961
115.916 0.000982834
119.363 6.94287e-05
124.018 0.000964912
116.109 0.000944967
121.056 0.00103868
118.914 4.61542e-05
119.275 0.00107766
118.613 0.00101061
116.296 0.00106534
119.532 0.000964305
121.06 0.000869992
118.423 0.000964585
115.719 0.00108265
118.515 0.000984965
118.678 0.000981427
120.885 0.00102663
118.252 0.00106375
120.006 0.0010279
119.649 0.000984789
122.457 0.000969279
122.35 0.000923179
119.524 0.00104871
118.287 0.00107297
121.83 0.000954366
120.074 0.000947166
118.015 0.000987064
120.297 0.000960773
117.128 0.00113138
121.565 0.00101501
118.07 0.00110003
118.969 0.000936712
118.835 0.000955701
119.812 0.00106954
122.401 0.00094747
120.904 0.00107508
118.805 0.000945444
122.407 0.0010046
117.28 0.00096204
119.672 0.000974378
119.59 0.00108587
116.773 0.000960571
118.383 0.000931787
119.747 0.000985541
119.296 0.00098075
117.047 0.0010381
118.816 0.00119919
122.028 0.000108434
123.352 0.00101449
123.591 0.00093048
119.636 0.000769817
120.025 0.00107042
119.075 0.00100403
119.97 0.000988373
119.899 0.000995606
116.848 0.000994235
118.381 0.00100411
120.599 0.000995137
120.919 0.000969048
122.516 0.000986095
116.882 0.000152913
115.398 0.000959642
117.469 0.000141646
117.602 0.00111796
120.878 0.00110705
118.484 0.00102954
117.149 0.000948436
126.77 0.000986249
120.01 0.000972686
116.137 0.0010954
116.177 0.000854263
117.84 0.00109785
119.343 0.000944734
120.817 0.000532158
121.392 0.000928529
118.843 0.00100086
120.439 0.00122279
120.329 0.000971657
116.655 0.00110478
118.552 0.00109993
122.511 0.000366622
116.741 0.000995038
117.388 0.000963621
118.006 0.00106377
118.381 0.000209495
118.615 0.000286311
120.506 0.000997561
118.166 0.000958486
122.565 0.00101311
117.827 0.00109423
120.515 0.000747166
122.527 0.0011032
116.303 0.00101466
123.154 0.000977967
117.299 0.0011008
117.949 0.00103795
117.874 0.000934655
119.675 0.000956277
118.091 0.000915178
119.58 0.000999669
121.514 3.92143e-06
115.974 0.000900858
119.071 0.000997434
121.22 0.000945566
117.879 0.000954918
121.185 0.000993948
117.841 0.000958167
119.156 0.000945968
124.927 0.000954219
115.079 0.00102802
118.415 0.00107846
123.676 0.00107292
120.832 0.000962797
119.713 4.37992e-05
120.388 0.00109833
118.162 0.00097042
122.509 0.000949291
119.321 0.000810669
121.063 0.000974624
116.392 0.000979663
125.217 0.00102001
119.452 0.00111686
122.743 0.000726283
117.037 0.00099047
117.509 0.00112158
120.398 0.000942898
120.81 0.000968561
123.067 0.00107414
119.969 0.00108373
117.779 0.000912237
119.399 0.00105685
119.687 0.000990045
117.796 0.0010232
122.181 0.00113479
119.507 0.000950916
115.666 0.00110236
118.131 0.00108584
116.094 0.000953736
120.318 0.000966957
123.399 0.000924508
119.763 0.000979366
119.875 0.000985786
118.377 0.000991856
119.519 0.000898623
119.439 0.00102346
121.163 0.000932758
118.869 0.00104729
119.122 0.000955773
123.797 0.0010569
120.742 0.000888886
121.648 0.00106392
123.501 0.00094409
119.251 0.00100704
117.983 0.0010402
118.604 0.00101784
116.186 0.000926826
121.612 0.00101454
120.571 0.000946958
117.516 0.000951592
119.779 0.000963877
117.597 0.00103798
120.655 0.00110029
115.867 0.00105833
123.688 0.000962247
118.219 0.000154063
123.36 0.00101745
117.351 0.000944716
120.303 0.000983346
119.261 0.000953318
118.669 4.13823e-05
120.186 0.00102414
121.138 0.00108691
120.668 0.00109533
118.566 0.000984836
119.234 0.000995653
119.629 0.00064556
120.391 0.00109667
122.811 0.000947883
125.283 0.000959153
120.255 0.00094754
118.328 0.00111026
121.958 0.000944824
120.146 0.000981087
123.311 0.00100599
116.891 0.000961638
115.699 0.00096865
120.292 0.00106047
120.887 0.00110136
119.865 0.000821107
118.948 0.00108184
119.535 7.45479e-05
118.164 0.000986366
119.528 0.00100701
119.147 0.0010286
116.791 0.000975565
116.621 0.00094153
118.416 0.00108068
120.882 0.00093713
120.582 0.000965982
120.719 0.000975337
120.877 0.000985811
121.829 0.00100582
120.564 0.000981793
117.861 0.00107293
119.64 0.000962382
118.817 3.97625e-06
120.72 0.00102732
119.461 0.000961656
118.9 0.000895466
122.148 0.00100349
117.54 0.00107066
121.501 0.000883125
120.668 0.000763614
125.529 0.00093274
120.332 0.000924196
121.35 0.000459884
116 0.000968657
117.256 0.000986589
122.674 3.998e-06
120.184 0.000930671
116.049 0.00112597
120.25 0.00073015
115.545 0.000957806
122.987 0.00100277
116.934 0.000945163
118.383 0.00109166
115.906 0.000752385
119.626 1.39418e-06
119.605 0.00101839
119.961 4.83285e-06
118.109 0.00087049
121.332 0.000930967
120.891 0.000952015
122.876 0.00102508
119.394 0.000894092
119.932 0.000963775
118.076 0.000946406
119.843 1.09798e-05
121.345 0.000964268
119.414 0.000956122
119.923 0.000943216
119.885 0.0011124
119.954 0.000992445
118.505 0.00107723
117.508 0.00095693
121.411 0.000981092
119.123 0.000945891
125.075 0.000917919
119.684 0.0010742
115.554 0.000893633
123.354 0.00103026
118.658 2.88459e-05
118.75 0.00101289
122.007 0.000992642
123.095 0.000639827
123.599 0.000997554
119.418 0.00108177
119.917 0.000942239
119.215 0.000973058
120.46 0.000981245
115.685 0.00107519
117.1 0.000941654
121.378 0.00100622
116.753 0.000951753
121.336 0.000908187
120.094 0.000922591
120.556 0.000949669
118.769 0.000462947
115.037 0.000363498
117.428 0.000998942
117.857 0.00109845
118.359 0.000708116
116.047 0.000943162
119.8 0.000942296
119.09 0.000951087
119.923 0.000998033
120.222 0.000942588
116.744 0.000899417
121.014 0.000998048
119.936 0.000954068
123.721 0.000958531
121.729 0.00105839
118.966 0.000942826
121.779 0.0009639
120.9 0.000964825
118.082 0.000931646
118.034 0.000895015
119.523 0.00104503
119.086 0.00109041
116.845 0.0010065
117.389 0.00109804
117.867 0.000972224
119.692 0.000376808
115.672 0.00081716
118.916 0.00097176
119.416 0.0010094
117.728 0.000969118
117.614 0.000967268
119.019 0.000948785
121.119 0.000945391
120.964 0.000959413
115.339 0.000665416
120.548 0.000950539
117.884 0.000964205
118.615 0.000991854
116.625 0.00100109
120.423 0.000892593
119.055 0.00101082
121.266 0.00108984
118.486 0.000850694
119.458 0.00099497
118.265 0.000341537
123.374 0.000982906
117.396 0.00095135
119.22 0.000943194
117.658 0.000967487
120.519 0.000929095
118.706 0.0011427
118.161 0.000962519
121.024 0.00106241
118.82 0.00102201
119.83 0.000946841
116.915 0.00106442
121.622 0.00101114
119.393 0.000966239
119.404 0.000975593
116.934 0.00107046
118.214 0.00103822
118.094 0.00100214
123.609 0.000950519
122.592 0.00104718
119.202 0.00106664
116.673 0.000990093
118.272 0.000947719
122.377 0.000568011
116.425 0.00101724
121.897 0.00111031
123.526 0.000938873
118.685 0.000924975
121.766 0.00110604
119.887 0.00106869
119.637 0.000942367
120.277 0.000982101
119.383 0.000944252
121.023 0.00107553
121.001 0.000960883
119.143 0.000958359
121.695 0.000946284
119.603 0.00105954
118.764 0.000992897
119.49 0.00109773
126.072 0.00102936
119.863 0.000941913
118.317 0.000738939
118.558 2.88591e-05
120.345 0.000370096
120.997 6.65418e-06
121.216 0.000955693
117.578 0.00096132
118.514 0.000984073
117.692 0.000962515
120.91 0.000934276
121.755 0.00102348
120.346 0.00103666
123.867 0.000942466
119.518 0.000924867
123.615 0.000964309
116.561 0.000149298
119.266 0.000916447
117.068 0.00100291
119.302 0.00114078
116.366 0.00106171
118.791 0.000992445
125.827 0.000981401
119.491 0.00093547
118.882 0.000932466
117.335 0.000993065
120.44 0.00104825
117.462 0.000473173
121.314 0.00108931
118.255 0.00105962
123.119 0.000959254
120.566 0.00110724
120.914 0.00102144
121.309 0.000903129
120.487 0.000651475
121.865 0.000988484
117.895 0.00106783
118.481 0.00108549
117.979 0.000927111
118.622 0.00108208
116.111 0.000953908
121.766 4.6915e-05
116.329 0.00102214
120.753 0.000941364
117.363 0.000956601
117.48 0.00102601
122.432 0.00106036
118.965 0.000967388
119.132 0.000955572
116.81 0.000962056
118.266 0.0010288
115.706 0.000934375
118.274 0.00100378
117.572 0.00101477
121.43 0.00122567
118.755 0.000965243
121.56 0.000981426
119.713 0.00101643
120.919 0.00110636
116.931 0.000983329
118.839 0.00094815
119.593 0.0010175
121.948 0.000923754
119.428 0.00108385
118.962 0.000962437
119.237 0.00110773
122.095 0.000975123
120.118 0.000988508
118.793 0.00096426
121.02 0.00020436
118.979 0.000143157
122.768 0.00107214
120.32 0.000980317
115.086 0.000995466
120.271 0.00095725
119.551 0.000946544
119.1 0.000969563
118.16 0.00112573
118.93 0.00109568
117.402 0.00106983
116.397 0.000898676
116.158 0.000995458
120.111 0.00101885
119.728 3.80981e-06
118.128 0.000814073
115.969 0.00104792
119.15 0.00101549
118.142 0.00103593
116.749 0.000884924
120.738 0.000954634
119.918 0.000847345
121.204 0.000864842
117.293 0.00073749
119.249 0.000954299
119.646 0.000950716
119.44 0.000880259
117.925 0.000955146
119.912 0.000962628
121.021 0.00101424
118.661 0.00105989
119.693 0.000933848
119.031 0.00095141
115.956 0.000991546
115.486 0.000919297
120.802 0.000982794
120.437 0.000989274
116.511 0.000942512
125.684 0.000991752
118.936 0.00096004
118.8 0.000952876
117.615 0.00109846
120.634 0.000149466
118.514 0.000982807
126.678 0.00109855
118.203 0.000952688
117.638 0.000962546
117.804 0.000946517
118.651 0.00103357
121.697 0.00108633
124.183 0.000955792
116.682 0.000964423
116.099 0.000976123
117.241 0.000968366
120.449 0.00100869
117.904 0.00104243
120.89 0.000819769
119.956 0.00097232
120.236 0.00104347
117.904 0.000944927
119.79 0.00098035
123.112 0.00103392
115.173 0.000946319
120.242 0.00101332
124.455 2.44111e-06
117.806 0.00107934
117.424 0.000998442
120.876 0.000959913
115.754 0.000990736
116.518 0.000924862
119.869 0.000948664
122.167 0.000985104
120.195 0.000949567
118.914 0.000975299
116.344 0.000698921
118.671 0.00105098
121.196 0.000968036
119.405 0.000641648
118.651 0.000989388
118.024 0.000980874
119.81 0.00107983
119.711 0.00103599
121.059 0.00101401
122.206 0.00110434
121.94 0.00100852
120.301 0.000930631
122.978 0.00064029
120.914 0.000977706
118.673 0.00105589
117.467 0.000954757
120.673 4.57552e-05
119.034 0.00103324
115.943 0.000846516
120.382 0.000548996
120.04 0.00094717
122.136 0.000983021
121.797 0.00103172
119.86 0.000931519
122.081 0.000953711
120.234 0.000947292
121.873 0.00109664
127.805 0.000953295
116.945 0.000967697
115.302 0.000995227
117.422 0.00089966
118.878 0.00107721
117.025 0.00108266
121.569 0.000997235
120.235 0.000955961
120.511 0.000937218
121.077 0.000922719
118.111 0.000913419
118.285 0.000974287
120.421 0.00101807
120.658 0.000965578
118.08 0.00108194
120.34 0.000646677
120.172 0.000791136
118.055 0.000943045
118.841 0.000947699
119.17 0.000905331
138.724 0.000995332
121.555 0.000959258
121.39 0.0010862
115.532 0.000876179
121.959 0.00104373
123.616 0.000965289
119.36 0.000883016
119.725 0.000974829
120.482 0.00102721
119.638 0.00108938
119.547 0.000963002
118.454 0.000959149
119.801 0.0010314
120.332 0.000943355
117.892 0.00105305
120.785 0.00104063
121.24 0.00107764
119.698 0.00098795
118.577 0.000991978
120.497 0.000990779
115.022 0.000633241
122.454 0.000665838
118.474 0.00105185
115.462 0.00096832
118.821 0.00099115
121.677 0.000971164
119.072 0.000916981
120.138 0.000960922
119.055 0.000843173
119.777 0.000943283
117.677 0.00110445
120.011 0.000974644
120.115 0.0010356
117.856 0.000963842
120.448 0.000963302
119.883 0.00102787
120.95 1.10797e-05
119.744 0.0010084
118.153 0.000999957
126.679 0.00101537
118.065 0.000986998
117.341 0.000943082
116.514 0.000946257
120.225 0.0010003
119.687 0.000896042
119.33 0.00101116
118 0.000953018
117.243 0.000939469
118.207 0.000973699
120.678 0.000852031
117.582 0.000282001
117.944 0.00107348
120.325 0.00106134
117.238 0.000670893
116.666 0.000971278
118.586 0.000979449
115.849 0.000553008
115.971 0.000903745
119.28 0.000949188
118.956 0.000991766
119.857 0.00109266
118.163 0.000787975
121.159 0.000880433
119.033 0.000918361
124.83 0.000933901
122.091 0.00113885
120.994 0.00103709
116.968 0.00107021
117.565 0.000942895
122.809 0.000961077
116.55 0.000932524
119.218 0.000986868
121.353 0.00104754
119.659 0.000957486
119.204 0.00111263
121.707 0.00110887
120.508 0.000985937
122.897 0.000964765
120.756 0.000979158
117.782 0.000961032
117.404 0.00097739
115.013 0.000928615
116.449 0.000943635
119.238 0.000937758
122.485 0.00098126
122.112 0.000972874
120.089 0.000956185
124.748 0.000946117
117.401 0.000974452
117.925 0.000996587
119.691 0.000548839
120.287 0.00102727
118.564 0.00095106
115.08 0.000458939
116.65 2.88285e-05
119.134 0.0011085
118.461 0.000950285
121.307 0.00112083
126.812 0.00102428
119.252 8.86344e-07
115.782 0.00101428
120.16 0.00105852
117.472 6.95275e-05
118.878 0.000906159
119.231 0.000978767
118.866 0.000959323
123.539 0.000948894
118.163 0.000942068
117.023 0.0010777
120.569 0.00107969
118.72 0.000900998
120.56 0.00096582
121.613 0.000958305
117.02 0.000978175
125.235 0.00105372
117.618 0.000776103
116.064 0.000994785
120.907 0.000908895
116.864 0.000637574
122.168 0.000968987
117.308 0.00104111
119.245 0.00102962
117.627 0.000893562
117.982 0.000955687
115.328 0.000198942
120.74 0.000991747
117.114 0.00108703
119.895 0.00100173
122.673 0.00107178
117.785 0.000992152
117.299 0.000918547
120.126 0.000983294
118.345 0.0010625
121.846 0.000986224
117.972 0.00106952
120.702 0.000648589
120.153 0.000991868
121.58 0.00106357
116.875 0.000893479
119.623 0.00107233
120.639 0.00113658
122.109 0.000922057
121.297 0.00045166
117.572 0.000968054
119.729 0.00115164
116.633 0.000208872
117.592 0.00108675
121.096 0.000704942
120.17 0.000104015
120.231 6.94564e-05
123.861 0.000884224
117.933 0.000951933
121.049 0.00100751
118.631 0.000995444
120.376 0.000885107
116.214 0.00102447
119.846 0.0010764
120.003 0.000821018
119.743 0.00101054
119.363 0.000756368
122.08 0.00106701
121.074 0.000974663
124.249 0.000880658
121.833 0.00100805
118.927 0.001078
118.822 0.00103894
117.47 0.00107538
119.15 0.000970474
119.683 0.000817385
117.418 0.00104398
120.903 0.000148953
116.968 0.00099074
119.389 0.00106721
119.169 0.00102523
117.588 0.000884722
120.841 0.00020623
121.818 0.000991844
118.943 0.00106691
116.489 0.00112042
121.009 3.98919e-06
119.756 0.000936176
122.292 0.00107715
119.133 0.00095518
116.646 0.000956771
118.325 0.00105967
118.368 0.000987782
115.854 0.00109821
120.786 0.00102909
118.898 0.000814298
116.067 0.000950925
117.851 0.000915726
117.328 0.000142919
117.701 0.000980884
118.304 0.00103262
122.759 0.000102307
119.465 7.07196e-05
118.394 0.00100987
118.806 0.000945212
119.818 0.00106937
116.177 0.000551054
120.18 0.00106462
118.555 0.00103841
116.339 0.00108085
117.254 0.00107165
124.057 0.000882676
119.454 0.000572449
116.085 0.000991988
119.254 0.00102338
118.095 0.00103093
121.354 0.000959913
117.479 0.00100957
118.619 0.000944177
119.893 0.000956749
118.323 0.00103643
120.023 0.00100692
123.704 0.000944119
120.453 0.000937035
118.165 0.000969373
119.885 0.00108365
119.279 6.98848e-05
120.095 0.000972926
117.232 0.000962241
117.563 0.00100482
115.716 0.0010746
121.372 0.00107261
122.089 0.000953326
119.225 0.00100444
119.951 0.00102236
120.951 0.000921468
117.425 0.000974283
119.66 0.000954241
119.412 0.000442862
118.88 0.00109893
118.852 0.00103069
121.145 0.000867688
119.225 0.000984789
117.387 0.00100822
118.313 0.000962187
116.958 0.00101008
119.392 0.000949692
122.015 0.00097131
120.506 0.00101173
123.106 0.000959998
115.491 0.00108042
121.92 0.000964211
119.073 2.84246e-05
117.021 0.0010859
117.53 0.000989103
117.481 0.000977923
119.257 0.000941973
118.318 1.82241e-05
120.048 0.00104003
117.255 0.00103249
120.288 2.83094e-05
117.758 0.000972633
116.803 0.000972013
118.073 0.00110643
120.697 0.0009646
115.288 0.00098236
121.289 0.00110074
121.984 0.000924678
123.102 0.00096193
121.395 0.00080333
118.578 0.000872596
119.452 0.000946253
116.577 0.000138794
115.789 0.000935367
122.229 0.00107924
115.007 0.000973696
118.892 0.000938565
121.713 0.00100465
118.216 0.00111396
121.817 0.000889854
121.136 0.000969241
120.107 0.000847504
120.183 0.000773925
116.315 0.00112147
122.562 0.000102608
123.947 0.000963601
120.511 0.000670993
117.164 0.00097493
118.598 0.00104851
121.017 0.00107912
120.368 0.000944653
119.949 0.00100591
116.346 0.00102651
116.971 0.000948323
119.395 0.00099465
119.518 0.000930252
117.951 0.00108197
119.819 0.000966313
118.088 0.00107942
119.809 0.000954451
120.135 0.00106415
120.042 0.000989396
121.986 0.000938552
118.948 0.00107722
120.431 0.000752601
119.732 0.000939905
125.875 0.00103094
117.449 0.000784745
117.224 0.000935232
117.718 0.00104947
119.694 0.00100447
117.351 0.000947089
121.288 0.000204143
119.119 0.000952855
117.499 0.0010677
120.172 4.6364e-05
120.238 0.000966876
118.54 0.00106992
120.707 0.000979713
116.237 0.000918955
118.657 0.000971082
119.782 0.00107252
117.31 0.000874825
121.177 0.000970276
116.71 0.000946815
122.04 0.00110805
119.472 0.000959816
119.003 0.00081526
116.39 0.000142067
122.518 0.000942748
121.525 0.00108829
119.684 0.000959213
116.765 0.000946772
118.297 0.000985996
116.258 0.000982778
118.409 0.000955589
118.219 0.000988065
123.478 0.000556142
117.895 0.00095231
120.282 1.80549e-05
124.111 0.00104522
123.726 0.000999957
117.371 0.00089364
121.502 0.0010184
116.99 0.000371033
118.503 0.000914049
120.946 0.00107216
119.854 0.000974727
121.517 0.00104543
119.457 0.000980739
118.244 0.00100632
118.507 0.000946062
124.235 0.00099921
116.301 0.000998773
115.139 2.60323e-05
116.861 0.00109344
116.896 0.000919998
116.854 0.00108215
119.131 0.000892927
117.621 0.00098621
122.113 0.000990551
120.315 0.000746361
119.836 1.85672e-05
119.837 0.00106335
117.377 0.000961053
119.338 0.000819624
119.257 0.000988432
119.14 0.00108245
115.3 0.000953087
115.679 0.000148782
119.961 0.000967654
119.843 0.000949434
121.644 0.00103613
120.332 0.00103914
121.032 4.59813e-05
115.112 0.000972739
120.539 0.000950815
119.198 1.42404e-06
116.095 0.000893294
119.695 0.00107556
121.302 0.000910209
118.316 0.000925967
116.571 0.00101605
120.041 0.000954273
117.532 0.000987886
117.191 0.000937775
118.648 0.000954101
118.973 0.00106253
121.061 0.00099173
122.409 0.000986945
120.211 0.00102587
119.692 0.00106578
119.367 0.000839321
118.865 0.000364156
119.769 0.000989422
122.053 0.000987016
117.359 0.000876711
118.363 0.000942434
118.03 0.00096527
119.136 0.0010171
116.179 0.00108385
121.315 0.000898622
118.449 0.000943082
117.883 0.00111847
122.359 0.000977428
117.149 0.000983488
117.428 0.000962307
120.192 0.000997102
119.311 0.00105916
120.223 0.000876381
118.47 0.00109619
119.74 0.00101146
115.927 0.000955937
122.901 0.00103437
118.111 0.00103508
125.212 0.000924086
117.492 0.00101392
119.873 0.000368962
119.095 0.000749463
121.715 0.0010791
119.083 6.24528e-07
119.583 0.000942699
123.326 0.000993465
117.381 0.000148724
118.119 0.000992791
117.498 0.00094983
117.855 0.00095077
121.955 0.000950614
120.772 0.000962687
117.289 0.000929178
115.292 0.000820277
118.413 0.000953574
119.232 0.00110195
119.616 0.000965659
118.111 0.000907666
118.851 0.0010078
123.169 0.000891169
118.322 0.000957151
121.843 0.000987984
118.364 0.00014555
120.684 0.00095
116.739 0.000972427
119.266 0.00108628
120.673 3.97702e-06
119.212 0.000887129
122.427 0.000984547
116.299 0.00106619
121.311 0.000899663
117.773 0.000952938
116.062 0.000966112
119.88 0.000964974
120.454 0.00098864
120.21 0.000949649
120.357 4.59146e-05
121.217 0.000918832
118.852 0.000986772
118.352 0.00102273
119.196 0.00102513
125.709 0.00107503
121.508 0.000954569
120.594 0.000962702
118.268 0.0011217
121.873 0.000902644
119.655 0.00101867
118.66 0.00100103
117.996 0.00103103
120.746 0.000938317
121.691 0.000973133
118.709 0.000966469
119.986 0.000954619
120.643 0.000907794
118.553 0.000948479
118.685 0.00112141
122.667 0.000944221
120.783 0.000973035
118.154 0.000642851
124.174 0.00109269
119.667 0.000932282
118.863 0.00100803
117.56 0.000860017
119.978 0.0010005
120.87 0.00108109
119.011 0.00100905
117.519 0.00108363
119.48 0.000945352
120.252 0.000304111
121.61 0.00113566
119.718 0.00108646
117.024 0.000966353
118.962 0.000977375
122.062 0.000958629
120.867 0.000982309
117.193 0.000960903
119.599 0.000456176
120.773 0.000993913
118.292 0.000920792
121.091 0.000953307
122.101 0.000982211
120.637 0.000850835
118.042 0.000938576
116.51 0.000927603
119.704 0.000980143
121.257 0.000740602
121.057 0.000965717
119.256 0.00079727
121.889 0.00106363
118.677 0.000954351
118.075 0.000961428
118.369 0.000949083
118.833 0.000932111
116.395 0.000999654
122.255 0.000978381
117.63 0.00101293
115.895 0.00109085
121.139 0.00106744
120.917 0.00105012
120.215 0.00109688
119.348 0.00104842
118.092 0.00110196
119.998 0.0010197
121.745 0.000986521
118.03 0.00099957
118.031 0.00103322
115.712 0.000943188
117.401 0.00105461
121.066 0.000914841
116.507 0.00104519
119.703 0.000914411
119.578 0.0010439
119.192 0.000985165
120.469 0.000996514
118.216 0.000944603
117.096 0.000922621
119.666 0.000971992
121.146 0.00093396
119.116 0.000445107
117.674 0.000268146
115.617 0.000947366
124.357 0.000929622
119.525 0.00108032
120.02 0.00014682
119.551 0.00114307
120.162 0.000982005
120.599 0.00101977
120.765 0.00102073
120.475 0.000966413
120.008 0.000945263
118.33 0.000989697
118.661 0.00107979
116.267 0.000970959
121.188 0.000993598
117.71 0.00108043
119.992 0.00107058
118.217 0.00101033
117.74 0.0010385
115.675 0.000943305
121.686 0.00099797
120.656 0.000951998
117.339 0.00101004
118.98 0.00105961
121.61 0.000991805
119.835 0.00100278
120.137 0.00084973
118.424 0.000979633
117.716 0.00122389
117.324 0.000981096
117 0.000967611
122.746 0.00101888
126.419 0.000947507
118.423 0.000949206
119.656 0.000926981
118.675 0.00104205
118.352 0.00108359
120.581 0.000917098
117.875 0.000967433
118.561 0.000686662
123.316 0.000977777
117.852 0.000998573
122.412 0.000995319
117.519 0.00094347
119.073 0.000959313
120.044 0.000205983
116.657 0.000984604
118.777 0.00099877
121.168 0.000952488
119.224 0.00100853
115.29 0.000970223
121.19 0.000909831
119.73 0.000882217
126.378 0.000978898
117.712 0.00106738
118.276 0.000973476
121.198 0.000810997
118.961 0.0010077
118.924 0.000983096
122.59 0.00103488
117.872 0.000990827
117.297 0.0010799
119.109 0.000951601
117.693 0.00110032
120.912 0.000966778
116.621 0.00110185
117.011 0.000101205
118.361 0.000994055
126.864 0.00107965
120.264 0.000981686
115.831 0.000949269
123.498 0.00102509
123.893 0.000632178
120.177 0.00110588
118.901 0.00108484
117.371 0.000979066
117.583 0.000910911
118.599 0.000907508
117.261 0.00105462
118.534 0.00107304
120.154 0.00113916
119.287 0.00108767
119.397 0.00107392
115.245 0.00095385
120.143 0.00100144
117.383 0.0009854
115.761 0.000982798
122.439 0.000961473
120.666 0.000966944
121.533 0.000907381
119.93 0.000963417
119.023 0.00090378
120.65 0.000940986
119.217 0.00097908
122.546 0.000981299
122.407 0.000950054
120.672 0.00102735
119.724 1.82047e-05
117.753 0.000961484
116.671 0.000948731
118.182 0.00108791
121.794 0.000958485
118.499 0.00107884
120.669 0.00107812
120.381 0.00107574
121.649 0.000953162
115.919 0.00100657
119.414 0.000932425
120.596 0.000946349
115.965 0.00109443
116.803 0.000995535
120.936 0.000959863
120.526 0.000741072
121.026 0.000956168
119.799 0.000965259
115.071 0.000751311
117.197 0.00107242
117.294 0.000877879
121.258 0.000898079
117.045 0.00104039
122.258 0.00100471
122.329 0.000941137
120.973 0.00104497
119.688 0.000960809
116.666 0.000939417
118.131 0.000901768
120.118 0.000944247
121.587 0.00107671
119.003 0.000972836
118.719 0.000943101
120.893 0.000985552
116.565 0.000891107
121.751 0.00096514
118.782 0.00102401
118.356 0.00091391
119.652 0.000939791
119.963 0.00105832
121.766 0.00112448
118.711 0.000973185
117.99 0.000938857
118.121 0.000877859
118.821 0.00107877
115.88 0.000976479
120.637 0.000947384
116.091 0.000716504
121.373 0.000945559
120.028 0.00100764
120.258 0.00100701
120.825 0.000945887
120.419 0.000958726
118.736 0.00107747
120.294 0.000282086
117.214 0.000933602
122.696 0.00113039
123.116 0.000962591
119.171 0.00088326
118.22 0.000984114
121.887 0.000939994
120.271 0.000440391
120.903 0.000908925
119.302 0.000325508
118.708 0.00106512
119.764 0.00110615
121.865 0.000956826
121.5 0.000921438
120.218 0.00100982
117.071 0.000981227
121.415 0.000953891
123.427 0.00104526
116.128 0.00108939
118.657 0.000986399
120.183 0.000876567
119.398 0.00027772
119.686 0.000950863
120.825 0.0010858
117.032 0.00108041
122.58 0.0010267
120.165 0.000939587
121.745 0.000992829
119.304 0.000948219
116.394 0.000987157
122.273 0.000966803
118.476 0.000883399
126.183 0.000781699
120.175 0.000998014
121.871 0.000989488
120.901 0.00110717
121.439 0.000978034
118.209 0.000970952
118.582 0.000903771
117.419 0.000833306
121.677 0.00108587
118.347 0.00088206
120.17 0.000457135
122.086 0.000904969
116.728 0.00100218
123.116 4.35736e-05
117.895 0.000948492
119.457 0.00128009
121.68 0.00102832
120.798 1.1065e-05
118.896 0.00103753
119.967 0.000938038
119.002 0.000983257
124.128 0.0011066
118.287 0.00097105
118.727 1.10459e-05
121.073 0.000280298
116.339 0.00108557
120.299 0.000936126
125.191 0.000957803
116.529 0.000953346
119.41 0.000960583
119.889 0.00104089
117.401 0.000980634
120.903 0.000142088
122.544 0.0010322
120.088 0.000971992
120.693 0.000983107
121.92 0.000454043
121.563 0.00099872
120.151 0.00108785
117.577 0.00095862
115.163 0.00110709
117.828 0.00101955
117.841 0.000975521
122.783 0.000911836
120.909 0.00108586
119.359 0.00102164
118.908 0.00096423
116.214 0.000940098
120.54 0.0010649
116.031 0.000943495
121.798 0.000947163
120.42 0.000912635
118.281 0.00108148
120.915 0.000953131
118.226 0.000907167
120.917 0.000944667
118.588 0.000146628
117.997 0.00102555
120.95 0.00107939
119.568 0.000972063
120.455 0.000668158
120.145 0.0010083
117.565 1.39884e-06
122.514 0.0011238
121.299 0.000877571
117.644 0.000877341
118.482 0.00100275
120.743 0.000942564
119.858 0.00100553
120.544 0.000818962
118.291 0.00101673
118.907 0.000371423
124.932 0.000945255
116.363 0.0010325
118.974 0.000976434
117.771 0.000980878
120.742 0.000833616
119.783 0.000949571
117.166 0.000647101
116.051 0.000965791
117.905 0.000991757
121.419 0.000937259
124.433 0.000346801
120.449 0.000970064
119.457 0.000506851
120.831 0.00095136
118.74 0.000847842
120.104 0.000995504
117.752 0.00110108
116.201 0.000823145
120.208 0.00109751
121.557 0.000943382
117.838 0.000959784
125.653 0.000759983
117.372 0.00109434
120.794 0.000913436
118.957 0.000977556
115.731 0.00100882
120.047 0.000964973
123.202 0.00103383
121.801 0.00108447
120.418 0.00104799
123.292 0.000983076
120.032 0.00106754
122.55 0.000991308
118.939 0.0010476
122.633 0.000976634
122.012 0.000945873
123.561 0.00111324
120.676 0.000992997
116.137 0.00110129
115.574 0.00103569
117.331 0.00104592
120.627 0.00096451
120.283 0.000949525
119.027 0.000978668
123.899 0.00097965
117.381 0.00112699
118.059 0.000994076
117.553 0.000973363
120.457 0.00103148
118.851 0.000962528
115.723 0.000663116
117.943 0.00103805
116.305 0.000871548
120.719 0.00096873
120.116 0.000752752
119.655 0.00102365
118.19 0.000952545
119.94 0.000996521
118.47 0.000911196
119.161 0.000888441
120.682 0.00107271
120.599 0.000977071
121.993 0.00097473
119.711 0.000973371
118.527 0.000936617
119.984 0.00106791
117.779 0.00108067
115.19 0.00102238
121.416 0.000975396
119.506 0.00020414
118.669 0.00099492
120.323 0.000948021
119.852 2.87308e-05
117.792 0.000988006
119.348 0.000990865
122.142 0.000895946
119.711 0.000897216
118.17 0.000944255
119.476 0.000941771
118.504 0.000982058
121.957 0.000949346
121.168 0.00094957
119.312 0.00106073
117.996 0.00094652
120.249 0.00098895
118.944 0.000975093
120.166 0.000911856
122.696 0.000997582
119.253 0.000943174
118.172 0.000975303
119.126 0.000920883
116.811 0.00100159
120.17 0.000831958
116.566 0.00109769
119.803 0.00106272
117.77 0.000938563
120.709 0.00102535
122.771 0.000873403
125.999 0.00105582
115.335 0.000905898
121.587 0.00097485
119.143 0.00104241
120.977 0.00106458
122.226 0.00100676
121.991 0.00103258
115.9 0.000918003
118.746 0.000454762
119.322 0.00100529
119.692 0.000967974
124.096 0.000921322
122.624 0.000947685
118.906 0.00098094
120.096 0.00095463
118.359 0.000459955
117.647 0.00090792
120.741 0.00101873
117.551 0.000750377
116.216 0.000978087
118.834 0.000875494
122.777 0.000959992
120.397 0.000369109
119.344 0.000954788
118.09 0.0010612
119.29 0.000979384
119.169 0.00102689
119.327 0.00102258
123.212 0.000895847
121.636 0.000130335
117.854 0.000979669
119.255 0.000982367
119.46 0.00101064
120.316 0.000959262
115.796 0.000960367
121.012 0.000955384
118.853 0.000980157
121.136 0.000984914
121.088 0.00104544
119.486 0.000996998
115.57 0.000944818
119.382 0.000965045
117.458 0.000944705
118.566 0.000996259
123.074 0.000988894
118.696 0.000372115
117.764 0.000931656
122.49 0.000988963
118.79 0.00108528
121.793 0.000982167
115.696 0.00108565
121.065 0.00108542
122.679 0.00101095
118.937 0.000991793
120.807 0.000965051
121.063 0.00102676
121.733 0.0010139
121.235 0.00103483
122.434 0.000915955
123.245 0.00106257
121.087 0.000944015
119.826 0.000956581
119.944 0.000954026
121.151 0.000945586
125.361 0.000902755
121.535 0.00102133
120.12 0.00108244
117.872 0.0010958
118.47 0.00108333
119.848 0.000964371
120.238 0.00105076
118.271 0.000999639
118.08 0.000991376
118.726 0.00102362
118.423 0.000933616
122.89 0.000923547
119.67 0.000980017
118.033 0.00100803
119.138 0.000951415
120.367 0.000975671
119.901 0.000971719
117.32 0.00105515
123.647 0.0010654
119.292 0.000972297
117.445 0.000947443
117.686 0.000971748
119.526 0.00105914
123.52 0.000808878
121.424 0.000986521
118.909 0.00102956
116.939 0.000994519
118.097 0.00094259
122.012 0.000952218
117.715 0.00100607
116.162 0.00038102
121.274 0.000764126
118.363 0.000986042
116.672 0.00107524
119.866 0.00106948
118.86 4.73953e-05
120.449 0.0009573
118.024 0.00054241
120.63 0.000963088
118.945 0.00105248
121.257 0.000962581
119.857 0.000967455
117.957 0.00108493
115.248 0.001126
116.733 1.10394e-05
120.143 0.000992569
130.066 0.00103358
115.114 0.000559426
120.305 0.00108247
116.154 0.00101974
120.669 0.00110511
122.729 0.000206007
120.682 0.000977586
119.729 0.000959354
118.302 0.000149129
117.396 0.000928396
117.649 0.000984474
117.631 0.000831302
118.233 0.000952126
118.286 0.00105404
118.847 0.000959526
121.226 0.000987521
119.155 0.000858858
118.061 0.000941164
122.209 0.00094245
119.719 0.000992562
119.085 0.000942338
122.961 0.00104242
118.934 0.000871048
120.096 0.000951963
124.244 1.84005e-05
118.144 0.00104089
120.074 0.00100094
115.683 0.00108348
121.746 0.0010916
122.478 0.000744232
118.002 0.000951657
137.92 0.000995639
122.376 0.000971585
124.14 0.000977338
120.534 0.000984082
119.927 0.000962797
119.542 0.000925608
125.632 0.000885605
116.57 0.00102378
118.338 0.00095423
117.199 0.00110384
118.368 4.61785e-05
119.726 0.000984715
120.38 0.000974707
121.182 0.00106171
117.243 0.00110181
125.046 0.000277646
121.583 0.00101172
120.246 0.00103559
119.866 0.000955524
122.005 0.00096365
120.648 0.000963624
119.095 0.00109231
122.109 0.0009576
125.829 0.00104062
121.465 0.000977251
118.585 0.000982475
120.791 0.00106966
118.728 0.000945267
119.855 0.000947117
119.013 0.000264342
119.785 0.000947803
119.957 0.000987424
119.332 0.00101535
120.866 0.000952867
121.028 0.00099987
120.425 0.000953562
118.028 0.00098905
121.154 0.000987902
120.221 0.000934207
119.959 0.0010568
118.647 0.000980921
120.922 0.00114236
118.373 0.000908447
119.379 4.75558e-05
119.645 0.000104033
118.847 0.000916491
121.144 0.00117737
120.8 0.000941318
124.03 0.000567329
122.771 0.00100025
119.47 0.000984174
117.844 0.00112289
121.362 0.000986775
118.323 0.00101629
120.984 0.000975086
119.844 0.000953676
121.748 0.000967727
118.383 0.000958034
123.195 0.00105132
121.166 0.00101059
119.531 0.000951768
118.345 0.00101021
119.59 0.00125858
121.514 0.0011021
118.835 0.00065478
116.077 0.000208951
116.99 0.000969095
121.737 0.00095308
121.196 0.000773418
118.489 0.000919147
118.314 0.00105516
119.576 6.82442e-05
119.133 0.00108705
115.434 0.00101096
120.847 0.000964376
120.428 0.000645639
120.268 0.000995037
126.695 1.78134e-05
116.54 0.000961646
121.297 0.000977156
119.568 0.000952471
121.119 0.000969235
118.212 0.000942738
115.959 0.00102598
119.275 0.000950231
117.922 0.000996597
116.846 0.00108586
117.503 0.00107785
116.748 0.000974785
118.34 0.00114305
121.167 0.000931716
120.057 0.000999646
117.16 0.000206767
120.959 0.000961188
122.421 0.000958436
119.531 0.000901144
123.659 0.00092637
118.7 0.000946862
125.137 0.000745395
118.081 0.00116798
119.165 0.000984002
120.06 0.000996048
118.722 0.000961823
121.779 0.000927174
115.224 0.000966173
118.818 0.000954013
123.031 0.000979088
118.628 0.000952075
117.334 0.000959423
118.549 0.000967732
118.941 0.00105574
121.807 0.000860573
119.393 0.000968706
122.464 0.000959123
121.908 0.00112595
118.037 0.00103224
121.483 1.82928e-05
120.347 0.000929023
122.532 0.00109437
118.888 0.00108583
120.428 0.00105951
117.002 0.00106591
118.321 0.000999032
119.532 0.00102345
117.837 0.000967745
118.621 0.000954089
117.047 0.000550136
122.838 0.000940826
117.969 0.00095431
117.647 0.00101777
119.738 0.000978062
119.056 0.000999665
122.013 0.00100873
117.242 0.000985743
123.64 0.00100683
120.8 0.000965182
116.739 0.000959642
118.399 0.000979126
117.599 0.000885273
121.375 0.000954234
119.701 0.00107904
116.462 0.00101261
120.886 0.0010303
120.728 0.000943439
118.775 0.00114037
120.562 0.000552606
116.705 0.000858257
116.745 0.000977582
119.126 0.000958776
116.717 0.000962825
119.252 2.75694e-05
118.291 4.67874e-05
118.123 0.00100119
121.32 0.000975565
117.108 0.00102593
118.451 0.000874297
119.196 0.000971179
121.519 0.000986557
121.293 0.000950971
118.521 0.00101876
120.088 0.000946661
116.959 0.000877807
122.33 0.00100163
119.439 0.000943203
119.94 0.00105714
119.561 0.000921003
119.616 0.000992125
119.138 0.000922387
120.935 0.000979485
120.039 0.000969665
117.158 0.00101826
115.38 0.000944409
122.827 0.00103649
116.874 0.000995549
120.58 0.000956842
120.414 0.00101973
117.8 0.000973163
117.367 0.00103594
122.425 0.000942682
116.181 0.000358155
118.862 0.000952384
121.326 0.00107202
121.605 0.000824045
120.703 0.00108836
124.701 0.000993275
124.073 0.0011004
118.529 0.00103752
117.231 0.000846798
115.873 0.000997837
115.867 0.000982146
120.141 0.000371757
119.029 0.000950609
116.775 0.00112122
117.208 0.0011483
120.681 0.0011088
120.793 0.000940021
115.872 0.00101159
120.692 0.00097557
121.841 0.000995986
120.076 0.00105398
117.531 0.00105242
120.254 0.000953126
119.893 0.00101483
116.89 0.00109854
119.643 0.00100473
118.527 0.00109257
117.398 0.000984906
122.558 0.000934711
125.086 0.000997316
118.502 0.000683638
117.229 0.00111115
122.962 0.000947657
117.783 0.00103054
116.66 0.000940234
117.523 0.000376339
117.824 0.000955294
119.324 0.000888771
120.487 0.0010023
122.654 0.00108702
116.294 0.00112109
121.45 0.00108926
120.171 0.000102147
117.76 0.000995778
118.759 0.00093653
120.97 0.000942398
120.98 0.000983966
120.188 0.000982017
119.021 0.000968532
118.508 0.000968448
117.772 0.00101897
122.331 0.000950498
119.765 0.000964871
120.36 0.00110627
119.21 0.00110317
119.932 0.000945388
118.648 0.00107642
123.088 0.000993654
123.628 0.000979506
121.958 0.000208008
116.34 0.00102762
117.511 0.00104347
119.259 0.000886482
121.157 0.00101809
117.782 0.000859121
122.293 0.0010921
123.476 0.00112888
121.2 0.000956131
116.895 0.000948304
122.777 0.000987629
122.074 0.000952414
120.754 0.000833368
117.917 0.000989444
115.938 1.09227e-05
121.945 0.00105958
118.007 0.000970442
117.357 0.000932364
121.84 0.000954111
118.973 0.000734095
117.804 0.000948455
117.112 0.00106126
119.652 0.000972218
118.536 0.00109767
119.976 0.000972213
121.886 0.00106368
118.44 0.00106433
120.593 0.00028228
118.827 0.000985058
118.349 0.00101876
119.172 0.000205026
115.784 0.00106374
118.951 0.000986202
115.936 0.000977911
124.301 2.76644e-05
116.927 0.000846184
121.109 0.00099843
124.438 0.000970676
119.728 0.000946048
119.125 0.000951618
121.573 0.00096753
121.837 0.000947966
120.003 0.000870023
121.594 0.000905593
119.875 0.000992025
121.485 0.00112427
119.626 0.000987802
120.754 0.0010706
121.783 0.00107139
119.876 0.000952543
118.405 0.000977428
118.357 0.000558778
120.532 0.00100553
119.111 4.59031e-05
121.836 0.000978671
121.197 0.000941654
120.649 0.000802985
116.176 0.00106408
116.394 0.00102809
119.207 4.60256e-05
117.387 0.000999243
116.319 0.000958652
116.582 0.000918445
116.017 0.000354377
121.387 0.000948774
119.119 0.000962606
116.877 0.000951378
120.355 0.000965515
115.496 0.000456019
117.712 0.000950285
120.167 0.00110946
125.388 0.000890104
119.005 0.0010047
119.9 0.000648731
115.929 0.000987472
119.416 0.000943693
118.875 0.00102998
123.526 0.000958883
116.225 0.00110551
118.587 0.000355501
120.554 0.00108584
120.739 0.000954752
123.031 6.41244e-06
121.344 0.00107291
120.899 0.000965779
117.417 0.000920194
117.048 0.000987828
115.758 0.00102984
118.675 0.000879915
115.485 0.00104501
121.12 0.00101383
116.605 0.000904793
118.858 0.000979702
122.27 4.5799e-05
118.988 0.000986881
121.368 0.00103318
118.59 0.000948019
119.414 0.000979875
117.439 0.00103165
115.988 0.000953658
118.287 0.000981453
120.294 0.000998178
115.43 0.000914811
120.419 0.00102794
117.447 0.000949257
120.654 0.00138875
119.907 0.00103176
117.317 0.000950148
118.581 0.000972076
117.269 0.00107362
116.961 0.00106647
116.487 0.000974003
116.25 0.00111162
122.768 0.000206378
118.653 0.000926805
116.213 0.00102025
116.324 0.00104149
121.747 0.000949456
117.515 0.000992387
119.155 0.000997315
120.234 0.00099207
119.485 0.00109568
117.399 0.00111675
121.913 0.00109348
120.515 0.000983307
118.773 0.00107814
122.63 0.00113625
122.631 0.00110228
123.981 6.88831e-06
120.177 0.000920688
116.627 0.000992161
119.534 0.000868464
117.144 0.0011254
117.49 0.00108753
117.372 0.00100365
117.963 0.0010395
116.632 0.00108489
115.771 0.00101425
120.985 0.000958015
118.457 0.000553717
121.303 0.000967897
117.214 0.000955908
122.623 0.00104114
118.846 0.000987469
119.839 0.00106281
122.671 0.00100478
120.363 0.000963655
116.633 0.000985684
117.503 0.00102124
117.679 0.000942147
119.861 0.000828864
118.569 0.00101103
119.786 0.000540148
118 0.000983346
118.53 0.000944443
120.124 0.000892359
119.144 0.000962247
120.565 0.00104165
119.205 0.000980509
116.933 0.00103521
120.46 0.0010847
119.577 0.000939187
121.722 0.00102114
118.196 0.00103272
117.969 0.00100451
118.363 0.000941023
118.222 0.000143327
119.659 0.000951702
120.716 0.000977311
117.087 0.00108064
118.962 0.000962797
120.609 0.000960684
120.184 0.000964938
119.093 0.00108968
121.661 0.0010286
117.26 0.00110537
117.691 0.00108231
119.898 0.000978697
121.405 0.000914262
123.509 4.75664e-05
117.074 0.000941126
120.324 0.000927337
119.968 0.000575189
117.378 0.000983788
119.994 0.000949067
123.024 0.000966112
119.082 0.000934248
118.197 0.000962805
119.07 0.000953807
122.296 0.00092067
122.322 0.000555192
121.808 0.00108524
123.866 0.000980807
118.389 0.000991271
117.302 0.00092259
120.203 0.000871167
119.156 6.94358e-05
121.793 0.00100296
119.821 0.00108944
116.072 0.000900645
122.068 0.00100271
116.865 0.000978012
115.214 0.00100521
117.92 0.000985329
123.149 0.000959981
122.787 0.000935789
118.14 0.000948984
122.447 6.99373e-05
118.038 0.000988027
117.628 0.00103139
117.768 0.000959312
118.135 0.00104354
115.638 0.000955231
119.611 0.000982226
122.165 0.000974187
120.588 0.000992296
120.785 0.000790485
121.006 0.000890317
116.001 0.00107203
118.362 0.000103982
122.176 0.00106542
123.244 0.000828201
115.133 0.000911481
118.574 0.000969167
118.932 0.000982056
118.697 0.0010576
118.155 0.000961255
118.401 0.00105352
118.144 0.000979084
117.829 0.000957164
120.789 0.000987902
117.41 0.00102595
119.935 1.09837e-05
119.594 0.000969214
119.904 0.000923889
121.499 0.000953802
116.427 0.0010635
119.009 0.00107073
117.289 0.000988004
115.764 0.000962758
118.408 0.000965252
118.83 0.00075624
121.721 0.000955966
119.071 0.000932283
118.413 0.000881455
116.606 0.00107917
119.865 0.00108235
120.204 0.000959017
115.17 0.000934701
116.921 0.000990636
120.207 0.000954675
120.474 0.000953477
120.895 0.000863575
119.082 0.0008117
120.571 0.000870464
116.187 0.000973253
122.086 0.00105122
115.952 0.00105074
122.913 0.00100185
115.364 0.00110376
121.359 0.00107525
121.655 0.000944787
116.805 0.000957026
116.616 0.000922748
124.665 0.00101429
123.712 0.000952538
119.684 0.00107785
117.995 0.00109069
116.454 0.000489663
119.138 0.00097217
120.835 0.00102149
116.55 0.000951398
119.264 0.00111867
115.054 0.000882655
118.678 0.000921354
115.05 0.000980518
118.853 0.000855548
117.777 0.000995939
118.654 0.00106319
124.884 0.000950517
119.48 0.000991868
120.3 0.000971757
115.479 4.60199e-05
123.842 0.00108154
115.474 0.00117134
117.956 0.000367764
118.434 0.000568767
118.834 0.000941824
119.601 0.000965216
119.338 0.000943888
120.321 0.000738251
117.912 0.000927863
120.746 0.000968733
121.453 0.000979366
119.755 0.000980648
120.605 0.000976703
115.019 0.000973651
121.637 0.000951643
118.701 0.000994049
119.809 0.000980461
118.122 0.000959449
118.012 0.001003
116.753 0.000999918
119.197 0.00107706
116.953 0.00095866
120.398 0.000971487
116.796 0.000952536
121.005 0.000936305
119.317 0.000953188
118.107 0.00108384
118.512 0.000993566
120.121 0.00109938
119.774 0.000956855
119.092 0.000206607
118.959 0.000864536
119.486 0.000948706
116.065 0.000964211
118.315 0.000895463
120.294 0.0010367
119.725 0.0010694
119.46 0.00107511
120.848 0.000968014
120.229 0.000983951
120.075 0.000960871
121.218 0.000949605
119.21 0.00100496
120.081 0.00108766
116.831 0.000902617
115.873 0.00107717
120.662 0.000943586
117.691 0.000997304
120.496 0.000558224
117.363 0.000824731
118.802 0.000873745
117.792 0.00108783
120.249 0.00105396
115.229 0.00100776
118.371 0.000949678
120.62 0.00103595
121.237 0.00105757
120.875 0.000944655
118.537 0.000956225
118.817 0.000903989
119.255 0.000937953
123.691 0.00107453
119.938 0.00088172
124.156 0.000965078
120.11 0.00105778
120.246 0.000954988
119.966 0.00108344
120.453 0.000993354
122.752 0.000828701
120.231 0.000998218
121.194 0.000987115
119.464 0.000951948
121.701 0.000897526
117.434 0.000553077
119.977 0.000744304
120.851 0.000950004
119.827 0.00103805
122.645 0.00095429
120.302 0.00103056
119.689 0.0010751
120.205 0.000980278
121.009 0.00107911
119.891 0.00096344
120.139 0.000985488
120.892 0.00108608
120.072 0.000945212
119.695 0.00106172
121.941 0.000961295
121.795 0.000557888
120.061 0.000944653
120.868 0.00107842
120.063 0.000957366
116.036 0.00100281
121.304 0.000921801
118.022 0.000977139
121.426 0.000956822
119.955 0.000912335
120.655 0.000968002
117.091 0.000860465
119.794 0.00100492
117.97 0.000992161
119.749 0.000940711
118.973 0.00101846
115.437 0.000887649
118.512 0.000885824
123.831 0.000819401
119.933 0.00110803
122.661 0.000961257
116.27 0.00095216
119.64 0.00102491
121.787 0.00110497
123.587 0.000947092
115.402 0.000987809
120.354 0.000942471
116.5 0.00109525
120.766 0.000148022
116.082 0.00105683
118.873 0.000950715
117.47 0.000981614
120.073 0.000951132
119.568 0.00102777
119.601 0.000107584
119.423 0.000965334
116.03 0.00107331
120.163 0.000215873
118.116 0.00108544
118.662 0.000970669
121.726 0.000645975
121.725 0.00099981
117.646 0.00098268
121.296 0.000984997
119.907 0.000955873
122.326 0.000963879
119.979 0.000944407
117.661 0.00106214
122.101 0.000714467
117.805 0.000948849
119.568 0.000971807
117.616 0.00105757
118.63 0.0010758
117.481 0.000903233
119.535 0.00102749
118.24 0.000279691
121.069 6.78433e-06
120.442 0.0009464
118.611 0.000942633
121.514 0.000950634
119.566 0.000983769
118.423 0.000452162
118.043 0.0010697
120.094 0.000967126
119.704 0.00101897
120.724 0.000976901
122.451 0.000962628
116.952 0.000973919
119.672 0.0010135
117.745 0.000934641
121.148 0.000195719
119.478 0.00100415
119.248 0.000983133
116.178 0.000876193
123.507 0.000968363
118.453 0.000996772
118.128 0.000982684
120.258 0.000972398
118.997 0.000968966
121.137 0.000931997
120.945 0.000369622
115.834 0.000151334
121.364 0.00092429
121.138 0.00108927
122.423 0.000961725
119.274 0.00107829
119.143 0.000964953
121.941 0.000978677
122.549 4.5909e-05
117.44 0.000876301
119.616 0.000985753
122.611 0.000957711
119.553 0.000980094
116.168 0.00099579
120.737 0.000950637
118.911 0.00100273
121.75 0.0009995
119.288 0.000991421
115.23 0.00100073
120.591 0.000148539
122.068 0.00117089
118.576 0.000981157
120.938 0.000989335
119.024 0.000981595
120.051 0.000983152
115.642 0.000378819
119.952 0.000993499
117.623 0.000949078
121.442 0.000963749
118.493 0.000987268
118.9 0.000927174
120.695 0.000955825
120.574 0.000996883
119.843 0.000552973
119.276 0.000993596
120.037 0.00101283
120.312 0.000967016
117.076 0.000975543
119.976 0.000940898
120.98 0.000991653
115.656 0.00109611
116.638 0.000938747
117.931 0.000947831
116.188 0.000674062
118.372 0.00101735
119.295 0.00112889
118.129 0.000993501
121.658 0.00110239
116.862 0.000923842
121.438 0.000974939
119.038 0.000968627
122.182 0.00108017
119.497 0.00103947
119.994 0.0010561
122.983 0.000959258
122.356 0.000958338
118.264 0.00107223
120.029 0.000950896
119.895 0.000946322
117.694 0.000967697
121.03 0.000984754
117.023 0.000978873
122.059 0.00109561
119.145 0.000913523
117.734 0.00102205
117.903 0.000970322
121.72 0.00095865
121.801 0.0010276
117.852 0.000975065
118.584 0.00108848
118.819 0.000995666
119.135 0.00109757
115.15 0.000716056
121.181 0.000961735
117.058 0.00094718
121.082 0.000973933
119.114 0.00094424
115.199 0.00100364
117.563 0.000939754
118.419 0.000945195
118.96 0.000962808
121.946 0.000360464
120.667 0.000982703
121.124 0.0010033
120.383 0.00103929
117.82 0.000822881
118.997 0.000965416
121.452 0.000832224
117.158 0.000460057
119.383 0.000949703
116.628 0.000898863
119.93 0.00102519
118.806 0.000952126
116.12 0.000970628
120.038 0.000953646
120.032 0.00102981
121.311 0.00102456
115.769 0.000945494
124.096 0.00101359
120.081 0.000863736
121.58 0.000980393
120.656 0.000908755
116.708 0.00101619
117.732 0.000814726
121.409 0.000996279
120.64 0.000882508
118.001 0.000562541
120.874 0.000367651
117.151 0.000952865
121.285 0.00111371
118.265 0.000963207
117.258 0.000929636
119.931 0.000949082
116.819 0.00106269
120.381 0.000986948
123.417 0.000961839
120.148 0.000945797
119.459 0.000147838
120.701 0.000995062
122.023 0.000137849
118.007 0.000986326
116.514 0.00105984
117.343 0.000976028
124.043 0.000951526
116.736 0.00102878
118.333 0.00108038
117.401 0.000910522
120.296 0.000944973
122.942 0.000830688
120.648 0.00103873
119.367 0.000825233
120.792 0.00108393
116.012 0.000929653
118.946 0.00112996
121.046 0.000372885
121.478 0.00109407
120.442 0.0009597
119.776 0.00104336
117.445 0.000975538
118.847 0.00107984
119.511 0.000960776
117.112 0.000979829
121.805 0.00101978
117.024 0.00103733
121.521 0.000892936
118.621 0.00103688
119.913 0.000282616
118.994 0.000147524
122.008 0.000902708
116.562 0.000922892
120.443 0.000958305
117.752 0.000936428
120.06 0.000939325
120.82 0.000962194
119.308 0.0010339
116.17 0.000953912
120.987 0.000919485
122.219 0.000989889
121.511 0.00108095
120.676 0.000997762
117.848 0.00108783
120.37 0.000952865
118.344 0.00103572
117.055 0.00107829
122.994 0.00100042
122.959 0.00103272
119.929 0.000361896
120.055 0.00103212
118.223 0.000943942
116.232 0.000931767
121.255 0.000977384
117.899 0.000962647
116.723 0.00112227
116.19 0.000991932
121.608 0.000982686
117.44 0.000769395
123.819 0.00086865
120.786 0.000958538
123.474 0.000976016
119.276 0.000987452
117.372 0.000888936
122.006 0.000993729
121.082 0.00010536
120.843 0.000961189
118.441 0.00113816
115.452 0.000999738
119.856 0.000999651
118.724 0.000970225
120.358 0.00094067
119.643 0.00095433
119.899 0.000941276
117.352 0.000946059
123.67 0.00104562
117.318 8.94047e-07
117.272 0.00103293
117.452 1.87307e-05
118.654 0.00106983
118.034 0.000946164
118.807 0.00115002
119.162 0.00104462
119.625 0.0010065
122.168 0.000959054
119.732 0.00105951
117.688 0.0010797
117.308 0.000953471
117.975 0.00094429
118.544 0.000938366
120.105 0.000993884
118.667 0.00109481
118.743 0.00107396
119.593 4.29817e-05
118.591 0.00112393
118.14 0.00098126
117.72 0.000905046
121.795 0.00106343
123.47 0.000982099
117.394 0.000654541
118.197 0.000927029
119.246 0.00101171
119.868 0.000963791
116.205 0.000558919
119.489 0.00103265
119.659 0.000947538
120.393 4.6167e-05
121.598 0.000991728
120.603 0.00099775
120.337 0.00095848
122.236 0.000967381
127.212 0.00100995
118.717 0.00101385
120.091 2.42222e-06
116.514 0.0009175
119.827 0.000961579
121.075 0.000954502
120.058 0.000855069
115.583 0.00097723
121.731 0.00101027
117.778 0.00096012
118.49 0.00102977
117.173 0.000955355
120.138 0.000359466
122.159 0.000883976
118.077 0.00107489
123.334 0.000959193
120.759 0.000958838
122.252 0.000961898
120.901 0.000985964
120.939 0.000952903
118.352 0.00094739
122.268 0.00095466
120.443 0.000936385
119.035 0.000982458
116.79 0.000913877
118.01 0.00108195
119.274 0.000783661
117.742 0.000946642
120.311 0.000918227
122.935 0.000933884
118.666 0.000742067
120.976 0.000989268
120.202 0.000918726
117.865 1.12197e-05
115.522 0.000976803
118.509 0.000953707
117.024 0.000985796
119.368 0.000990766
118.785 0.000945372
121.319 0.000939706
121.121 0.000950899
120.064 0.000996628
116.648 0.00104279
122.202 0.000986843
119.196 0.000957525
119.668 0.00102874
122.353 0.000891458
117.663 0.000978942
117.444 0.000928716
121.833 0.000946573
118.128 0.000944092
119.277 0.00100241
116.964 0.000944494
122.766 0.000973552
117.547 0.000979641
120.372 0.000996719
121.172 0.00105368
115.166 0.000947801
119.137 0.00105965
118.12 0.00102007
119.961 0.000940506
119.943 0.000945007
120.446 0.000906082
124.274 0.000966615
119.754 0.000942179
120.288 0.000936633
115.697 0.000890739
118.507 0.00108005
120.181 0.000958416
121.189 0.00109499
119.917 0.000815439
118.594 0.000971015
122.585 0.00101046
119.848 0.000982774
120.341 0.0010738
117.775 0.00112371
121.002 0.00108619
120.114 0.000944835
116.8 0.00110299
118.869 0.00100085
119.168 0.000976826
119.415 0.000738944
119.864 0.00105931
119.713 0.000997602
117.351 0.000743824
117.062 0.00102161
118.585 0.00098329
118.506 0.00107661
119.88 0.0011001
122.447 0.000934307
117.921 0.000958356
117.173 0.000818897
116.781 0.000977212
118.96 0.000950327
118.924 0.00102604
123.789 0.00101826
120.052 0.00100212
120.102 0.00106397
120.752 0.000964601
120.138 0.000978652
119.135 0.0008863
119.149 0.00105154
125.297 0.0010298
120.004 0.000988634
121.827 0.00108442
121.164 0.000961733
116.321 0.00097161
116.38 0.000927871
118.919 0.000818975
120.676 0.00108361
118.821 0.00100834
119.322 0.000877776
117.062 0.000844076
118.132 0.000945262
120.042 0.00072855
122.124 0.00100104
120.967 0.000944753
115.349 0.000901553
122.031 0.000917808
123.943 0.000925985
119.2 0.000989642
120.501 0.00101184
119.244 0.000956328
121.822 0.000924407
121.223 0.000946171
120.492 0.00102699
121.558 0.000220533
116.772 0.000944288
118.799 0.00110326
118.699 0.000969077
120.017 0.00109392
119.052 0.00100302
124.455 0.000997956
120.171 0.000945944
117.345 0.000852271
120.411 0.00094669
121.972 0.00108907
115.485 0.000943374
117.903 0.00101438
122.017 0.000939598
118.1 0.00106245
121.89 0.000148557
121.319 0.00104272
115.585 0.00103898
124.414 0.0010025
119.096 0.0009709
121.398 0.00100378
119.048 0.00104194
120.018 0.00097123
122.302 0.000953797
117.762 0.000852321
118.576 0.00094614
119.323 0.000984216
117.415 0.000974086
118.538 0.000887015
122.513 0.00105489
116.881 0.000989274
117.344 0.000648656
121.499 0.00112185
118.665 0.000947404
115.627 0.00090925
119.876 0.000959743
119.536 0.000926638
123.723 0.000985448
117.829 6.63637e-05
119.688 0.000992208
116.69 0.000935218
118.881 0.0010483
120.283 0.000960906
115.795 0.000737489
118.521 0.000953576
120.973 0.000975504
121.064 0.000982358
117.246 0.00111658
117.678 0.00114766
117.586 0.000887286
120.252 0.000951091
120.658 0.000973529
120.384 0.00103424
119.91 0.00100228
122.341 0.000951851
116.057 0.000941871
120.528 0.00101885
124.612 0.00100381
119.357 0.00100334
117.081 0.000987018
122.721 0.000921348
118.318 0.00108258
122.312 0.000639422
123.026 0.00107045
119.1 0.00101632
118.314 0.000819883
118.207 0.00102654
120.409 0.00093754
122.927 0.00102138
120.11 0.00103399
119.091 0.000645655
119.213 0.000951811
118.686 0.000969304
116.23 0.000948731
119.777 0.000970778
119.655 0.000965616
119.123 0.000946406
124.029 0.000998798
119.756 0.000977788
116.136 0.00107174
118.66 0.000960515
118.108 0.000453391
119.098 0.000955243
119.529 0.00108231
122.6 0.000929224
123.154 0.000896604
117.758 0.000989707
117.165 0.000947351
118.81 0.00106635
115.358 0.00108513
117.664 0.000820891
120.923 0.00108248
119.223 0.00110084
121.998 0.000957564
119.981 0.000548109
117.28 0.0010239
123.492 0.00095736
118.968 0.000973264
115.119 0.00101748
120.68 0.000977051
122.199 0.000972554
122.686 0.001055
124.271 0.000948701
120.847 0.00106666
119.877 0.000886617
123.095 0.000993671
119.835 0.000940769
122.516 0.000980729
120.075 0.000978865
116.837 0.000879657
119.802 0.000976374
120.265 0.00102738
118.386 0.00097364
121.18 0.000965476
122.059 0.000929264
126.366 0.000821673
115.853 0.00094738
120.573 0.000964527
118.884 0.00112291
121.484 0.00116079
124.376 0.000947587
122.741 0.000354257
119.15 6.62406e-06
117.412 0.000963854
115.117 0.001108
119.999 0.00106829
115.769 0.00111956
123.133 0.00100119
121.463 0.001036
121.001 0.00096688
119.916 0.000974202
121.352 0.00108379
119.936 0.000968474
123.046 0.000994137
117.607 0.000938472
115.404 0.00104933
118.531 0.000865115
115.963 0.00101794
119.402 0.000939858
115.249 0.00141441
119.788 0.00100971
122.031 0.000914564
119.053 3.01414e-05
117.258 0.000912376
120.855 0.000974232
115.751 0.000976889
117.539 0.00112806
117.267 0.00102219
119.824 0.00096415
119.167 0.00107834
119.404 0.000992608
116.925 0.000976153
115.105 0.000923218
116.669 0.00102965
118.626 0.00106906
117.133 0.000912974
116.685 0.000985098
118.983 0.000953668
122.741 0.0010121
115.83 0.00111002
118.308 0.000951684
118.908 0.00107767
120.89 0.000952143
119.391 0.00108175
117.374 0.000456534
117.975 0.000981999
119.832 0.000925301
119.755 0.00110776
118.223 0.000908593
118.733 0.000950187
117.462 0.0010666
116.826 0.000104733
119.154 0.000959897
120.658 0.000968499
121.347 0.000941604
119.468 0.000973858
121.067 0.000982313
118.844 0.00103432
118.336 0.00094275
117.614 0.00104412
121.885 2.85179e-05
115.915 0.000962458
115.706 0.000948412
117.349 0.000923729
119.985 0.00098476
119.064 0.00101972
117.792 0.00090524
117.328 0.000966679
120.254 0.000940341
118.834 0.00101945
121.277 0.000988949
115.541 0.000949198
116.27 0.000990074
120.538 0.000948478
120.703 0.000980446
118.382 0.000974116
120.713 0.000966366
119.902 0.000900322
119.636 0.000201024
118.562 0.000947528
119.997 0.00078877
127.088 0.00097807
118.538 0.00088012
120.295 0.000947648
118.896 0.000943831
118.653 6.98952e-05
117.007 0.000958486
119.519 0.0010376
122.514 0.000982175
117.963 0.000991254
116.458 0.0010396
118.123 0.000946303
116.317 0.000991024
119.381 0.00109268
117.386 0.000988199
119.047 0.000954875
127.136 0.00104648
117.993 0.00106598
119.491 0.000952075
118.4 0.00103299
117.198 0.000958347
116.477 0.000931462
121.227 0.000942805
121.491 0.00104843
118.151 0.000968793
122.874 0.00106922
119.214 0.00108165
122.829 0.000990271
118.223 0.0010738
121.753 2.87839e-05
116.142 0.000989018
121.895 0.00104307
120.098 0.00104444
121.132 0.000934104
119.209 0.0010647
117.991 0.00112493
118.904 0.000978654
117.997 0.00103206
122.232 0.000912384
120.65 0.000147073
124.699 0.000943859
119.687 0.00100285
117.726 0.000954664
120.902 0.00101682
119.103 0.000961039
115.068 0.000853005
117.466 0.000973098
119.602 0.00100301
125.059 0.00101065
119.009 0.000977445
119.069 0.000937229
121.968 0.000836521
122.02 0.000990276
116.888 0.000986631
118.958 0.00113322
120.26 0.00100299
116.221 0.00102385
115.168 0.000992234
121.764 0.000953745
119.228 0.000798645
116.45 0.000977614
118.693 0.000966356
118.502 0.000980764
119.107 0.00112194
118.749 0.00095145
119.537 0.000553885
119.114 0.000964388
120.635 0.000968707
119.303 0.000889264
118.633 0.00100388
119.411 0.00102966
117.795 0.00100181
118.694 0.00109899
121.021 0.000953796
118.39 0.000982285
118.703 0.000971264
121.703 4.75264e-05
117.812 0.000979145
119.503 0.00100517
119.306 0.000743556
115.201 0.00096935
119.543 0.000961598
118.061 0.000985351
121.304 0.00106774
116.526 0.00103958
122.134 0.000955749
120.489 0.00107223
120.057 0.000955288
122.634 0.000938413
121.484 0.000882676
122.049 0.000706594
117.154 0.00100948
119.019 0.000955949
120.244 0.0010241
120.415 0.000953815
117.81 0.000953626
118.656 0.000990197
118.017 0.00102234
118.785 0.000932053
121.806 0.00095828
124.376 0.000959339
120.746 0.000776982
121.272 0.00100962
120.171 0.000950664
118.793 0.000943525
117.632 0.000951806
121.379 0.000900071
119.417 0.000970744
121.363 0.000980784
116.391 6.65271e-06
120.4 0.000628465
120.179 0.000378269
116.398 0.00100901
117.913 0.000854249
115.466 0.000967193
122.033 0.00100259
118.537 0.00100159
123.09 0.00014033
120.807 0.000891162
120.866 0.000938369
121.454 0.000968559
119.617 0.000983817
116.992 0.000370029
121.05 0.00110994
119.277 0.00101455
118.665 0.00096535
120.896 0.00101277
124 0.00102707
118.529 0.000956817
123.847 0.00100223
115.735 0.000985559
120.014 0.000990838
120.655 0.000957548
120.018 0.000954505
119.757 0.0010224
117.837 0.000975538
121.785 0.00095332
118.261 0.000940259
121.182 0.000982363
122.451 0.000929399
119.223 0.000942886
122.362 0.000953874
118.915 0.00096132
116.467 0.000741206
118.425 0.00102562
120.185 0.00102014
119.754 0.000978555
118.365 0.000891703
119.808 0.00110558
121.303 0.00036561
119.155 2.85484e-05
115.91 0.00106797
121.89 0.000973544
121.539 0.00093564
123.143 1.12111e-05
116.485 0.0010593
120.223 0.00108596
120.435 6.7266e-06
115.368 0.000858236
122.352 0.000933661
124.056 0.000957541
118.228 0.00107439
120.556 0.000952157
115.534 0.00107964
121.468 0.000949946
121.17 0.000955138
119.078 0.000948911
120.133 4.58203e-05
121.613 0.000862472
121.618 0.000915449
115.92 0.00109503
118.409 0.000944084
119.389 0.000463722
118.424 0.00100262
116.566 0.00108808
120.793 0.000915492
116.901 0.000986248
118.407 0.000999792
120.16 0.000927953
119.092 0.000972856
120.89 0.000958733
117.856 0.000887215
119.595 0.000992349
118.188 0.000806653
118.212 0.00095051
118.374 0.00101847
118.963 0.000979449
116.256 0.000985949
119.096 0.00111121
117.721 0.000977697
118.38 0.000962294
119.144 0.00099896
121.193 0.000965656
120.552 0.000886857
119.877 0.001072
119.313 0.000967963
120.395 0.000956108
115.628 0.00102352
117.875 0.000956782
119.371 0.000947677
119.79 0.000945013
118.681 0.000987017
120.056 0.000963529
116.929 0.000947536
117.276 0.000800533
120.21 0.000937934
119.235 0.000958875
116.655 0.000946845
117.915 0.0011039
117.893 0.000979575
124.579 0.000961895
116.164 0.00107522
117.085 0.000937315
120.718 0.001029
121.49 0.00107653
119.282 0.00098155
120.289 0.00114232
120.622 0.00102916
115.48 0.000989028
116.722 0.00108637
119.352 0.000624286
118.891 0.000942041
118.457 0.000976281
120.329 0.0010031
122.589 0.000975329
120.166 0.000938296
116.287 0.000993994
119.608 0.000848657
122.013 0.000886119
117.019 0.000949406
117.696 0.000983698
116.063 0.00103541
115.683 0.00101252
120.313 0.000970111
118.68 0.00108228
120.448 0.000957066
119.705 0.00110392
119.107 0.000986955
126.292 0.00105407
119.384 0.00100184
116.449 0.000982186
123.821 0.000950682
118.716 0.000965449
124.171 0.000948454
116.832 0.000954487
117.076 0.00102653
122.358 0.000954779
118.5 0.00089511
116.382 0.00098329
120.455 0.00112058
120.862 0.000972206
119.662 0.000978508
116.365 0.000466493
118.753 0.00100716
122.668 0.000100205
116.917 0.000986112
117.266 0.000939611
117.11 0.000546379
122.607 0.0011175
119.899 0.000993225
119.1 0.000978626
115.527 0.000959157
124.72 0.00109258
115.428 0.000951552
124.309 0.00092043
121.195 0.000366924
117.72 0.000993533
117.792 0.00105001
118.976 0.00100105
120.608 0.000965091
120.166 0.000988089
116.529 0.00100493
120.674 0.00103262
116.229 0.000931104
118.908 0.00107176
118.373 0.000982119
116.112 0.000955234
121.022 0.000834874
116.985 6.4362e-05
118.941 0.00114247
119.278 0.000901018
119.767 0.000192784
118.814 0.000967468
117.799 0.000946466
120.3 0.000204988
122.361 0.00102906
121.589 0.00102887
123.04 0.000978223
116.697 0.000954239
117.303 0.00109022
122.874 0.00118727
120.496 0.000989116
122.522 0.00108485
120.609 0.000997051
118.656 0.00104382
118.85 0.000945632
118.704 0.000956441
121.364 0.000973623
116.608 0.00100929
119.965 0.00021634
118.999 0.00101349
121.27 0.000945452
119.98 0.000887669
121.702 0.000971379
118.407 0.000954921
119.561 0.000981021
119.733 0.000919405
118.384 0.0010919
120.358 0.000951888
120.609 0.000986133
120.687 0.00108235
117.549 0.00105931
119.964 0.000973529
121.879 0.00100497
122.548 0.000959791
123.571 0.000982038
116.599 0.000937834
121.029 0.00112801
119.017 0.000967611
120.649 0.00102405
120.876 0.000467625
117.736 0.000985771
117.51 0.000939372
119.208 2.91613e-05
115.226 0.000980061
115.339 0.000905642
121.447 0.00107925
116.826 0.00109354
115.397 0.000971324
120.669 0.000871316
127.429 0.000949302
122.773 0.0006466
121.379 0.001035
118.827 0.00106298
115.215 0.00045912
120.147 0.000208558
119.148 0.00103831
119.573 0.000956018
119.548 0.000970322
117.188 0.000972106
118.845 0.00109925
116.096 0.00095666
120.292 0.000947175
120.467 0.000944252
119.868 0.00102677
120.407 0.0010311
120.433 0.000947402
120.335 0.00112545
120.51 0.000973392
118.182 0.00091492
118.77 0.000941275
120.407 0.00105574
117.271 0.00103965
118.341 0.000943291
118.841 0.000938399
116.867 6.97535e-05
122.414 0.00106569
117.804 0.000887145
116.45 0.000927556
120.034 0.000960715
118.461 0.000970675
117.008 0.000852946
117.44 0.00106886
119.439 0.000885889
119.336 0.000970076
115.664 0.000928843
119.072 0.000971611
117.494 0.00109797
122.094 0.000989541
117.807 4.63707e-05
117.029 0.00111935
119.754 0.00100992
116.921 0.00103188
117.577 0.00103231
117.753 0.00100871
119.176 0.00108864
115.572 0.000857834
116.767 0.00103777
115.53 0.00100624
117.75 0.00109424
122.277 0.00103781
123.466 0.00103253
117.664 0.00120201
119.777 0.000952321
117.603 0.000946247
119.316 0.00103781
119.13 0.000935162
121.287 0.00107835
119.779 0.000964917
120.748 0.000710474
119.199 0.000980972
118.84 0.00102879
118.415 0.00110783
117.829 0.000877374
117.387 0.000984604
118.899 0.000959685
119.344 0.000455213
119.808 0.000943807
119.827 0.0010614
116.754 0.000866984
120.603 0.000937885
119.357 0.000952613
121.1 0.000988415
124.661 0.000934987
119.986 0.000631199
119.078 0.000972509
118.879 0.00109794
118.154 0.00010389
123.54 0.0010987
121.148 0.00102124
120.489 0.00103695
120.047 0.000960813
121.595 0.000972392
119.205 0.000987012
117.125 0.000983907
120.201 0.000887904
123.376 0.00101949
118.521 0.000970997
121.707 0.00104431
118.569 0.000964061
119.465 0.00093188
122.921 0.0010848
119.191 0.00111022
121.875 0.00101032
117.578 0.000992657
117.842 0.00045171
118.703 0.000994178
115.811 0.000970756
119.31 0.000977416
115.585 0.000974339
118.234 0.00102882
117.677 0.00109445
120.609 0.000951617
121.584 0.000991295
117.803 0.00106183
120.869 0.0010682
120.308 0.000965579
119.749 0.00100505
115.536 0.00106741
119.065 0.00100954
116.941 0.00100811
120.283 0.000959709
119.025 0.00090199
118.785 0.000147798
120.581 0.000964423
119.299 0.000947635
120.553 0.001089
118.062 0.000935332
120.349 0.000884649
118.306 0.000966755
118.35 0.00109266
118.991 0.000982593
120.072 0.00097633
118.134 0.000922891
116.413 0.00107913
117.461 0.00108201
116.676 0.000977282
120.718 0.00100352
115.881 0.000994231
117.942 0.00102312
118.719 0.000345506
116.074 0.000991003
115.107 0.00108513
121.959 0.000993453
115.013 0.0010072
123.418 0.00107102
121.587 0.000958089
116.32 0.000925399
119.919 0.000978448
120.777 0.000935327
119.116 0.000972641
117.371 0.000978771
120.044 0.00109972
120.81 0.00100901
118.934 0.00103843
121.495 0.000819916
119.581 0.000964524
122.939 0.00076996
120.319 0.000943866
122.791 0.000949299
118.722 0.0010572
120.093 0.00108071
119.29 0.0010264
121.285 0.000964726
117.964 0.00100891
121.423 0.000944987
121.062 0.00104348
118.082 0.000978627
123.372 0.000967625
118.143 0.00109381
122.65 0.000948924
122.006 0.00103282
120.024 0.00094719
120.027 0.00106277
116.249 0.000939724
121.779 0.000624738
123.659 0.000958059
115.177 0.00112845
120.011 0.000964831
121.678 0.000818631
120.395 0.0009841
119.217 0.000991426
119.261 0.000951089
126.703 0.000963026
116.276 0.00103979
117.799 0.00095344
119.323 0.000966601
119.057 0.00107127
118.091 0.00103797
118.072 0.000939524
122.756 0.000989447
115.347 0.00108579
121.845 0.0010203
119.484 0.000968942
123.115 0.000926437
120.083 0.00095115
119.286 0.000984191
119.531 0.000148988
121.543 1.76381e-05
117.093 0.00101757
119.684 0.00104106
121.284 0.00106701
119.889 0.00110496
123.178 0.000963228
122.373 0.00108789
121.046 0.000808782
118.087 0.000947176
120.303 0.000992838
120.629 0.0009695
119.207 0.000943111
120.86 0.000900051
121.603 0.000980266
119.803 0.000947351
117.857 0.000965578
121.088 0.000950085
117.022 0.000984035
117.82 0.000971257
116.595 0.000949346
118.519 0.0010186
120.496 0.000977509
118.657 0.000990659
116.344 0.00111851
116.85 0.0010703
116.918 0.000991196
119.62 0.00078454
116.165 0.000990071
121.185 0.000972107
118.747 0.00108753
123.601 0.0010147
119.535 0.00110829
120.311 0.000965602
120.608 0.000994625
118.67 0.00097609
117.897 0.000956155
116.714 0.000267742
121.701 0.000811954
118.158 0.000943105
118.317 0.000966539
116.296 0.000985445
122.799 0.00103165
119.526 0.0010582
118.104 0.000940652
120.109 0.000921494
120.32 0.000920809
115.282 0.000934458
118.967 0.00105989
121.923 0.00100501
116.97 0.000990829
120.414 0.000955208
119.247 0.000974991
118.397 0.00102802
118.353 0.00109947
122.473 0.000996189
119.089 0.000869986
115.458 0.000818366
118.868 0.000979568
121.92 0.000968834
120.361 0.00109002
116.498 4.76239e-05
124.09 6.7581e-06
120.704 0.00101567
118.148 0.00093539
120.749 0.000957364
121.182 0.000955187
120.849 0.000948359
117.584 0.00108249
120.142 6.38247e-05
118.704 0.00110157
120.371 0.00110192
119.435 0.00095348
117.23 0.00108298
119.892 0.00095284
119.97 0.000990363
118.093 0.000963647
121.831 0.00101093
117.393 0.00108182
120.317 0.00107372
120.638 0.00105702
119.666 0.00106059
119.894 0.00108024
119.87 0.000922228
120.521 0.00106227
119.375 0.0011038
120.218 0.000963863
120.53 0.00108648
119.271 0.000314746
116.924 0.00101668
118.807 0.000937804
118.151 0.000967878
119.606 0.000203545
115.46 0.000982698
119.366 0.000946835
118.362 0.000947911
119.281 0.00108589
115.164 0.000970469
117.643 0.000967315
119.394 0.00105615
119.05 0.00101315
119.789 0.00103804
119.305 0.000970231
119.973 0.00105882
117.336 0.00109451
120.283 0.000741968
122.871 0.000926183
119.288 0.000949825
120.227 0.000951344
119.465 0.000957026
117.83 0.000983769
119.31 0.000966088
122.958 0.000959967
117.054 0.00100087
115.03 6.72851e-05
120.718 0.000952064
120.915 0.000871167
122.203 0.0010625
118.556 0.000937758
116.163 0.000864521
118.404 0.000932202
118.617 0.000952143
120.928 0.000349261
117.005 0.0010569
120.013 0.00100625
121.836 0.00100384
119.309 0.000977837
116.345 0.0010042
117.476 0.000960955
117.903 0.000817336
118.74 0.00106747
122.229 0.000980825
121.588 0.00108158
123.19 0.00098369
115.748 0.00097297
120.492 0.000961315
117.045 0.000984408
116.228 0.000897683
119.559 0.000792435
120.265 0.00103095
118.964 0.000554249
120.293 0.000999448
119.594 0.00106943
119.353 0.000961176
122.716 0.000366898
116.76 0.00106817
116.845 0.000985488
120.332 0.00109026
121.415 0.000866555
116.91 0.000892328
119.533 0.00104315
121.903 0.000896156
119.79 0.00085603
118.387 0.000973476
121.573 0.000367994
116.62 0.000938031
119.707 0.000942745
127.434 0.000956901
120.756 0.000883346
123.915 0.00108233
120.275 0.00101449
120.393 0.00103496
120.431 0.000937035
117.408 0.000994944
120.421 0.000957832
116.678 0.00102913
118.416 1.10036e-05
117.013 0.000986892
119.674 0.00107713
121.718 0.000204117
115.791 0.000961607
117.232 0.000952779
118.029 0.0010926
117.786 1.83936e-05
120.733 0.000896628
117.809 0.00094694
117.448 0.000771433
122.318 0.00105634
121.92 0.000891836
120.02 0.000979899
116.505 0.000946219
119.752 0.00094951
121.604 0.00100412
118.061 0.00100598
119.23 0.00108555
120.747 0.000952717
118.686 0.00108117
119.378 0.000941969
120.944 0.000999957
121.742 0.000941813
120.787 0.000953829
119.531 0.000205627
117.818 0.00102659
115.101 0.00105913
118.163 0.000370104
119.373 0.000970508
120.23 0.000991294
120.93 0.000963775
120.075 0.00094259
121.93 0.000132043
119.073 0.0011274
118.749 0.00092506
119.57 0.00103443
116.073 0.000930026
115.209 0.00110907
120.663 0.000938421
118.808 0.000918382
121.02 0.000993971
118.097 0.00105817
125.252 0.00109085
120.375 0.00097071
121.169 0.000956239
121.652 0.000941002
115.232 0.00102541
121.731 0.000929224
117.988 0.000965172
123.365 0.00104377
122.017 0.00104531
119.061 0.00095416
117.269 0.000848122
122.211 0.000937267
121.237 0.00104154
118.369 0.000949765
119.573 0.00100815
120.429 0.00107868
118.218 0.00108528
119.52 0.000980998
117.9 0.000261148
122.897 0.00091344
119.222 0.00088829
121.888 0.000961018
119.505 0.000936957
120.263 0.00108557
123.867 0.0010917
118.608 0.000923585
119.153 0.000650193
122.174 0.00091496
116.485 0.000963063
123.367 0.000949597
121.281 0.000982438
118.444 0.000962323
121.276 0.00094874
117.984 0.000922861
123.47 0.000961891
120.614 0.000977978
115.775 0.000958779
122.011 0.000454125
121.118 0.000991876
119.918 0.00105446
120.023 0.00103463
121.333 0.00105638
121.418 0.00100237
120.24 6.57183e-06
119.064 0.000986867
117.949 0.00105746
116.274 0.0010345
119.479 6.83241e-05
117.6 0.00103896
118.827 0.000992562
120.363 0.00108089
117.896 0.000911442
123.999 0.000998695
115.034 0.000925919
119.956 0.000922053
118.604 0.000996081
118.987 0.00100784
122.346 0.000890268
119.256 0.000957914
116.867 0.00106638
117.75 0.00104451
118.947 0.000961561
119.081 0.00107429
115.904 0.00114102
120.187 0.000908257
119.666 0.000968133
116.021 0.00091546
120.241 0.00102068
120.338 0.00085787
117.91 0.000617825
116.706 0.000993319
118.484 0.000737288
120.841 0.000763101
117.393 0.00105253
123.055 0.000978012
120.882 0.000968528
118.965 0.000951434
120.005 0.000932111
116.777 0.000976624
116.954 0.000455247
117.468 6.85811e-05
117.534 0.000993543
122.858 0.000952543
117.308 0.000920379
115.648 0.000969211
115.621 0.00104479
115.731 0.00100278
118.308 0.00097795
121.602 0.000956531
121.303 2.42685e-06
121.059 0.000951432
122.266 0.00101814
122.424 0.000781901
116.06 0.0010774
121.107 0.00107679
120.531 0.000996203
116.379 0.00079504
115.039 0.000272865
119.088 0.000954951
120.103 0.00108981
119.145 0.000993852
117.89 0.00109785
118.83 0.000957432
122.037 0.00101885
118.179 0.000996637
115.929 0.00075134
120.525 0.000950683
123.509 0.000970036
120.105 0.000948165
117.886 0.000280539
123.438 0.000969346
116.8 0.00105373
116.908 0.00096016
115.788 0.000946048
121.259 0.000943775
118.565 0.000979346
115.953 0.000946656
120.081 0.00104645
118.545 0.000972063
121.028 0.000975578
124.347 0.00098355
116.324 0.000866841
116.702 0.000972283
116.74 0.00102329
121.253 0.000258371
121.525 0.000977142
119.701 0.000205618
119.892 0.000989513
121.468 0.000947272
116.065 0.00104531
117.49 0.000944233
119.338 0.000947902
115.047 0.000560707
123.369 0.000799809
128.089 0.000978372
117.64 0.000945444
115.769 0.00104396
124.107 0.00109486
119.952 0.000937511
117.042 0.00104898
120.99 0.00101426
118.201 0.00099005
118.838 0.00100183
118.106 0.000921243
118.027 0.00102104
117.781 0.00096657
119.779 0.000991599
117.628 0.00028164
117.394 0.000979702
119.392 0.000959818
118.865 0.000917119
117.777 0.000957543
115.29 0.000999778
120.916 0.00100661
118.049 0.000964328
116.097 0.000283133
122.061 0.000982628
119.468 4.73795e-05
121.487 0.00104523
121.49 0.000943346
120.043 4.63398e-05
118.487 0.00107014
121.241 0.000975814
118.982 0.00101858
119.584 0.00088219
119.851 0.00104511
119.955 0.000947402
123.218 0.000913573
115.397 0.00109682
116.271 0.000946917
118.467 0.000650805
116.71 0.000945613
123.306 0.0010079
121.077 0.00107306
120.073 0.00106337
120.228 0.000973717
116.541 0.000755594
121.364 0.00102584
120.205 0.000205552
124.627 0.00101444
120.703 0.000964907
116.699 0.000798878
119.806 0.0010579
119.001 0.000851908
117.703 0.000987798
115.97 0.000761798
120.147 0.000958534
121.75 0.000955396
120.009 0.000949934
119.944 2.88245e-05
117.165 0.00104232
118.988 0.00102546
119.755 0.000929125
120.734 0.000906363
123.312 0.000975735
118.665 0.000273104
118.173 0.000880457
119.495 0.00111582
118.507 0.000362602
116.184 0.00107348
117.41 0.000876408
118.618 0.00109775
115.708 0.000992309
118.466 0.000967259
117.336 0.000966984
122.35 0.00102222
120.098 0.000938486
120.248 0.000994305
120.127 0.000969132
117.522 0.000880011
120.761 0.000982403
116.165 0.000988078
120.203 1.11405e-05
118.316 0.00105886
117.786 0.000283799
117.565 0.00104505
122.693 0.000988067
117.527 0.000954234
119.364 0.000908446
119.461 0.00096377
120.668 0.000204385
115.825 0.000960255
122.048 0.000946337
121.152 0.000550375
121.877 0.00108633
120.51 0.00108072
119.085 0.00100617
117.028 0.00112077
123.137 0.00106523
119.389 0.000940762
118.904 0.000736001
126.771 0.000977296
119.703 0.000887037
118.062 0.00109257
115.605 0.00097349
115.707 0.00106509
116.842 0.000934482
118.799 0.00100508
120.358 0.0010709
116.859 0.000958868
124.567 0.000996588
118.762 0.000989048
120.612 0.000923869
119.182 0.00100931
118.596 0.000960395
127.761 0.000940494
123.206 0.000903027
120.507 0.000215054
121.885 0.00091188
126.449 0.000892862
115.327 0.0010198
120.192 0.0010906
123.468 0.000931299
122.11 0.000995217
120.426 0.00102463
121.827 0.000843858
119.027 0.00093673
119.974 0.000947115
118.515 0.000968031
120.79 0.000902216
120.316 0.000960293
117.076 0.00105841
118.635 0.000910045
123.654 0.00100226
120.203 0.00108963
120.237 0.000958909
122.891 0.00100458
120.848 0.000999476
118.248 0.000989159
118.897 1.15156e-05
117.779 0.000366787
120.637 0.000946404
119.44 0.000204568
118.018 0.000987971
117.132 0.000836652
121.099 0.000963951
117.322 7.17429e-05
120.598 0.000989325
116.461 0.000979231
120.31 0.00107821
118.275 0.000959557
121.65 0.000917567
123.734 0.000150842
119.156 0.000937037
120.906 0.000952738
117.334 0.000975457
117.828 0.000824631
117.041 0.000594248
115.576 0.00108484
118.803 0.000911791
118.484 0.000968111
119.625 0.000941564
123.616 0.001012
117.718 0.00108883
118.779 0.000832879
122.168 0.000949301
121.263 0.00102634
120.211 0.000995316
120.915 0.00036584
118.569 0.000949194
124.17 0.000944827
120.09 0.000903606
124.998 0.000973742
120.021 0.000965046
122.312 0.00109431
120.816 0.000944274
122.01 0.000958789
117.931 0.00104337
122.457 0.000959913
119.596 0.000997468
117.363 0.000943889
122.579 0.000927456
116.298 0.00107208
118.697 0.000939652
117.41 0.000936128
121.47 0.00100698
118.235 0.000959262
118.159 0.00099651
122.456 0.000965162
121.994 0.00104746
122.949 0.00100354
117.497 0.000990937
120.512 0.00103318
122.151 0.000927311
119.067 0.000981238
120.52 0.000994965
120.55 0.000206633
119.816 0.00103014
117.166 0.000954074
117.795 0.00093604
121.185 0.000966794
118.955 0.000990557
120.25 0.000948984
119.688 0.000967592
120.145 0.0010287
118.024 0.00108146
116.391 0.000944944
117.26 0.00096305
122.01 0.000948629
118.865 0.000992761
120.928 0.000953179
119.351 0.00095405
118.245 0.000916606
118.349 0.00109366
122.556 0.00108684
117.145 0.000452993
120.66 0.000948823
124.21 0.000557107
120.835 0.000944933
121.456 0.00105098
117.685 0.00107038
123.508 0.000201515
119.464 0.00100593
120.617 0.00102745
120.404 0.00105201
115.396 0.000879025
115.924 0.000970395
121.495 0.000960413
122.055 0.00089658
119.201 0.00107411
120.2 0.00104668
118.431 0.00092149
120.113 0.00108486
119.826 0.000930419
119.885 0.000979439
119.28 0.00100693
117.169 0.000928931
119.531 0.00100336
121.288 0.000985975
119.114 0.00095784
120.045 0.000934689
118.98 0.000941347
122.092 0.00108587
120.021 0.000949295
120.699 0.0010274
115.566 0.000931647
120.495 0.00096383
119.263 0.00110078
117.277 0.000946552
118.606 0.000978258
118.556 0.000952202
117.064 0.000889884
120.951 0.000940279
119.819 0.000959624
124.101 0.000644515
115.18 0.00096025
122.486 0.00103524
117.086 0.00112773
121.209 0.00081629
119.67 0.000990361
122.319 0.000918021
115.065 0.000997112
119.605 0.000968141
120.109 0.00108454
118.534 0.000990903
119.602 0.000976144
120.413 0.000918773
120.23 0.000948968
117.187 0.000982311
118.102 0.000966253
120.576 0.000934585
116.573 0.000956402
122.298 0.00102697
120.018 0.000881848
116.816 0.00114003
119.885 0.000862192
119.99 0.00108024
120.235 0.000147785
121.082 0.000957281
120.25 0.00100067
119.631 0.000981667
116.786 0.000970462
117.237 0.000956748
122.01 0.000984298
121.5 0.00103815
122.152 0.000942624
118.598 0.00100906
117.858 0.000995434
121.136 0.000205834
119.998 0.00107976
122.671 0.000926581
122.739 0.00102885
120.344 0.00112122
118.194 0.000977555
116.222 0.000949067
121.069 0.00096095
116.118 0.000919541
117.599 0.000965643
119.706 0.0010671
121.406 0.00112347
121.605 0.000950416
117.288 0.0011108
118.827 0.000948331
120.694 0.00103109
121.371 0.000983542
116.704 0.00103743
117.598 0.000993673
120.105 0.00107748
118.233 0.000845116
121.888 0.0010888
120.322 0.00107513
119.307 0.000977172
117.21 0.00101327
120.489 0.00020577
118.121 0.00104449
115.111 1.18528e-05
125.121 0.000966173
120.867 0.00106303
118.733 0.000958505
118.638 0.000958855
117.57 0.000978652
118.727 0.000960629
119.663 0.000975271
118.728 0.00092583
118.852 0.000874953
118.154 0.000871205
121.416 0.00108905
117.293 0.000960046
115.638 0.000938475
116.289 0.00109931
118.16 0.000990605
120.275 0.000552655
118.767 0.000959184
122.299 0.000923337
117.166 0.000963913
119.35 0.000452546
117.285 0.000944159
123.753 0.000952603
121.231 0.000950437
124.017 0.000980014
118.025 0.0010298
121.2 0.0010079
115.527 0.000960773
117.47 0.000962985
122.875 0.000647179
117.236 0.000948988
119.014 0.0010129
119.723 0.000915872
118.107 0.000969632
119.6 0.000737729
117.853 0.00110057
120.049 0.000939147
119.144 0.000952236
119.822 0.000277804
118.535 0.00102528
115.709 0.000890741
120.67 0.00100875
118.644 0.000963358
117.59 0.000958394
123.268 0.000907258
117.281 0.00056338
116.576 0.000368843
120.54 0.000981951
118.12 0.000955716
117.29 0.000944766
121.972 0.000994115
117.203 0.00104824
120.898 0.00109212
116.587 0.000979538
118.093 0.000945976
120.196 0.00108087
117.683 0.00112005
118.82 0.00105918
119.587 0.00109519
118.443 0.000958916
122.876 0.00089263
118.945 0.000871883
123.122 0.00108998
117.464 0.000879529
122.498 0.000937227
115.231 0.000936978
120.438 0.00081117
119.946 0.000956022
116.076 0.000954607
120.16 0.00109991
119.346 0.000982301
120.258 0.0010786
120.006 2.86295e-05
116.238 0.00102266
117.871 0.000907927
121.151 9.7287e-05
120.51 0.000983637
119.606 0.000923903
121.225 0.00096593
118.637 0.00104124
119.425 0.000845544
119.946 0.000945219
118.868 0.00102383
119.599 0.000943889
120.172 0.00109095
116.885 0.000942814
121.175 0.000977362
117.687 0.000977309
119.093 0.00102299
118.178 0.00109071
120.65 0.00107676
121.378 0.00107435
122.593 0.000972179
115.861 0.000915499
118.805 0.000975998
120.54 0.00106192
121.295 0.000947491
118.18 7.00588e-05
118.519 0.000988954
118.065 0.000897065
117.418 0.000908029
121.844 0.000908162
122.146 0.00100331
120.121 0.0010116
120.293 0.000983379
118.755 0.000998913
120.62 0.00101778
120.335 0.000946406
121.252 0.000962212
115.787 0.00100349
119.478 0.000996238
119.111 0.000948027
120.457 0.00101113
118.155 0.000992379
120.134 0.000141683
121.119 0.000838198
117.955 0.00095572
120.706 0.000971561
118.142 4.55253e-06
116.844 0.000953605
120.091 0.000964556
117.739 0.00106159
118.928 0.000823212
116.303 0.000954569
116.947 0.00103557
118.81 0.0008948
120.058 6.71952e-05
122.204 0.000946263
116.128 0.00110236
116.976 0.00101713
119.073 0.000960287
120.121 0.0010156
120.109 0.000992411
119.106 0.00102094
116.7 0.000736548
118.544 0.000102015
119.684 0.000984915
119.234 0.00107892
118.337 0.00101736
117.444 0.000949671
120.678 0.000869857
120.589 0.000895545
117.397 0.00101501
121.812 0.000837482
119.332 6.26543e-06
119.198 0.00099104
115.016 0.00103091
120.38 0.00101073
119.058 0.00104484
116.553 0.000977749
121.212 6.67145e-06
119.501 0.000354528
119.045 0.000951651
116.349 0.000690232
121.575 0.000983669
121.509 0.00102347
116.078 0.00101713
118.381 0.00103476
119.93 0.000950899
118.746 0.000989209
118.31 0.000950253
122.238 0.00107091
129.453 0.00103216
116.987 0.000941903
121.335 0.00095063
117.445 0.000955838
117.788 0.00108582
118.101 0.00104918
119.995 0.00108474
120.234 0.000942307
120.909 0.000895843
115.887 0.00100126
121.156 0.001133
119.019 0.000949925
119.266 0.000939169
116.322 0.000952378
118.227 0.000994931
115.41 0.000983616
118.633 0.000949687
118.496 0.000951925
117.256 0.000953876
120.101 0.00110341
121.141 0.000931027
121.228 0.000926969
118.259 0.000773915
116.372 0.00100121
116.802 0.000952495
119.864 0.000900126
120.962 0.00110591
128.172 0.000919465
120.276 0.000968951
119.231 0.000994714
116.486 0.00109186
121.018 0.000955518
117.048 0.00100682
119.505 0.000950999
116.689 0.00089689
120.46 0.000953501
121.787 0.001093
117.34 0.000941571
120.177 0.0010091
120.419 0.0010274
119.98 0.00112128
121.671 0.000917625
123.997 0.000279217
119.66 0.00112475
118.779 0.00101006
119.913 0.00105922
121.09 0.000982699
121.118 0.000971604
118.201 0.00110727
122.3 0.0009521
119.197 0.00101882
116.912 0.00103662
119.999 0.000965467
120.407 0.000931449
116.746 0.000460024
120.904 0.000993669
118.259 0.000972379
115.984 0.000984743
118.365 0.000990458
117.469 0.00106417
125.562 0.000988542
119.248 0.000928729
118.865 0.00107569
120.595 0.00108456
119.635 0.00102282
120.611 0.00108117
115.49 0.00113479
117.736 0.000876705
117.606 0.00101504
119.147 0.000965781
115.064 0.000923166
122.52 0.000948863
120.852 0.000107504
115.82 0.0010256
120.435 0.000739708
118.312 0.000958689
120.146 0.000957798
118.198 0.000890583
118.281 0.00105222
118.52 0.000980891
120.21 0.000999501
121.817 0.000894197
119.904 0.000977823
120.208 0.000987068
118.689 0.00096048
120.926 0.000992317
122.52 0.00111652
121.275 0.00102755
117.944 0.00108552
118.979 0.000968953
117.729 0.00100051
116.224 0.000932709
120.448 0.00106255
117.112 0.00101266
119.361 0.00109677
116.98 0.000995853
117.476 0.00109933
120.463 0.000948791
122.024 0.00098978
120.016 0.00098716
116.329 0.00101421
115.798 0.000985366
118.984 0.000966838
118.123 0.00112219
120.754 0.000991297
116.187 2.97052e-05
119.684 0.000992058
120.19 0.000919923
121.374 0.000927884
117.936 0.000960107
120.793 0.000919753
118.848 0.000968731
118.377 0.00104053
122.562 0.000663609
120.425 0.000205627
115.6 0.000997315
116.927 0.00106701
117.596 0.000983216
121.303 0.0011045
121.056 0.00107786
119.789 0.00105272
118.728 0.00110513
120.24 0.000976221
117.39 0.00108109
115.103 0.00094369
120.214 0.00098135
118.857 0.000946549
116.124 0.000629921
119.144 0.000956028
116.861 0.00105491
115.957 0.0008762
116.745 0.00102337
119.154 0.00100551
119.528 0.00103161
120.826 0.00101013
118.819 0.00108198
121.242 0.00109332
116.137 0.00100381
116.934 0.00108195
118.182 0.000957513
118.229 0.000922712
120.105 0.000993736
121.075 0.00108143
121.804 0.00100469
120.061 0.000958753
117.528 0.00101958
121.286 0.000994049
117.457 0.000966544
119.686 0.000958081
120.006 0.000974807
121.355 0.000950651
116.126 0.000994878
121.55 0.000982277
117.395 0.000589391
118.076 0.00102039
115.968 0.000890602
118.16 0.000959047
120.104 0.000990081
121.292 0.000754003
120.674 0.00108531
119.297 0.00107073
123.308 0.00089797
118.506 0.000904476
118.628 0.000978971
119.067 0.00110126
118.579 0.000941823
116.075 0.000640931
120.813 0.000932094
118.529 0.000953289
115.135 0.00101043
119.26 0.000975055
122.517 0.00105011
126.103 0.000972358
118.603 0.000989967
120.271 0.00020389
125.341 0.000103692
122.387 0.000955739
119.894 0.000898547
116.899 0.00093831
118.331 0.000928119
121.252 0.000928452
121.464 0.000942816
116.456 0.000910198
120.773 0.00106123
116.79 0.000893285
120.448 0.00100693
120.318 0.0010086
119.132 0.000984264
125.224 0.000890267
119.18 0.000977622
120.03 0.00108623
118.657 0.000938906
126.036 0.000636664
119.479 2.89364e-05
119.82 0.000960909
117.213 0.000804871
118.911 0.00100964
119.729 0.00106226
116.619 0.000917759
115.951 0.00099585
117.636 0.000375712
121.269 0.000983557
117.257 0.000955148
121.239 0.000983113
119.896 0.00105093
121.501 0.000985135
121.096 0.000986589
120.017 0.000962055
119.252 0.000992874
115.971 0.000945909
117.802 0.00102816
116.478 0.000839876
120.22 0.000994598
121.05 0.000982274
120.805 0.000988578
117.856 0.000621081
119.321 0.000974089
115.309 0.0010133
120.137 0.000973246
119.736 0.00093141
117.032 0.00096535
117.826 0.0010255
120.197 0.000954357
120.069 0.00107892
122.812 0.00095971
118.086 0.000999102
124.304 0.00101718
117.182 0.00108085
120.039 0.000963685
117.483 0.000982526
116.409 0.00095341
125.336 0.000961241
119.565 0.000940369
118.985 0.000935918
118.009 0.00102687
116.254 0.00103663
116.535 0.00100164
120.37 0.000986719
120.194 0.000967555
120.002 0.000976197
117.606 0.000882525
121.411 0.00105731
119.363 0.00096897
128.06 0.00109475
119.437 0.000951408
118.568 0.00101912
119.138 0.00100471
119.373 0.000958919
118.306 0.000938678
118.626 0.000550481
120.456 0.000983085
120.196 0.00105852
122.083 0.00105521
115.225 0.000880711
120.845 0.000984716
123.995 0.000993634
117.635 0.000990441
118.815 0.000975495
117.886 0.00105809
117.961 0.00106381
120.136 0.00099254
120.06 0.000946815
119.858 0.00045468
118.983 0.000822037
119.863 0.00063949
121.732 0.000886717
120.146 0.0010074
119.472 0.000940991
122.167 0.00110936
121.651 0.000938098
120.327 0.0010807
118.59 0.000993928
119.371 0.000142048
120.682 0.00108564
115.44 0.000882186
115.35 0.000992524
119.158 0.00100381
124.464 0.000955857
116.788 0.00108017
119.686 0.00108308
119.492 0.000281181
117.382 0.000861815
118.8 0.000943067
119.542 0.000955945
120.715 0.00108069
116.232 0.000946793
117.295 0.00120289
118.568 0.000944487
118.743 0.0010559
116.06 0.00101084
116.489 0.00109395
119.903 0.000984457
118.914 0.000992013
120.825 0.00104514
115.8 0.000947491
117.804 0.000873994
116.843 0.000948789
118.382 2.73845e-05
116.428 0.000915417
120.861 0.000844917
117.223 0.00108326
118.391 0.000982535
117.992 0.000968809
120.053 0.000940184
119.458 0.000848697
118.334 0.00111713
118.375 0.00101391
127.777 0.000948936
119.792 0.00106667
120.697 0.000946826
119.777 0.000743062
118.592 0.000298026
120.678 0.000751997
124.697 0.000666623
119.31 0.00104786
119.637 0.0011045
116.737 0.000959733
119.699 0.000955926
120.913 0.00095803
121.417 0.000865364
117.048 0.00100218
119.369 0.000935213
115.805 0.00099742
126.006 0.000991637
118.166 0.00105825
120.953 0.000985935
118.816 0.00109882
119.176 0.00107592
126.025 0.0010277
119.935 0.000975267
116.073 0.000967579
118.944 0.000937008
120.74 0.000904523
122.692 0.000916773
121.108 0.000934526
120.647 0.000968054
122.152 0.00108009
115.767 0.00104187
118.72 0.00109816
119.473 0.000952746
117.612 0.000998913
116.966 0.000996902
120.123 0.000872394
116.673 0.000890064
119.171 0.00100112
119.787 6.88353e-06
120.32 0.000992208
117.54 0.000965679
118.365 0.000947407
119.272 0.000948984
116.8 0.00110337
117.312 0.00090487
117.218 0.00104317
119.859 0.000799937
119.273 0.00094719
119.377 0.000733997
120.802 0.000961676
115.388 0.00095523
118.75 0.00103531
116.731 0.00099664
117.464 0.00105647
121.428 0.00105439
118.543 0.000982152
119.422 0.00103378
119.503 0.000941639
126.229 0.000964192
122.506 0.00104432
119.761 0.00107616
122.095 0.00104039
118.25 0.0011049
119.297 0.000947089
118.701 0.00109045
118.542 0.000964279
119.815 0.00107984
118.699 0.000956574
118.062 0.000987781
115.084 0.000640508
120.669 0.00108703
121.232 0.00107188
115.357 0.00074236
117.074 0.000966947
119.749 0.000980017
120.163 0.00094797
116.029 0.000260521
119.39 0.00116942
119.467 0.00096514
116.98 0.00107433
119.915 0.000146754
118.18 0.00107531
119.872 0.00103552
119.501 0.000951526
117.951 0.00108735
116.022 0.00100789
124.858 0.000723819
120.224 0.00106577
117.045 0.000951952
118.609 0.000988314
118.081 0.00107989
121.498 0.00110081
120.843 0.000948146
118.28 0.000963966
119.199 0.00108066
117.321 0.000957513
118.418 0.00106502
119.439 0.000955847
116.186 0.000989987
116.836 0.000998894
121.779 0.000950611
117.45 0.000976344
118.085 0.00105838
119.861 0.000979995
122.93 0.00100498
117.321 0.00109645
120.696 0.00101839
119.754 0.000952787
119.383 0.000932314
120.911 0.000289965
120.395 0.000959278
119.537 0.000878787
121.173 0.00108902
115.807 0.000750637
125.81 0.000271702
119.015 0.000751555
122.079 0.000888049
119.071 0.000911155
117.627 0.000994888
120.318 0.000964963
120.924 0.00102755
119.127 0.00108323
121.815 0.000990228
120.736 0.000940739
119.287 0.000950983
119.329 0.000945007
116.363 0.000938316
119.15 0.000456642
124.678 0.00093189
120.263 0.000962446
119.611 0.000934081
119.245 0.000920824
118.538 0.000967113
118.306 0.00102096
116.505 0.000951633
115.077 0.0010934
115.276 0.00109418
119.931 0.00099654
123.077 0.000608954
120.248 0.00105588
117.985 0.00100238
118.25 0.00094642
117.942 0.00096023
119.578 0.00103398
124.297 0.000920517
119.913 0.000974467
119.933 0.000989628
121.592 0.00102085
125.056 0.000957347
119.325 0.00106215
117.975 0.00101069
121.063 0.000963578
122.245 0.00089112
117.047 0.00110427
120.059 0.000962423
116.708 0.00105842
123.117 0.000952183
117.435 0.000936212
120.857 6.98167e-05
115.915 0.000433214
120.303 0.000942296
117.424 0.000941771
117.049 0.00101181
117.255 0.000963453
119.304 0.00100018
118.423 0.00109109
115.506 0.000920612
120.275 0.000948697
121.431 0.000976302
122.623 0.000868495
119.552 0.000878951
121.962 0.000954102
123.045 0.000962238
119.791 0.000268691
119.169 0.000976299
119.522 0.00101468
118.042 0.000999798
115.674 0.000936079
119.233 0.00099105
121.616 0.00112768
121.264 0.000941488
118.521 0.000944009
119.479 0.00101981
118.538 0.000973376
117.785 0.000895982
123.95 0.00103707
120.255 0.000979842
119.032 0.00101149
119.261 0.00106593
116.695 0.000909415
118.756 0.00110116
120.573 0.00109986
115.754 0.00105696
122.588 0.000915865
116.988 0.00027176
117.666 0.000997544
122.533 0.00109146
118.318 0.00106946
122.349 0.000969027
123.583 0.000981997
119.23 0.00112953
116.21 0.00105189
116.785 0.000856618
119.998 0.000976243
118.989 0.000975706
124.185 0.000968461
118.961 0.00097415
