129.355 3.64082e-06
129.1 0.00149578
129.077 0.00146733
131.928 0.00156039
131.8 0.00148817
130.373 0.00157612
129.126 0.0015546
130.537 0.00147943
130.261 0.00148948
130.418 0.00149871
127.799 0.00149427
130.891 0.00150056
132.702 4.52618e-05
130.741 0.000863215
130.278 0.00154274
130.122 0.00154871
126.86 0.0015134
127.52 0.00149123
129.029 0.00150767
128.573 1.05828e-06
127.942 0.00151195
130.003 0.00128936
133.143 0.00150528
127.321 0.000438436
127.223 0.00142805
130.985 0.00153701
127.234 0.00155644
129.665 0.00154295
131.829 0.00142446
124.016 0.00153226
125.198 0.00150859
127.037 0.00135329
129.379 0.00153455
131.854 0.00172707
131.547 0.00136569
128.661 0.00150963
129.343 4.55375e-05
130.333 0.00149516
129.622 0.00155946
128.532 0.00150863
129.571 0.00151862
120.351 0.00146411
130.106 0.00150407
129.823 0.00139714
130.846 0.00155346
130.063 0.0014962
130.155 0.00149016
129.747 7.2042e-05
130.176 0.00151147
131.724 0.00156905
127.922 0.00144303
130.798 0.0014904
128.242 0.00149136
131.856 0.00148388
128.704 0.000438004
129.994 0.00159991
116.739 0.00148134
120.915 0.00148739
129.358 0.0015024
129.537 0.00155439
130.205 0.00151016
124.17 0.00148887
128.394 0.00147124
129.269 0.00150989
129.306 0.00142765
129.853 0.00159788
129.366 0.00157174
130.124 0.00157813
132.381 0.00153055
132.449 0.0016739
135.12 6.32898e-06
128.565 0.00150304
129.38 0.00157184
131.095 0.00146456
130.235 0.0015637
128.762 0.00140506
132.956 0.00178052
128.186 0.00155243
131.516 0.00155883
128.762 0.00155326
129.589 0.00161197
131.397 0.00152394
130.884 0.00157242
129.251 0.00151771
130.496 0.00152278
129.03 0.00153902
130.824 0.00149357
129.699 0.00153095
126.664 0.00153163
130.676 0.00173684
130.242 0.0015674
129.773 0.00151053
128.113 0.000832248
126.424 0.000110789
122.268 0.00151982
129.304 0.00154502
130.383 0.00150367
131.757 0.00154825
129.236 0.00154099
131.536 0.000578521
117.905 0.00148833
130.251 0.00172968
131.605 0.00147
130.031 0.00152724
131.506 0.000723816
129.981 0.00151251
129.451 0.00155996
128.483 0.00153175
131.486 0.00159833
129.891 0.00149551
130.068 0.0017163
131.398 0.00167919
126.872 0.00168485
129.981 0.00158991
131.323 0.00086731
128.591 0.0015134
129.332 0.00151582
128.113 0.00150031
130.203 0.00163633
128.546 0.0014612
132.623 4.60477e-05
131.257 0.000114918
130.695 0.00157912
120.521 0.00146484
123.411 0.00169031
129.366 0.00156783
128.041 0.00172297
126.427 0.00158287
129.905 0.00150522
128.538 0.00157613
129.629 0.00129673
130.93 0.00170714
129.513 0.00163724
130.831 0.000449131
129.822 0.00159367
131.411 0.00155205
127.493 0.00146274
128.459 0.00116043
129.329 0.00149054
129.09 0.000718651
130.216 0.00171052
131.1 0.00153026
131.88 0.00156636
128.754 0.00146408
132.33 0.00149622
132.503 0.00157019
130.199 0.00157843
128.728 0.00140129
128.653 0.000434959
129.965 0.000715822
130.896 0.00153593
128.567 0.00158015
128.792 0.00146836
127.713 0.0017096
131.344 0.00131978
130.126 0.00155773
130.598 0.00151511
129.645 0.000322059
130.959 0.000581241
132.282 0.00154546
130.496 0.0013095
129.045 4.53721e-05
129.791 0.00153275
130.545 0.00151
128.423 0.0017056
135.337 0.001572
129.891 0.00121985
131.525 0.00171231
131.091 0.00162539
132.34 0.00149233
130.041 0.00155214
129.375 0.00149827
129.289 0.00153418
130.173 0.00151822
131.247 0.00148439
128.557 0.00153961
127.397 0.000236703
128.635 0.00151098
131.902 0.00170923
127.36 0.00156241
130.077 0.000876468
131.184 0.00149097
128.903 0.000110361
131.577 0.00161424
128.753 0.00100912
129.976 0.00163388
131.145 0.00153966
132.29 0.00011235
127.271 0.0015838
131.087 0.00145468
123.156 0.00129869
129.917 0.0016628
131.063 0.00155238
131.047 0.00149438
131.039 0.00161762
129.63 0.00169584
132.359 0.00152041
125.373 0.00147146
129.707 0.00157041
128.504 0.00156007
130.485 0.00148977
129.257 0.001536
130.39 0.00157486
124.057 0.00128833
130.501 0.00166501
128.407 0.00152169
130.774 0.00152378
119.84 0.00151875
129.347 0.00146493
129.077 3.74672e-06
120.089 0.000114309
127.959 0.00159242
130.532 7.43541e-05
132.624 0.00156796
128.029 0.00152086
128.364 0.00145568
129.154 0.00140744
132.143 4.57863e-05
127.245 0.00163963
129.016 0.00145699
127.367 0.00159865
129.247 0.00148807
133.874 0.00171857
126.671 0.00147054
129.121 0.00151779
129.62 0.00161802
125.485 0.00151227
132.172 0.00148961
125.172 0.00105275
134.626 0.00153688
132.023 0.00147905
131.548 0.00173373
132.331 0.00147742
131.231 0.00156713
134.126 0.00135211
129.422 0.00154339
130.098 0.00148413
130.201 0.00153384
132.878 0.00107569
130.301 0.00160751
129.084 0.00148787
127.016 0.0015631
130.648 0.00151391
132.565 0.0017876
130.106 0.00158839
127.873 0.00146011
122.652 0.00150002
132.079 0.000232947
128.761 0.00148287
129.724 0.00150213
129.657 0.00149184
128.149 0.00155451
133.104 0.00147051
130.687 0.00154227
131.295 0.00156662
130.591 0.00148083
128.266 0.00156679
129.102 0.00144221
123.365 0.0016443
116.314 0.00140979
129.599 0.0015277
129.955 0.00147122
132.346 7.37409e-05
132.826 0.00168901
129.227 0.000573377
128.263 0.0014996
126.689 0.00161332
129.841 0.00173283
126.709 0.00174173
131.724 0.00136067
130.728 0.00150529
128.789 0.0015097
128.251 0.00172798
127.035 0.00149302
126.803 0.00157682
128.717 0.00157292
127.603 0.00155855
118.83 0.0015571
119.266 0.00148468
128.227 0.00151078
130.893 0.00155345
127.248 0.0015102
133.598 0.00143305
129.913 0.00058295
119.632 0.00152185
126.496 0.00147878
127.705 0.00155028
129.487 0.00161829
127.648 0.00155034
127.613 0.00142203
130.124 0.00155817
126.88 0.000447214
124.507 0.00143063
131.917 0.00155333
122.275 0.00148787
128.32 0.00151705
129.247 0.00156489
131.08 0.00154007
131.292 0.00151969
131.881 0.00150856
125.967 0.000326212
130.053 0.000162497
127.907 0.00149039
132.719 0.00153047
128.64 0.00149208
129.719 0.00151557
131.45 0.00151576
130.311 0.00150029
116.124 0.000111453
127.319 0.00150398
127.91 0.00117894
130.915 0.00141581
131.448 0.00116733
132.47 1.76986e-05
115.314 6.36179e-06
118.147 0.00150191
129.939 0.00151572
129.655 0.0015126
128.743 3.91167e-06
129.65 0.00149497
130.719 0.00016172
129.647 0.00148876
128.926 0.00161305
127.996 0.000802645
130.493 0.000875353
120.203 0.00155303
128.657 0.00131308
128.785 0.00169235
133.8 0.00153572
128.053 0.00151632
125.049 0.00141193
128.23 0.00161259
130.144 0.00172742
132.772 0.00158029
129.534 0.00116185
129.726 0.00152346
128.471 0.000729783
122.798 0.00150885
116.515 0.000236376
130.292 0.00144737
128.853 0.00150618
133.892 0.00148628
130.638 0.00171303
128.329 0.00140565
130.181 0.00154382
128.755 0.00151208
131.128 0.00150051
128.968 0.00167842
131.614 0.00155002
130.252 0.00148691
129.544 0.00146034
121.931 0.000999034
129.562 0.00173295
131.254 0.00129517
131.432 0.0014585
122.485 0.00151463
129.875 1.73087e-05
132.177 0.000110253
131.11 0.00150341
129.91 0.00171297
126.048 0.00170721
130.845 0.00172387
120.024 0.0016228
130.26 0.00150041
130.755 1.05599e-06
122.076 0.00120068
131.484 0.00175748
126.484 0.00151951
129.313 0.00172265
130.524 0.00140508
125.421 0.00155691
128.6 0.00148907
130.132 0.00134753
129.124 0.00118255
131.153 0.00148547
131.256 0.00154285
131.821 0.00140939
119.992 0.00138726
128.023 0.00142099
130.032 0.00158502
130.37 0.00152278
128.915 1.04679e-05
131.392 0.000159809
131.301 0.00151326
130.293 0.00153848
126.554 0.0016972
130.552 0.0016351
131.545 0.00149932
128.981 0.0001614
130.451 0.00116177
131.81 0.00152716
129.794 0.000749772
130.495 0.00168445
129.433 0.00149416
131.357 0.00151288
131.144 0.00143798
130.108 0.00156246
131.623 0.00150028
128.319 0.00164451
129.309 0.00140068
116.239 0.00150338
131.19 0.00137735
131.919 0.00151
128.818 0.0017475
128.915 0.00154421
131.521 0.00155672
130.77 0.00112725
130.192 0.00151581
130.504 0.00149818
125.947 0.00170076
130.602 0.0016159
115.577 0.00138644
129.067 0.00170082
130.716 0.000721747
131.779 0.00152514
127.167 0.00149428
127.302 0.00167804
127.908 0.000704621
125.701 0.00144369
129.216 0.00147936
129.482 0.00149504
129.069 0.00152559
132.5 0.00147655
127.89 0.00163385
131.103 0.00162251
129.267 0.00158446
130.617 0.00159319
129.456 0.00159795
131.73 0.00152138
123.172 0.00150868
132.488 0.000461708
129.734 0.00155545
130.47 0.00171165
132.204 0.00136242
129.081 0.00159183
129.42 0.00159775
128.71 0.00172173
132.576 0.00152641
129.158 0.00110859
130.683 0.00169023
127.875 0.00152789
130.059 0.00148211
128.055 0.00168477
126.964 0.00129839
118.036 0.00152524
129.535 0.00147567
130.422 0.000171354
131.591 0.000573903
128.207 0.0015767
130.742 0.00162396
132.102 0.00162285
131.092 1.39767e-06
132.691 0.00170929
120.278 0.00157091
130.446 0.00149649
131.304 0.00156164
128.093 0.00147445
131.519 0.00169637
128.626 0.00102669
121.718 0.000878797
128.769 0.00170201
128.548 0.00161674
129.849 0.00149441
127.339 0.00141091
129.25 0.00168944
130.98 0.00175568
126.194 0.000580757
130.105 0.00115361
129.892 0.00158934
129.802 0.0015301
130.551 0.000440223
130.912 0.00160746
129.215 0.00154055
130.95 0.00148604
126.954 0.00149073
131.678 0.00151317
130.488 0.0015081
130.505 0.00165192
131.484 0.00160488
128.569 0.000584445
128.929 0.00148203
132.33 0.0016729
128.495 0.00148897
129.373 0.000899356
127.359 0.00153428
131.353 0.0001034
127.597 0.00159523
131.14 0.00151682
129.048 0.00164391
129.582 0.00171381
128.244 0.00155222
128.888 0.00158077
127.577 0.00159565
129.139 0.0014915
127.451 0.00156125
127.009 0.00149236
126.894 0.00151841
129.917 0.000994399
130.832 0.00149963
130.422 0.00157954
129.064 0.00146463
128.963 0.00173911
129.688 0.00155475
125.951 0.00144183
131.168 0.00147981
129.299 0.00152148
126.119 0.00152766
130.45 0.00170781
132.684 0.00157183
127.523 0.00152367
129.466 0.00149997
130.361 0.00149427
129.499 0.00172279
128.513 0.00150181
126.623 0.00150094
129.758 0.00152577
129.974 0.000440704
128.186 0.00159614
128.58 0.00148645
129.765 0.00144648
130.525 0.00144119
129.059 0.00146224
129.596 0.00149428
128.495 0.00156242
128.409 0.00129163
128.292 4.56947e-05
128.653 0.00141482
128.755 0.00150743
125.976 0.00151821
131.228 0.00159263
130.94 0.00165364
128.855 0.00158832
131.357 0.00156041
131.764 0.0014518
130.514 0.00147045
129.384 4.46916e-05
130.7 0.00152532
129.934 0.00164563
130.987 0.00171808
131.11 0.0014478
130.976 0.0015761
128.544 0.00172461
131.228 0.0015544
127.242 0.00156021
127.979 0.000157961
127.778 0.00141252
128.653 0.00169176
129.132 0.00149877
130.706 0.00155507
132.407 0.00151351
132.354 0.0013873
130.074 0.0015056
129.389 0.00160983
125.818 0.00156132
130.127 0.0015086
129.913 0.00149905
128.903 0.00148446
129.634 0.00149854
130.604 0.00139744
133.553 0.000712907
126.22 0.0015916
126.076 0.0014305
131.151 0.00147509
131.556 0.00143454
130.108 0.00151287
130.372 0.0016209
129.181 0.000219817
133.566 0.00163699
130.139 0.00164989
128.916 1.75379e-05
129.165 0.00160331
127.807 0.00174567
129.447 0.000160575
130.01 0.00170259
129.656 0.00142508
129.547 0.00175032
130.58 0.0015463
128.88 0.00163209
130.585 0.00159579
130.485 0.000715755
129.67 0.00170118
131.1 0.00148326
130.676 0.00146852
129.386 0.00154654
129.754 0.00152308
129.614 0.00150782
129.656 0.00153886
132.334 0.00140857
127.448 0.00161968
127.498 0.00150446
129.41 0.00152574
128.286 0.00165085
129.994 0.00155263
129.794 0.00162601
134.379 0.000591735
129.361 0.00152154
128.733 0.00155065
131.917 0.00173117
132.458 0.00148344
130.428 0.00150447
129.634 0.00157757
130.793 0.0014837
123.96 0.00172893
130.883 0.00145274
118.55 0.00146729
129.716 0.00158488
130.689 0.00149488
126.315 0.00171177
128.12 0.00148819
128.482 0.00160571
130.617 0.000997542
132.83 0.000231006
130.572 0.00152928
127.975 0.00164028
132.15 0.00152862
123.676 0.00167232
128.141 0.00168765
130.799 0.00152687
123.097 0.00103116
129.154 0.000110823
129.041 0.00159107
129.528 0.00166352
125.093 0.0014663
130.481 0.00170984
131.993 0.00148928
130.951 0.00150294
127.389 0.00147701
128.943 0.00148598
127.872 0.00102047
126.003 0.00166696
129.654 0.00163295
125.877 0.00173434
129.363 0.00165075
120.165 0.000464451
130.405 0.00147715
130.09 0.00156177
134.459 0.00154348
130.242 0.00170343
129.65 0.00151638
129.793 0.00152118
129.327 1.04531e-06
129.397 0.00175111
129.475 0.00172478
124.359 0.00149757
128.115 0.00153142
132.275 0.00150821
135.265 0.00153638
129.469 0.00162287
131.106 0.00160149
128.306 0.00164984
129.291 0.00128482
129.008 0.0015126
131.973 0.00146938
129.028 0.00159151
129.032 0.000443694
123.54 2.70602e-05
131.44 0.00136246
128.242 0.00140454
125.916 0.000325138
134.612 0.000449546
125.526 0.00143065
130.653 0.00153374
129.086 0.00144937
132.411 0.00155909
131.117 0.0012923
128.567 0.00150322
127.99 0.00150759
129.224 0.00043817
130.225 0.00162343
126.503 0.00150833
130.992 0.0015039
131.531 0.00151515
128.19 7.29531e-05
133.643 0.00151844
131.95 0.00145878
128.989 0.00149392
130.046 0.00170944
130.126 0.00152149
121.796 0.00155314
120.341 0.00146136
130.875 0.00154535
132.324 0.00150546
130.593 0.00102297
128.016 0.00169485
128.848 0.000323158
129.841 0.00150668
127.565 0.00154955
129.988 0.00173841
131.252 0.000322258
130.737 0.0017343
131.619 0.000328522
129.387 0.00130015
130.531 0.00160785
132.81 0.00134024
132.158 0.00102825
130.225 0.00149988
131.077 0.000231406
130.512 0.0014194
128.786 0.00162659
130.16 0.00151751
130.58 0.00168964
129.755 0.00150381
129.712 0.00148145
121.775 0.00152427
128.826 5.83899e-06
127.563 0.001394
130.414 0.00170416
128.569 0.0015461
127.832 0.0017043
118.735 0.00172105
125.388 0.00173134
130.557 0.00165729
128.025 0.00128689
128.821 0.00152934
132.76 0.00137677
129.453 0.00150536
116.798 0.0015304
131.881 0.000707945
126.698 0.00153911
131.39 0.00162163
128.133 0.00166782
130.089 0.00150373
127.991 0.00167226
129.84 0.00155299
130.791 0.00151105
130.259 0.00156317
130.533 0.000449049
126.489 0.00154157
128.836 0.00157422
128.842 0.00139628
128.577 0.00151612
128.834 0.00161634
130.051 0.00148253
129.72 0.00100733
130.734 0.00135116
128.847 0.00151063
117.003 0.000834859
127.926 0.00163268
129.961 0.00138517
130.101 0.00156873
129.999 0.00157884
127.82 0.0016931
129.98 0.00161377
131.245 0.00157949
127.911 0.00158388
129.496 0.00148343
127.3 0.001734
127.498 0.00161104
130.465 0.00149761
127.009 0.0014036
132.32 0.00150264
129.326 0.00153261
128.634 0.00147723
130.25 0.00159853
131.314 0.00148925
129.463 0.00140587
127.207 0.00088154
128.324 0.00056566
126.629 2.88858e-05
129.728 0.00148947
124.167 0.00016234
129.838 0.00156557
122.629 0.00160294
134.077 0.00146834
130.03 0.00149833
130.503 0.00154129
131.542 1.05222e-06
117.952 0.00150358
128.911 0.00164211
125.8 1.08518e-06
127.391 0.00164354
129.004 0.00151823
128.699 0.00155901
129.438 0.00160305
127.795 0.00151324
131.755 0.00148727
126.804 0.00152721
130.024 0.00152356
130.095 0.00151729
127.486 0.00158393
129.243 0.00149571
128.601 0.00168365
129.95 0.00149813
127.547 0.000438853
127.101 0.00154249
130.21 0.00152637
130.395 0.00118462
129.325 0.0015459
130.707 0.00141603
132.087 0.00155272
127.015 0.00150041
132.779 0.00165745
129.51 0.00118868
130.048 0.00154804
130.096 0.00156546
129.482 0.00147254
126.178 0.00129264
132.546 0.00163565
129.767 0.00150055
129.746 7.3435e-05
129.841 0.0015369
129.581 0.0014798
135.422 0.00150709
122.463 0.00156198
121.413 0.00141512
127.972 0.00117537
129.294 0.00173557
130.468 0.00154577
130.121 0.00120304
131.009 0.00171523
130.764 0.00154921
130.812 0.00148192
133.382 0.00138872
126.278 0.00153401
130.566 0.00153333
129.286 0.00138254
127.258 0.0014698
127.938 0.00148624
128.977 0.001345
128.588 0.00162983
129.062 0.00146019
130.839 0.00148993
127.882 0.00154351
126.183 0.00158291
131.239 0.00146354
132.275 0.00177016
130.18 0.00166914
127.118 0.00156553
127.657 0.0017354
128.682 0.00156475
130.539 0.0014974
131.358 0.00156567
126.873 0.00149212
127.06 0.0016708
129.916 0.00152912
126.348 0.00141373
131.177 0.00152655
129.887 0.0015411
130.084 0.00148241
129.459 0.00150692
130.675 0.00169585
135.277 0.00150067
126.023 0.00168168
124.862 0.00145145
131.47 0.00131387
133.992 0.00145561
129.723 0.00163885
128.696 0.00171832
131.573 0.00160594
121.766 0.00149485
127.196 0.00149516
131.094 0.000875499
126.665 0.00100256
126.72 0.00136374
130.03 0.00153854
129.321 0.00149439
130.594 0.00151471
130.751 0.00152355
129.6 0.00153358
130.06 0.000325133
130.045 0.00152614
128.616 0.00152152
130.305 0.00166639
128.123 0.0014666
131.325 0.00150603
125.336 0.00132524
130.212 0.00148552
130.869 0.00153
131.331 0.00149166
126.42 0.00151569
130.812 0.00128337
132.251 0.00168998
129.67 0.0014884
131.785 0.00158838
126.299 0.00117994
126.993 0.00149348
127.645 0.00150845
128.945 0.00153603
124.636 0.00151979
119.762 0.00146853
128.837 0.00151836
129.363 0.00159387
129.178 0.00101074
131.203 0.00156433
131.359 0.00148583
128.58 0.00154955
128.487 0.00148539
129.58 2.79704e-05
126.256 0.00126354
131.514 0.00149788
131.377 0.00150808
130.745 0.00115118
130.204 0.00149475
130.086 0.00141016
127.501 0.00152284
126.576 0.00150088
131.601 0.00158783
128.648 0.00170333
128.293 0.000444744
128.5 0.00146051
127.39 0.00148258
122.502 0.00141403
130.61 0.00149943
130.815 0.00155489
131.791 0.00152588
132.431 0.00159607
126.337 0.00135819
130.759 0.00150015
127.189 0.00169333
130.032 0.00152247
132.377 0.00106872
130.797 0.00023146
128.591 0.00150957
129.823 0.0016063
127.038 0.0014835
130.571 0.00157682
130.984 0.00149627
129.89 0.00157818
133.53 0.00152555
133.379 0.000742425
129.615 0.0014848
131.792 0.00151974
131.111 0.0014106
128.516 0.00153154
125.983 0.00119824
131.331 0.00149362
132.968 0.0015696
132.958 0.00158574
126.5 0.00154938
123.875 0.00158582
130.955 0.00148454
128.995 0.00161458
129.959 0.0017389
132.592 0.00153814
129.133 0.00147478
129.041 0.00165482
129.148 0.00156313
129.444 0.00176821
128.36 0.00146851
129.355 0.00140618
133.956 0.00149669
129.65 0.00146904
127.567 0.00162865
132.533 0.00139235
128.74 0.00157294
130.547 0.000707584
131.631 0.00162456
128.631 0.00150948
128.614 0.00154153
122.623 2.78283e-05
128.549 0.00151341
124.998 0.00153379
134.929 0.00148648
126.94 0.00169898
117.11 0.00154054
125.141 0.000693984
131.605 0.00158568
127.194 0.00153334
122.252 0.00148004
127.012 0.00138571
129.83 0.00171391
129.204 0.00152332
133.217 0.00155121
129.662 0.000445231
129.153 0.00151754
132.663 0.00172119
130.385 0.00156207
129.574 0.00147895
128.842 0.0015145
129.838 2.85996e-05
127.721 0.00148267
131.263 0.0015145
129.145 0.00154262
130.979 0.00167487
129.291 0.00149782
129.323 0.00148604
126.022 0.00155405
130.631 0.00150564
127.604 0.00153959
132.23 0.00173392
121.697 0.0015729
130.828 0.00160135
130.966 0.00148588
129.923 0.00149577
131.113 0.00147673
125.962 0.00149487
130.704 0.00157049
130.954 0.00151454
127.754 0.00168489
126.169 0.00163076
128.128 7.26361e-05
129.619 0.00102528
130.779 0.00165228
124.075 0.00122561
129.54 0.00169652
127.459 0.00171987
122.382 0.00149054
130.334 0.00152848
130.122 0.001732
130.895 0.00142973
128.136 0.00157711
129.791 0.00151767
129.408 0.00162938
120.643 0.00157877
115.297 0.00155475
128.826 0.0015082
132.644 0.00164814
128.277 0.000110027
125.244 0.00167373
131.124 0.00155277
118.754 0.00148027
131.867 0.00152731
132.391 0.0014688
130.831 0.00151102
129.93 0.00101583
129.3 0.0014437
129.424 0.00149966
128.757 0.0015807
130.703 0.00175484
128.466 0.00151592
129.144 0.00148845
129.842 0.00150682
128.767 0.00156425
128.516 0.00143631
128.087 0.000570651
130.088 0.00118152
129.691 2.68818e-05
131.463 0.00153452
129.124 0.00152146
131.233 0.00172369
130.968 1.74512e-05
129.656 0.0013998
131.105 4.56452e-05
129.515 0.00151737
129.077 0.00152291
127.054 0.00150046
127.099 0.00131182
121.713 0.00150877
128.789 0.00153221
130.488 0.00153454
132.271 0.00148341
125.72 0.00149912
133.585 0.00150688
129.448 0.00160353
128.526 0.00152242
130.672 0.00152697
129.654 0.00155541
129.56 0.00171729
127.526 0.00150476
131.374 0.00147775
134.167 0.00147579
135.219 0.00138164
129.628 0.00169894
131.66 0.0016398
128.836 0.0014512
131.296 0.00159839
129.324 0.00146949
131.382 0.00152896
119.046 0.00169551
129.72 0.00102241
132.643 0.00154414
129.269 0.00162947
129.985 0.00167883
130.905 0.00168698
131.271 0.00152996
128.494 0.00150831
129.254 0.00165087
129.412 0.00164333
131.257 0.00164345
131.361 0.0016914
128.659 0.00170482
124.176 0.00146648
127.918 0.00157722
127.831 0.00148413
134.273 0.00158411
126.46 0.00150419
131.277 0.00154786
129.62 0.0016773
128.818 0.00151146
129.853 0.00179803
130.655 0.00118421
128.071 0.00137097
128.178 0.00150725
128.059 0.0017281
129.562 0.00152563
131.743 0.0014952
132.14 0.00154593
130.327 6.95682e-05
130.29 0.00146884
128.567 0.000723109
129.594 0.00148333
130.964 0.000447501
128.955 0.00172305
130.476 0.000168513
130.546 0.00156583
129.434 0.00159117
130.237 0.0015085
130.566 0.00153654
119.188 0.000163249
131.042 0.00171962
127.646 0.00147774
131.213 0.00151182
129.366 0.00150124
130.203 0.00155173
125.906 0.00151713
128.765 0.00150176
129.721 0.00150525
124.282 0.00156331
127.477 0.00169065
131.631 0.00167112
129.501 0.000111373
129.967 0.00149341
129.478 0.00151244
129.751 0.00170055
130.036 0.00153743
129.727 0.00171651
128.18 0.00155894
130.551 0.00156142
128.198 0.00168944
131.176 0.00173451
127.086 2.81995e-05
127.57 0.0017151
130.278 0.00146951
129.547 0.00158668
128.713 0.00147586
130.198 0.00137997
129.863 0.00151223
123.02 0.00168774
129.672 0.00158127
129.857 0.00162883
131.575 0.00146812
129.771 0.00154196
127.567 0.0012422
128.7 0.00157725
129.307 1.051e-05
130.067 0.000109751
130.175 0.00154754
131.754 0.00151328
132.466 0.00155063
131.948 0.000160083
127.61 0.00147849
129.077 0.00152811
130.164 0.00160097
130.154 0.0014318
130.117 0.00142127
128.761 0.00151248
129.828 0.00156194
129.053 0.00152735
119.946 0.00167032
130.487 0.00174444
131.002 0.00152232
130.38 0.00151774
131.155 0.00153146
131.675 4.25444e-05
131.873 0.00164017
133.389 7.28188e-05
130.831 0.00175635
130.585 0.00135429
126.077 0.00149459
130.07 0.00155043
124.306 0.00149678
131.301 0.00170081
117.733 0.00165598
131.198 0.00140372
130.167 0.00147652
127.652 0.00152322
126.865 0.00145274
130.323 0.0016302
129.895 0.00153248
133.639 0.00151149
129.276 0.00141524
129.338 0.000718149
128.211 0.00146804
124.963 0.00151463
129.643 0.00154892
132.906 0.00150267
134.308 0.0014138
117.507 0.00161549
130.254 0.00149583
130.097 0.000885294
128.335 0.00125501
127.333 0.00170455
130.256 0.000879981
129.834 3.76534e-06
131.582 0.00154151
129.223 0.00139938
129.765 0.00139534
124.684 4.59033e-05
130.423 2.24194e-06
136.852 0.00154628
128.559 0.00101932
130.838 0.00147434
128.236 0.00149553
131.547 0.00150951
129.98 0.0014779
129.501 0.00141586
130.211 0.00151256
129.274 0.00172341
125.666 0.0015633
129.368 0.0015026
125.049 0.00172067
123.004 0.00143136
127.336 0.00154701
128.474 0.00137573
129.491 0.00158422
129.174 0.00141011
129.691 0.00157874
133.067 0.00156931
126.165 1.73724e-05
132.492 0.00171934
128.51 0.00155915
125.79 0.00132506
119.516 0.00150988
132.73 0.00101074
126.372 0.00143576
128.812 0.00148216
129.189 0.00157882
130.724 0.00149418
130.135 0.00116811
130.511 0.00149661
129.444 0.00150344
128.966 0.0017817
131.151 0.00117538
130.031 0.00149597
129.607 0.00153777
127.636 0.00158258
129.507 0.000236064
129.343 0.00160218
130.148 0.00101306
121.786 0.00156642
130.805 0.00152805
130.439 0.00172467
128.632 0.00150804
130.14 0.00151377
130.487 0.00160394
129.689 0.00150588
128.64 0.00150838
125.948 0.00145767
131.638 0.00128056
128.297 0.00114535
130.932 0.00173606
126.554 0.00150249
130.125 0.00154586
127.103 0.00167393
130.372 0.00125712
128.606 0.00155181
128.846 0.00150077
129.653 0.00150171
126.879 0.00150783
130.389 0.0015346
130.58 0.000232197
128.925 0.00142225
130.045 0.00160621
131.573 0.00152327
132.078 0.00163743
129.595 0.00173965
129.924 0.00148441
129.623 0.00151712
115.613 0.00152152
133.003 0.0014756
129.437 0.000231882
133.404 0.00157458
128.273 0.00158084
128.398 0.00152486
132.462 0.00154353
126.628 0.00150593
129.214 0.00157911
130.022 0.000450636
129.265 0.0016554
136.238 0.00165232
128.797 0.0013979
131.948 0.00148103
128.423 0.00172696
129.312 0.00159661
129.248 0.00155191
129.356 0.00116574
131.655 0.00169797
128.631 0.00169036
131.263 0.00149367
131.879 0.00166808
132.827 0.00150355
127.579 0.00167288
128.866 0.00168671
130.811 0.00152873
131.143 0.000721134
129.368 0.00147814
131.913 0.0014695
125.838 0.000719681
123.147 0.00154974
129.896 0.00147974
127.866 0.00140466
130.647 0.0015722
130.294 0.00173884
129.178 0.00153048
128.805 0.00153557
128.895 0.0015518
129.689 0.00044618
128.65 0.00163307
125.751 0.00119011
128.854 0.00157197
128.994 0.00159675
129.072 0.00158086
117.09 0.00160918
132.714 0.00164411
130.578 0.00147024
133.379 0.0017431
131.039 0.00157837
131.308 0.00149361
130.201 0.00129417
129.042 2.87762e-05
129.142 0.00158747
127.346 0.00149876
130.718 0.00169032
125.219 0.00143411
130.516 0.000109751
129.077 0.00145837
130.359 0.00152765
121.043 0.00169222
130.154 0.000163445
129.095 0.00150511
128.258 0.00150899
129.318 0.00150749
132.315 4.76993e-05
131.913 0.00153504
130.888 0.00139286
132.739 0.00170632
125.571 0.00175398
131.503 0.00146568
116.614 0.00151728
122.083 0.00150326
129.945 0.00153374
122.867 0.00150853
130.717 0.00164871
127.309 0.00157761
131.929 0.00175279
131.802 0.00164275
130.098 0.00152807
131.282 0.00173103
129.593 0.00154948
130.506 0.00166459
127.373 0.00128041
130.625 0.00150664
126.336 0.00154182
131.395 0.00174018
130.98 0.00170823
130.982 0.00136836
126.462 0.00117503
128.714 0.00168852
123.648 0.00157431
128.992 0.000111039
125.322 0.00160039
130.251 0.00154665
128.182 0.00118004
122.369 0.00150187
124.731 0.00168404
128.45 0.0017114
130.652 0.0015895
130.78 0.00152129
129.648 0.00151652
129.698 0.000110933
130.087 0.00172062
131.528 0.00170519
123.079 2.86003e-05
127.728 0.00149351
126.646 0.00158424
133.182 0.000569856
130.181 4.55268e-05
127.276 0.00159646
129.025 0.00153185
127.36 2.89741e-05
127.472 0.00163394
127.494 0.00158094
129.042 0.00153037
131.684 0.00154085
128.852 0.000164559
131.332 0.00145884
128.138 0.00148176
129.538 0.00150441
125.818 0.00151937
125.09 0.0015553
130.32 0.0015484
129.988 0.00101339
129.447 0.00147625
131.657 0.00156461
129.818 0.00156481
131.521 0.00148088
124.445 0.00127503
130.787 0.00158563
130.473 0.00151195
129.959 0.00160349
128.833 0.000876919
130.366 0.0015109
127.913 0.000164398
132.597 0.00151608
129.502 0.00168084
130.318 0.000234868
130.617 0.00171578
131.587 0.00151226
128.17 0.000108558
115.517 0.00141572
126.536 0.00163846
128.818 0.00152738
130.69 0.0015045
129.322 0.000163537
126.906 0.00155804
129.846 6.4099e-06
131.924 0.00156597
130.294 0.00159117
128.167 0.00148693
123.442 0.00156323
130.673 0.00151099
129.927 0.00153951
131.062 0.000595112
125.75 0.0014346
130.7 0.00101316
129.825 0.000232869
129.344 0.00147745
130.763 0.00151103
129.656 0.00175435
128.695 0.00154064
128.921 0.00174002
133.763 0.00161128
130.776 0.00154871
127.696 0.00156756
124.12 0.00149386
127.855 0.00172284
129.863 0.00141049
129.969 0.00167724
130.816 0.00158879
128.778 0.00173797
130.102 0.0014651
130.29 0.00144354
129.367 0.00172394
131.442 0.00166551
130.965 0.00156592
130.185 0.00155413
135.07 0.00161234
129.552 0.00138475
130.53 0.0016917
129.742 0.00151776
131.391 0.00155683
127.101 0.00147606
132.902 0.00148262
130.725 0.00170081
130.611 0.00166277
131.994 0.00129958
130.621 0.00145511
130.596 0.00154414
129.051 0.0014175
130.333 0.00152774
130.188 0.0014892
131.56 0.00169031
124.976 0.00157071
132.614 0.00173132
129.656 0.00152107
131.786 0.00086848
129.996 0.00149573
127.588 0.00148503
130.701 0.00146439
120.679 0.00165959
129.243 0.00150929
130.204 0.00152097
130.412 0.00148807
128.018 0.00156476
130.826 0.00145909
118.108 2.90107e-05
117.971 0.00155663
130.701 0.00157025
124.599 0.00146871
125.956 0.00155564
125.282 0.00152433
128.204 0.00159231
130.911 0.00158355
130.767 0.00173329
130.916 0.00168899
124.2 0.000724322
131.018 0.00148174
128.596 0.00162445
130.296 0.00167162
129.705 0.00150508
124.062 0.000438699
129.644 0.00171329
121.991 0.00167386
129.12 0.00124145
130.706 0.00152708
130.922 0.00151153
129.319 0.0015729
128.667 0.00148956
130.735 0.00150927
127.296 0.00150333
130.935 0.00161072
130.82 0.00149688
129.154 0.00155736
125.725 0.000906713
128.273 0.00149447
128.1 0.00150744
129.851 0.00172223
125.989 0.00164214
128.42 0.00150233
124.326 0.00150471
130.817 0.00149973
132.234 0.00142021
131.966 0.0003382
126.945 0.00175359
129.966 0.00164458
130.643 0.00160141
126.678 0.00179346
129.608 0.000410747
125.843 0.00166653
126.297 0.00173122
132.775 0.00167143
128.413 0.00158785
129.917 0.00155731
131.244 0.00151579
130.218 0.00118688
131.452 0.00130466
131.219 0.00149699
128.548 0.00140699
129.181 0.000302901
127.734 0.00103154
130.921 0.00173255
128.947 0.00164743
128.593 0.00150125
130.445 0.00150363
124.156 0.00158725
128.861 0.00151363
133.681 0.000426682
130.283 0.0015117
130.276 0.000324202
129.462 0.00154547
129.6 0.00162513
137.396 0.00169339
129.842 0.00174024
131.854 0.0015951
130.087 0.00163327
125.434 0.00142345
126.456 0.00173506
131.456 0.00151063
133.774 0.0014672
132.746 0.00159204
128.101 0.00151865
126.867 0.00170576
129.871 0.00149003
129.175 0.00144802
130.01 0.00147001
129.556 0.00152493
129.271 0.00169989
121.152 0.00170708
132.138 0.0014703
129.146 0.0015567
131.048 0.0016943
130.947 0.00171779
129.621 0.00116815
131.797 0.00166565
128.854 0.000876704
129.981 0.00173428
129.897 0.00151249
133.297 7.45005e-05
130.287 0.00151873
128.85 0.00163928
131.577 0.00177916
130.04 0.00168994
133.407 0.00149251
126.9 0.00160597
129.896 0.00155383
127.98 0.00146933
128.894 0.00157082
128.721 0.00160254
129.053 0.00160386
128.804 6.585e-06
131.011 0.000956442
128.22 0.0015486
130.093 0.00146264
129.007 0.00140788
125.456 0.00150005
128.627 0.00158151
126.428 0.00153501
128.905 0.00150785
127.216 0.00164916
129.165 0.000982645
127.558 0.00149954
122.737 0.00156508
128.231 7.03287e-05
129.403 0.00156178
129.466 0.00155596
131.773 0.00150156
129.986 0.00173948
131.483 0.00150432
128.684 0.00149501
131.296 0.00101818
130.228 0.000578435
126.877 0.00148346
126.949 0.00165523
129.149 0.0016919
130.487 0.00167271
127.835 0.00147474
130.619 0.00167032
129.351 0.00173123
129.474 0.00142501
126.063 0.00157952
126.644 0.00148442
130.987 0.00152726
128.392 4.59167e-05
127.127 0.0016392
121.546 0.00154303
127.099 0.00117227
130.377 0.00163621
128.958 3.46472e-06
129.882 0.00106793
130.018 0.00153055
130.008 0.00152091
127.154 0.00149177
129.791 0.00156972
128.65 0.00148552
128.46 0.00142246
128.801 0.00169527
128.45 0.00154135
133.169 0.00152742
129.566 0.00161441
127.963 0.00137207
128.214 0.00152067
130.15 0.00150963
128.08 0.00141119
128.315 0.00161666
131.223 0.00154297
127.869 0.00151673
126.958 0.0015145
130.184 0.00100542
128.713 0.00153472
130.098 0.00154768
125.748 0.00150205
130.744 0.00151017
132.587 0.00158667
129.696 0.00115267
128.539 0.00150124
130.589 0.00165949
130.134 0.00151102
128.372 0.00156644
126.374 0.00155112
133.357 0.00140745
127.615 0.00159532
130.306 0.00149537
128.562 0.001566
130.767 0.0015458
132.08 0.00158807
128.582 0.00139019
128.175 0.00147774
129.313 0.00150063
131.94 0.00149198
129.656 0.00151611
132.548 0.00159087
129.047 0.00155567
132.482 0.00155802
129.682 0.00152146
129.576 1.73795e-05
126.042 0.0014873
129.384 0.00117672
127.853 0.00153229
130.706 0.00153003
127.237 0.00155264
130.603 0.00149254
130.008 0.00149462
131.85 0.00151035
130.331 0.00149704
129.65 0.00154163
131.506 0.00173166
131.134 0.00153979
129.736 0.00117793
126.665 0.00154756
129.116 0.00152372
125.633 0.00158232
126.809 0.000110175
117.789 0.00160858
134.267 0.00154042
133.351 0.000224509
130.221 0.00151853
131.151 0.00150109
132.298 0.00161032
131.978 0.00147997
121.36 0.00167514
131.867 1.08365e-05
130.147 0.00152755
129.161 0.00147241
129.405 0.00101475
129.626 0.00147448
131.135 0.0016555
127.448 0.00169488
129.631 0.00172407
129.501 0.00157907
130.03 0.00149662
128.793 0.00152358
127.531 0.00153042
128.45 0.00100621
129.684 0.00164854
128.382 0.00150457
131.101 0.00169711
127.76 0.00151686
131.33 0.00174295
130.748 0.00173365
129.353 0.00157165
132.897 0.00170093
129.824 0.00170446
128.801 0.00139861
128.902 0.00146827
129.836 0.00154926
132.155 0.00155418
131.169 0.00161586
130.267 0.0014512
128.052 0.00145351
130.475 0.00148938
124.576 0.00169921
128.657 0.00142031
130.108 0.00138746
129.746 0.000235488
130.766 0.0014953
128.929 0.00148511
129.721 0.00170549
129.932 0.00150377
129.377 0.0012895
128.038 0.00150372
132.977 0.00151058
130.764 0.00160299
132.389 0.00154786
129.963 0.00148311
128.559 0.00174855
130.606 0.00165896
133.232 0.00139934
128.694 0.00149719
131.265 0.00154189
129.287 0.00160785
126.739 0.000883012
128.184 0.00148759
130.018 0.00167368
129.05 0.00147551
131.167 0.00141885
129.213 0.00148905
126.216 0.00170554
126.004 0.00167918
130.891 0.00154038
129.7 0.00156598
129.555 0.00158543
129.299 0.00157842
127.907 0.00155517
127.021 6.25395e-06
127.59 0.00160393
129 0.00158542
131.253 0.00151389
129.439 0.00100945
130.669 0.00149715
129.146 0.00150299
129.841 0.00171381
129.843 0.00170303
130.63 0.00155179
127.785 0.00146499
128.937 0.00149458
132.373 0.00151537
