125.805 8.63477e-05
126.358 7.63292e-05
119.077 8.94824e-05
119.573 -9.84868e-05
124.423 0.000111863
123.192 5.62266e-05
129.817 9.6755e-05
123.594 9.75585e-05
122.967 8.18715e-05
150.066 2.86257e-05
121.379 0.000109581
127.177 9.62113e-05
124.687 0.000107748
126.503 0.000110523
120.747 9.82697e-05
125.795 9.83436e-05
127.083 0.000100552
124.206 4.64385e-05
117.587 9.68821e-05
122.774 9.08533e-05
117.849 9.9883e-05
125.301 9.77927e-05
123.631 0.000111536
129.345 9.68833e-05
124.289 0.000111829
124.661 0.000102657
121.58 9.36152e-05
119.03 0.000100836
124.485 0.00010076
160.361 9.64562e-05
123.172 9.97164e-05
122.135 0.000100894
124.184 9.85525e-05
121.833 0.000110439
125.345 0.000101119
125.495 9.79548e-05
129.08 6.49345e-05
131.882 9.97894e-05
124.048 9.75372e-05
121.548 0.000101712
125.534 -9.29714e-05
120.215 9.71077e-05
121.391 9.82152e-05
126.101 9.29185e-05
121.439 0.000100579
126.814 9.33485e-05
117.795 9.52709e-05
119.89 0.000100121
121.066 0.000107411
123.496 9.44125e-05
115.882 0.0001065
125.399 5.63215e-05
124.195 0.000102563
124.332 0.00010443
122.453 9.32954e-05
123.533 0.000102287
117.726 0.000103926
124.993 0.00010053
154.51 4.09702e-07
125.184 9.77622e-05
123.162 1.10665e-05
126.152 0.00010193
124.134 9.96605e-05
124.942 0.000100955
129.477 0.000102129
123.668 0.000108924
122.055 9.05171e-05
128.344 0.000101398
126.944 0.000104712
124.366 2.93453e-06
125.803 0.000102178
125.727 9.79056e-05
125.5 9.60898e-05
121.704 0.000107683
143.741 -0.000109125
121.083 0.000108742
127.503 4.68222e-05
125.391 9.61307e-05
120.137 9.62859e-05
123.118 0.000109172
120.188 9.48772e-05
130.544 9.6779e-05
121.793 9.2951e-05
123.881 9.59564e-05
125.597 6.65012e-05
121.127 0.000113276
150.684 0.000112732
124.263 6.83192e-05
120.037 0.00010487
124.905 0.000100551
128.396 0.000110999
124.402 -9.95197e-05
123.693 9.5477e-05
124.744 8.90062e-05
121.023 9.81719e-05
124.741 9.3113e-05
123.657 0.000101143
121.025 -9.94009e-05
129.564 9.87163e-05
118.15 9.39912e-05
125.976 5.61887e-05
123.982 0.000106452
134.053 0.000101767
120.638 0.000111002
125.3 0.00010112
129.897 9.62119e-05
118.007 9.8676e-05
117.86 0.000109235
123.031 9.82796e-05
125.953 0.000100885
124.301 9.0455e-05
122.451 9.55889e-05
118.195 0.000103546
124.921 0.000105246
122.274 6.58713e-05
124.096 9.75203e-05
122.879 9.67387e-05
119.578 9.69249e-05
124.584 0.000101685
120.521 9.55837e-05
125.52 0.000110812
165.857 1.54089e-05
124.744 9.68465e-05
124.746 9.76974e-05
125.182 8.78136e-05
121.078 0.000109546
128.246 -0.000102702
119.082 6.96222e-05
120.898 0.000100281
125.248 0.000100386
117.45 9.99469e-05
123.444 0.000104298
116.222 9.37976e-05
122.455 0.00011302
124.572 9.95668e-05
123.191 9.69359e-05
120.428 9.79413e-05
118.127 -0.000100857
122.773 9.6406e-05
121.82 0.000101423
122.523 9.65037e-05
122.909 0.000107343
125.723 9.65424e-05
124.533 0.000106096
126.069 0.000100966
121.594 0.000103704
116.198 7.42978e-05
124.807 2.40963e-07
122.708 9.42729e-05
124.908 9.91624e-05
119.258 0.000102071
141.528 9.64337e-05
124.511 9.02801e-05
115.336 0.000100411
126.136 0.000102442
136.886 0.000109739
125.851 9.59126e-05
121.606 0.000106424
125.843 9.72737e-05
124.285 9.8704e-05
125.962 0.000106558
128.437 9.88254e-05
118.352 8.39735e-05
123.003 0.000106307
138.56 0.00010205
127.966 0.000104179
119.959 0.000101842
115.421 2.92042e-06
124.847 9.95043e-05
121.287 0.000107891
124.765 9.94109e-05
123.947 7.67741e-05
126.773 9.60595e-05
120.621 9.79718e-05
125.482 8.84517e-05
121.541 9.67143e-05
124.86 9.59408e-05
123.075 9.90412e-05
122.422 0.000108712
123.225 9.90983e-05
124.744 0.000101568
122.581 9.8954e-05
123.072 0.000109986
125.224 1.49881e-05
127.907 0.00010183
126.24 9.15243e-05
124.818 0.000121783
127.07 8.49389e-05
124.124 4.77186e-06
127.674 9.7375e-05
125.145 8.52202e-05
122.886 6.5343e-05
125.759 1.49836e-05
125.81 9.31367e-05
124.385 0.000100896
122.974 0.000108962
125.623 0.000101722
118.413 9.88826e-05
122.819 9.76486e-05
123.635 9.6948e-05
122.506 8.37339e-05
124.567 9.68076e-05
125.931 9.59716e-05
126.252 9.96531e-05
123.889 9.38731e-05
125.545 0.000107877
123.9 0.000113725
119.336 0.000102013
126.152 0.000110337
125.374 9.88254e-05
127.4 5.59234e-05
121.08 9.86549e-05
121.493 9.43129e-05
126.094 0.000104482
124.63 -9.86807e-05
149.307 0.000111025
126.278 9.01011e-05
130.325 0.000104632
124.54 0.000112732
119.107 9.77848e-05
123.777 0.000104279
123.539 9.60418e-05
127.114 0.0001028
125.914 8.61227e-05
117.631 9.56463e-05
122.056 0.000110387
122.963 9.71393e-05
121.386 0.000113559
121.278 9.88545e-05
152.919 7.08317e-05
124.55 9.06604e-05
122.89 9.68381e-05
128.219 9.67088e-05
125.083 9.77256e-05
122.476 9.99348e-05
129.754 2.82141e-05
122.77 9.2782e-05
124.939 0.000101655
125.213 8.97548e-05
122.87 9.68156e-05
124.149 9.82478e-05
125.366 0.0001113
123.494 9.70525e-05
121.184 0.000100166
125.159 0.000101347
126.528 1.51216e-05
128.598 3.87212e-05
125.48 0.000108875
126.155 0.000102569
147.159 0.000111421
123.36 9.39563e-05
127.61 0.000105794
122.782 0.000100601
121.853 9.78687e-05
125.123 9.77314e-05
122.33 0.000101735
123.456 0.000107434
118.538 9.64525e-05
125.905 9.81852e-05
127.08 7.63206e-05
121.529 0.00010999
123.872 9.34982e-05
121.237 0.00010862
121.343 9.78274e-05
126.122 9.94875e-05
144.922 9.97896e-05
123.53 0.000107668
125.278 0.000108075
128.227 9.38733e-05
120.557 8.9883e-05
123.39 9.06303e-05
119.745 9.9416e-05
127.014 -2.13055e-05
125.667 0.000101514
124.655 9.62285e-05
121.451 -0.000102018
122.513 0.000102267
125.205 9.6535e-05
129.737 9.61214e-05
124.477 9.68055e-05
125.102 0.00011217
124.02 9.69647e-05
125.008 9.71783e-05
115.961 9.77414e-05
120.343 9.95796e-05
159.954 9.0484e-05
117.352 0.000107716
129.145 9.87562e-05
129.357 0.000110456
125.856 9.56319e-05
121.571 9.59882e-05
121.684 9.60974e-05
131.029 0.000101574
125.04 0.000148224
119.798 5.77666e-05
125.674 0.000158137
121.959 0.000160451
124.392 0.000147123
124.471 0.000166184
124.721 1.61756e-05
126.659 0.000152701
126.799 0.00014954
121.714 0.000172452
123.64 4.39595e-05
120.681 0.000151561
127.967 0.000170274
123.915 0.00015507
128.121 0.000162683
125.643 0.000146777
125.565 1.63793e-05
123.076 0.000161937
125.993 8.66402e-05
125.473 0.000146094
125.245 5.54815e-05
125.661 0.000150052
124.695 0.000148777
120.623 0.000159939
126.729 0.000148947
124.456 0.000168672
125.474 0.000149982
121.531 0.000155661
122.362 0.000121397
129.391 0.000153008
127.488 0.000170424
125.394 0.000143887
125.614 0.000152293
169.983 0.000145026
124.846 0.000157003
128.413 0.000138425
127.022 0.000169112
120.981 0.000147828
118.431 0.000145083
123.719 0.000169892
123.768 0.000147913
125.069 7.24769e-05
122.29 0.000149462
124.026 0.000152298
123.317 0.000148432
124.779 0.000147876
117.398 0.000141848
120.853 0.000149469
124.745 0.0001567
123.972 1.79041e-06
118.136 0.000167463
127.781 0.000144435
125.634 0.000149572
124.907 0.000147867
128.005 0.000146813
122.636 0.000151678
124.686 0.0001534
125.994 0.000171255
125.317 0.000168292
122.68 0.000147438
122.682 0.00015477
125.177 0.000153521
126.746 1.10759e-05
126.968 0.000154857
129.067 2.79792e-06
125.146 0.000165585
126.016 0.00017007
120.913 0.000108773
127.321 0.000162239
121.965 0.00015435
126.049 0.000158372
123.988 0.000168574
124.946 0.000160034
126.683 0.000174315
117.664 0.000159487
123.545 0.000168023
124.359 0.000168758
126.188 0.000162138
124.001 0.000121235
120.542 0.000142993
128.929 4.29966e-06
118.841 0.000147837
127.148 -0.000155296
119.003 0.000167615
123.109 0.000156234
158.714 9.59088e-05
125.142 0.000159809
119.305 6.25213e-07
120.689 0.000161546
121.044 3.26455e-05
125.016 0.00014854
116.975 0.000177127
125.296 0.000145229
127.198 0.00014889
126.138 0.000153942
127.222 0.000151733
121.713 0.000138402
117.02 0.00015014
133.339 0.000152726
121.461 0.000145441
126.826 8.41071e-05
126.084 0.000169426
124.816 0.000157526
129.015 0.000157661
127.764 0.00015263
144.541 0.000147192
124.367 1.69746e-05
126.994 0.000167622
124.069 0.000172474
122.31 0.000148941
121.078 0.000162383
128.57 0.000151749
125.057 -0.000156854
118.185 0.000125719
123.395 0.000152499
125.707 0.000157394
127.785 0.00013868
121.919 0.000141674
125.607 0.000128728
120.986 0.000149408
118.509 0.000150448
123.585 0.000164244
124.078 8.91944e-05
126.293 0.0001617
124.626 0.000149008
122.079 0.000163515
125.005 0.000147582
127.063 0.000157236
126.219 0.000148541
121.645 0.000155677
125.744 0.000159341
127.099 0.000151256
126.113 0.000167182
126.146 0.000154255
122.758 0.00015034
119.082 0.000163532
124.154 0.00014867
127.649 0.000129349
121.139 -0.000159725
118.647 0.000149279
128.073 0.00016148
127.981 0.000151824
123.968 0.000153513
123.772 4.34601e-06
126.889 0.000159412
120.497 0.000117396
120.778 3.09997e-05
124.14 0.000150953
120.016 0.00014865
125.875 0.000164125
121.816 0.000151049
149.599 0.000151341
124.74 0.000148724
118.668 0.000159385
120.62 0.000149937
127.557 0.000170549
126.277 0.00015443
127.572 0.000153791
124.222 0.000149099
123.138 0.000146353
125.629 0.00017107
121.295 0.000185745
124.749 0.00015578
127.464 0.000144989
125.421 0.000156144
125.879 0.00014926
125.58 0.000146346
122.867 0.000153471
159.141 0.000141658
120.249 0.0001698
123.957 0.000145379
123.566 0.000177268
124.331 8.68609e-05
135.824 0.000138676
123.42 0.000140833
125.229 0.000148267
125.85 0.000153405
124.54 0.00016472
123.282 0.000169475
126.928 0.000164292
123.689 0.000155132
148.338 0.000150467
126.729 7.17292e-05
149.633 0.000159588
123.496 0.000117775
124.365 0.000152278
169.58 0.000156561
121.565 0.000154529
124.737 0.000163368
126.37 0.000143901
124.46 0.000151963
161.673 0.000154452
126.024 0.000152526
123.118 0.000151285
124.692 1.74244e-06
124.344 0.000168078
126.606 0.000165832
120.666 3.20624e-05
124.583 0.000153721
123.735 0.000149859
128.288 0.000137056
123.14 0.000146099
124.575 0.000149785
115.232 0.000171199
119.509 0.00011134
125.041 0.000120071
125.739 -0.000158751
125.387 0.000155568
121.949 0.00015871
125.872 0.000155279
123.931 0.0001485
121.086 0.000149454
