119.359 0.0010033
117.164 0.00112411
119.243 0.00102261
120.992 0.00102958
118.838 0.00112179
119.875 0.000982763
121.151 0.000994879
120.193 0.00101008
117.24 0.00102371
121.363 0.000844428
118.21 0.00101581
120.56 0.000993759
117.586 0.000926443
120.385 0.00102643
118.83 0.00111088
120.247 0.000978534
118.727 0.000988947
119.99 0.00103677
118.198 0.00111377
118.834 0.00113029
120.659 0.00104194
118.8 0.00097942
121.365 0.000999707
118.347 0.00109518
117.821 0.000971604
118.557 0.00102166
116.084 0.00111714
121.252 0.000983658
