117.425 0.000149719
116.786 0.000146315
119.931 0.000166288
119.341 7.71728e-05
119.633 0.00014514
116.658 0.00014836
121.51 0.000146308
123.456 0.000165775
116.869 0.000147377
121.56 0.000145632
120.859 0.000160004
118.069 7.08115e-06
118.207 0.000155269
119.313 0.000161506
118.485 0.000163643
117.616 0.000125689
119.495 0.000163651
120.093 0.000132813
121.344 0.000144725
120.659 0.000143972
118.802 0.000143471
119.008 0.000162371
117.546 0.0001278
125.194 0.000102567
122.197 0.000145921
126.958 0.000149953
119.412 0.000148296
120.125 0.000148039
118.94 0.000152441
119.552 0.000158461
116.019 0.000142262
121.721 0.00014268
120.583 0.000143522
118.253 0.000144042
118.371 0.000174808
122.807 0.000151538
120.087 0.000128516
116.204 0.000135293
120.663 0.000143336
119.142 0.000157482
119.65 8.40617e-05
119.7 0.000143805
117.04 0.00014347
119.931 0.00015202
120.199 0.000123117
123.946 0.000154297
117.772 0.000144343
117.107 0.000166356
117.413 0.000142807
121.655 0.000152306
121.019 0.000143174
120.261 9.8748e-05
118.076 0.000167231
118.931 0.000144789
119.939 0.000152728
120.668 0.000156289
122.223 0.000151282
118.251 0.000143343
120.492 0.000150856
118.431 0.000145844
120.591 0.000142519
124.341 0.000145471
122.313 1.36374e-07
120.787 0.000144619
117.387 0.00014849
120.968 0.000168061
118.988 0.000142769
119.283 6.80152e-05
119.26 0.000131467
120.759 0.000165055
115.14 0.000151761
119.803 0.000146594
120.457 0.000173806
119.991 0.000144217
118.399 0.000137925
121.603 0.000138292
117.496 0.000144065
116.374 0.000149176
120.916 0.000149337
120.942 0.000151573
117.868 0.000151693
120.04 0.000141786
123.235 0.000160716
121.292 0.000142263
118.979 0.000146919
119.475 0.000144796
118.026 0.000155087
117.066 0.000149313
117.25 8.36397e-05
116.937 0.000143002
119.282 0.000165595
122.131 0.000130231
123.228 0.000149427
122.16 0.00014985
120.545 0.000147119
121.754 0.000163453
119.374 0.000145278
122.188 0.000141631
121.474 0.000162233
117.995 0.000145981
119.614 8.32446e-05
127.098 0.000144065
119.296 0.000164158
117.619 0.00014115
119.744 0.000148776
118.453 0.000149279
120.316 0.000148356
115.025 0.000141558
117.405 5.98458e-07
118.33 0.00013471
120.016 0.000141795
117.957 0.00014379
115.738 0.000144873
118.374 8.25901e-05
120.865 0.000168811
121.87 0.000164055
118.268 0.000164677
119.945 0.000151535
117.976 0.000144968
119.102 0.000152978
122.998 0.000145537
121.735 8.67579e-05
117.174 0.000164646
119.923 2.56936e-06
120.857 0.000162306
122.525 0.000147613
119.084 0.000147023
119.132 0.000144145
119.629 0.000159932
119.416 0.000164285
117.191 0.000161067
119.433 0.000146763
118.241 0.000164326
120.168 0.000143118
118.081 0.000155904
119.097 0.000161855
115.862 0.000146301
120.677 0.000151615
117.471 0.000143346
119.704 0.000152022
119.097 0.000147104
119.184 0.000145655
119.076 0.000166571
120.008 0.000149516
120.469 1.64144e-06
121.464 0.000143387
120.912 0.000136624
119.73 1.5648e-05
125.707 0.000143856
117.268 0.000142765
120.696 0.000164594
120.137 0.000142241
116.036 0.000142439
118.451 0.00015422
119.311 2.2447e-05
122.222 0.00014978
121.458 0.000156793
116.027 0.000153931
119.169 7.37943e-06
115.442 0.000158972
120.73 0.000165476
123.53 0.000138456
120.363 0.000145225
118.48 0.000111516
122.508 9.76854e-05
119.596 0.000143899
119.489 0.000146373
115.634 0.000162262
121.46 0.000154364
121.139 0.000146372
121.484 0.000136125
120.152 0.000151081
121.16 0.000151252
120.041 0.000158315
116.203 0.000162611
115.417 0.000147811
120.903 0.000161248
121.437 0.00015156
118.823 0.000131742
119.767 0.000150671
121.024 0.000142175
119.41 0.000148477
119.058 0.00014555
117.905 0.000166087
119.633 0.000162907
117.961 0.000145974
117.938 9.72039e-05
120.369 0.000161967
116.729 1.01798e-06
123.217 0.000116843
120.518 0.000158797
119.492 0.000127409
119.686 0.000143352
118.233 6.94654e-06
117.357 0.000151334
116.278 0.000141309
119.438 0.000124677
121.942 0.000152352
124.573 0.000165643
118.054 0.000151983
120.154 0.000164548
119.757 2.74529e-06
120.275 0.000141666
117.108 0.000153102
120.697 0.000144774
126.693 0.000144722
120.731 0.000165691
118.444 0.000150712
119.659 0.000164725
118.784 0.000168433
120.483 0.000139126
117.846 0.000151167
118.987 0.000168801
118.723 0.000146906
121.262 0.00013683
122.235 1.54303e-05
125.613 0.000146202
115.561 0.000141855
118.227 0.000143736
121.354 0.000145483
116.194 0.000144829
119.812 0.000142916
121.449 0.000144026
118.077 0.000124818
120.759 0.000144388
119.38 0.000166691
120.566 0.00011211
119.259 0.000146565
122.642 0.000139899
116.549 2.1669e-07
120.602 0.000164195
118.039 0.000154108
119.945 0.000143302
117.423 0.000145152
120.393 0.000123839
117.588 0.000164936
120.803 0.000151863
120.8 0.000161571
120.192 0.000131332
120.034 0.000165167
117.117 0.000144428
116.786 0.000142968
120.862 3.09002e-05
118.298 0.000168446
118.197 0.000145217
120.067 0.000146086
120.654 8.4249e-05
123.779 0.000134885
122.497 0.000165893
120.778 0.000143771
121.008 9.81756e-05
118.229 0.000160596
116.22 0.000141687
115.387 4.24899e-05
120.447 0.000142979
119.588 0.000130519
120.88 0.000164086
117.023 0.000175339
121.3 0.000150311
120.061 0.000154293
119.273 0.000151126
119.18 0.000149989
121.256 0.000157017
120.434 0.000135529
118.88 0.000163054
118.722 0.000123615
118.597 3.98942e-05
116.461 0.000147128
118.879 9.82003e-05
116.326 0.000107485
122.79 0.000143644
120.79 0.000166854
118.511 0.000149426
121.489 0.000165336
120.138 0.000142201
118.643 0.00016322
121.328 3.11067e-05
119.893 0.000137497
122.366 5.65002e-05
121.387 0.000141103
120.741 0.000162189
121.633 0.000147706
119.472 0.000164178
118.374 0.000143927
119.456 0.000156191
119.339 9.74933e-05
119.387 0.000147156
122.282 0.0001686
121.115 0.000127272
119.033 0.000140887
118.77 0.000163238
122.569 0.00016914
117.884 0.000148072
120.356 8.40364e-05
119.582 0.000159148
121.22 0.000165804
120.478 0.000144024
118.069 0.00015466
119.356 0.000147215
119.534 8.41379e-05
118.611 0.000142243
120.002 0.000165101
117.532 0.000149541
118.207 0.000147412
116.208 0.000149833
119.871 0.000148373
119.415 0.000155199
122.315 0.000157571
119.134 0.000145204
117.004 0.000150406
121.095 0.000154862
119.354 0.000165777
118.833 0.000160794
117.59 0.000157366
120.098 0.000151896
117.318 1.59667e-05
121.035 0.000159349
120.577 0.000140347
121.528 0.000147731
120.374 0.00015373
117.701 0.000166686
119.351 0.00016458
118.683 0.000163671
123.508 4.36172e-05
117.849 0.000144957
117.925 0.000147401
122.774 0.00015128
120.012 0.000144798
122.436 0.000157282
119.01 0.000146345
121.294 0.00015533
118.85 0.000159711
118.063 0.000152845
121.965 1.03957e-05
116.227 0.000165944
118 0.000150775
118.452 5.55119e-05
121.391 5.49922e-05
118.512 0.000129231
117.514 0.000148855
119.401 0.000166695
119.944 0.00014225
120.942 0.00015376
120.634 0.000143704
122.544 0.000155963
118.194 0.000126328
121.05 0.000155574
115.573 0.000143981
120.857 0.000169763
119.327 0.000145447
122.514 0.000132443
118.164 0.000151286
119.756 0.000163235
116.953 0.00012535
120.289 0.000155596
117.016 0.000158895
123.288 0.000151652
124.591 0.000192168
119.836 0.000164201
119.405 0.000143203
117.468 0.000153309
119.984 0.000125512
123.56 0.000163889
120.171 0.000161761
118.968 0.000166651
120.932 0.000145345
119.821 0.000137362
118.867 0.000158571
121.002 0.000162634
120.281 0.000150628
119.33 0.000147694
117.291 0.000154616
116.993 0.000140315
117.812 0.000144526
119.495 0.000145444
119.35 0.000160313
120.226 0.000146141
121.396 0.000142815
120.264 0.000159739
124.058 0.00015303
119.891 0.000148731
120.524 0.000149491
121.235 0.000152879
119.247 0.000116563
115.661 0.000160136
117.228 4.22074e-05
119.154 0.000149679
122.908 0.000144839
119.839 0.00015495
117.317 0.000158422
118.588 0.000150908
116.866 0.0001536
124.966 5.2669e-05
120.031 0.000147665
121.051 0.000142268
119.996 0.000144145
127.374 9.99753e-05
121.197 0.000154991
118.648 3.08962e-05
120.121 0.000145504
120.172 0.000146432
119.865 0.000145286
122.077 0.000125296
119.679 0.000129762
119.671 0.000164273
120.797 0.000160553
119.964 0.000143229
116.257 0.000146087
119.223 0.00014865
119.393 0.000130422
117.561 0.000143933
118.774 0.000149074
119.635 0.000167415
119.636 0.000163541
122.358 0.000143397
119.165 0.000144442
118.462 0.000144673
120.506 2.22196e-05
121.444 0.000164975
121.229 0.000157135
116.033 0.000140395
124.786 0.000151277
121.001 0.000144816
118.073 0.000162528
121.206 0.000147824
120.127 0.000150998
116.471 0.00014353
121.03 0.000162934
121.387 0.000160555
121.508 0.000150042
119.528 0.000166587
115.303 0.000147075
120.171 0.000156974
120.093 0.000145008
115.088 0.000163995
117.555 0.000165528
121.297 0.000138091
116.575 0.000145257
117.404 0.000143829
123.03 0.000152841
115.004 0.000134036
117.907 0.000151207
117.909 0.000118317
118.909 0.000161626
115.919 0.000152655
126.445 0.000142322
120.897 0.000142512
121.559 0.000144773
120.714 0.000157795
119.987 0.000165339
116.459 1.60801e-05
121.081 0.000164946
116.778 0.000148849
120.42 0.000134277
120.175 0.000155647
126.399 0.000162507
119.004 0.000145429
115.163 0.000137717
119.765 0.000124223
121.246 0.00016739
119.879 0.000146488
115.126 0.000141078
118.725 0.000167757
119.783 0.000146034
121.168 0.000142625
116.202 0.000155471
120.163 0.000144978
115.185 0.00011166
122.01 0.000151956
118.27 0.000165508
129.345 0.000165215
120.66 0.000144407
119.965 0.000142796
118.028 0.00015573
119.702 0.000155555
120.111 0.000149407
117.581 0.000108412
124.206 0.000141851
118.57 0.000136415
119.793 0.000139943
120.502 0.000147997
120.777 0.000150729
118.538 0.000142999
120.06 0.000148453
119.307 0.000142343
121.56 0.000149314
119.697 9.52153e-05
116.6 0.000165412
119.499 0.000142984
123.53 0.00015321
119.932 0.000147831
118.482 0.000142576
118.75 0.000143851
121.004 0.000152223
122.938 0.000172703
120.819 0.000145505
118.877 0.000140626
118.055 0.000147949
121.91 0.000142801
117.929 0.000145507
124.97 0.000139559
120.466 0.000139348
118.922 0.000134266
120.694 0.000147962
120.373 0.000163233
120.024 0.000154422
118.886 0.000145133
119.826 0.000146245
119.267 0.000144491
119.538 0.000147506
115.169 0.000155421
119.526 0.000166717
115.439 0.000166275
121.63 0.000148039
119.852 0.000156536
122.971 0.000162702
118.98 0.000162724
119.841 0.000151009
119.739 0.00014274
119.53 0.000159922
120.32 0.000152622
122.45 0.000143568
123.57 0.000135709
118.276 5.58109e-05
120.414 0.000163435
116.593 0.000143755
123.323 0.000165395
119.569 0.000163535
121.434 0.000151302
119.429 0.000166526
121.262 0.000166379
119.555 0.000154215
120.698 2.22388e-05
120.446 0.000159261
120.545 0.000142305
120.066 0.000167339
117.921 0.000141579
121.87 0.000144166
122.317 0.000163857
118.863 0.00015992
119.382 0.000144826
119.737 0.000152236
116.254 0.00015053
119.17 0.000153521
118.858 0.000148382
117.873 0.000145065
118.306 0.000147156
119.283 0.000129325
117.261 0.000161493
119.011 0.000146084
118.581 0.000164076
118.07 9.65381e-05
120.24 0.00014787
120.811 0.000142958
119.174 1.66885e-06
116.981 1.56425e-05
115.001 0.0001504
116.838 0.000160953
117.831 0.000143179
119.795 0.00014405
120.115 0.000137458
120.29 0.00014356
117.691 0.000143558
122.07 0.000152478
117.538 0.00014507
119.96 0.000121774
119.305 0.000143834
117.684 5.61515e-05
118.608 0.000143689
118.559 1.57047e-05
123.369 0.000133534
121.385 0.000145681
120.404 0.000150897
119.278 0.000149109
119.39 0.000151226
118.775 0.000142325
116.154 0.000164743
118.91 1.67626e-06
118.247 0.000154647
116.643 0.000151432
121.843 0.000138058
115.582 0.000136817
119.007 0.000169208
117.867 0.000137118
120.773 0.000145258
124.899 5.53286e-05
121.17 0.000176423
120.781 3.17483e-05
118.685 0.000147745
119.371 0.000145154
121.644 0.000139102
119.873 0.000145481
116.698 0.000134401
119.353 3.12879e-05
121.76 7.08313e-06
116.603 0.000162808
122.456 0.00014652
118.374 0.000146121
119.068 0.000123768
117.941 0.000143993
122.637 0.000140567
120.427 0.000157729
121.111 0.000154417
118.368 0.000158491
120.21 0.000138589
118.022 0.000149263
116.974 0.000139488
120.261 0.000156861
122.747 0.000106626
118.14 0.000167402
121.625 0.00016381
121.093 0.000143001
118.72 0.000162783
118.166 0.000147762
122.078 0.000146714
120.389 0.000149989
115.422 0.000131934
120.055 3.08648e-05
117.956 0.000156007
117.991 0.000126358
120.687 0.000143322
122.122 0.000111845
121.98 0.000142275
120.772 0.00016529
124.236 0.000149856
118.407 0.000153143
120.389 0.000165586
123.83 0.000146678
121.271 0.000158799
121.544 0.000144532
123.947 0.00016563
120.334 0.000149132
119.996 0.000146055
119.317 0.000138051
120.047 0.000148186
119.482 0.000163543
122.141 0.000145696
117.247 0.000144675
118.181 0.000149673
118.305 3.14568e-05
121.263 0.000140766
124.824 3.29766e-05
122.7 0.000141836
119.054 4.1225e-05
118.541 0.000156866
120.581 0.00015719
121.266 0.000151933
120.845 0.000144418
120.473 0.000147605
121.35 0.000148608
116.263 0.000164912
119.347 0.000134877
117.51 0.000163493
121.243 0.000146413
120.221 0.00014526
118.064 0.000143507
115.153 0.000144453
121.48 0.000143613
117.905 0.000158231
121.135 0.000156149
119.54 0.000133655
115.2 0.00016184
120.348 2.24497e-05
121.742 0.000154877
118.512 3.12499e-05
119.857 0.000164393
119.887 0.000162373
119.143 0.000154499
115.378 0.000145872
117.875 0.000163028
119.451 0.000143633
119.704 0.000135931
124.13 0.00015598
120.591 0.000158125
119.418 8.39993e-05
120.431 0.000157811
118.761 0.000163416
116.84 0.000144868
121.232 0.00015005
117.263 0.000148812
119.057 0.000110383
117.881 0.000148496
119.386 0.000101818
118.225 0.000147417
119.221 0.000147072
115.294 0.000162728
119.5 0.000146311
120.885 0.00013784
120.021 0.000145519
120.908 0.000152092
120.088 0.000164488
120.391 0.000161196
121.72 0.000145026
117.028 0.000151498
122.382 0.000137435
117.28 0.000160007
121.423 0.000150369
116.647 0.000166945
120.42 0.000164816
117.705 0.000142487
117.466 0.000147286
121.387 0.000143592
120.086 0.000160945
122.04 0.000157959
119.647 0.00015082
120.234 0.000165912
119.25 0.00014068
121.757 0.000139823
118.53 0.000162825
117.852 0.000144005
122.002 0.000155967
118.175 0.000146488
116.623 0.000151111
115.233 0.000168863
120.952 0.000153829
118.876 0.000162786
121.052 0.000144432
117.917 0.000157125
118.887 0.000158694
118.613 0.000151247
120.247 0.000148346
119.559 0.000143155
116.471 0.000112251
122.026 0.000142369
117.64 0.000135084
118.827 0.000146084
118.821 0.000162849
118.428 0.000150834
122.56 0.000143758
121.329 0.000131585
121.29 5.51749e-05
120.949 0.000131596
119.367 1.54751e-05
116.692 0.00015202
119.781 0.000144803
121.388 0.000148091
119.119 0.000136659
119.56 0.000153257
120.725 0.0001455
115.933 0.000113426
122.816 0.000157214
116.375 0.000143593
123.386 0.000143309
120.126 0.000143755
117.627 0.000163628
118.474 0.000147359
119.571 0.000166874
118.189 0.000147407
118.371 0.000159065
122.876 0.000143902
118.942 0.000159656
120.116 0.000165018
119.788 0.000144593
119.698 0.000146158
116.332 0.000162432
118.451 0.000138694
118.315 0.000148079
118.831 0.000154424
118.809 0.000163294
116.927 0.000144396
120.842 0.000153299
119.646 0.000144555
121.474 0.000144891
119.983 0.00014091
119.206 0.000150123
119.269 0.000149482
116.393 0.000139372
119.146 0.000141389
119.406 5.54246e-05
121.589 0.000163671
117.548 0.000144521
121.112 0.000143532
121.053 0.000161817
124.189 1.5774e-05
118.1 0.0001626
116.397 0.000148168
125.017 0.000144161
118.534 0.000151577
124.912 2.92917e-05
117.936 0.00014783
118.94 0.000152988
121.376 0.00016123
121.142 0.000163237
117.996 0.000153323
119.18 0.000142453
123.104 0.000150936
119.211 0.000143299
117.724 0.000143787
120.061 0.000130318
119.414 4.29183e-05
120.371 0.000142572
117.385 0.000143745
117.969 0.000128286
119.845 0.000149553
119.678 0.000155452
119.636 0.000143946
120.012 0.000165543
119.168 0.00014135
119.11 0.000169054
120.401 0.00014352
117.882 0.000153901
119.79 0.000165351
118.153 9.77857e-05
116.831 0.000223356
118.888 0.000142595
121.805 0.000143853
118.892 4.82843e-05
116.254 0.0001467
120.733 0.00014157
122.398 0.00015043
118.875 0.000143056
119.863 7.00369e-06
117.343 0.000150584
118.827 0.000157822
120.055 0.000166624
120.123 0.000111482
120.37 0.000148549
118.924 0.000145512
116.96 0.00014336
119.906 0.000144599
121.877 0.000140973
121.328 0.00015297
120.857 0.000146451
120.854 0.000146735
119.234 5.50408e-05
116.858 0.000150746
120.244 0.000144561
119.578 0.000149762
117.975 0.000167002
117.427 0.000139765
118.273 0.0001413
122.545 0.000139391
123.098 0.000157736
118.869 0.000143133
125.37 0.000148857
118.375 0.000147633
123.087 5.56742e-05
121.874 0.000142859
118.883 0.000149836
119.623 0.000150804
119.96 0.000163888
118.291 0.000146292
120.684 0.000149629
119.759 0.000156444
118.29 0.000145651
116.676 0.000143694
118.411 0.000151699
122.428 0.000141338
120.529 0.000112422
115.76 0.000169797
117.442 0.000149059
117.991 0.000132824
120.307 0.000145821
122.553 0.00014437
119.952 0.000162153
118.551 0.000163106
120.862 0.000143256
120.341 0.000140144
121.574 0.000154925
120.988 0.000157618
120.128 0.000151873
120.999 0.000164135
122.29 0.000144923
116.568 0.000145368
119.186 0.000148221
120.173 0.000124792
118.693 0.000143421
118.369 0.000165111
119.078 0.00014965
120.053 0.0001332
116.527 0.000163847
118.741 0.000150354
120.079 0.000161458
120.57 0.00014868
117.115 0.000156361
116.191 0.000164246
120.469 0.000143874
116.607 0.000165991
115.984 0.000153286
120.81 0.00015776
119.926 0.000148327
119.091 0.000159221
120.979 0.000134155
119.352 0.000135108
117.955 1.44318e-05
122.865 0.000150436
121.189 0.000167279
120.903 0.000150759
120.74 0.000147161
119.14 0.000146786
119.245 2.25495e-05
119.301 0.000143503
118.981 0.000165592
123.256 0.000144798
119.932 0.000144988
118.441 0.00014904
121.551 0.000148352
116.599 0.00015491
121.715 3.94833e-05
117.978 2.24637e-05
121.141 0.000138566
120.568 0.00015913
120.362 0.000162905
120.051 0.000165882
119.341 0.000140769
120.358 0.000164158
119.942 0.000112742
122.532 0.000147899
122.168 0.000143354
115.792 0.000148752
117.19 0.00014494
120.475 0.000142154
117.943 0.000144225
122.075 0.000164964
123.337 0.000146629
116.944 0.0001491
122.716 0.000160046
122.156 0.000152361
119.249 0.000172685
120.326 0.000127447
117.436 0.000142893
116.813 0.000146771
122.459 0.000134846
121.435 0.000144669
120.611 0.00015395
116.591 0.000150698
118.706 4.33426e-06
122.515 0.000148448
126.591 0.000160036
120.417 0.000146654
116.576 0.000144769
118.795 0.000149195
118.124 2.22921e-05
117.888 0.000161021
119.813 0.000157107
118.189 0.000112697
121.851 0.00015898
116.822 0.000149492
117.777 0.000144515
119.285 0.000146572
119.989 0.000166219
119.74 0.000153291
118.864 4.27956e-06
123.72 0.000145366
118.829 0.000149416
119.492 0.000145596
118.882 0.000122688
116.659 0.000162688
119.851 0.00015152
119.977 0.000151807
120.327 0.000147154
120.127 0.000141951
115.761 0.000165663
119.917 0.00013262
119.283 0.000142092
116.748 0.000146373
116.183 0.000150656
119.83 0.000152016
119.856 0.000169399
116.98 0.000165664
121.518 0.000123572
120.86 0.000160099
118.852 0.000150162
119.973 0.000147799
118.944 0.000146865
119.037 0.000149346
120.506 0.000146175
119.211 0.000149329
119.912 0.000164798
120.26 0.000167984
122.241 0.000113968
121.459 0.000145307
118.355 0.000143907
122.622 0.000133862
121.389 0.00015701
117.392 0.000145574
122.425 0.000152896
117.952 0.000154669
123.411 0.000145969
120.428 0.000144676
119.039 0.000142928
117.442 0.000155524
120.437 0.000148649
116.924 0.000158993
119.796 0.000165777
119.229 0.00014412
120.029 0.000149592
117.891 0.000149468
120.66 1.60728e-05
120.773 0.000143697
119.844 0.000154124
117.202 0.000153057
117.137 0.000145045
120.207 0.000147687
120.974 0.000141937
122.814 0.000144825
120.044 0.000150129
122.161 0.000145092
120.677 0.000162289
119.43 0.000152962
120.986 0.000144386
121.101 0.000168329
117.96 0.000145029
119.479 0.000144022
119.382 0.000144424
117.037 0.000149911
118.696 0.000147646
119.007 0.000142036
118.166 0.000155497
118.322 0.00014374
122.75 0.000144736
119.633 0.000152572
116.342 0.00015481
120.237 0.000167821
118.922 0.000142853
118.222 0.000161792
127.06 0.000147918
115.944 9.63277e-05
120.175 0.000163638
120.757 0.000163049
126.916 0.000143908
122.652 2.79911e-06
124.438 0.000147197
119.451 0.000162634
120.619 0.000146792
119.793 0.000146923
117.877 0.000152472
119.053 0.000164703
118.87 0.000162433
118.898 0.000163989
122.819 0.000146284
120.428 0.000143527
120.62 0.000148862
115.192 1.5227e-05
121.267 0.000142682
121.216 0.000142517
120.111 4.28171e-05
121.716 0.000155517
122.372 0.000132378
120.154 0.000142909
118.281 0.000139611
119.385 0.000143398
116.24 0.000161633
119.203 0.000149648
119.29 0.00016607
120.93 0.000148118
117.932 0.000162321
124.328 0.000142272
120.679 0.000147117
122.896 0.000151485
118.274 0.000146988
120.651 0.000145546
117.676 0.000156189
118.948 0.000113712
118.153 0.000168439
118.08 0.000146995
118.783 0.00014632
119.288 0.000147742
119.944 0.000149431
119.282 0.000168123
120.167 0.000147819
118.956 0.00016194
120.76 0.000157182
120.747 0.000148428
119.595 0.000144185
117.88 0.000162243
123.03 0.000149622
122.136 0.000145551
117.101 0.000143746
119.548 0.000134425
118.227 0.000135161
119.182 0.000156329
115.092 0.00014768
119.828 0.000158425
118.673 5.54763e-05
118.25 0.00016089
119.942 0.000165479
119.972 1.58656e-05
124.65 0.00015761
118.63 0.00016554
119.808 0.00015294
117.378 0.000149257
121.851 0.000141933
122.568 0.00014684
118.601 0.000150583
117.122 0.000150685
121.847 0.000164277
119.791 0.000163771
120.224 0.000145654
118.993 0.000159897
119.403 0.000163414
118.698 0.000156965
120.606 0.000160583
119.06 0.000143578
116.742 0.000159511
116.893 0.00017057
116.546 0.000140319
118.498 0.000143034
118.637 0.000143894
119.475 0.000146743
118.846 0.000148927
116.165 9.60225e-05
120.787 0.000146384
117.697 0.000155691
117.09 0.000144579
121.457 0.000142962
121.894 0.000167272
117.871 0.000154451
119.951 0.000137266
120.47 0.00014255
125.084 0.000140265
120.452 0.000149204
118.6 0.000140912
119.596 0.000148572
116.045 0.000164062
118.732 0.000149446
119.789 0.000146878
122.248 0.000142483
118.26 0.000142263
120.011 0.000163871
126.566 0.000164425
117.584 0.00014993
118.821 0.000143947
116.246 0.000155834
116.993 0.000164144
123.759 0.000146104
119.048 0.000142355
120.874 0.000145847
120.912 0.000144943
120.267 0.000147147
118.413 0.000144808
117.092 0.000152341
121.266 0.000143664
119.84 0.000161259
118.993 0.000161503
120.019 6.88449e-05
118.794 0.000148138
119.104 0.00016461
121.19 8.22686e-05
118.358 8.391e-05
116.605 0.000136295
117.435 0.000164147
120.37 0.00015043
119.545 0.000144142
118.303 0.00014573
118.388 0.000151015
117.195 0.000143961
121.28 0.000142256
121.285 0.000153332
118.286 0.00015258
118.854 0.000145873
118.841 3.05917e-05
118.724 0.000134038
122.088 0.000150833
115.793 0.000166116
121.077 0.00014843
115.566 1.05583e-05
124.053 0.000165178
119.729 0.00014926
118.807 0.00015183
119.702 8.74032e-05
120.578 7.9838e-05
120.524 0.00015561
124.406 0.000133767
118.617 0.000148392
120.004 0.000151213
117.203 1.09475e-05
115.752 0.000134163
119.425 0.000157302
121.795 0.000160236
116.758 0.000141104
118.773 0.000144116
120.75 0.000150503
115.613 0.000164022
120.129 0.000141956
118.704 0.000144216
121.697 0.00016213
123.419 0.000146576
120.282 9.83768e-05
117.969 0.000161175
115.33 0.00014399
124.697 0.000147406
119.979 0.000157054
116.538 0.000162442
119.059 0.000144867
116.68 0.000146065
116.101 7.02438e-06
120.844 0.000142759
121.517 0.000144751
118.737 0.000162745
119.834 0.00016305
116.648 0.000155727
120.849 0.000142908
120.234 0.000148983
123.525 0.000142819
116.985 0.00015402
119.61 0.000145292
118.397 0.000142658
118.842 0.000146758
117.433 2.75606e-06
120.338 0.000169
117.375 0.000133519
117.483 0.000153882
121.866 0.000145954
115.919 0.000148685
119.948 0.00016314
117.029 2.26726e-05
118.937 0.000132597
118.428 0.000148044
122.732 0.000145954
118.935 0.000150397
117.708 0.000160724
120.204 0.000153045
119.99 0.000151076
119.874 0.00014506
118.621 0.000145996
120.302 0.00014844
117.857 0.000163252
118.365 0.000153506
116.644 0.000139563
119.118 0.000148653
120.469 0.000139799
117.503 0.000148201
118.643 0.000150107
116.894 0.000151592
117.883 0.000153586
119.137 6.95945e-06
122.586 0.000161657
118.153 1.77842e-06
124.499 0.000151741
121.531 0.000147872
123.578 0.000151642
118.438 0.000149704
118.638 0.000145756
118.684 0.000144554
119.655 0.000159743
118.562 0.000143298
119.725 0.000188182
117.817 0.000158808
121.762 0.000142831
116.815 0.000148675
125.829 0.000152695
115.179 0.000152644
120.003 0.00014665
120.236 0.000151114
120.599 0.00014221
120.489 0.000148284
119.706 0.000146417
120.867 0.000148138
119.272 0.000152144
115.522 0.000147622
121.102 0.000162645
118.692 0.000145163
120.717 0.000164746
121.933 0.000166477
119.462 0.000150359
120.17 0.000138863
116.478 0.000141754
117.465 0.000146708
118.095 0.00014211
116.621 8.31918e-05
117.753 0.000144992
119.362 0.000151284
121.747 0.000149897
119.838 0.000145884
119.084 0.000100072
120.904 0.000146923
122.371 0.000139386
119.063 8.30308e-05
115.816 0.000149713
115.93 0.000140431
116.663 0.000142405
117.693 0.000166694
119.656 0.000147053
121.049 0.000155171
123.272 0.00014766
117.139 0.000160515
123.202 0.000113355
115.245 0.000112678
115.378 0.000151487
118.57 0.000132499
120.93 0.000141773
119.767 7.27787e-06
120.727 0.000161461
122.045 0.000157706
120.573 0.000148676
120.285 0.000133211
120.113 2.12429e-07
121.518 0.000144869
120.982 0.000165527
123.966 5.86922e-07
125.395 0.000144674
117.085 0.000147207
118.644 0.000137086
119.213 0.000149153
121.474 0.00015232
115.09 0.00014567
122.084 0.000151366
117.254 0.000162416
120.687 0.00014935
119.268 0.000141022
119.67 0.0001487
118.375 0.00014897
120.078 0.000149448
118.569 0.000143595
119.84 0.000127109
125.445 0.000141419
118.443 0.000142692
121.176 0.00014247
119.91 0.000150617
118.427 0.000162095
116.988 0.000145449
118.827 0.000155951
122.058 0.000145848
121.061 0.000159508
119.041 0.000143379
119.718 0.000148049
116.673 0.000144506
116.71 0.00014527
118.425 0.000150376
120.548 0.000144249
120.338 0.000149244
118.932 0.000166275
116.675 0.000147519
118.385 0.00015105
118.898 9.39414e-05
122.312 0.000125163
120.372 0.000146569
115.877 0.000143945
120.226 0.000170376
120.628 0.00014813
120.885 6.693e-05
121.935 0.000144485
117.469 0.000146835
121.493 0.000143312
117.288 0.000142422
121.212 8.01512e-05
115.766 0.000157627
120.123 0.000144303
120.832 0.00014547
121.293 0.000164606
116.24 0.00014859
118.688 0.000145089
119.752 0.000147621
124.208 0.000143654
120.587 0.000158519
119.954 0.000145638
121.415 0.000108203
120.958 0.000155721
116.882 0.000145239
119.377 0.000144237
122.329 0.000146121
118.355 0.000139264
119.668 0.000142981
118.423 0.000143776
120.833 0.000155244
120.646 0.000145935
120.893 0.000148975
119.579 0.000156428
120.764 0.000158485
121.743 0.000152476
120.94 0.000134805
119.195 0.000145154
118.885 0.000143327
119.41 0.000162701
119.131 0.000148522
119.996 0.000138254
121.48 0.000149444
122.504 0.000156178
118.608 0.000129025
118.138 0.00014697
121.96 4.38054e-06
117.517 0.000156632
115.059 0.000144596
118.356 2.76438e-06
119.868 0.000158609
124.197 0.000154767
122.606 0.000146699
120.504 0.000143435
116.837 0.000142683
122.237 0.000148419
116.986 0.000148756
118.526 0.000149851
119.699 0.000142894
118.313 0.000149385
119.5 0.000141593
116.47 0.000149323
119.534 0.000150163
118.152 0.000130641
120.203 0.000142396
121.474 0.000144067
119.348 0.000148247
119.186 0.00014461
121.906 4.39945e-06
119.793 0.000160328
119.971 0.000149133
121.821 0.000140883
118.739 0.000152239
119.697 0.000149219
119.042 0.000143055
120.192 0.000141873
116.472 0.000154628
123.715 1.05434e-05
121.028 0.00014847
119.484 0.000153764
120.554 0.000157923
119.226 0.00015577
119.871 0.00013974
119.06 0.000167225
125.781 0.000149625
122.342 0.000142768
116.728 0.000158732
117.998 0.00015622
120.277 7.13672e-05
120.45 0.000144449
120.371 0.000142049
120.321 0.00014685
115.426 0.000134813
119.438 0.000142861
118.195 0.000148756
115.419 0.000155052
117.336 0.00014122
116.372 0.000156329
121.227 9.70819e-05
126.077 4.26413e-05
117.409 0.000142097
119.841 1.01669e-06
121.937 0.000145791
115.863 0.000166707
119.471 0.000148574
115.796 0.000147138
116.613 0.000151447
120.988 0.000158307
117.873 0.000146881
122.331 0.000148895
121.299 0.000144382
116.101 0.000142757
120.789 1.01371e-06
119.601 0.00016682
122.03 0.000144068
122.913 0.000136002
120.155 0.000155358
119.403 0.000143674
120.508 0.000143843
116.925 0.000146808
119.41 0.000147487
122.967 5.21239e-05
119.904 0.000161197
121.24 0.000161869
116.901 0.000150834
118.911 0.000142454
117.89 0.000129117
118.302 0.000159095
117.2 1.02496e-06
120.912 0.000151939
121.204 0.000133552
118.851 0.000144872
119.948 0.000165181
119.752 0.000144102
121.47 0.000155818
120.669 0.00015316
120.445 0.000141311
118.895 0.000144828
120.161 0.000164887
118.8 0.000154491
118.888 0.000143475
120.741 0.000164464
120.042 0.000149871
116.064 0.000151544
118.863 0.000147346
116.357 0.000139819
119.501 0.00012697
119.013 0.000150863
119.294 0.000141581
120.765 0.000153591
116.637 0.000124592
118.234 0.000148376
122.336 0.000163447
117.47 0.000155591
119.503 0.000149323
121.045 0.000141475
120.537 0.000141934
118.553 0.000140507
120.027 0.000123992
118.606 0.000149241
117.751 0.000141491
119.097 0.000149119
120.515 0.000133118
118.295 0.000140093
121.196 0.000151157
119.369 0.000153549
117.161 0.000167042
122.414 0.000148944
116.102 1.66988e-06
119.754 0.000163649
118.844 0.000160776
121.68 0.000159866
119.955 0.000148713
119.806 0.000146384
119.682 0.000150492
118.866 0.000165965
121.177 0.000150392
116.195 0.000149063
119.965 2.07083e-07
118.751 0.000136748
120.13 0.000143161
121.441 0.000147727
121.06 0.000164071
116.305 0.000154328
121.189 0.000146561
116.118 0.000150339
119.559 0.000143313
120.24 8.37639e-05
117.689 0.000125463
120.349 0.000166873
119.048 0.000143295
119.915 0.000101072
122.286 0.000148697
120.867 0.000143593
119.731 6.99939e-06
120.067 0.000148266
118.27 0.000144178
115.97 0.00014335
118.023 0.000153003
119.36 0.000145024
121.543 0.000153548
119.183 0.000163945
119.774 0.000148004
117.863 0.000166871
118.187 5.48451e-05
121.033 0.000150689
121.771 0.000150299
120.627 0.000144731
120.463 0.000124844
119.39 0.000147928
119.193 0.000146291
118.464 0.000161458
118.426 0.000129249
118.329 0.000171118
117.035 0.000150379
119.33 0.000165864
121.151 0.000122219
121.909 0.000160142
115.713 0.000168
120.127 0.000163915
120.066 0.000143872
118.972 0.000143031
120.222 0.000144884
120.389 0.000141767
119.562 0.000141313
121.148 0.000163509
122.898 0.000142316
118.232 0.000157858
118.362 0.000154166
119.86 0.000159907
119.526 0.000147984
121.025 0.000144529
120.261 0.000153843
119.927 0.000166502
119.2 0.000154148
117.261 0.000146845
115.962 0.000140741
118.745 0.000172062
117.219 0.000156857
118.912 0.00014536
118.069 0.000138239
122.506 0.000148597
120.325 0.000146171
119.23 0.000153822
120.648 0.000145726
118.975 0.000160951
121.768 0.000148644
116.871 0.000143702
115.819 0.000119798
121.098 0.000143044
119.148 2.81245e-06
120.001 0.000153456
117.44 0.00014362
119.573 0.000145734
120.296 0.000143078
119.491 0.000125305
122.411 0.000169084
119.661 0.000143397
115.762 3.98785e-05
119.349 0.000164006
121.324 4.2523e-05
121.251 2.12753e-07
116.317 0.00014823
124.918 0.000128242
120.389 0.000166223
121.037 0.000146582
122.934 0.000155588
119.42 0.000151668
118.961 0.000145979
118.498 0.000154847
117.413 0.00016689
117.771 0.000147666
115.318 0.000143486
120.368 0.000145815
120.817 0.000132395
116.945 0.000163546
121.694 0.000145988
120.671 0.000144839
117.451 0.000150327
118.138 0.000147334
117.358 0.000145198
119.152 0.000145066
118.459 0.000158096
118.609 0.000143057
120.679 0.000155533
123.791 0.000158847
121.887 3.09131e-05
120.189 0.000157923
117.936 0.000132644
122.284 0.000149718
122.528 0.00015212
115.057 0.000155639
119.402 0.000146135
119.42 4.32309e-05
121.846 0.000144118
116.8 0.000126702
122.001 0.000152247
119.915 6.97917e-05
117.518 0.000138734
120.34 0.000164587
121.4 0.000100942
118.527 0.000155595
118.443 0.000154821
120.911 5.62147e-05
118.975 0.000146364
115.905 0.000149984
116.162 0.000164493
118.756 0.000149328
120.552 0.000158612
121.882 0.000149221
117.938 0.000120412
117.646 0.000153384
119.578 0.00014504
119.771 0.000144443
118.634 0.000164688
120.972 0.000142824
117.054 0.000142185
118.919 0.000150226
119.396 0.000155213
119.199 0.000136611
121.037 0.000147599
119.949 0.000149481
119.812 0.0001445
120.482 2.31876e-05
121.525 0.000166649
116.27 0.00013882
119.769 0.000144992
121.035 0.000148904
121.056 0.00015105
119.784 0.000160548
119.063 0.000144724
117.636 0.00016002
118.813 0.000144949
117.855 0.000144888
121.181 0.000144487
119.805 5.51043e-05
117.606 0.000144682
122.802 0.00015044
119.982 0.000145513
119.693 0.00015203
116.491 0.000162857
120.522 0.00015108
120.54 0.000161966
120.979 0.000146799
121.166 0.000163547
119.345 0.000149167
115.383 0.000113478
120.186 0.000113426
120.711 0.000149166
115.088 0.000100017
122.627 0.000144933
119.871 0.000151041
121.395 0.00015147
119.058 0.000143771
119.323 5.92207e-05
120.634 0.000143563
120.665 0.000149814
125.326 0.000157401
117.936 0.000163311
120.67 0.000153264
118.081 0.000149503
117.984 0.00014696
122.967 0.000133804
117.05 0.000154319
119.326 0.000145195
115.32 0.000148213
121.773 0.000156725
121.024 0.000163682
116.071 3.1337e-05
123.778 0.000143933
118.799 0.000144566
121.282 0.000142087
120.663 5.5218e-05
120.479 0.000170092
124.516 2.74688e-06
119.557 0.000165311
124.923 0.000128768
120.617 0.000138017
120.53 0.000113748
121.772 0.000164108
116.834 0.000150261
115.527 0.000166953
117.626 0.000144178
121.872 0.000168118
119.799 0.000162168
117.926 0.000167937
119.273 0.000133721
117.68 0.000157305
117.558 0.000144325
119.663 0.000156658
118.852 0.000156571
121.501 0.000131709
123.078 5.66771e-05
117.594 0.000162704
122.188 0.000162749
120.484 0.000145083
118.455 0.000164695
121.454 0.000150278
119.549 0.000132664
118.691 0.000151608
120.496 0.000148967
119.464 0.000145863
116.678 0.000110386
119.046 0.000144337
120.43 0.000142424
120.282 4.24726e-05
121.471 0.000147789
119.353 0.000145223
117.14 0.00014825
116.017 0.000151319
120.742 0.000168148
117.211 0.000148366
121.02 0.00014408
116.614 0.000154731
118.039 0.000121992
119.938 0.000149954
117.881 0.00012404
121.858 9.75326e-05
117.001 0.000142228
120.078 0.000152369
124.046 0.000136124
116.058 0.000144798
119.415 0.000146571
120.908 0.000162905
118.132 0.000162678
117.981 0.000147131
121.504 0.000141304
120.129 0.00015637
120.446 0.000150132
122.697 4.08234e-05
120.521 0.000161044
118.585 0.000138788
115.031 0.000168333
118.284 0.000143178
116.236 0.000150136
116.186 0.000142491
120.038 0.000150762
120.225 0.000144764
120.504 0.000142018
121.847 0.000142703
120.413 0.000154829
124.255 0.000144512
119.096 0.00014297
120.695 0.00014649
118.939 0.000150987
120.791 0.000155692
123.723 0.000166983
118.921 0.000157819
118.946 0.000144262
121.436 0.000145551
121.191 0.000163449
118.751 0.000152076
121.425 0.000144947
117.623 0.000141891
120.361 0.000145547
117.49 0.000150744
121.138 0.00014419
118.643 0.000144326
122.213 0.000164745
120.2 0.000164199
117.759 0.000138785
120.038 0.000158534
119.498 0.00014546
120.886 0.000154035
121.033 0.000143102
121.666 0.000145205
116.453 0.000127669
119.366 0.000155933
118.513 0.000154063
119.226 0.000151572
119.133 0.00014735
118.367 0.00015355
121.073 0.000151204
118.137 0.000143346
119.045 0.000153924
120.791 0.000144768
117.626 0.000147154
121.993 0.000164631
119.115 8.37426e-05
124.087 0.000184224
118.865 0.00016249
120.745 0.000144777
119.597 2.26589e-05
115.753 0.000154819
116.819 0.000148103
117.505 0.000143254
121.205 0.000142807
118.884 0.000156984
120.123 0.000151556
121.238 0.000150012
119.358 8.30278e-05
121.318 0.000146172
121.028 0.000140355
115.74 0.000148677
116.013 0.000143488
121.849 0.000147919
120.474 0.000154982
120.162 0.000153866
120.616 0.000160362
118.423 0.000148866
129.542 0.0001498
116.86 4.33877e-06
124.96 0.000145818
117.948 1.59766e-05
119.777 0.000172
119.615 0.000142898
115.469 0.000146253
117.844 0.000168882
119.561 0.000147574
118.616 0.000151965
115.779 0.000143284
118.682 0.000151825
119.885 0.000157362
120.553 0.000148136
119.243 0.000124158
119.131 0.00016615
122.201 0.000152604
119.393 2.30099e-05
119.825 0.00014598
120.063 0.000163856
121.318 0.000142309
117.573 0.000133885
117.171 0.000147844
121.807 0.000138368
122.476 0.000148788
121.414 0.000149376
120.036 0.000144443
121.999 0.000144724
120.452 0.000137761
125.594 0.000138377
119.789 0.000149156
119.7 0.000144551
120.043 0.000132524
119.104 8.36827e-05
120.437 0.000135439
123.443 0.000141092
120.212 0.000147625
119.196 0.0001667
118.661 0.000146826
118.424 0.000144351
124.151 0.000137748
120.921 0.000152055
119.991 0.000161523
121.102 0.000124582
120.548 0.000147583
119.507 0.000144929
118.394 0.000137628
120.82 0.000151912
117.659 1.03856e-05
118.258 0.00014448
119.684 0.000142789
122.302 0.000167671
120.311 0.000163135
117.996 0.000143673
122.033 0.000144565
118.985 0.000150248
118.445 0.000168777
118.601 0.000143163
120.646 0.000143207
120.781 0.000149983
117.203 8.26329e-05
125.547 0.000148422
118.34 0.00014991
119.644 0.000155505
121.127 0.000147831
117.08 0.000136873
118.138 0.000144675
118.034 2.22591e-05
120.835 0.000148644
117.28 0.000153583
118.683 0.000140253
119.715 0.000162538
117.928 0.000143361
117.016 0.000155674
116.258 0.00015176
122.328 0.000152824
117.823 0.000134484
117.759 0.000154876
117.216 0.000144273
118.483 0.000143242
120.372 0.000153372
123.949 0.000151235
120.822 0.000167118
121.25 0.00015092
120.976 0.000134391
138.299 0.000143266
121.176 0.000142572
119.155 0.00016801
119.906 0.00014566
120.56 0.000142693
120.173 0.000165041
117.63 8.30194e-05
118.371 0.000145906
116.097 0.000148007
116.838 0.000146632
122.615 0.000153997
119.79 0.000141651
117.435 0.000165402
120.791 0.0001516
116.164 0.00014251
120.802 0.000126684
120.159 0.000148261
119.937 0.000146218
119.57 0.000148674
120.602 8.15335e-05
121.28 0.000138316
120.444 0.000144186
118.899 0.000146197
118.914 0.00014726
120.728 0.000157912
120.221 0.000124038
117.974 0.000133574
117.499 0.000165839
118.834 0.000142175
119.064 0.000151228
119.456 0.000140121
116.78 0.000164448
120.941 0.000149168
120.8 0.000152856
121.073 0.000152661
119.923 0.000162031
120.451 0.000145331
118.902 0.000163116
121.016 0.000154702
121.899 0.000151396
120.386 0.000160715
118.097 0.000149045
119.573 0.00014462
119.627 0.000142483
121.404 0.000147753
120.899 0.000148437
117.88 0.000149794
120.262 0.000146189
118.91 0.000111711
117.411 0.0001451
120.796 0.000138663
116.031 0.000141093
119.892 0.000159923
119.922 0.000160648
118.205 0.000161955
121.36 0.000147326
117.027 0.000147313
118.086 0.000124405
121.426 0.000147982
119.242 0.000144849
119.552 0.000164137
116.865 0.000163232
119.342 0.000147275
118.507 0.000141175
115.525 0.00015098
117.669 0.000147189
122.048 0.000154413
118.298 0.000135507
120.146 0.000148946
120.059 0.000150841
120.196 3.24477e-05
122.363 0.0001503
121.341 0.000139465
115.854 0.000143069
120.81 0.000149967
117.193 0.000158265
116.583 0.000150441
118.392 0.000144208
116.967 0.000145148
117.073 0.000143467
117.764 0.000150838
117.913 0.000144495
120.137 0.000169725
120.254 0.000160394
122.12 0.000148705
120.471 0.000151136
118.542 0.000157137
118.494 0.000154985
119.913 0.000142859
118.925 0.000101849
118.835 0.000138465
117.972 0.000144608
116.945 0.000164248
120.525 0.000147383
120.744 0.000140653
115.726 6.70095e-05
121.885 0.000138469
122.826 0.000152687
119.07 0.000142121
117.481 0.000155916
122.137 3.09166e-05
119.173 0.000166339
120.941 0.000163872
120.413 0.000143517
118.372 0.000161395
121.372 0.000146096
117.555 0.000164985
117.613 0.000149339
119.597 0.000142326
117.162 0.000178926
115.502 0.000151078
116.815 0.000143048
120.498 0.000167798
120.341 0.000149406
123.157 0.000143434
119.324 0.000165887
118.823 0.000148868
120.292 0.000155991
120.372 0.000145234
118.6 0.000148754
117.304 0.000133785
118.669 0.000122844
117.905 0.000147688
117.541 0.000133763
118.897 0.000151451
119.236 0.000145
118.527 0.000151188
119.747 5.489e-05
119.922 0.000135078
120.175 0.000143704
120.071 0.0001434
118.585 0.000144518
120.432 0.000163035
121.142 0.000142682
117.383 0.000150815
121.767 0.000143557
121.498 0.000149517
118.048 8.30351e-05
118.622 0.000156977
116.182 0.000148963
117.92 0.000133416
119.806 6.12186e-07
120.04 0.000159935
118.218 0.000110702
119.802 0.000139611
121.308 3.16777e-05
120.506 0.000143622
117.899 0.00016428
118.898 0.000144592
118.048 0.000132096
120.688 0.000134114
116.963 0.000158223
116.235 1.54836e-05
118.253 0.000150558
121.743 0.000148449
118.539 0.000163757
118.658 0.000124752
120.446 0.000146579
119.676 0.000154642
119.646 0.000142931
120.275 0.000124648
123.067 3.57388e-07
117.729 0.00014366
117.535 0.000144041
123.105 0.000164342
119.256 0.000143326
117.357 0.000143182
120.018 0.000133526
120.306 5.65325e-05
115.367 0.000164448
118.865 0.000144773
117.837 6.93186e-05
120.949 0.000134741
119.737 0.000160712
118.947 0.000160699
122.483 0.000152526
120.961 4.43077e-06
121.253 0.000138309
119.137 0.000148702
120.108 0.000145574
118.219 0.000144946
120.189 0.000152283
120.536 0.000143591
118.333 0.000148735
121.314 0.000169753
120.741 0.000144896
120.553 0.000144225
118.664 0.000132442
116.024 0.000150868
119.421 0.000156954
119.091 0.000139485
117.514 0.000156181
124.525 0.000144127
118.138 0.000145061
118.989 0.000143436
119.731 0.000159831
120.913 0.000150684
118.067 0.000161272
117.531 0.000148134
122.829 0.000148379
120.153 0.000164634
118.901 0.000146953
123.15 0.000155813
119.88 0.000160954
120.203 0.000146876
119.667 0.000156459
120.969 0.000144137
121.808 0.000142565
119.337 3.13247e-05
120.888 0.000167159
116.464 0.000143877
119.645 0.000132172
121.537 0.000143688
118.309 0.000149783
127.445 0.000145883
118.257 0.000142433
121.938 0.000146043
119.695 0.000149385
119.768 0.000143081
121.276 0.000143534
118.714 0.000156937
121.222 0.000148154
119.166 0.000145625
117.863 0.000164173
119.024 0.000165959
121.023 0.000141347
119.873 0.000144281
131.884 0.000161042
120.228 0.000150025
120.456 0.000158847
118.426 0.000153329
117.099 0.000143675
119.948 0.000167691
117.809 0.000151953
119.379 0.000143431
115.867 0.00014504
121.478 0.000140438
118.717 0.000162014
119.586 0.000144565
122.664 0.000145017
117.251 0.000145982
120.378 0.000145728
120.851 0.000149437
120.347 0.000146367
116.991 0.000164333
122.792 0.000143172
119.951 0.000148083
117.574 0.00011187
119.099 1.54716e-05
121.212 0.000143219
119.38 0.000152071
120.276 0.000149754
127.985 0.000164934
118.438 0.00014746
120.022 0.000144675
119.727 5.50766e-05
118.795 3.14409e-05
120.434 0.000147308
116.353 0.0001523
118.841 0.000126049
120.906 0.000146255
117.547 0.000161937
116.798 0.000153466
120.943 2.22794e-05
123.612 0.000154545
119.422 0.000161275
122.766 0.000141247
118.235 0.000158406
120.294 0.000143483
121.415 0.000146876
121.887 0.000155292
120.669 0.00014297
119.466 0.000149581
119.805 0.000146884
120.351 0.000147357
122.411 3.03161e-05
119.211 0.000133945
116.979 8.45369e-05
121.013 0.000143514
117.538 0.000153152
119.571 5.65161e-05
119.785 0.000151504
119.76 0.00014442
120.441 0.000157439
117.444 0.000147678
116.893 0.000146585
121.088 0.000143043
121.082 0.000160386
120.697 0.000149409
123.264 0.000144981
122.796 0.000170228
115.216 6.43885e-05
120.975 0.000162474
115.962 0.000143442
119.755 0.000157419
122.073 0.000165303
115.075 0.000146526
121.509 0.000145733
118.894 0.000153176
119.412 0.000143658
119.636 0.000146169
119.568 1.26176e-07
122.004 2.70587e-06
121.877 0.000151271
119.945 0.000150292
117.864 3.10151e-05
118.867 0.00015721
121.017 0.000154037
116.868 0.000165584
124.509 0.000155515
119.386 0.00014551
121.282 0.000145847
115.415 0.000143089
117.468 0.000164205
119.522 0.000149462
118.052 0.000142744
115.816 0.000149117
119.815 0.000163737
119.261 0.000144255
115.232 0.000148988
123.027 2.75031e-06
117.459 0.000143878
120.488 0.000144189
121.159 0.000145624
119.782 0.000151256
119.208 0.000143486
120.103 0.000153958
119.876 0.000139797
119.398 0.000144628
117.257 0.000141214
119.221 0.000147054
119.904 0.000150374
116.178 0.000152229
126.724 3.05516e-05
120.056 0.000153006
119.322 0.000142993
115.871 0.000145504
118.595 0.000145722
119.348 0.000148966
115.937 1.62809e-05
117.192 0.000141013
123.056 0.000150338
117.842 4.29729e-05
122.821 3.26612e-05
120.427 0.000152872
120.932 0.000142941
122.859 0.000148624
118.79 0.00016009
117.371 0.000146675
118.167 0.000154322
120.834 0.000146578
121.029 0.00016085
118.591 0.00016449
116.726 0.000159609
121.216 2.83734e-06
119.663 0.000143681
120.261 0.000165306
118.249 0.00013337
122.239 0.000144364
116.169 0.000141838
120.914 0.000154643
121.463 0.000165204
120.457 0.000162103
117.215 6.74215e-05
118.288 0.000147483
122.125 0.000152477
118.993 0.000103692
122.979 0.000143767
120.301 0.000139741
118.85 0.000153921
118.633 0.000145414
121.232 0.000139947
115.929 0.000146247
119.155 0.000160833
117.578 0.000167803
119.45 0.000148501
116.416 0.000160603
119.394 0.000143232
122.674 0.000163858
119.538 0.000147462
115.455 0.000143636
119.309 0.000164799
117.941 0.000146848
115.857 0.000143084
119.465 0.000146597
118.965 0.000146272
121.109 0.000168034
117.749 0.000157503
122.224 0.000154201
121.553 0.000112259
119.046 0.000142849
117.93 0.000130916
120.322 0.00014268
120.615 4.28282e-05
119.618 0.000152286
121.68 0.000125292
120.337 0.000147667
119.813 0.00016129
115.602 0.000135102
118.142 0.000143771
117.993 0.000152975
124.078 0.000140915
118.282 0.000150361
119.459 0.000151469
120.532 0.000131843
120.321 0.000143082
120.782 0.00014356
118.925 0.000146177
117.843 0.00016129
122.444 0.00014477
120.762 0.000111523
118.657 0.000144919
118.707 0.000161925
119.346 0.000149417
119.654 0.000149546
119.858 0.00014685
120.449 0.000165479
117.07 0.000143368
123.065 0.000142449
118.849 0.00014403
119.379 0.000145101
118.832 0.000123809
119.675 0.000148731
120.188 0.000135237
119.707 0.000146116
119.574 0.000145682
119.14 0.000125925
115.578 0.00014971
118.276 0.000142983
120.655 0.000161456
118.646 0.000132126
119.531 0.00015577
118.886 0.000159147
118.625 0.000145372
119.957 0.000147878
120.879 0.000112646
119.74 0.000143507
119.096 0.000150928
121.49 0.000176369
124.63 0.000149289
121.829 0.000165093
120.498 0.000144874
120.021 0.000163227
121.576 0.00016068
120.408 0.000173377
120.15 0.000137667
120.358 0.000146496
121.032 0.000144283
119.348 0.000162088
116.494 0.000130043
120.647 9.92762e-05
121.055 5.53322e-05
119.686 0.000168692
120.667 0.000156753
117.072 0.000163417
117.811 3.13054e-05
122.939 0.000138383
117.003 0.000152344
119.017 0.000115784
120.911 0.000138293
118.648 0.000151212
124.056 8.03222e-05
120.095 0.00013862
118.388 0.0001956
118.963 0.000150148
122.282 0.000149717
120.17 0.000162618
120.435 0.000149625
118.277 0.000144062
121.374 0.000143502
119.978 0.000148735
119.744 0.000160184
121.808 0.000137387
120.579 0.000161326
121.927 0.000145944
121.814 0.00014743
119.016 0.000169189
117.767 0.000142971
121.905 0.000141852
121.901 0.000165603
117.281 0.000166119
118.517 0.000159637
118.206 0.000162679
118.642 0.0001665
119.616 0.000150804
119.161 0.000149866
117.395 4.30337e-05
120.765 7.10387e-06
122.675 3.14101e-05
119.231 0.000123946
120.054 0.000148962
120.16 0.000154834
116.049 0.000151671
120.607 0.000144359
119.893 0.000147201
120.109 0.000141351
115.558 9.7408e-05
121.225 0.00016091
120.476 2.24022e-05
120.753 0.000144354
120.091 0.000143316
120.724 0.000130845
117.848 0.000150198
116.557 0.000143766
124.214 3.10614e-05
121.145 0.000146133
118.328 0.000148788
117.123 0.00014476
115.867 0.000144683
118.648 0.000149466
120.23 0.000133988
122.958 0.000156393
119.617 0.00016415
126.932 0.000140578
115.482 0.00014112
117.129 0.000152203
120.905 0.000158075
121.621 0.000145537
115.063 0.000136
121.126 0.000150194
117.905 0.000163586
120.761 0.000145681
121.145 0.000111663
115.907 0.000164271
119.746 0.000157178
119.142 0.000156628
119.535 0.000164677
116.696 6.9705e-06
117.935 0.000117691
119.06 0.000141264
118.609 0.000150158
120.635 0.000151737
115.697 0.000146163
116.515 0.000144786
120.626 9.81846e-05
118.35 0.000147595
121.474 0.000156912
116.404 0.000163346
122.138 0.000152622
116.335 0.000147767
119.419 0.000153453
118.247 0.000144843
118.839 0.00015885
118.714 0.000145092
119.718 0.000139513
116.121 0.000131514
120.877 0.000141772
121.515 0.00014543
119.177 0.000145838
119.046 0.000141848
118.071 0.00014603
116.301 0.000145403
121.047 0.000143677
115.969 0.000154095
118.275 0.000164183
118.73 0.000144222
121.62 0.000145481
122.062 0.000150356
119.747 0.00013887
121.867 0.000164462
120.025 0.000152121
116.995 0.000158213
116.79 0.000142763
118.586 0.000155447
119.506 0.000164913
120.672 0.000149004
120.146 0.000150452
123.172 0.00014361
120.023 0.000142979
122.388 0.000130648
118.149 0.000174499
117.667 0.000163596
121.361 0.000144892
119.276 0.000156217
120.574 0.000156147
121.742 0.000148886
120.649 0.00015148
115.004 0.000144248
117.511 0.000142601
117.264 0.000163722
123.129 0.000141488
120.539 0.000143059
120.594 0.000145473
122.624 0.000147933
119.966 0.000139369
118.37 0.000129414
115.428 0.000160318
119.561 0.000126276
120.548 0.000137994
118.409 0.000157429
118.715 0.000142151
122.169 0.00016455
119.223 0.000170294
118.198 0.000170845
117.823 0.000142364
120.695 2.91146e-05
120.379 0.00014354
117.93 0.000146613
120.148 0.000164283
115.432 0.000152745
121.45 0.000148617
120.2 0.000144575
123.39 0.000141351
115.613 0.000145152
119.991 0.000163582
121.511 0.00014783
118.078 0.000154602
120.353 0.000142771
119.953 0.000151452
119.036 1.03135e-06
117.108 0.000138657
118.902 0.000142045
119.665 0.00014369
117.977 0.000156175
118.137 0.000162573
119.363 0.000169549
119.114 0.000154752
119.281 0.000142715
121.153 0.000157827
121.276 0.000158275
125.861 0.000143285
118.952 0.000143805
120.245 0.000144389
118.475 0.000145544
120.372 0.000149701
117.513 0.000142076
117.765 0.000144632
117.119 4.24095e-05
120.404 0.000150411
119.78 0.000164582
125.971 0.000143919
121.537 0.000144102
118.616 0.000149908
115.971 0.000144384
119.106 0.000144038
123.252 0.000143066
126.022 0.000163699
119.649 0.000148798
121.506 8.41556e-05
120.488 0.000161606
121.908 0.000148125
122.763 6.81413e-06
119.872 0.000146278
118.068 0.000151489
120.113 0.000145978
119.829 0.000148429
118.897 0.000162102
119.252 0.000148797
117.625 0.000148502
123.516 0.00015053
121.053 0.000149865
118.839 0.000151053
122.554 0.000146084
118.11 0.000144161
117.34 0.000145778
120.575 0.000144772
117.777 0.000142813
119.05 0.000125859
120.821 0.000144646
119.509 0.000142208
116.262 0.000148622
119.387 6.97027e-06
121.416 0.000142033
120.872 0.000164249
118.633 0.000146754
118.945 0.000144418
119.652 6.16373e-07
122.037 0.000144711
120.906 0.000149103
120.913 0.00014668
120.8 0.000143301
120.075 0.00016302
119.526 0.000160177
119.369 0.000134183
118.854 0.00014072
117.572 0.00014596
119.692 0.000142922
116.142 0.000147189
121.962 0.000126568
119.758 0.000147669
119.72 0.000149359
121.855 0.000166759
116.381 0.000150561
116.253 0.000142284
122.602 2.74416e-06
121.071 0.000136589
116.931 0.000142393
119.581 0.000147413
118.343 0.000162237
122.34 2.77488e-06
118.607 0.000156414
119.547 0.00016157
115.736 0.000145122
119.892 0.000142894
119.987 0.000145431
118.088 0.00015974
118.249 0.000157416
118.738 0.00016446
119.669 0.000147146
119.035 0.000148583
119.953 0.000147542
118.532 0.00016947
120.075 0.000162952
120.119 0.000145012
117.632 0.000152828
121.039 0.000131999
119.188 0.000146595
122.499 0.00014651
119.873 0.000150882
116.361 0.000149447
118.64 0.000163617
121.175 0.000143914
115.881 0.000149829
117.585 6.8953e-05
121.974 0.000143253
120.152 6.88638e-05
122.476 0.000146189
121.951 0.000150135
122.356 0.000110708
118.674 0.000147347
119.823 0.000149791
116.465 0.000145008
120.29 0.000149588
