119.746 7.67236e-05
123.888 0.000102981
116.22 0.000110299
126.388 0.00011375
125.031 9.8359e-05
121.471 0.000103228
122.594 0.000104178
125.556 0.000106143
121.705 9.88712e-05
127.483 0.000106357
126.218 0.000112775
122.989 9.83744e-05
124.542 0.000111911
123.881 9.79285e-05
123.169 0.000100312
122.303 0.000102828
124.821 9.8181e-05
125.557 6.8123e-07
122.928 9.99135e-05
125.041 9.65067e-05
126.13 4.80917e-06
127.231 0.000109868
125.464 1.10827e-05
125.365 0.000102749
119.847 9.77353e-05
125.764 9.20455e-05
127.322 8.80669e-05
128.42 0.000109157
123.722 0.000101287
123.546 2.03499e-05
121.295 9.61449e-05
128.828 7.31901e-06
123.541 0.000114363
124.208 0.00011207
125.752 9.66728e-05
122.129 0.000108906
123.288 0.000107991
123.864 9.85824e-05
126.834 0.000115816
120.135 0.000112599
125.2 0.000101821
124.647 5.71787e-05
124.752 9.30494e-05
123.766 0.000101946
128.37 1.06271e-05
126.751 9.255e-05
121.644 9.54225e-05
124.762 0.000110521
124.607 0.000103328
123.201 9.86235e-05
123.446 0.00010061
122.257 0.000103872
122.964 9.19292e-05
127.295 9.11969e-05
119.712 8.59568e-05
124.154 0.000108003
115.426 0.00011233
127.21 8.15417e-05
126.343 0.000112126
125.149 0.000102645
122.521 0.000102284
124.019 9.81388e-05
126.37 0.000100576
123.724 6.67642e-05
123.246 5.76006e-05
124.864 6.69574e-05
125.612 9.84659e-05
126.011 9.37851e-05
122.998 0.000106916
115.777 0.000104988
122.419 4.79948e-06
126.064 0.00010785
124.664 8.39887e-05
125.43 9.75598e-05
125.115 0.000102241
121.738 9.90865e-05
123.131 2.64147e-05
124.412 0.000113516
124.298 9.4173e-05
124.694 0.00010202
124.003 9.60332e-05
122.944 8.86471e-05
123.964 9.07714e-05
117.521 9.97531e-05
124.909 0.000110091
126.043 0.000117672
125.204 0.000111691
125.893 0.000101649
125.286 0.000110534
125.159 0.000105651
125.124 0.00010257
123.271 9.90003e-05
126.22 0.00010865
120.687 0.000101415
125.079 0.000110415
119.089 9.79614e-05
126.375 0.000100734
124.275 0.000107615
122.144 0.000102614
124.876 0.00010147
122.195 2.13053e-05
119.188 7.51667e-05
126.189 9.92295e-05
125.431 0.000101298
126.05 4.76334e-05
125.122 0.000113248
125.125 9.79501e-05
126.047 0.00011258
123.916 0.00010237
120.966 0.000103054
123.271 9.74597e-05
125.411 0.000100315
126.646 9.38927e-05
126.025 7.26772e-06
123.596 9.90783e-05
124.572 4.57463e-05
120.031 0.00010841
125.079 0.000101143
125.852 0.000114427
124.589 0.000105917
124.455 9.94377e-05
127.434 9.93807e-05
121.765 0.000101832
122.841 5.7544e-05
125.815 0.000101136
126.553 9.63049e-05
127.071 0.000100197
125.328 0.000111747
122.338 9.90603e-05
123.657 9.80177e-05
124.001 9.14298e-08
124.685 9.49462e-05
123.071 9.97417e-05
125.606 8.4722e-05
125.346 9.98836e-05
125.367 0.000110485
126.75 8.23827e-05
121.191 9.90621e-05
121.721 0.000113461
123.662 3.1127e-06
123.905 0.000102791
125.295 9.16267e-05
127.559 9.6959e-05
125.815 9.72794e-05
126.047 2.90997e-05
127.776 9.78e-05
118.924 0.000102485
126.537 0.000101295
124.42 0.000110176
124.031 9.91837e-05
126.011 0.000107136
124.058 0.000112295
124.847 0.000112417
126.951 0.000112248
127.652 0.000105011
123.916 0.000105068
124.413 9.85003e-05
123.531 9.92801e-05
127.822 9.79486e-05
124.07 0.000113977
120.298 9.5487e-05
124.183 1.52129e-05
124.713 9.69213e-05
126.057 9.9566e-05
123.857 4.75453e-05
124.822 0.000106191
124.543 0.000104337
122.372 5.73463e-05
124.933 0.00011436
124.226 9.58302e-05
127.134 0.000101629
127.303 4.51826e-06
127.959 9.72214e-05
125.094 0.000100778
125.408 0.000106872
120.807 0.0001018
125.422 0.000102105
124.404 9.75755e-05
123.05 0.000100117
125.621 0.000103085
115.422 0.000100121
124.345 6.94129e-05
124.666 9.79406e-05
124.459 9.97023e-05
124.922 9.80958e-05
125.005 2.12717e-05
134.352 9.74445e-05
122.753 9.94462e-05
124.302 0.000100236
126.306 5.7984e-05
126.843 0.000102957
126.999 9.15702e-05
128.195 0.000111021
123.164 9.77984e-05
120.747 0.000103729
124.375 0.000101575
127.63 9.67379e-05
123.089 0.000118285
118.72 9.74762e-05
124.997 0.000106837
136.572 9.26381e-05
122.323 0.000103578
118.565 5.83567e-05
125.488 9.79509e-05
117.143 0.000101559
125.364 4.88852e-05
125.696 0.000110358
126.82 0.000112647
124.214 8.86435e-05
124.69 0.000110967
124.931 9.63819e-05
119.177 0.000103482
127.536 0.00011415
124.39 9.30073e-05
127.274 0.000106254
123.835 9.09604e-05
124.089 0.000102813
123.448 0.000104288
125.272 0.000114248
126.675 0.000113492
124.237 7.0342e-06
124.681 4.80502e-06
124.276 0.000112365
123.215 0.000102007
120.329 0.00010067
126.549 0.00010733
122.289 0.000102984
123.909 0.000100224
124.963 0.000111632
127.195 4.68417e-05
123.741 0.000101157
124.505 9.92451e-05
123.873 0.000104886
117.878 0.000100331
125.798 0.000113176
124.981 9.88742e-05
126.42 9.79284e-05
124.572 0.000100103
124.816 0.000102911
121.736 9.73887e-05
123.874 8.33709e-05
125.186 4.35887e-06
122.22 9.22705e-05
122.748 9.55176e-05
124.722 3.81446e-05
125.713 9.53366e-05
126.257 0.000105712
123.66 7.1073e-06
125.171 9.71824e-05
118.435 9.49257e-05
124.163 9.94596e-05
125.011 9.84008e-05
125.888 0.000110536
119.708 9.75022e-05
126.252 9.82639e-05
125.64 9.51635e-05
124.186 9.64714e-05
126.066 9.32336e-05
124.525 0.00010145
125.02 9.90374e-05
124.183 9.63016e-05
125.837 9.82787e-05
125.239 9.8052e-05
124.752 0.000111283
118.915 0.000111853
126.201 4.11722e-07
126.562 0.000108646
125.758 0.000100412
125.827 9.87607e-05
126.717 0.000103306
126.327 0.000111848
121.859 9.80024e-05
125.155 0.000108342
125.86 1.9415e-06
124.246 0.000103063
124.237 0.000101853
125.515 0.000112652
118.128 0.000101372
124.552 0.000117429
126.333 0.00011321
127.17 9.72796e-05
130.354 0.000107804
124.085 9.91757e-05
121.834 0.000102117
122.141 9.21578e-05
125.823 9.85381e-05
121.966 3.87926e-05
124.368 0.000106476
124.498 9.92101e-05
123.863 0.000100178
124.205 9.85705e-05
123.945 9.99796e-05
120.296 0.000100076
122.69 0.000106356
123.492 1.60198e-05
126.307 0.000102464
124.11 0.000102521
124.487 0.000109758
124.151 6.86402e-05
124.583 0.000101975
119.484 9.74387e-05
124.235 9.05377e-05
126.865 0.00010438
126.277 9.68816e-05
123.685 5.37967e-05
132.441 2.47717e-07
124.015 9.83244e-05
124.953 0.0001067
127.034 9.11489e-05
122.792 0.00010032
119.295 9.78845e-05
124.473 9.37073e-05
126.881 9.90346e-05
124.701 9.07056e-05
124.126 9.85309e-05
126.051 0.000112108
127.394 0.00010028
124.018 0.000102288
129.742 0.000106074
125.534 0.000112164
124.79 9.95188e-05
124.864 9.89375e-05
123.449 9.92085e-05
123.285 0.00010958
123.601 0.000100908
124.248 0.000109761
125.722 9.999e-05
123.516 0.00010321
123.364 9.51376e-05
125.716 9.48629e-05
127.851 6.44342e-05
123.896 0.000102344
128.616 0.000103151
124.214 0.000101276
120.603 0.000100855
124.179 9.91016e-05
126.741 0.00010198
126.724 0.000111964
128.37 9.83232e-05
123.233 1.53046e-05
125.839 0.000106374
124.542 0.00010086
124.024 9.76934e-05
127.384 1.03673e-05
127.94 0.000103723
123.274 0.000100888
124.087 0.000102236
125.498 1.53957e-05
125.434 0.000103709
124.842 0.000103574
125.37 9.86447e-05
131.465 9.5365e-05
126.501 1.56037e-05
124.335 0.000102164
126.043 9.91597e-05
124.248 7.61709e-05
127.238 0.000107173
124.525 0.000106309
117.239 9.98907e-05
122.839 9.72778e-05
124.49 0.000105493
124.429 0.000101783
165.918 9.94473e-05
125.151 9.85912e-05
125.675 0.000112386
123.022 9.80563e-05
125.38 0.000103821
127.782 9.08811e-05
123.619 0.000109357
124.685 9.89958e-05
127.226 9.29944e-05
125.675 1.85789e-06
126.434 0.000102728
125.169 7.58672e-05
123.725 0.000102336
124.857 0.000100791
123.789 0.000108259
127.282 9.32399e-05
124.016 0.000101693
126.335 9.88802e-05
125.93 9.39362e-05
122.953 9.96597e-05
125.351 9.76596e-05
117.906 0.000109045
120.854 0.000104071
126.031 0.000111941
122.23 9.79873e-05
123.897 0.000104807
125.486 0.000103251
126.804 0.000100162
121.989 9.68361e-05
123.984 0.000100897
124.044 0.000107741
123.474 0.000112816
124.88 9.82625e-05
126.651 0.0001075
125.514 0.000100086
122.745 1.09178e-05
124.225 9.86897e-05
124.348 9.13414e-05
128.525 2.73036e-05
124.385 9.89026e-05
123.421 9.93834e-05
128.24 0.000101473
130.214 9.89337e-05
123.615 0.000102039
126.901 2.10968e-05
125.759 0.000103857
126.272 7.30376e-06
122.917 9.84407e-05
126.057 0.000105762
123.851 0.000102283
123.031 9.98379e-05
124.002 0.000100205
123.342 9.66232e-05
125.918 0.000110288
123.716 9.66796e-05
126.076 2.48323e-07
125.816 0.000102993
126.129 9.90742e-05
125.19 4.11924e-07
124.728 0.000101282
123.145 0.000100507
124.879 9.72187e-05
117.988 0.000101831
124.513 0.000102464
124.899 0.000100421
125.132 3.83823e-05
125.679 9.79851e-05
127.985 9.43607e-05
125.986 0.000110317
123.702 0.000101462
123.764 0.000113709
118.596 0.00010609
121.996 0.000106031
123.312 4.70365e-06
125.986 9.54607e-05
124.63 0.000101825
125.669 0.000104929
124.594 9.88913e-05
124.21 0.000102324
124.87 0.000107771
125.979 0.000109409
126.351 9.21893e-05
122.519 9.63829e-05
124.556 0.000100674
119.34 9.7695e-05
124.58 0.000105559
123.183 9.84923e-05
124.523 9.90797e-05
118.289 0.000102085
126.545 5.82973e-05
125.079 2.12871e-05
117.27 0.000100647
124.59 3.8352e-05
123.399 9.83945e-05
124.022 9.94704e-05
125.581 9.83835e-05
128.464 9.14103e-05
125.254 0.000113488
124.439 0.000103573
117.753 0.000108316
125.354 9.88026e-05
126.509 0.000106458
125.555 9.84744e-05
127.806 9.91309e-05
125.373 9.87574e-05
123.383 0.000108171
123.691 8.15384e-05
122.711 7.17336e-06
126.584 0.00011303
117.676 2.13382e-05
125.206 0.000102292
121.715 0.000103601
124.408 0.000101181
125.476 9.69161e-05
122.978 2.93441e-05
124.911 0.000105837
123.17 9.3522e-05
124.744 9.8197e-05
126.503 9.52092e-05
125.102 0.000104948
127.295 2.91397e-05
125.555 9.86828e-05
123.643 9.82756e-05
122.825 9.74996e-05
125.778 9.56608e-05
124.083 9.38972e-05
124.263 9.77295e-05
118.971 0.000116254
120.644 0.000101403
126.129 0.000103313
125.753 9.95138e-05
123.345 4.84011e-05
126.219 0.000100331
123.744 0.000100757
120.911 0.00010419
125.978 9.70509e-05
119.05 9.8004e-05
123.713 9.77639e-05
119.343 0.000101118
125.303 9.04051e-05
124.162 9.95129e-05
124.593 9.81299e-05
125.106 9.92232e-05
128.418 6.57104e-05
117.491 9.37133e-05
125.914 9.49842e-05
127.238 9.89817e-05
126.288 9.42132e-05
126.434 4.80934e-05
119.223 0.000100823
119.594 0.000111074
124.656 0.000102106
126.345 1.52554e-05
125.121 8.51187e-05
120.549 9.85013e-05
124.718 0.000112126
119.069 0.00010681
121.335 9.76463e-05
124.553 9.19146e-05
123.372 7.50301e-05
128.638 1.86474e-06
124.824 9.87524e-05
123.595 9.96724e-05
127.075 9.90636e-05
124.531 9.94781e-05
122.901 9.7682e-05
123.37 0.000104327
123.659 0.000105938
124.709 0.000111262
125.615 0.000102487
126.437 0.000109269
127.508 9.45468e-05
116.952 0.000107026
125.919 9.54177e-05
124.976 0.000100313
123.278 9.90383e-05
125.362 9.94048e-05
122.402 9.59486e-05
123.46 9.84931e-05
123.074 9.82487e-05
125.217 0.000112503
123.107 9.89738e-05
123.964 9.804e-05
125.2 4.70642e-06
128.555 9.4288e-05
124.378 0.000101528
123.198 0.000115198
126.699 7.77515e-05
124.512 0.000103983
123.03 0.000105378
131.658 7.27685e-05
123.216 0.000103511
126.522 8.32597e-05
123.116 0.000100338
123.256 0.000104692
125.818 9.94567e-05
130.994 2.99514e-05
123.142 0.000104327
125.371 0.000106988
126.318 9.52232e-05
124.12 9.76482e-05
123.974 1.53308e-05
124.436 0.000112395
126.416 9.55246e-05
123.004 8.8325e-05
123.239 9.98002e-05
123.689 9.61176e-05
124.137 0.000105968
127.188 6.40025e-05
124.302 9.22847e-05
123.83 0.000100541
127.651 0.000116016
122.025 9.18185e-05
127.215 9.80549e-05
125.091 9.85853e-05
127.618 9.89984e-05
119.198 8.65036e-05
123.653 0.000102578
124.21 0.000111545
124.898 9.63619e-05
125.697 0.000102168
117.047 9.88445e-05
121.923 0.000101143
123.332 0.000100451
122.138 0.000110317
124.105 9.79909e-05
125.896 9.7753e-05
127.828 0.000106851
126.816 0.000100527
124.52 0.000112887
126.444 9.96639e-05
121.761 9.84696e-05
127.161 9.25426e-05
128.365 0.000106054
125.653 9.4452e-05
124.556 2.96764e-06
124.343 9.82513e-05
125.297 9.96681e-05
130.063 9.80321e-05
126.672 0.000105338
126.22 1.876e-06
126.383 0.000102582
125.395 0.000102354
124.372 0.000109306
123.528 0.000101088
123.472 9.23011e-05
128.157 0.000101412
123.169 0.000111875
124.106 0.000113065
124.524 0.000102237
122.892 0.000115172
122.785 9.89753e-05
128.241 7.32101e-05
125.752 1.08029e-05
123.625 8.01421e-05
125.581 0.000112923
122.945 0.000105897
124.46 0.000113261
127.515 0.000104055
124.576 0.000103015
125.707 0.000100266
123.688 9.00631e-05
126.114 0.00010084
125.934 0.000103278
125.607 0.00010257
125.498 9.68985e-05
125.653 0.000104827
126.198 9.1155e-05
126.464 9.16108e-05
118.734 9.89296e-05
117.727 9.51526e-05
124.403 4.77661e-05
124.277 0.000113972
128.076 9.31039e-05
120.455 0.000101715
121.226 4.53216e-05
126.203 0.000103668
125.601 8.91834e-05
125.482 0.000101524
124.643 0.000114202
124.212 0.000101961
126.185 0.000100896
124.124 2.94427e-06
126.438 3.00172e-06
124.878 8.45036e-05
125.009 0.000110792
124.773 0.000113732
126.291 0.000100092
125.261 0.000112747
126.062 0.00010069
125.597 0.000100123
124.487 0.000108466
124.067 9.81973e-05
121.121 9.97473e-05
124.772 9.74272e-05
124.198 0.000103928
124.35 9.77224e-05
123.415 2.88089e-05
127.157 0.000100143
125.261 0.000103807
123.44 0.000108838
124.467 9.90117e-05
123.524 4.73422e-05
124.061 0.000108935
125.482 0.000113446
124.927 9.73102e-05
128.902 0.00010594
123.893 0.000106543
124.54 9.95753e-05
123.962 0.000104127
125.098 9.85855e-05
123.508 0.000109401
116.361 0.000110559
123.618 0.000108749
117.177 9.64143e-05
123.511 9.92443e-05
124.757 4.68765e-05
125.323 9.88499e-05
125.403 4.70278e-05
124.753 0.000109586
123.583 9.87947e-05
122.219 0.00011343
124.763 7.63652e-05
122.463 9.74234e-05
123.263 9.64932e-05
126.141 0.000109249
120.103 7.59006e-05
122.098 0.000111902
125.182 9.82777e-05
124.569 0.00010041
125.259 9.73073e-05
125.016 7.33126e-06
123.921 9.88305e-05
122.03 0.000112031
125.095 9.96832e-05
127.021 8.54763e-05
133.105 5.81666e-05
125.196 9.92345e-05
124.476 9.66016e-05
124.653 8.89601e-05
127.63 9.90918e-05
124.346 0.000111448
123.86 0.000105168
122.332 9.84423e-05
122.505 9.94667e-05
123.632 0.000108423
125.062 9.97308e-05
123.373 7.0178e-06
124.458 9.97555e-05
123.026 0.000116941
123.959 9.97265e-05
125.763 1.0592e-05
126.282 3.80005e-05
125.148 0.000100742
125.997 8.65266e-05
125.5 9.96205e-05
127.696 4.67185e-05
122.991 8.85325e-05
124.087 2.82376e-05
123.395 0.000102405
123.754 0.00010197
124.234 0.000100587
125.031 0.000114225
125.928 9.91487e-05
125.313 9.83355e-05
124.906 4.19014e-07
127.405 0.000100567
125.622 0.000102045
124.862 6.83043e-05
121.174 0.000110953
125.557 1.05735e-05
123.909 7.7107e-05
122.879 9.44026e-05
127.213 0.000100609
125.573 9.92558e-05
121.563 9.8445e-05
123.165 9.9887e-05
124.163 0.000105196
125.722 0.00010496
123.992 9.54276e-05
122.501 9.1741e-05
125.25 0.000100732
123.909 9.25053e-05
125.409 0.000100235
124.297 7.11473e-06
126.692 9.65584e-05
125.448 9.73026e-05
125.003 9.93464e-05
121.275 0.000102111
124.672 9.94903e-05
123.4 9.89155e-05
125.741 0.000107528
124.437 9.75482e-05
122.137 0.000101731
125.628 0.000105917
124.632 2.15836e-05
124.861 9.80336e-05
120.479 0.00010351
124.458 9.58754e-05
130.115 9.76126e-05
124.352 0.000107308
121.691 9.72635e-05
121.691 9.99978e-05
126.583 1.53175e-05
124.721 0.000102829
126.055 9.84787e-05
124.445 9.83096e-05
124.669 0.000104459
124.731 9.96523e-05
124.192 8.71897e-05
123.359 0.000103261
124.773 0.000112952
125.698 0.00010112
124.184 0.000101386
125.018 0.000114743
123.433 1.51785e-05
124.952 0.000100825
123.731 1.9347e-06
123.934 9.72513e-05
123.978 9.77566e-05
125.073 0.000115904
123.698 5.1262e-05
126.904 8.2921e-05
121.816 9.69949e-05
122.283 0.00010398
126.462 0.000102772
127.072 9.76807e-05
122.116 9.95028e-05
119.085 0.000104002
124.265 0.000111133
127.677 9.54545e-05
125.214 9.98783e-05
123.984 9.79531e-05
125.765 0.000105752
124.352 0.00010174
125.671 9.82183e-05
126.648 9.81037e-05
122.997 9.95419e-05
120.67 0.000109192
117.246 9.84422e-05
123.789 9.68694e-05
117.086 0.000100489
126.68 0.000116667
124.849 0.000104842
126.201 0.000111455
127.242 7.79658e-05
126.061 0.000101622
125.097 9.82771e-05
125.279 9.51568e-05
124.042 0.00011243
121.779 0.00010085
124.964 0.000109702
123.483 0.000114214
123.395 9.88632e-05
124.443 0.000101712
125.832 9.29497e-05
125.259 8.19165e-05
121.869 9.98504e-05
122.344 9.63343e-05
124.947 9.43472e-05
124.088 9.77415e-05
119.569 8.91026e-05
125.16 9.69091e-05
121.157 9.86605e-05
126.452 9.89574e-05
124.592 0.000102506
125.539 9.80077e-05
125.239 0.000103856
125.154 0.000103
124.102 0.000100301
125.842 0.000102776
120.193 0.000107302
127.785 8.93614e-05
126.307 4.68421e-05
122.942 9.78777e-05
127.245 0.000103578
125.436 9.80478e-05
125.468 9.74014e-05
118.958 9.75536e-05
126.071 0.000102392
126.145 9.25646e-05
123.831 9.97301e-05
122.765 0.000101071
123.927 9.75428e-05
121.127 3.66847e-05
127.89 1.00459e-05
124.756 9.78356e-05
123.519 0.000112636
125.387 9.94399e-05
121.088 1.50053e-05
124.197 1.18481e-06
121.982 0.000102647
122.728 0.000113397
123.822 0.000104082
124.183 0.000103482
122.936 0.000105918
125.725 9.82094e-05
126.584 0.000113949
121.948 9.98064e-05
126.628 9.92004e-05
122.695 0.000100535
123.835 0.000102549
124.639 0.000115011
124.351 9.85954e-05
124.004 0.000101538
122.555 0.000111984
119.325 1.04755e-05
129.82 9.87598e-05
125.781 9.88462e-05
126.233 0.000100799
123.67 9.49267e-05
124.616 9.32323e-05
122.222 9.75156e-05
125.011 9.38841e-05
125.295 0.000104077
125.588 0.000107265
124.609 1.55408e-05
119.949 9.91384e-05
125.391 9.10047e-05
124.508 0.00010299
122.66 0.000103975
124.052 4.76238e-06
126.525 9.70481e-05
127.258 9.77606e-05
116.966 9.89314e-05
124.894 9.90085e-05
126.636 0.000114205
125.377 0.000101565
125.852 0.000100033
126.422 9.13854e-05
121.76 0.000103546
125.208 9.86256e-05
119.021 1.07442e-05
124.663 0.000104572
123.762 0.000112925
124.14 9.72567e-05
127.972 9.24445e-05
124.775 0.000100549
120.309 0.000103178
125.367 0.000110137
124.973 0.000116735
126.635 0.000113526
123.627 9.86872e-05
127.023 9.89551e-05
131.542 0.000103595
126.236 0.000101207
122.933 9.02255e-05
124.909 9.61158e-05
122.327 1.06888e-05
145.92 8.00499e-05
120.063 0.000105855
124.54 9.91292e-05
116.343 0.000101132
124.247 4.7187e-06
126.197 0.000103475
121.285 0.000107248
130.465 2.04894e-05
122.585 0.000102968
122.71 9.75718e-05
124.318 0.000104
121.347 9.66221e-05
123.208 0.000100568
124.072 9.90302e-05
126.489 9.35507e-05
125.82 9.9421e-05
128.521 0.000102875
123.717 9.71518e-05
123.856 0.000104689
124.345 0.000100925
123.699 9.08161e-05
120.473 0.000111118
125.319 0.000110715
124.973 0.000106739
122.453 9.74466e-05
125.373 0.000101348
126.051 0.000113772
124.631 9.24424e-05
124.298 9.75588e-05
126.818 9.72059e-05
120.925 5.55121e-05
116.836 0.000102132
122.584 0.000106573
127.005 1.06717e-05
124.644 8.91085e-05
125.635 7.75398e-05
122.803 9.08524e-05
125.813 9.55979e-05
121.572 0.000111126
126.106 0.00010625
126.397 2.291e-07
124.333 0.000106386
125.141 0.000112535
126.326 9.7304e-05
132.751 0.000112081
124.533 0.000109211
122.713 0.000102958
124.662 5.66478e-05
126.953 0.000117255
124.232 0.000102312
124.633 9.42945e-05
123.491 0.000117019
125.777 0.000102464
125.199 9.99369e-05
126.266 0.000106693
122.614 8.49624e-05
122.987 0.000101085
125.926 4.68662e-05
122.551 0.000102564
126.306 0.000112365
125.538 0.000101359
123.36 0.000100745
124.832 9.48065e-05
121.567 1.89875e-06
122.693 0.000105789
124.884 0.000104752
125.081 0.000113302
123.804 9.74114e-05
123.279 0.000112947
122.347 0.000105102
125.154 0.000101443
124.639 5.76615e-05
124.989 9.81102e-05
123.627 9.75613e-05
124.413 0.000104671
125.166 0.000106304
126.441 7.86793e-05
121.65 0.000112867
124.358 8.86112e-05
127.219 0.000103101
125.043 0.000111418
122.104 4.72664e-05
124.989 0.000112428
128.805 0.000109617
127.155 6.8033e-05
125.471 0.00010756
121.957 0.000100903
124.549 9.85623e-05
123.419 9.79135e-05
124.703 0.000101543
125.124 0.000106023
127.329 9.74789e-05
123.991 0.000109911
120.218 0.000115523
126.668 9.99343e-05
125.694 1.11997e-05
124.989 0.000100514
123.862 0.000111717
124.262 0.00010993
125.367 6.61075e-05
125.838 0.00010004
124.624 8.80838e-08
125.04 8.60664e-05
124.867 9.91744e-05
124.93 8.95385e-05
124.129 2.98183e-06
126.488 0.00011292
124.393 9.76715e-05
124.795 0.000117828
130.432 0.000102489
124.994 1.44054e-07
124.523 9.01349e-05
125.005 9.72747e-05
125.627 0.000101112
121.96 9.69465e-05
124.462 0.00011159
123.343 0.000101078
124.562 0.000113639
119.561 0.000103033
124.479 9.80891e-05
124.936 9.20942e-05
123.575 9.87292e-05
125.035 9.79908e-05
122.649 8.60055e-05
123.8 9.79061e-05
127.227 0.000101829
125.666 0.000107641
125.764 9.928e-05
130.074 0.000104699
122.398 9.8058e-05
123.267 4.09169e-07
122.747 0.000111316
123.985 4.70542e-05
125.639 9.71841e-05
120.973 0.000110535
122.294 9.86151e-05
124.815 0.000104029
125.888 9.67084e-05
127.367 9.63087e-05
124.749 9.91744e-05
124.013 0.000104057
121.951 9.48681e-05
124.923 0.000101459
123.819 9.95763e-05
125.611 9.82621e-05
123.094 3.82032e-05
124.988 0.000101223
126.056 0.000100955
126.739 9.84689e-05
123.399 9.96492e-05
123.252 9.93642e-05
127.03 0.000103298
123.499 0.000113024
124.767 0.000110928
124.313 0.000107835
123.663 0.000100233
126.402 7.05127e-07
127.685 0.000104168
124.727 0.000102471
119.884 0.000110986
122.056 4.67326e-05
126.75 0.000100129
126.865 9.9055e-05
122.661 0.000100469
125.379 9.92404e-05
125.966 9.95954e-05
123.733 0.000103416
125.106 9.78513e-05
125.229 0.000105468
125.795 1.14023e-06
123.658 9.80975e-05
128.139 9.89043e-05
123.598 8.67364e-05
127.859 0.000100213
124.639 9.8761e-05
123.89 0.000103931
125.76 0.000114547
120.03 0.000111743
126.191 0.00010045
123.612 0.000101
125.816 0.000106854
125.232 0.000104315
121.509 9.41383e-05
121.845 0.000100773
123.861 0.000107166
126.877 6.60317e-05
124.97 0.00011115
124.503 0.000110577
124.534 0.000102979
125.29 9.86873e-05
128.25 9.91378e-05
125.934 9.70499e-05
124.312 9.76197e-05
125.531 8.81463e-05
124.844 7.64395e-05
123.65 9.42089e-05
122.389 0.00010372
124.339 8.72355e-05
124.012 9.84872e-05
122.776 7.15715e-06
124.528 2.12376e-05
123.835 9.92593e-05
123.58 1.90157e-06
118.906 0.000106699
123.976 0.000112247
125.641 0.000101059
124.11 0.000106847
126.265 0.000100937
122.633 9.92318e-05
124.806 9.55235e-05
124.906 0.000103357
124.796 1.15568e-06
120.715 9.93149e-05
124.231 5.65731e-05
127.118 0.0001013
127.752 1.07786e-05
126.339 0.000102426
125.344 9.7932e-05
119.124 7.23955e-06
126.336 0.000106974
127.803 9.17756e-05
125.144 9.86398e-05
124.532 9.77561e-05
124.468 0.000105873
126.426 0.000100667
125.869 4.75816e-05
123.002 9.7526e-05
125.897 0.000101976
125.274 9.78213e-05
123.064 9.85675e-05
125.573 2.4066e-07
124.234 9.71725e-05
127.982 7.91799e-05
127.638 9.73135e-05
124.792 0.000100273
124.844 0.00010047
123.58 0.000100302
128.417 0.000100181
123.779 0.000114921
120.783 0.00010316
126.808 9.87598e-05
129.332 0.000101406
126.572 0.000101076
118.607 9.41184e-05
125.594 0.000103817
123.32 9.88712e-05
128.329 9.62624e-05
125.281 0.000108721
123.112 9.12174e-05
122.912 9.55543e-05
125.474 0.000102154
126.342 0.000103395
123.44 7.14464e-06
127.182 0.000100421
124.732 0.00010042
123.198 0.000107029
123.966 0.000112862
125.205 0.000109602
124.946 0.000100335
133.828 9.5919e-05
121.74 0.000102013
125.742 9.89926e-05
123.682 9.9164e-05
121.843 0.000103667
127.883 9.70896e-05
125.632 0.000100788
125.861 0.000106814
125.56 9.57646e-05
127.144 9.84672e-05
122.16 0.000103284
132.643 9.48848e-05
123.555 8.26872e-05
123.793 0.000101651
125.204 0.000101976
125.404 9.12761e-05
125.782 6.94265e-08
124.265 0.000106266
123.447 0.000108542
125.418 9.36747e-05
115.538 0.000104335
124.816 0.000102184
122.9 9.89936e-05
121.28 8.91183e-05
122.412 0.000102893
126.158 9.35214e-05
124.843 6.9766e-07
124.441 9.41518e-05
125.45 3.76166e-05
123.406 6.75206e-05
125.637 9.78637e-05
125.483 2.13583e-05
125.852 2.97349e-06
123.354 9.90549e-05
126.148 8.69803e-05
125.656 2.79909e-05
122.891 9.28806e-05
125.589 0.000102399
117.129 0.000112485
126.366 9.90216e-05
123.81 0.000102359
125.432 0.000100908
122.356 0.000100728
126.073 9.7652e-05
125.49 0.000113345
123.743 0.000110326
123.003 0.000103127
123.478 9.78413e-05
123.922 0.000111211
123.897 0.000107261
116.724 8.19923e-05
123.542 9.74664e-05
123.978 0.000108749
118.888 0.000101446
126.043 0.000113023
123.018 9.91391e-05
127.78 0.000102732
125.115 1.1415e-06
125.171 0.000101416
123.436 0.000107864
121.676 0.000102275
122.027 9.89913e-05
118.78 0.000107315
121.536 9.24619e-05
127.33 9.96381e-05
124.704 0.000102733
124.929 9.98341e-05
125.139 0.000103982
127.628 9.74287e-05
122.994 0.000107409
124.674 0.000112083
124.691 1.51874e-05
127.345 9.80707e-05
126.082 0.000110147
124.822 0.000112047
117.87 9.84174e-05
123.195 6.5751e-05
119.883 0.000112279
125.922 8.07903e-05
128.66 0.000105998
125.541 8.90263e-05
127.701 0.000114515
126.594 9.80452e-05
122.874 0.00010375
126.002 0.000106415
124.067 0.000101798
123.508 0.000104058
124.178 9.74502e-05
122.274 0.000106953
122.965 9.75058e-05
124.244 9.87058e-05
125.183 9.27495e-05
126.175 5.30758e-05
115.934 0.000108417
119.262 6.7711e-07
124.531 5.77077e-05
123.274 0.000102497
118.994 0.000113588
122.567 9.7301e-05
126.856 9.8652e-05
122.223 9.5989e-05
123.946 0.000102346
124.545 0.000111601
129.511 9.04525e-05
125.506 0.000104483
119.525 1.92881e-06
125.867 0.000103036
125.677 0.000100561
124.403 9.21257e-05
125.497 9.82144e-05
128.487 9.60375e-05
124.454 1.87599e-06
123.72 5.72754e-05
125.536 9.95574e-05
125.492 0.00010228
124.282 0.000100897
124.176 0.000100709
125.646 0.000102977
126.082 0.000102849
117.818 9.87748e-05
124.675 0.000102245
127.392 8.35459e-05
124.042 7.90602e-05
125.363 9.92313e-05
126.64 7.88213e-05
124.508 0.00010127
123.903 0.000103614
125.347 0.000106483
120.362 9.80031e-05
125.273 7.29329e-06
122.644 0.000107215
123.941 0.000102678
125.048 0.000113564
124.663 0.000100876
123.699 0.000102114
125.862 4.75715e-06
127.255 0.000111032
123.37 9.34975e-05
125.285 9.54491e-05
125.003 0.000114196
125.681 9.94904e-05
124.986 0.000108359
118.794 7.57217e-05
125.033 9.98905e-05
124.014 9.64614e-05
125.967 0.000103802
124.6 0.000102058
121.039 0.000109508
126.068 9.32418e-05
124.841 0.000101267
124.557 9.88339e-05
124.01 9.727e-05
121.671 9.91101e-05
124.756 0.000100499
123.098 0.000103176
124.682 0.000104018
121.132 9.8756e-05
125.777 0.000106787
125.906 0.000109881
126.12 0.000101312
116.55 9.98984e-05
119.963 0.000105824
126.746 0.000107515
123.903 9.60525e-05
124.778 0.000101722
123.377 9.84706e-05
128.911 0.000101565
123.782 9.65008e-05
126.024 9.5154e-05
125.685 0.000110272
123.21 4.79603e-05
127.292 0.000112881
127.895 0.00010636
123.867 9.72406e-05
125.401 0.000110989
122.805 8.16424e-05
123.464 9.4275e-05
120.115 0.000102374
124.079 9.60354e-05
115.714 3.75428e-05
123.425 0.00010248
122.199 0.000100515
123.354 0.000114175
126.613 0.00011256
124.087 9.96688e-05
126.206 9.43851e-05
125.156 7.76955e-05
124.184 6.67231e-05
125.239 9.71906e-05
127.219 9.79799e-05
124.772 9.69128e-05
124.334 9.96027e-05
123.142 0.00010031
125.176 0.000107251
125.499 7.64833e-05
125.576 6.6843e-05
125.479 9.77284e-05
122.383 0.000107701
123.557 9.9216e-05
125.45 9.62632e-05
125.284 0.000112492
124.977 0.000111523
125.226 0.00010756
123.973 9.91471e-05
124.391 0.000103572
123.401 9.93535e-05
125.899 0.000101772
121.909 0.000101985
122.214 0.000100738
126.845 9.1235e-05
125.609 9.76147e-05
125.66 8.76311e-05
125.19 0.000104538
123.32 0.000104632
124.784 0.000107459
123.411 9.56313e-05
122.279 0.000104879
125.071 9.74852e-05
124.844 2.9784e-06
124.974 0.00011039
123.596 0.000103782
125.678 0.000101371
124.508 0.000100613
127.298 0.000103967
125.251 0.000103114
125.029 9.44442e-05
127.461 0.000114223
126.113 9.87638e-05
125.986 0.000111574
124.407 0.00010392
124.713 0.000102605
125.052 9.74686e-05
125.403 4.73123e-05
126.793 0.000101493
122.622 9.76565e-05
128.574 8.20048e-05
124.539 0.000100746
120.76 5.82312e-05
125.523 9.99857e-05
122.752 9.88313e-05
124.609 0.000100149
124.114 0.000102441
124.446 9.88727e-05
124.157 0.00010218
126.225 9.81898e-05
124.948 0.000106042
126.466 0.000102103
126.868 0.000101382
117.758 9.84292e-05
123.717 0.00010544
127.169 9.7764e-05
115.77 0.000100859
123.85 9.92774e-05
129.454 0.000101688
123.697 9.29138e-05
124.318 0.000102581
120.94 0.000103073
123.634 0.000110958
125.106 0.000103741
124.669 9.78666e-05
125.664 0.000102241
124.349 0.000100973
126.205 9.87785e-05
130.533 0.000109223
124.683 9.79669e-05
123.166 9.84194e-05
123.291 0.000113368
124.596 0.000104752
122.898 0.000112366
123.07 9.83957e-05
124.017 7.73476e-05
121.607 4.49159e-06
124.046 1.79165e-06
122.053 0.00010067
119.097 0.000109476
127.006 9.79985e-05
122.173 9.48756e-05
126.428 9.80238e-05
125.884 9.84599e-05
131.983 0.000101723
122.619 0.000114028
122.007 0.00010586
124.524 9.84988e-05
121.746 9.7651e-05
126.264 0.000100279
125.693 0.000113363
122.628 0.000106094
126.412 9.84668e-05
122.865 9.2907e-05
127.972 0.000114967
126.751 9.6983e-05
125.084 6.69333e-05
126.96 3.86089e-05
122.344 8.63678e-05
126.972 9.90087e-05
115.805 9.67523e-05
126.269 0.000113635
126.292 0.000110314
124.08 0.000107277
126.988 8.37584e-05
122.11 0.000115015
124.525 4.86909e-05
122.836 5.9533e-05
124.951 0.000100344
129.54 9.50392e-05
124.705 6.23642e-05
125.876 9.51961e-05
126.503 8.42804e-05
120.682 8.88076e-05
127.055 3.81094e-05
125.678 9.67771e-05
128.312 9.20326e-05
126.363 0.000101048
125.225 1.77371e-06
125.845 0.0001025
126.088 7.73066e-05
124.937 0.000112219
124.271 0.000102603
125.659 0.000100755
122.178 0.000108396
124.201 0.000103299
125.673 9.86518e-05
122.697 0.000114737
128.948 0.000101898
125.482 0.000101637
124.304 8.55059e-05
125.8 0.000108088
125.505 9.91182e-05
124.415 9.85985e-05
123.351 0.000103111
124.966 9.73556e-05
126.403 9.52005e-05
121.635 0.000103232
125.257 0.000103636
123.606 0.000111337
123.916 9.90723e-05
124.757 0.000106492
123.748 0.000101064
126.914 5.48489e-05
122.983 9.90391e-05
126.174 9.91568e-05
122.221 0.000113636
119.658 0.000101641
121.316 0.000100188
125.966 9.9986e-05
127.706 0.000102222
126.635 0.000101275
123.763 0.000105609
122.708 9.98039e-05
126.138 0.000110026
126.03 0.00010166
124.414 0.000112054
123.748 9.2403e-05
125.63 0.000113628
125.373 0.000101276
125.795 9.77449e-05
125.503 1.15191e-06
124.348 3.7615e-05
126.781 0.000111578
126.327 0.000107323
126.783 9.85512e-05
127.663 0.000103226
115.061 9.33146e-05
125.302 0.000112623
124.786 3.65785e-05
125.944 8.77183e-05
123.623 9.87224e-05
126.637 0.000102113
120.069 9.62654e-05
123.924 0.000111124
125.612 3.80337e-05
123.17 1.53127e-05
124.099 9.76753e-05
124.527 0.000112728
124.278 0.000106212
124.441 7.98274e-05
126.154 0.00011334
124.915 9.80332e-05
119.323 0.000106216
124.898 7.63391e-05
123.558 8.96961e-05
124.849 3.80836e-05
124.913 9.90973e-05
124.75 2.95127e-06
128.355 0.000110936
126.676 0.000103115
126.618 9.92318e-05
126.47 0.000107593
124.449 0.000114411
121.993 0.000103586
125.603 9.86919e-05
124.501 9.76446e-05
124.823 0.000100001
123.228 7.6682e-05
119.219 9.67899e-05
115.831 9.95073e-05
117.993 0.000105929
126.173 9.78312e-05
123.686 9.87551e-05
124.23 9.7602e-05
119.149 9.35747e-05
125.465 4.66893e-05
124.219 0.000107071
126.012 0.000106416
123.89 9.98111e-05
124.246 0.000114068
126.142 9.66953e-05
128.205 9.91004e-05
124.698 0.000102495
125.06 9.7425e-05
126.662 9.82605e-05
126.023 0.00010229
125.88 0.000113706
120.466 0.000110481
125.23 0.000101188
125.618 0.000110096
124.715 0.000100437
127.044 9.43591e-05
125.94 0.000112275
123.429 0.000103537
124.175 0.000104618
125.588 9.86531e-05
125.604 0.00011512
127.609 0.000104729
121.797 0.000100735
121.662 0.000101591
125.492 0.000105779
123.632 0.000112342
126.365 0.000115111
121.484 9.19497e-05
120.058 9.82124e-05
122.976 9.61964e-05
126.059 9.97799e-05
124.601 0.000102881
123.29 0.000110223
124.37 9.93549e-05
121.704 9.80683e-05
125.927 9.59033e-05
124.692 2.97729e-05
124.192 0.000101057
124.298 0.00010328
121.132 9.90051e-05
119.23 2.264e-05
125.675 0.000100748
125.684 1.06375e-05
125.959 0.00010267
123.799 4.82621e-06
124.194 0.000100083
121.744 0.000101272
126.129 0.000100216
125.543 9.88106e-05
126.433 9.06817e-05
125.683 9.98464e-05
123.802 9.97078e-05
126.733 0.00010619
122.888 4.77241e-06
125.041 9.8813e-05
125.733 0.000109607
126.877 0.000117512
116.422 0.000103176
121.738 0.000112923
124.146 9.14504e-05
123.389 0.000100316
124.287 0.000107193
126.633 9.20056e-05
125.22 0.000113646
127.363 0.000112027
125.405 0.000112508
127.188 1.46747e-07
119.091 0.00010236
125.635 0.000103615
127.903 2.12612e-05
124.463 9.8989e-05
124.215 9.71664e-05
124.61 9.7408e-05
123.476 0.000103408
125.199 7.30909e-06
123.942 0.000104674
133.046 0.000103409
120.954 0.000110199
131.672 3.63028e-05
126.378 9.79787e-05
122.873 9.85488e-05
117.01 0.000100427
118.517 0.000100435
123.535 0.000104957
124.754 0.000113179
123.697 9.687e-05
127.218 0.000102107
124.969 0.000110095
125.034 9.02702e-05
126.767 9.75268e-05
123.322 7.43331e-06
122.586 0.000104629
125.554 9.89987e-05
123.471 0.000100375
124.698 0.000104172
124.933 9.87946e-05
124.707 9.50475e-05
119.303 0.00010409
124.467 4.11174e-07
124.92 0.000103682
124.13 0.000102447
125.189 0.000110856
126.14 9.96834e-05
123.641 0.000100789
123.067 0.000111647
124.359 0.000103693
125.118 9.25368e-05
123.989 6.91182e-07
123.248 4.66885e-05
129.494 9.33943e-05
127.613 0.000107559
122.367 9.20712e-05
123.745 0.000102579
127.74 0.000112177
125.369 0.000102092
128.358 0.000102247
116.66 0.000101349
124.475 0.000108167
126.563 0.000111012
124.072 0.000102846
120.418 8.87148e-05
126.542 0.000103029
126.446 7.78047e-05
127.972 9.98252e-05
126.372 9.68219e-05
125.523 9.84127e-05
123.389 9.86585e-05
127.642 0.000100502
121.824 7.23629e-05
124.468 6.76629e-05
123.658 0.000110856
124.102 0.000107907
125.378 0.000100785
125.872 6.90452e-05
125.735 9.02449e-05
125.596 6.90805e-07
121.089 9.81783e-05
122.841 9.95149e-05
124.902 0.000103764
122.98 0.000101225
128.71 2.16105e-05
124.004 9.92779e-05
122.845 0.000103028
126.278 9.4871e-05
125.237 0.000108135
120.688 0.000100646
124.932 0.000109952
124.413 2.92906e-05
127.075 0.000100809
123.417 0.000104401
123.955 9.81438e-05
124.17 9.44951e-05
125.027 0.000100927
126.669 0.000110993
127.597 0.000114254
124.269 0.000106926
124.819 4.79213e-06
124.21 0.000112185
125.268 0.000109278
125.413 9.59478e-05
123.338 4.98041e-06
125.037 0.000101527
122.802 2.91038e-05
125.094 7.69466e-05
125.205 9.71486e-05
124.401 9.86464e-05
121.786 9.65965e-05
123.496 0.000106362
123.637 0.000113501
125.561 9.98429e-05
119.379 2.88403e-06
123.546 0.000104721
124.653 9.20885e-05
125.607 9.81483e-05
123.828 0.0001123
124.74 9.11622e-05
125.604 8.35594e-05
124.175 0.000105462
127.031 2.7201e-05
123.416 0.000100607
123.202 0.000107351
125.149 0.000102139
121.585 9.37399e-05
128.055 0.000101772
125.828 1.91429e-06
125.932 9.94608e-05
116.502 1.87709e-06
126.747 0.000102252
126.786 0.000100753
125.61 9.47416e-05
123.677 2.94529e-06
125.439 0.000102627
123.785 9.70903e-05
124.442 9.93906e-05
125.704 9.83994e-05
118.143 9.75464e-05
126.838 0.000105679
123.813 7.00153e-05
125.241 0.000100165
122.506 0.000100597
122.304 2.12423e-05
126.447 0.000110058
126.08 9.77952e-05
123.71 9.81503e-05
121.511 0.000106726
124.581 0.000100263
125.58 0.00010056
124.746 0.000107996
127.109 0.000101421
124.548 0.00010387
124.99 0.000111454
126.869 9.88211e-05
124.213 0.000103136
126.247 9.79471e-05
121.757 0.000111019
126.179 9.91409e-05
127.998 9.79172e-05
125.178 0.000102176
132.983 9.68307e-05
127.946 0.000100848
122.115 6.72462e-05
125.009 7.71549e-05
122.441 0.000106404
125.193 9.88973e-05
123.08 0.000110505
126.094 0.000104002
123.913 9.8365e-05
121.377 0.000101166
124.538 0.000112705
117.715 7.16597e-05
123.552 0.000108812
124.609 9.98922e-05
126.742 0.000101883
123.215 0.000104233
122.903 4.68883e-05
123.659 0.0001134
123.548 9.4481e-05
125.61 5.80782e-05
125.715 0.000100385
115.05 9.52549e-05
125.246 4.79015e-06
120.874 0.000107926
122.623 4.854e-06
126.218 9.92657e-05
125.698 9.65659e-05
120.048 0.000106579
121.975 0.000105529
125.383 9.92182e-05
129.602 1.15377e-06
122.125 0.000107689
124.004 9.60451e-05
123.546 0.000103274
124.154 9.80152e-05
122.363 8.26536e-05
118.266 4.92779e-05
127.367 9.38155e-05
127.877 0.000106902
120.963 9.64615e-05
121.701 0.000111305
123.956 9.6124e-05
122.513 0.000111322
123.467 0.000101858
125.827 9.57491e-05
123.669 0.000101813
121.621 9.76524e-05
127.535 9.85493e-05
125.709 2.8993e-05
127.955 6.54028e-05
125.161 0.00011019
125.852 0.000106271
125.34 9.94421e-05
125.204 0.000100739
125.504 0.000112711
125.12 0.000111677
124.534 0.000106092
127.29 0.00010438
118.533 0.000106442
124.55 0.000104169
127.507 9.83654e-05
123.586 0.00010675
123.932 2.79552e-05
125.034 9.88612e-05
125.052 0.000102254
126.125 0.000104977
125.773 7.85377e-05
125.197 0.000102813
120.732 0.000108295
125.178 8.8314e-05
125.961 0.000102901
122.846 0.000101811
125.614 9.94154e-05
123.065 9.82443e-05
125.112 9.87102e-05
125.52 0.000105918
118.756 0.000113525
125.722 9.23903e-05
128.007 9.35428e-05
126.592 0.000105749
124.951 9.8709e-05
122.304 0.000100288
124.969 9.95416e-05
125.086 9.83715e-05
127.337 0.000104954
127.965 3.0113e-06
123.718 9.8235e-05
126.646 0.000100156
126.478 0.000105624
116.125 9.98414e-05
122.65 0.000116529
124.777 0.000100757
125.626 1.49099e-07
123.249 9.61611e-05
124.497 9.88361e-05
122.575 0.00010198
125.867 0.00011205
122.376 9.46698e-05
123.268 0.000109752
128.456 0.000105186
126.385 9.60716e-05
123.71 2.92912e-05
121.961 0.000106964
121.777 9.16351e-05
126.831 9.90948e-05
121.885 0.000105798
126.143 1.5554e-05
128.687 9.72991e-05
127.579 0.000111705
124.854 0.000100156
122.293 1.84486e-07
124.22 0.000113644
125.299 0.000104399
117.26 9.43569e-05
125.97 9.95513e-05
118.078 5.68992e-05
125.343 0.000105457
126.218 9.90015e-05
120.524 9.99957e-05
123.01 9.29365e-05
124.64 9.58248e-05
125.675 9.79435e-05
123.631 0.000104524
123.971 9.51441e-05
126.427 1.54848e-05
125.723 9.73451e-05
124.632 0.000101303
126.715 9.69445e-05
123.866 0.000110172
123.419 0.000107013
125.485 0.000105507
123.448 9.85977e-05
124.101 0.000111672
123.903 0.000112124
125.965 0.000100888
124.867 9.67284e-05
122.314 9.86679e-05
121.934 2.90992e-05
123.994 0.000103734
121.618 0.000108386
124.564 9.30164e-05
124.285 0.000105441
127.559 0.000107902
119.538 0.000114517
124.566 8.96458e-05
123.38 9.97472e-05
126.053 0.000109321
117.062 9.98544e-05
122.261 6.82255e-07
127.318 0.000113339
127.889 0.000102715
122.936 0.000101462
122.638 6.38112e-05
123.491 9.73668e-05
125.085 0.000101109
123.024 0.000110557
125.458 0.000110432
125.912 7.66522e-05
124.544 9.84712e-05
126.519 1.082e-05
117.687 0.000110766
123.756 9.90331e-05
124.881 6.24721e-05
123.117 0.000104824
124.533 0.000106604
124.226 0.000103408
125.389 4.71296e-05
118.741 9.78085e-05
125.279 9.96086e-05
125.778 0.000109463
123.852 9.17976e-05
124.104 0.000108357
126.41 9.18396e-05
124.979 0.000101522
125.352 9.92223e-05
124.687 0.000108953
128.016 0.000100397
126.652 7.31287e-06
123.206 0.000103727
123.173 9.90583e-05
124.346 0.000101568
120.892 9.41362e-05
124.601 5.80091e-05
123.773 0.000100019
124.587 0.000112647
125.541 0.000104353
124.367 9.73397e-05
124.675 0.000104141
125.204 0.000107113
122.19 8.73583e-05
124.767 0.000105876
125.54 9.12984e-05
121.416 9.94533e-05
124.914 8.59398e-05
128.066 9.46317e-05
123.691 0.000100808
125.303 0.000108057
124.407 0.000110683
124.181 9.76872e-05
121.732 9.61443e-05
125.976 0.000101166
123.28 0.000108091
126.612 9.92912e-05
125.586 9.50499e-05
124.34 9.22033e-05
123.66 9.94449e-05
124.915 9.32742e-05
126.8 9.83888e-05
124.235 0.000106635
123.627 9.81139e-05
127.225 1.61523e-05
120.844 3.78132e-05
123.707 2.88157e-05
124.686 6.8481e-05
122.146 8.84841e-05
125.39 9.54938e-05
119.853 9.71145e-05
120.578 9.80322e-05
123.407 9.99072e-05
124.842 0.000103842
125.933 0.000101029
122.733 9.86178e-05
124.561 0.000101105
125.704 6.8478e-05
124.874 0.00010082
123.958 0.000101053
125.471 9.96294e-05
126.524 0.00010905
126.717 5.74061e-05
123.544 9.97979e-05
124.974 2.12493e-05
126.481 0.000100744
122.867 0.000100534
119.583 9.9818e-05
123.947 9.85756e-05
123.658 0.00010022
125.348 0.000116259
125.126 0.000102838
126.133 9.82706e-05
124.74 0.000102569
122.87 9.19491e-05
126.855 9.75814e-05
124.634 0.000101739
121.103 9.34201e-05
126.431 9.74881e-05
124.133 0.000108765
123.961 9.43935e-05
125.072 9.96548e-05
122.386 9.1306e-05
125.017 0.000104808
118.294 0.000113858
126.229 2.14714e-05
123.967 9.23783e-05
125.326 0.000110178
123.725 9.65163e-05
125.323 0.000101886
120.529 0.000117032
124.387 0.00010206
123.643 0.000100522
126.98 0.000109938
122.546 2.86238e-05
124.051 0.00010088
126.328 0.000101916
124.649 3.77321e-05
121.907 7.09455e-06
124.302 9.70976e-05
125.267 5.70807e-05
123.131 0.000102023
127.62 4.85067e-06
125.43 0.000100506
124.176 9.70844e-05
126.613 1.5454e-05
123.414 0.000111842
125.819 0.000103282
117.28 9.91585e-05
121.521 0.000102908
123.51 0.000110717
124.079 1.14488e-06
125.355 0.000103712
124.515 0.000106513
122.265 9.87667e-05
125.429 3.79029e-05
123.236 0.000106109
123.033 0.000111667
125.233 0.000104955
124.742 0.000111427
128.383 0.00011176
126.559 1.89501e-06
125.477 0.000100063
119.413 0.000109512
125.134 0.000104336
122.052 0.000103304
126.497 0.000102933
126.148 9.97591e-05
122.963 9.88241e-05
124.984 9.82121e-05
121.544 0.000103062
122.462 0.000101942
119.386 4.31048e-07
123.566 9.83409e-05
116.258 0.00010176
136.287 2.09902e-05
126.224 0.000103471
121.477 0.000101144
123.98 0.000107068
127.381 4.7108e-05
125.991 9.83783e-05
125.318 9.81226e-05
124.97 0.000101401
127.256 0.000112525
124.486 0.000102293
120.646 0.000109948
124.082 0.000112896
124.935 9.81728e-05
126.575 0.000105054
123.94 0.000111018
125.167 9.9841e-05
122.197 9.76414e-05
125.296 0.000111425
124.914 0.000102477
120.848 9.93024e-05
126.268 9.88427e-05
123.933 9.42494e-05
123.676 0.000104422
127.367 0.00011321
125.952 9.80723e-05
126.176 0.000102153
126.525 0.000112222
124.67 9.7598e-05
123.72 9.74419e-05
126.804 9.89938e-05
125.109 0.000112215
124.891 0.000103131
126.152 9.34188e-05
122.673 0.00010021
125.46 9.98332e-05
126.245 0.000102084
124.004 9.93198e-05
125.434 9.48656e-05
125.913 0.000111893
121.275 0.000102741
127.56 0.000111521
124.694 9.97308e-05
124.765 0.000101662
121.676 0.000101972
125.657 9.81494e-05
125.391 0.000112155
125.121 0.000100904
122.874 0.000104877
128.619 0.000110602
124.931 0.000100533
122.336 0.000105189
127.254 0.000116226
116.725 0.000100367
122.42 0.000114305
123.375 0.000101365
125.049 1.10039e-05
126.102 6.61589e-06
125.191 9.92572e-05
122.745 8.92505e-05
117.224 0.000100705
122.794 0.000103982
124.405 9.73076e-05
124.597 9.85928e-05
124.842 0.000100561
127.915 0.000101621
127.083 0.000103466
122.304 0.000109679
116.898 9.66937e-05
125.912 0.00011695
124.921 9.79862e-05
127.004 0.00010363
127.28 8.31446e-05
125.003 0.000103671
123.454 0.000106712
125.454 0.000102036
123.405 0.000112431
125.483 0.000106552
120.658 0.000113093
125.124 0.00011292
124.348 0.000103293
122.857 9.48387e-05
124.366 9.92094e-05
126.065 0.000111624
117.872 9.92605e-05
124.646 6.71454e-05
125.858 9.99658e-05
122.377 0.000102986
124.97 7.74816e-05
124.976 0.000101103
124.726 0.00010641
127.364 9.9671e-05
125.206 0.000100746
127.916 0.000100576
124.879 0.000112744
127.321 0.000100144
126.091 9.9614e-05
128.113 0.00010658
124.594 8.9371e-05
125.745 9.57612e-05
125.339 9.96808e-05
125.789 0.000101269
123.054 2.92394e-05
126.503 0.00011065
123.57 0.000102334
125.054 8.33245e-05
125.836 5.74824e-05
127.517 0.000101496
119.535 0.000100521
122.768 0.000106428
124.21 9.85887e-05
125.691 9.90659e-05
119.848 0.000101383
123.989 6.86826e-06
123.377 8.94933e-05
123.19 8.63643e-05
126.177 0.00011102
122.181 0.000114382
126.996 0.000100728
124.211 9.90808e-05
127.158 9.6721e-05
123.949 0.000111375
124.624 6.6633e-05
121.939 0.000101331
124.344 0.000111986
123.921 0.000100132
124.673 9.86425e-05
130.278 9.9197e-05
123.884 0.000101446
124.505 0.000113893
124.941 9.35398e-05
123.742 9.69245e-05
125.05 0.000101613
124.703 0.000100276
122.37 3.80934e-05
125.88 0.000106008
122.604 9.9155e-05
127.522 0.00010654
122.028 8.47079e-05
125.079 9.97427e-05
125.393 9.83919e-05
125.255 0.000103745
124.941 0.000105516
124.804 0.000102692
126.718 0.000106301
124.93 0.000101914
126.013 9.46562e-05
119.832 0.00010242
123.292 0.000102964
122.381 0.000103892
124.157 6.81947e-08
125.651 0.000113703
126.236 9.38372e-05
124.67 9.97475e-05
127.221 9.90057e-05
125.082 9.92745e-05
124.265 9.93096e-05
126.6 9.97987e-05
123.412 0.000100147
122.792 9.67872e-05
128.208 1.58586e-05
124.739 9.67825e-05
126.561 0.000107117
124.445 9.96345e-05
115.008 9.80945e-05
124.621 4.74027e-05
126.307 6.74067e-05
120.638 9.02634e-05
126.981 9.66895e-05
123.304 9.69866e-05
125.571 9.49257e-05
120.666 0.00010663
122.908 0.000101051
124.447 0.000103994
124.48 0.000106183
125.42 9.82544e-05
121.925 9.93947e-05
124.519 0.000104243
124.982 0.000100947
124.392 0.000112421
125.207 0.000113873
127.151 5.7236e-05
123.622 9.8263e-05
126.973 9.12549e-05
126.135 1.06805e-05
117.909 8.97117e-05
127.169 9.79956e-05
119.301 9.89926e-05
127.693 0.000112828
124.282 0.000115905
124.507 0.000106381
126.842 0.000108171
124.677 0.000100612
125.326 9.82169e-05
120.301 0.000104455
124.67 0.00010238
125.987 0.000111584
119.773 9.88382e-05
124.078 1.4473e-05
127.526 9.85348e-05
124.822 8.49624e-05
125.616 0.000101023
126.527 5.7129e-05
123.976 0.000114131
127.897 9.79254e-05
126.478 0.000104782
126.236 9.96853e-05
125.375 0.000111946
119.716 9.91247e-05
126.268 0.000110061
124.512 0.000107122
126.088 9.98601e-05
124.577 0.000103004
122.175 0.000101284
122.368 9.89409e-05
124.529 9.18311e-05
122.647 2.13004e-05
124.165 6.70029e-05
123.219 0.000107007
125.715 0.000101721
124.69 8.51637e-05
125.709 9.88262e-05
124.028 0.000112627
124.824 9.86289e-05
120.556 9.86826e-05
124.887 8.91866e-05
119.811 0.000105696
124.08 9.72772e-05
123.795 2.87336e-05
124.015 9.74603e-05
125.819 0.00010428
119.323 9.92791e-05
122.091 5.65857e-05
122.838 0.000102782
126.739 0.000114095
126.253 9.90762e-05
120.356 0.000112919
125.12 0.000100376
124.664 9.97875e-05
124.628 9.59477e-05
123.259 0.000100514
123.393 9.21393e-05
126.05 9.75705e-05
121.897 0.00011487
124.524 0.000113136
125.78 0.000100499
121.618 0.000115669
126.873 0.000104375
124.22 7.14738e-06
125.989 6.63848e-05
122.389 9.71486e-05
125.616 9.95633e-05
123.027 9.7823e-05
127.575 9.19463e-05
126.7 9.80454e-05
122.366 0.000101424
122.55 6.75351e-08
124.919 9.82368e-05
125.187 9.78636e-05
124.328 1.07744e-05
122.715 9.74828e-05
124.55 9.27075e-05
126.341 9.41574e-05
124.497 3.0235e-06
122.8 1.91503e-06
126.089 9.19143e-08
124.324 9.93277e-05
128.491 2.02816e-05
127.908 9.42333e-05
124.511 0.000114836
124.884 9.9741e-05
122.443 9.47151e-05
115.584 0.000102256
125.627 9.86803e-05
124.369 9.88699e-05
125.537 9.99948e-05
128.79 1.84958e-06
124.155 0.000100227
123.699 0.000102753
124.665 3.9575e-07
120.688 9.45967e-05
124.366 0.000104789
124.515 6.87052e-08
124.044 7.13757e-06
123.863 8.86322e-05
124.947 9.87644e-05
124.806 9.95557e-05
123.372 0.000109292
124.451 9.77654e-05
126.091 0.000114068
124.61 9.93318e-05
125.255 0.000107905
127.622 8.40861e-05
124.913 0.000100056
124.347 9.86466e-05
125.171 9.73245e-05
122.989 9.93422e-05
126.612 0.00010071
126.606 0.000101874
125.934 9.94258e-05
129.138 0.000101536
124.345 9.37222e-05
123.604 0.000104177
123.706 0.000100004
126.307 9.50124e-05
125.708 9.43082e-05
125.196 0.000101744
125.047 1.54486e-05
126.92 0.000103213
128.015 0.000107582
127.347 0.000103392
125.702 2.11799e-05
125.146 9.70569e-05
125.216 7.38564e-06
126.25 9.72985e-05
125.691 9.9157e-05
123.44 5.67742e-05
122.419 4.67649e-05
123.846 7.30246e-06
126.544 9.7557e-05
122.77 0.000111658
118.01 9.82003e-05
121.024 0.000105307
124.092 0.000106152
126.3 7.64408e-05
126.621 0.000100567
123.51 9.78224e-05
122.208 0.000101341
124.8 0.000112083
126.073 9.62221e-05
124.246 0.00011212
123.527 0.000103019
124.642 0.000104933
124.753 9.97553e-05
124.125 9.65447e-05
124.906 0.000101374
122.837 0.000113876
126.576 0.000112408
122.985 0.000100913
124.587 9.75645e-05
126.825 0.000115952
126.498 0.000106463
124.159 0.000101343
123.927 0.000101663
124.964 0.00010126
124.299 9.76027e-05
127.526 0.000114578
126.157 0.000110071
126.13 0.000107068
124.311 9.97906e-05
125.996 9.123e-05
129.203 4.73894e-05
116.664 7.78553e-05
125.251 9.90466e-05
125.516 9.90334e-05
125.482 0.000102589
125.498 0.000111426
123.812 0.000105034
125.212 9.84962e-05
122.544 0.000109117
120.197 8.87456e-05
123.793 2.97983e-06
121.29 0.000102569
126.318 0.000107396
126.235 0.000115349
123.409 9.70254e-05
119.306 0.000101773
121.241 0.000100212
129.954 8.61036e-05
119.279 0.000111712
124.599 9.82384e-05
122.497 0.000100475
125.333 9.93997e-05
124.879 0.000103551
126.435 8.11164e-05
125.816 9.83086e-05
123.703 0.0001061
125.352 0.000109922
125.553 0.00010265
125.739 0.000113293
125.93 0.000105549
123.255 0.000100494
130.934 0.000112423
123.268 0.000100448
125.2 9.21156e-05
125.831 7.80546e-05
125.988 9.67924e-05
121.534 9.09259e-05
124.799 6.41692e-05
122.05 0.000102322
122.529 9.97386e-05
120.422 9.45777e-05
124.461 9.11501e-05
124.829 1.06534e-06
125.236 2.90335e-05
124.426 9.84224e-05
127.786 9.9112e-05
127.012 0.000106094
124.663 0.000109992
125.192 9.77179e-05
119.02 9.43484e-05
124.393 0.000100386
125.221 9.193e-05
115.615 0.000103965
121.503 0.000111726
122.197 0.000112242
125.387 0.000101303
122.904 0.000105295
123.889 9.73019e-05
123.699 0.000102428
126.196 6.60827e-05
123.829 9.91495e-05
126.955 9.94866e-05
124.472 9.38321e-05
123.188 9.98356e-05
120.106 9.55023e-05
124.455 0.000102167
124.283 2.14429e-05
125.124 8.67492e-05
124.785 9.22856e-05
122.927 0.000105894
124.909 0.000111068
125.266 0.000100929
121.937 0.000106438
125.471 0.000106825
125.353 3.76693e-05
122.617 0.000101682
122.61 0.000111451
123.088 0.000114516
124.42 9.93709e-05
124.856 6.93786e-05
127.287 9.89688e-05
123.655 0.00010065
126.721 0.000101478
124.162 7.78149e-05
124.886 8.25024e-05
125.769 0.000112533
126.754 0.000111206
126.277 9.87779e-05
124.075 8.3865e-05
125.301 9.77153e-05
123.538 9.36961e-05
125.253 9.85089e-05
125.68 9.92375e-05
126.281 0.00010561
123.765 0.000101237
125.325 9.91699e-05
126.491 9.49746e-05
124.903 0.000103442
126.143 0.000101688
126.228 9.33236e-05
126.416 0.000102634
128.708 9.48748e-05
125.108 0.000101551
124.398 0.000104958
123.927 0.00010007
124.021 9.86209e-05
125.089 9.86912e-05
124.064 1.01181e-05
126.788 0.000112952
122.658 0.000107754
124.398 0.000101726
126.168 6.7816e-05
123.863 0.000104201
124.533 7.80286e-05
123.904 8.26309e-05
124.401 7.76217e-05
125.659 9.08046e-05
126.852 0.000103468
124.42 0.000107192
125.9 9.85824e-05
125.909 9.82136e-05
125.613 0.000101368
126.79 0.000112719
124.791 9.86589e-05
125.151 0.000112504
115.962 0.000101269
127.146 1.55208e-05
126.339 1.0544e-05
125.9 9.23252e-05
127.675 8.54354e-05
123.651 0.00010197
126.221 6.82857e-05
124.457 0.000104734
123.808 0.000104352
126.786 0.000104627
124.954 0.000103444
125.346 0.000103877
125.601 0.000109894
124.328 0.000104415
126.651 9.76727e-05
125.992 8.7769e-05
127.05 0.000113066
122.962 0.000103123
125.428 9.8859e-05
132.064 0.000110131
123.815 9.64583e-05
126.002 0.000102727
121.183 9.76377e-05
122.515 0.00010454
123.059 9.90403e-05
123.065 0.000101988
118.473 0.000102807
124.727 0.00011291
123.236 0.000102067
125.913 9.98341e-05
121.112 7.19481e-05
124.931 0.00010162
125.677 9.65324e-05
127.367 0.000112842
124.879 0.00010249
125.125 0.000100103
124.46 9.62203e-05
119.001 4.75261e-05
123.448 0.00010116
126.117 9.79481e-05
122.484 3.72496e-05
125.474 0.000103771
125.933 8.15129e-05
122.919 6.67544e-05
127.289 9.53033e-05
123.575 9.87945e-05
123.154 9.96158e-05
125.499 0.000105909
125.24 0.000105909
128.114 5.98361e-05
120.811 9.96717e-05
126.803 0.000102514
124.677 0.000110578
123.535 0.000101651
130.661 9.4383e-05
126.982 9.89762e-05
125.273 0.000109049
125.149 9.85113e-05
126.076 0.000101402
124.361 1.44551e-05
125.887 0.000102277
125.328 0.00011546
127.078 9.98105e-05
124.182 0.000101982
124.085 0.00011041
117.74 9.80421e-05
123.769 0.000103494
123.881 9.99693e-05
126.149 0.000112466
124.895 9.86289e-05
125.764 0.000113429
123.465 9.827e-05
122.872 3.58288e-05
125.675 9.50847e-05
124.214 7.12033e-06
119.389 9.91198e-05
127.165 9.6881e-05
125.741 0.000100301
128.212 9.62808e-05
123.977 0.000100939
125.43 7.30779e-06
125.262 8.60951e-05
128.554 0.000102107
127.17 9.91046e-05
127.006 3.79074e-05
126.79 8.02441e-05
125.478 8.44468e-05
125.661 0.000114323
123.38 9.29322e-05
124.273 0.000100587
125.253 0.000112869
125.531 0.000102644
124.074 0.000105184
123.375 9.90086e-05
126.219 4.73021e-05
125.646 0.000114611
124.233 9.04976e-05
122.808 9.61997e-05
128.393 0.000103904
129.341 0.000112044
124.613 9.68823e-05
125.127 9.75853e-05
125.167 9.87357e-05
123.659 9.68749e-05
141.165 9.5983e-05
122.02 0.000106847
125.45 9.96812e-05
129.409 0.000112284
123.462 9.60156e-05
126.112 0.000106839
123.807 9.95646e-05
124.7 0.000111797
123.993 9.58533e-05
123.534 9.07371e-05
127.196 9.73874e-05
124.569 9.3586e-05
126.753 0.000103644
125.396 0.000102717
125.59 4.67568e-05
124.679 9.78099e-05
123.331 0.000114819
116.417 9.47037e-05
125.408 0.000102133
122.381 9.79157e-05
128.702 9.71982e-05
126.641 0.000103083
123.332 9.30248e-05
126.209 0.000101832
124.576 0.000100303
126.799 5.71852e-05
125.566 0.00011348
122.608 0.000102339
119.154 2.80131e-05
120.97 9.60634e-05
124.143 9.64938e-05
119.272 0.000113279
123.772 9.80387e-05
124.569 9.7412e-05
123.074 9.83819e-05
121.02 9.80701e-05
123.136 0.000112821
117.768 0.000104052
121.747 9.87252e-05
125.349 6.72614e-05
119.577 9.78695e-05
123.219 7.77909e-05
129.344 7.58066e-05
123.868 0.000118091
125.64 9.32809e-05
123.677 7.23158e-06
124.862 9.96265e-05
125.229 9.86752e-05
125.722 8.59888e-05
123.466 0.000100849
130.691 9.79052e-05
116.437 9.69196e-05
125.164 9.75725e-05
124.742 0.000104012
125.71 9.77816e-05
126.823 0.000102113
124.314 0.000105708
124.194 9.65825e-05
117.827 3.00974e-06
127.663 0.000101415
123.147 0.000113307
119.835 9.23455e-05
124.468 1.55623e-05
125.533 9.61537e-05
126.114 0.000100819
122.412 0.000108293
128.259 9.85356e-05
123.477 0.000110989
126.761 0.000104704
120.71 0.000100606
125.508 6.69079e-05
124.013 9.94923e-05
127.217 9.96263e-05
123.969 1.90508e-06
120.905 8.62623e-05
125.161 9.97895e-05
126.978 5.19686e-06
124.044 1.06224e-05
125.445 9.75785e-05
125.488 0.00010211
130.43 0.000100618
119.54 2.91523e-05
128.658 9.87747e-05
125.362 0.000105436
116.505 9.78069e-05
124.332 9.78405e-05
125.733 0.000110134
124.721 9.21878e-05
121.239 0.000103578
125.356 0.000102756
124.888 0.000117103
120.958 6.21377e-05
119.917 6.24366e-05
123.58 0.000103607
125.147 9.80363e-05
122.574 0.000110788
125.969 9.78706e-05
122.776 9.86564e-05
127.184 0.000112906
127.85 0.000110557
123.015 9.79754e-05
126.884 0.000100338
122.832 9.74417e-05
121.848 9.70772e-05
125.911 9.92677e-05
124.917 0.000102335
126.369 0.000108053
123.953 0.000101485
125.258 4.5497e-06
124.875 0.000103848
118.203 0.000110172
118.649 0.000114228
125.252 5.6e-05
120.365 0.000108149
124.56 0.000112667
122.919 0.000113342
117.04 0.000101029
125.623 0.000101596
127.844 9.30883e-05
123.843 0.000111165
115.834 9.35304e-05
122.95 0.000112008
125.243 6.61126e-05
119.163 9.86449e-05
124.635 9.71649e-05
123.311 0.000102462
123.355 0.000106271
127.219 9.68006e-05
126.772 9.22733e-05
124.435 9.45893e-05
122.892 9.74233e-05
124.307 0.0001042
128.603 0.000113075
125.781 0.000111305
127.264 0.000111022
124.565 0.000102662
127.774 5.7261e-05
126.079 8.47067e-05
118.244 0.000103807
125.562 0.000109236
125.835 9.09072e-05
122.96 0.000104606
124.668 8.77828e-05
121.677 9.73903e-05
126.18 9.71211e-05
125.943 9.61919e-05
125.058 0.000102226
126.529 9.1857e-05
123.368 2.1188e-05
121.612 0.000104665
124.657 9.53194e-05
124.606 0.000107399
128.376 0.000109973
122.798 0.000109522
124.794 9.92684e-05
124.453 0.000114218
125.317 9.74145e-05
127.246 0.000111235
121.94 0.000112524
125.362 1.5631e-05
124.615 6.58068e-05
123.839 9.91367e-05
130.548 0.000107353
126.98 2.95622e-06
128.177 9.42788e-05
124.625 9.83263e-05
123.826 0.000100245
117.636 0.000111052
128.06 2.8939e-05
120.015 9.97533e-05
127.162 0.000102877
124.605 9.89259e-05
121.042 1.13636e-06
124.182 0.000100558
129.674 0.000107853
121.771 9.93818e-05
122.532 9.90091e-05
124.851 2.90457e-05
118.077 9.55514e-05
124.433 9.94859e-05
122.136 9.99304e-05
125.064 8.6053e-05
124.201 9.18939e-05
118.981 0.00010311
124.231 0.000102527
126.473 0.000102906
122.143 9.86756e-05
124.108 9.95973e-05
124.729 7.33347e-05
123.641 9.84798e-05
124.702 9.31492e-05
124.876 9.81665e-05
124.454 0.000108867
124.761 7.20789e-06
122.502 0.000108988
127.868 0.000111859
123.468 0.000101227
125.072 9.82048e-05
124.348 4.72239e-05
125.043 0.000104017
124.147 0.00010274
128.637 9.96068e-05
127.675 9.79474e-05
118.91 9.46233e-05
126.204 9.83997e-05
124.557 0.00010126
122.736 0.000108219
122.189 0.000114059
128.128 9.83824e-05
124.232 9.92868e-05
125.582 9.76944e-05
127.29 6.96047e-05
125.66 9.54017e-05
122.472 9.86881e-05
123.05 0.000105236
123.411 0.000102172
123.046 0.000106619
126.747 9.88377e-05
125.455 0.000101477
125.096 6.69131e-06
121.599 0.000110067
127.206 0.000102851
123.462 9.90208e-05
119.752 0.000101643
125.098 9.86624e-05
124.653 9.98097e-05
126.813 0.000111858
125.053 0.000105551
121.676 9.63285e-05
125.11 0.000112327
125.404 0.00010564
127.368 0.000101694
127.639 9.92853e-05
123.256 7.11302e-06
124.224 6.85954e-07
124.923 1.05794e-05
123.576 0.000114033
122.379 2.31589e-07
123.615 0.000100136
124.996 0.0001152
122.696 9.47801e-05
126.179 0.00010583
124.243 0.000102901
121.91 0.000102502
120.935 9.72664e-05
127.983 9.81771e-05
121.386 0.000104272
124.247 9.56389e-05
125.966 2.78672e-05
126.118 0.000103902
124.849 9.32733e-05
127.124 9.08898e-05
124.662 9.81035e-05
122.866 2.93676e-05
130.704 0.00010237
125.073 0.000103205
118.38 0.000112086
119.335 7.18122e-05
124.592 0.000113867
125.046 9.90945e-05
124.616 9.48274e-05
124.218 0.000101685
122.837 4.88112e-06
124.461 9.81922e-05
125.968 0.000100313
121.98 9.79622e-05
124.496 0.000104691
123.451 0.000101631
127.037 0.000109673
124.03 0.000108078
125.167 9.68372e-05
124.231 9.52347e-05
127.205 0.000101084
118.755 0.000104049
120.523 0.000111227
127.257 0.000103331
123.801 0.000110488
122.821 0.000102235
124.435 9.70444e-05
125.799 6.71391e-05
127.282 6.76005e-05
125.644 9.78237e-05
124.68 6.70842e-05
121.17 9.21228e-05
126.711 9.41799e-05
123.528 0.000100949
119.451 0.00010112
124.929 9.92544e-05
123.261 6.79218e-05
124.539 0.000103347
122.228 5.00868e-05
124.369 0.000110497
117.045 9.9411e-05
125.904 9.86037e-05
126.149 9.77335e-05
125.727 0.000103902
125.246 7.67431e-05
117.125 0.000100303
120.046 0.000107151
124.253 0.000110963
124.816 9.79852e-05
127.48 0.00010563
121.63 0.000103872
124.833 0.000107703
129.644 9.45665e-05
127.177 9.78586e-05
122.795 0.000108809
124.405 0.000112084
124.256 0.000107403
122.708 0.000101342
118.712 9.69676e-05
127.335 0.000104564
122.211 0.000104681
123.343 9.76981e-05
127.317 9.91204e-05
126.193 0.000103541
125.081 9.97524e-05
124.4 0.000102073
122.171 8.66653e-05
129.272 0.000107411
123.596 0.000106316
125.469 0.00010684
119.468 0.000113296
125.05 9.78416e-05
123.578 0.000100328
123.433 0.000101685
123.909 9.7978e-05
126.872 9.74459e-05
125.564 0.000103613
126.518 9.52353e-05
124.499 0.000100806
125.409 0.000109332
124.58 0.000115078
124.752 0.000102042
125.566 9.87039e-05
125.395 9.96721e-05
121.874 0.000114534
119.087 6.99488e-07
124.935 9.7078e-05
125.189 0.00010217
123.584 9.77664e-05
124.946 9.98546e-05
125.669 9.78006e-05
123.64 0.000109987
125.311 9.87005e-05
125.144 9.94505e-05
126.443 9.24235e-05
125.517 0.000109275
126.176 9.9337e-05
124.105 0.000104125
125.955 9.85447e-05
125.573 6.96884e-07
124.072 9.98578e-05
123.367 0.000113189
125.895 2.10305e-05
121.112 0.00011238
125.879 9.7308e-05
127.751 0.000100083
123.751 9.69314e-05
123.907 9.87487e-05
123.185 0.000107532
123.296 9.87886e-05
123.222 9.41133e-05
123.792 0.000102164
128.305 9.72272e-05
124.563 9.86313e-05
123.733 9.54301e-05
125.338 0.000101295
124.549 9.90891e-05
125.859 9.73568e-05
121.517 9.78491e-05
126.284 0.000118017
125.164 9.62365e-05
125.9 0.000105218
120.096 9.94689e-05
124.206 0.000101285
124.958 0.000100155
122.752 0.000100829
124.204 3.83043e-05
125.522 9.83185e-05
122.644 9.86561e-05
123.67 0.000108278
125.248 2.16628e-05
122.842 0.000100444
124.59 9.68263e-05
125.249 0.000111073
121.57 9.73446e-05
123.662 0.000108919
125.684 0.000106068
126.06 0.000113745
124.053 0.00010373
123.373 0.000104455
123.203 7.78741e-05
126.704 9.73361e-05
125.286 0.000103765
122.737 9.97206e-05
123.346 0.000100656
128.541 9.79701e-05
125.371 9.81174e-05
125.121 0.000114724
122.874 0.000103194
124.412 9.94162e-05
122.303 0.000102754
125.989 0.000111697
123.051 2.87626e-05
131.664 9.07837e-05
121.066 9.93352e-05
125.352 0.000104135
121.404 9.94808e-05
123.786 9.8394e-05
125.822 3.0034e-06
125.582 9.81094e-05
122.095 9.91003e-05
126.84 8.99974e-05
124.994 0.000104246
125.151 0.000104869
124.46 9.45419e-05
124.329 0.000113254
126.333 1.04109e-05
125.707 8.54872e-05
124.814 9.57293e-05
125.451 2.92235e-05
124.979 0.000109856
121.343 0.000102843
124.957 9.12522e-05
121.339 0.000112385
133.395 9.31769e-05
123.409 9.88942e-05
127.142 4.78517e-05
124.004 9.48779e-05
124.369 0.00010032
124.594 0.000111645
125.277 0.000111792
123.486 9.32105e-05
122.364 6.9889e-05
125.35 9.52935e-05
126.379 0.000113348
126.048 0.000100157
125.847 0.000101297
121.439 9.66959e-05
124.713 9.90729e-05
124.266 0.00010244
126.288 0.000102114
122.26 0.000103506
125.721 0.000112876
115.519 0.000105511
121.564 0.000100766
123.61 9.99937e-05
124.874 8.56654e-05
127.063 9.60132e-05
125.877 0.000104802
125.678 0.000108055
126.77 9.2311e-05
122.73 0.000103816
122.552 0.000106203
125.696 9.99893e-05
121.129 9.41719e-05
125.608 9.58016e-05
118.983 0.000103018
115.614 6.60306e-05
123.242 0.000105245
126.47 9.62483e-05
127.131 0.000102801
124.471 9.47881e-05
123.348 0.000102454
122.474 8.74823e-05
126.66 9.51348e-05
125.028 8.38486e-05
125.617 0.000100349
128.546 0.000102991
126.093 1.93666e-06
127.941 9.75111e-05
127.086 0.000103805
122.048 9.81523e-05
123.078 9.55437e-05
126.543 9.90252e-05
125.041 9.72442e-05
121.49 5.74519e-05
125.641 0.000104825
124.547 0.000103105
123.892 8.40929e-05
125.077 0.000114605
124.349 9.76841e-05
124.69 0.000100941
123.585 9.92135e-05
126.761 0.000101777
126.584 0.000110137
126.565 1.04235e-05
121.786 9.74889e-05
123.424 9.85583e-05
123.088 7.81225e-05
119.658 2.75296e-05
125.829 0.000112152
125.775 0.000103658
124.757 2.6615e-05
125.591 9.86162e-05
124.229 0.000112685
122.63 9.94075e-05
117.115 0.000102435
129.214 9.93284e-05
125.192 0.000101493
127.732 9.86008e-05
125.783 0.000106913
124.835 9.33039e-05
122.797 0.000103232
125.45 8.14467e-05
126.259 0.000102661
122.934 9.44571e-05
125.196 9.42932e-05
125.448 0.000101098
125.206 9.9955e-05
125.09 9.82791e-05
121.544 0.000102418
126.461 9.89341e-05
125.54 4.33358e-07
124.785 9.95764e-05
124.789 0.00011429
122.573 9.21584e-05
124.996 9.74225e-05
126.626 9.39654e-05
123.566 9.72586e-05
124.04 7.6938e-05
126.461 0.000109289
125.484 9.8464e-05
125.563 0.000103956
122.125 0.000102539
123.874 0.000102064
124.493 9.95377e-05
126.156 0.000102242
116.839 5.72831e-05
127.063 0.000101978
126.057 4.70411e-05
123.349 0.000100112
124.107 6.49049e-05
126.251 0.000104372
126.563 0.000113391
126.865 0.000100837
121.489 0.000109274
125.066 7.16511e-06
129.285 9.71201e-05
125.088 9.66289e-05
121.298 0.000110984
125.486 0.000114615
126.952 0.000101016
123.509 0.000101037
126.047 0.000100622
124.685 0.000102666
124.617 9.95457e-05
125.529 1.9059e-06
123.946 1.14808e-06
124.208 3.79602e-05
125.346 0.000100754
125.565 2.96795e-05
125.857 0.000109361
122.662 0.000100171
125.707 0.000110432
125.473 0.000109821
120.748 0.000102291
116.341 6.80676e-05
121.689 8.5538e-05
125.139 9.8182e-05
123.184 9.85361e-05
124.55 9.97226e-05
123.092 9.40023e-05
124.185 9.28524e-05
125.107 0.000100315
125.061 9.07723e-05
125.587 9.79096e-05
122.413 9.84142e-05
122.434 4.74307e-05
125.398 9.39243e-05
125.984 0.000101515
125.393 -0.000106899
127.433 9.52543e-05
125.261 3.80454e-05
126.553 0.000110295
124.608 9.94517e-05
126.94 9.91727e-05
123.611 9.87946e-05
124.619 0.000112929
124.013 0.000102178
124.178 9.67055e-05
123.632 9.26688e-05
125.54 0.000101496
117.718 8.87205e-05
125.214 0.0001087
126.169 0.000107088
124.675 0.000106329
125.33 9.46193e-05
117.69 9.29457e-05
124.3 0.000101563
123.488 3.81065e-05
125.41 0.000109602
124.938 0.000109313
118.326 0.000103898
125.069 7.57577e-05
124.469 0.000102625
124.236 9.80881e-05
116.642 9.15068e-05
126.684 9.80338e-05
124.544 9.98222e-05
119.046 9.81896e-05
127.919 9.55775e-05
124.367 0.000117567
128.496 0.000100302
124.55 0.000103767
125.266 0.000101746
115.846 0.000110622
122.397 0.00010966
124.624 9.68838e-05
126.071 0.000102706
120.878 0.000111439
125.371 0.000103767
124.241 1.55852e-05
128.255 0.000101046
124.981 9.82877e-05
125.699 0.000101968
128.172 8.64125e-05
122.13 0.000102406
125.939 9.77061e-05
122.777 0.000104668
127.358 0.000102277
122.931 7.16255e-07
123.641 9.2056e-05
125.343 9.70402e-05
120.404 0.000102739
121.974 4.85796e-06
123.841 9.0979e-05
123.616 0.000108969
128.104 0.000112704
123.59 9.67554e-05
116.92 0.000100271
124.088 9.96696e-05
126.795 9.06209e-05
123.314 0.000104712
124.625 9.77947e-05
124.337 0.000101696
123.567 0.000104411
123.236 9.7839e-05
123.209 9.38064e-05
125.272 0.000102326
127.04 6.46216e-05
125.916 0.0001031
125.577 9.90225e-05
127.525 0.000107057
124.734 0.00010006
126.117 0.000105032
123.534 0.000111332
122.134 3.8639e-05
124.37 5.32391e-05
122.728 9.72882e-05
118.618 1.07643e-05
125.993 0.00010492
126.166 9.81554e-05
124.488 0.000103938
126.53 9.71894e-05
127.358 0.000109515
124.46 0.000110719
121.293 0.000101634
128.381 4.94607e-06
122.792 8.27458e-05
123.737 9.98761e-05
125.201 0.000112918
125.409 8.96982e-05
122.111 9.67456e-05
123.83 0.000113133
125.402 9.78441e-05
123.78 9.94287e-05
126.981 0.000101447
125.626 0.000100532
123.893 9.61302e-05
117.584 4.7019e-05
115.655 4.55429e-05
125.624 9.82638e-05
124.996 0.000106674
120.562 0.000107864
125.834 0.00010158
123.62 0.000103117
124.344 0.000102619
122.384 9.77286e-05
127.214 6.80304e-07
124.463 9.95936e-05
121.698 0.000113949
125.308 9.49882e-05
122.464 0.000104953
128.027 0.000109263
125.004 4.69922e-05
121.192 3.8752e-05
124.102 0.000111522
119.897 0.000112254
124.762 0.000100028
124.602 0.000102525
119.723 0.000112009
121.414 9.7509e-05
123.226 0.000112799
123.666 0.000110148
115.008 0.000104525
125.775 9.12185e-05
122.857 9.88258e-05
124.272 0.000105022
126.014 0.000113724
120.673 0.000100189
125.43 9.65857e-05
125.288 9.4519e-05
120.975 0.000101628
124.118 7.35376e-05
123.279 9.53153e-05
122.379 0.000109714
125.368 2.49265e-07
125.001 9.65133e-05
122.372 9.86706e-05
126.164 0.000112175
125.563 0.000107033
122.869 9.36537e-05
123.723 0.000100648
124.395 0.000103212
127.763 0.000110155
123.706 0.000101908
126.053 0.000110904
124.081 2.93377e-05
123.667 9.64435e-05
125.08 0.000110872
118.362 0.000105682
125.334 0.000101414
127.477 9.56831e-05
123.178 9.54178e-05
125.649 0.000113772
123.913 3.79908e-05
123.143 5.77812e-05
123.576 9.92392e-05
127.342 0.000100038
123.781 3.89975e-05
126.703 9.91481e-05
128.046 9.74772e-05
124.785 0.000105405
124.102 0.00010133
122.722 0.000112707
118.28 9.83604e-05
125.517 9.71009e-05
125.286 0.000103756
125.454 9.91379e-05
127.59 0.00010502
126.812 8.68843e-05
125.688 0.000100125
124.742 9.8618e-05
125.041 9.77569e-05
117.582 0.000100466
127.611 9.92369e-05
126.889 0.000114595
125.726 0.000101706
124.67 0.000103575
121.95 0.000111038
124.785 0.00010205
126.474 0.000101928
127.598 6.66046e-05
123.255 8.52377e-05
125.98 0.000106691
125.054 2.92674e-05
124.363 0.000103789
123.749 0.00010333
125.251 9.25716e-05
124.086 0.000100721
125.168 9.83673e-05
122.165 0.000102233
125.797 4.6189e-05
124.208 9.92479e-05
127.306 0.00010821
120.514 6.90167e-07
119.831 0.00011038
122.254 9.24939e-05
125.077 9.72003e-05
124.272 0.000102487
126.295 0.000107693
125.654 9.87738e-05
126.917 5.64099e-05
124.61 0.000112026
124.573 9.71123e-05
124.735 9.88651e-05
123.176 9.65443e-05
125.424 0.00010286
124.751 0.000100863
122.527 0.000102983
125.009 2.15618e-05
125.029 0.000106173
124.493 7.68082e-05
121.795 6.70745e-05
126.138 9.87792e-05
121.985 9.93978e-05
127.142 0.000112565
127.148 0.000100835
125.998 0.000102615
136.763 0.000101404
125.487 0.000105719
132.289 7.58322e-05
123.177 9.89895e-05
124.998 9.75988e-05
120.292 6.95431e-05
121.065 9.74831e-05
123.188 0.000111701
121.906 0.00010497
125.746 0.000103
123.047 0.00011042
123.352 0.000101976
129.186 9.11785e-05
124.85 9.81918e-05
120.162 0.000100615
126.419 0.000112218
125.492 0.000113786
123.276 9.88074e-05
128.032 1.06276e-05
128.975 0.000110151
126.147 9.00757e-05
129.116 0.000100122
124.651 8.89625e-05
122.639 9.53819e-05
128.92 0.000102775
127.025 9.94464e-05
123.067 9.45181e-05
123.959 9.32437e-05
124.408 9.5125e-05
126.226 0.000103185
123.838 0.000102169
125.427 0.000101895
126.267 0.000111235
124.652 0.000100904
125.141 9.89438e-05
124.974 1.15951e-06
124.981 9.86262e-05
119.131 0.000104233
123.171 0.000106819
120.968 5.7433e-05
123.108 0.000116773
126.652 9.97942e-05
126.414 0.000103489
125.103 9.8477e-05
124.9 0.00011238
124.176 9.80037e-05
126.462 0.000100578
124.757 0.00010463
124.007 5.67886e-05
124.78 0.000103575
124.745 9.89665e-05
119.663 9.92899e-05
126.264 0.000103087
123.382 0.000101633
122.317 0.000112534
125.515 9.70103e-05
126.05 0.000110942
122.503 5.72085e-05
125.873 7.66276e-05
122.503 0.000102738
127.809 9.47409e-05
125.298 0.000112989
119.616 9.92902e-05
124.903 9.42117e-05
128.046 0.000101566
124.067 9.63223e-05
121.387 9.90704e-05
123.798 9.18782e-05
124.062 7.09506e-06
122.325 9.79181e-05
124.517 0.000113256
123.508 0.00010459
121.996 9.17287e-05
124.256 9.24357e-05
124.992 0.000100751
123.282 9.93434e-05
123.162 0.000103013
125.587 0.000102641
125.004 8.4582e-05
123.908 0.000112532
125.874 9.5033e-05
126.087 1.15751e-06
123.764 8.31159e-05
125.913 0.000104494
125.215 0.000106822
125.201 9.76003e-05
120.636 0.000110638
125.817 0.000102682
121.913 9.67302e-05
124.057 0.000111527
123.622 9.91528e-05
124.806 9.85968e-05
124.913 0.000104972
126.09 0.000103248
124.862 8.66065e-05
121.469 9.23965e-05
125.391 8.81145e-05
126.419 9.7792e-05
121.669 8.93534e-05
123.752 0.00011242
124.574 0.000101668
125.379 1.90623e-06
126.032 0.000100068
126.277 9.85558e-05
124.632 9.7893e-05
125.054 7.17867e-05
126.14 0.000107831
125.142 0.000109181
127.291 0.000100421
123.185 9.76054e-05
124.994 9.2783e-05
125.989 0.000100768
125.44 2.10081e-05
125.203 0.000100961
119.853 9.88409e-05
124.147 9.90126e-05
126.433 0.000104332
124.753 9.77914e-05
125.942 0.000112902
126.06 9.83205e-05
124.568 0.000103449
128.172 1.39551e-07
125.872 0.000102337
120.122 8.49044e-05
125.379 9.85643e-05
124.838 5.64681e-05
124.904 9.39856e-05
127.325 9.24925e-05
122.774 0.000100791
127.379 9.40002e-05
124.668 9.29856e-05
124.522 9.71793e-05
125.894 3.82872e-05
115.959 0.000112773
126.57 9.7508e-05
126.308 0.000102724
124.861 2.11429e-05
121.454 9.85806e-05
127.358 9.74449e-05
124.438 0.000100386
122.483 9.71869e-05
122.839 9.94261e-05
124.646 0.000102714
122.015 0.000112631
125.276 9.95862e-05
122.101 0.000112224
124.903 0.000100793
124.708 0.000100644
124.971 0.000100033
125.057 0.000110858
125.442 0.000102124
122.709 0.000106645
127.114 0.000102186
124.251 9.73657e-05
122.513 9.25069e-05
121.434 0.000100057
119.719 9.84245e-05
126.818 0.000104232
124.529 6.10661e-05
121.519 9.38063e-05
124.735 0.000102215
125.803 1.36458e-07
125.223 9.90579e-05
125.601 9.94863e-05
125.543 9.98286e-05
124.539 3.80741e-05
126.05 9.64248e-05
123.936 9.27839e-05
124.882 0.000113193
124.887 0.000101142
117.963 9.56024e-05
125.849 0.000102514
123.433 9.28865e-05
123.208 0.000113292
126.732 0.000106588
125.517 0.000105567
125.499 0.000111888
122.709 7.28039e-05
124.055 7.71075e-05
124.382 0.000103614
123.878 0.000100978
121.055 9.82578e-05
126.496 9.98138e-05
124.794 0.000103725
120.524 9.66421e-05
125.229 0.00011033
126.367 9.83609e-05
126.982 6.67382e-05
123.22 0.00010324
129.876 0.000103881
127.303 9.83781e-05
126.375 9.83171e-05
124.729 0.000113058
125.62 0.000101852
126.298 9.10286e-05
124.631 0.000107521
125.302 0.000101431
124.244 0.00010483
124.12 0.000103339
125.063 9.99611e-05
124.829 6.70613e-06
125.453 9.90603e-05
124.299 9.32469e-05
124.764 9.83623e-05
124.622 0.000100306
125.173 2.49267e-07
122.899 9.66549e-05
126.044 9.40316e-05
125.127 0.000107964
123.406 0.000101341
123.39 9.63198e-05
126.147 0.000106055
123.406 0.000102502
125.866 9.76678e-05
126.673 9.28069e-05
124.073 9.97673e-05
124.303 0.000102059
126.522 9.99906e-05
123.466 9.39333e-05
122.456 2.97721e-06
124.515 0.000101319
125.293 8.71693e-05
125.447 2.92545e-06
122.342 9.42437e-05
124.306 9.38111e-05
126.905 0.000103231
123.151 0.000101701
116.05 0.000108348
124.266 1.08904e-06
123.825 0.000100263
118.396 9.25873e-05
124.966 0.000102569
123.679 6.59567e-05
125.065 9.1017e-05
124.014 1.06292e-05
127.205 9.78559e-05
124.131 0.000100024
126.067 9.8673e-05
125.231 0.000104957
127.148 9.88475e-05
122.483 0.000103128
121.691 0.000111231
124.76 0.000100823
133.397 6.98192e-06
127.744 7.30582e-05
122.529 0.000101325
122.537 0.000103442
122.192 5.60303e-05
115.308 9.83738e-05
126.968 9.76019e-05
126.629 0.000102247
125.28 1.87558e-06
126.489 9.52758e-05
125.414 9.86999e-05
126.59 9.98716e-05
128.117 0.000104321
123.761 0.000103756
121.084 8.47445e-05
131.502 9.80977e-05
124.59 9.48616e-05
123.607 0.000102649
125.621 0.00010545
123.491 0.00010269
128.04 0.000110197
122.878 2.15243e-05
125.596 0.000110699
126.043 0.000112281
123.324 1.87297e-06
125.311 9.8377e-05
123.144 0.000100845
125.34 0.000106827
126.035 9.40807e-05
126.761 0.000102098
124.767 0.000110733
123.673 0.000102255
125.822 8.45843e-05
124.765 9.26492e-05
123 9.36613e-05
124.712 0.000103033
116.935 0.000100703
123.946 0.000107881
125.539 9.83962e-05
123.233 0.000103273
123.221 0.000103817
120.945 9.77752e-05
123.78 1.54563e-05
125.321 0.000103453
126.011 0.000104106
120.763 6.58093e-05
126.082 0.000106187
125.771 0.000118125
124.565 9.81447e-05
120.925 8.22848e-05
123.222 0.000102662
124.489 0.00011115
122.77 0.000100663
125.2 0.000111946
122.272 9.77927e-05
122.513 9.85531e-05
125.141 0.000106798
123.175 9.86454e-05
122.759 9.91282e-05
126.186 8.18693e-05
125.261 2.13026e-05
126.067 9.90582e-05
124.431 9.80864e-05
127.895 0.000103524
124.061 9.66489e-05
124.861 0.000112106
124.793 9.83082e-05
125.744 0.000100505
120.71 0.000100288
122.539 0.000101579
127.593 9.43364e-05
124.558 9.63363e-05
123.822 0.000103005
133.88 3.67402e-05
127.181 0.000101053
124.742 0.000101281
124.864 7.63951e-05
127.491 0.000100592
121.926 9.9345e-05
122.026 0.000104554
125.782 0.000102394
122.293 0.000102182
126.114 0.000101708
125.904 9.32547e-05
125.495 0.000107359
123.814 0.00010125
122.187 1.09162e-05
124.326 0.00010058
125.931 9.26741e-05
122.649 0.00010884
125.86 0.000100779
123.393 0.000102954
125.592 0.000112208
122.013 0.000112099
117.183 0.000100866
125.661 9.63306e-05
126.816 0.000113802
126.105 0.000111417
122.135 0.0001064
123.55 7.6549e-05
124.104 9.93311e-05
128.025 0.000108656
127.201 9.08637e-05
125.878 9.80108e-05
124.965 0.000114647
116.31 0.000102166
125.244 3.76572e-05
125.084 9.43153e-05
125.399 0.000102742
125.825 4.79128e-06
124.991 9.79716e-05
119.161 0.000101368
125.289 9.53193e-05
123.733 9.73182e-05
125.973 7.63717e-05
121.799 9.6255e-05
126.626 9.99854e-05
124.378 2.89178e-05
125.36 5.66621e-05
126.158 7.74047e-05
125.096 0.000107014
122.321 1.91877e-06
124.485 0.00010201
123.566 9.78342e-05
129.21 0.000102653
129.23 9.65002e-05
127.069 9.80553e-05
130.092 0.000101766
120.137 0.000108191
125.622 1.51602e-05
121.328 9.04132e-05
124.765 7.4e-06
125.64 9.74122e-05
123.399 9.8354e-05
125.749 8.41818e-05
124.279 0.000104843
124.545 0.000110456
128.368 9.69145e-05
126.85 9.94267e-05
124.699 0.000101538
119.05 9.18116e-05
126.477 0.000112758
126.296 9.60014e-05
125.894 9.9159e-05
124.093 4.82093e-05
125.055 9.87237e-05
125.358 0.000112435
123.658 0.000115579
124.144 9.90895e-05
120.031 9.19931e-05
125.18 0.000111043
126.574 9.79614e-05
124.642 6.36978e-07
124.607 9.4693e-05
119.198 0.000103781
124.778 7.17652e-06
123.819 9.8529e-05
125.855 0.000102396
123.015 0.000108571
120.183 0.000108864
125.447 0.000101276
124.267 0.000115527
126.613 9.80023e-05
123.717 6.91725e-08
125.606 0.000102574
124.873 2.16082e-05
121.202 0.000101914
123.363 9.90403e-05
124.074 9.86847e-05
125.566 0.000112882
125.716 1.92905e-06
124.763 9.89658e-05
124.365 1.91068e-06
126.213 0.000111765
123.165 0.000101548
125.849 3.98028e-05
126.473 9.99043e-05
123.782 0.000101967
123.452 6.9781e-06
124.276 9.98204e-05
124.671 3.78727e-05
127.79 9.93395e-05
123.607 0.000102835
128.147 0.00010424
124.919 9.80641e-05
123.67 0.000104076
124.957 9.10473e-05
126.625 0.000109566
123.228 0.000109341
124.288 9.8232e-05
122.32 0.000116899
125.763 9.90621e-05
123.223 9.52579e-05
124.189 0.00010058
124.365 0.000107435
123.103 9.84046e-05
124.641 0.00010152
126.15 0.000105371
122.075 9.89431e-05
121.25 8.00985e-05
125.649 9.82821e-05
122.984 0.000106388
126.104 0.000112938
125.374 9.90877e-05
128.768 9.87348e-05
124.954 9.96221e-05
123.62 0.000108539
125.297 0.000113634
122.799 9.67718e-05
124.614 0.000104362
124.435 0.000100205
122.157 8.53204e-05
124.258 0.00010025
126.995 0.000100864
124.495 0.000100018
124.47 7.20976e-06
126.392 9.32539e-05
122.949 2.87705e-05
124.86 9.81784e-05
125.774 9.66595e-05
126.892 0.000113566
124.468 9.64609e-05
125.063 4.45121e-06
123.26 0.000112848
125.955 0.000102874
125.361 0.000103626
122.786 0.000100166
126.388 9.8983e-05
125.324 8.39532e-05
124.385 0.000104976
122.885 9.75896e-05
125.148 0.000102089
119.672 5.33174e-05
124.665 9.79849e-05
123.5 0.000102217
116.973 0.000100944
123.078 9.99679e-05
123.919 0.000103985
124.64 9.73384e-05
128.655 9.7653e-05
123.492 9.88517e-05
125.841 3.02014e-06
124.095 9.91599e-05
124.805 0.000110922
124.544 2.91593e-06
127.597 0.000112113
126.322 0.000101087
125.219 9.90384e-05
126.508 1.05493e-05
126 0.000106977
123.058 0.000114005
124.758 0.000101396
125.051 0.00011116
123.797 0.000100679
125.24 7.4361e-05
128.508 0.000113409
122.436 9.86201e-05
123.762 0.000108041
124.399 9.56799e-05
124.32 0.000111174
122.295 9.39809e-05
123.392 0.000107634
123.631 0.000100184
126.038 9.80573e-05
123.096 7.07423e-07
125.942 0.000110743
123.066 9.86564e-05
123.621 0.000107487
118.105 0.000112423
124.368 9.30112e-05
125.167 0.000100686
123.952 9.75044e-05
123.617 0.000108303
123.457 9.4915e-05
126.584 9.64132e-05
125.292 0.000108079
123.846 9.95432e-05
116.931 0.000103963
125.966 9.7753e-05
125.615 0.00010056
126.101 0.000101671
123.953 7.7887e-05
127.609 9.80636e-05
123.617 0.000111594
123.39 0.000102179
121.103 0.000106533
126.322 0.000106041
126.726 1.54525e-05
125.274 9.8541e-05
123.749 0.000100664
120.631 9.94018e-05
126.74 0.000110856
123.938 9.2968e-05
123.083 4.73124e-06
123.407 1.05391e-05
122.947 9.83542e-05
124.782 0.000103141
126.515 0.000101085
127.288 0.000117485
126.401 0.000104283
126.014 6.79338e-05
124.318 0.000100674
127.285 0.000107104
124.917 5.87258e-05
120.974 5.88831e-05
124.595 1.52743e-05
124.428 0.000106486
128.066 9.52912e-05
126.725 9.73352e-05
124.524 9.55732e-05
123.82 0.000106971
123.77 0.000111743
124.617 0.000116492
124.123 0.000116757
121.615 0.000105693
130.833 0.000105794
124.355 9.63325e-05
123.555 0.000100257
124.99 0.000106328
124.208 0.000101503
124.469 0.000102024
124.568 9.94862e-05
124.453 9.785e-05
123.409 1.9833e-05
125.265 0.000101162
123.918 0.000106181
128.153 0.00011081
123.777 0.000114303
124.124 9.82957e-06
125.158 9.17172e-05
125.714 1.54996e-05
126.795 5.68626e-05
125.806 0.000105402
126.115 2.50664e-07
126.096 9.7562e-05
124.416 0.000109594
122.629 5.4192e-05
125.06 0.000105222
126.061 0.00010649
123.882 0.000112995
123.669 0.000111711
124.774 8.99461e-05
117.477 8.50298e-05
126.097 7.13047e-06
121.908 9.16716e-05
125.62 0.000101854
123.795 9.59192e-05
120.506 9.5494e-05
126.85 0.000101232
124.239 9.76055e-05
125.365 9.8877e-05
122.607 3.48974e-05
121.933 0.000102851
121.197 2.15223e-05
125.183 9.93775e-05
118.074 9.43983e-05
126.151 9.32038e-05
122.304 6.63339e-05
122.159 9.83651e-05
118.684 0.00010227
124.861 9.94171e-05
123.387 9.69059e-05
129.457 0.000102936
124.587 7.95645e-05
123.529 0.000100589
124.345 9.32349e-05
125.177 0.000112929
124.921 9.36621e-05
124.287 0.0001003
124.836 9.84879e-05
125.658 9.47432e-05
124.325 8.41451e-05
122.327 0.000113848
125.239 0.000104253
124.522 9.00774e-05
126.726 5.75139e-05
126.42 0.000102972
126.06 9.32517e-05
128.251 9.86656e-05
124.939 9.85082e-05
124.229 0.000104504
124.29 9.99625e-05
124.679 0.000112009
125.141 0.000111497
125.049 9.78176e-05
124.462 0.000102272
127.223 9.57775e-05
125.384 1.51838e-05
121.96 0.000114026
126.534 0.00010473
123.845 9.09979e-05
125.968 0.000102063
116.121 9.70684e-05
121.834 0.000100449
124.802 9.02889e-05
123.775 9.88493e-05
125.305 9.91918e-05
124.059 9.94911e-05
122.403 5.70116e-05
127.87 3.00423e-06
116.975 0.000101979
125.065 0.000116736
124.572 9.83837e-05
127.704 7.36016e-06
123.526 0.000102787
125.646 9.77699e-05
125.566 0.00011056
122.656 8.97045e-05
125.025 9.70122e-05
124.827 9.87799e-05
126.615 9.84128e-05
119.534 9.98169e-05
123.974 0.00011339
126.368 9.6415e-05
126.589 9.79913e-05
123.785 0.00010154
116.304 9.20519e-05
124.169 0.00010208
125.697 0.000101759
117.884 3.78518e-05
123.343 9.51805e-05
129.445 0.000103572
125.527 8.48113e-05
126.213 0.000112192
126.028 9.79455e-05
123.026 0.000103114
125.024 9.84608e-05
126.056 4.92352e-06
124.571 9.91756e-05
127.693 8.89371e-05
122.028 9.08944e-05
121.077 9.84694e-05
126.991 0.000105369
