126.286 9.63429e-05
125.421 2.1316e-05
123.822 0.000103535
126.872 9.71917e-05
123.504 9.96236e-05
123.116 0.000104314
126.579 0.000103334
125.266 9.17761e-05
126.442 9.8986e-05
125.924 9.50669e-05
123.851 0.000102111
125.358 0.00011388
123.616 0.000113473
125.044 7.67619e-05
122.825 0.000101733
125.534 9.73292e-05
124.232 0.000100194
117.425 0.000100857
124.84 9.95506e-05
124.98 6.60478e-05
117.836 9.92791e-05
124.11 9.78909e-05
124.222 3.81475e-05
125.752 5.33174e-05
119.864 2.99758e-06
124.417 9.81008e-05
124.774 9.28232e-05
126.861 0.000101957
120.68 6.9558e-06
124.312 4.72336e-05
124.391 9.88595e-05
124.544 2.92391e-05
125.075 0.00010482
124.396 0.000111142
117.586 9.85012e-05
124.394 0.000113506
124.488 2.93954e-06
124.644 9.81607e-05
125.015 0.000102076
120.502 9.77481e-05
123.991 8.5547e-05
126.176 9.7457e-05
123.988 0.000103292
125.569 9.99472e-05
126.3 0.000102922
119.248 9.52574e-05
126.436 0.000103467
125.587 0.000101552
126.654 9.85555e-05
122.986 9.9131e-05
125.096 0.000107948
122.572 9.9048e-05
122.358 9.84754e-05
125.038 0.000111202
126.212 0.000100133
125.637 9.71773e-05
119.201 9.59481e-05
122.78 0.000102039
125.262 9.77594e-05
123.315 2.92114e-05
124.956 0.000113034
121.655 9.84317e-05
123.399 9.77711e-05
124.418 9.95269e-05
123.241 0.000100701
122.732 9.88304e-05
126.466 4.73713e-05
126.108 9.82392e-05
125.509 9.99488e-05
122.854 0.000105417
125.227 9.96129e-05
126.235 9.89994e-05
119.835 0.000102477
125.148 0.000112477
125.372 9.71941e-05
123.419 1.53554e-05
125.821 0.000107581
126.623 0.000101661
123.179 9.85437e-05
124.21 0.000104794
124.581 0.000106219
125.299 0.000103569
125.7 9.95501e-05
125.494 0.000110005
125.197 0.000107665
123.679 0.000110667
121.352 9.96184e-05
123.242 0.000100265
124.34 0.000102547
123.523 9.79677e-05
122.195 0.000113196
121.917 0.000102859
122.295 0.00011516
123.628 0.00011367
126.081 9.97205e-05
125.438 0.000112452
119.919 0.000111017
120.799 0.000100676
122.453 5.52656e-05
124.622 9.86121e-05
123.889 0.000110732
126.154 0.000102456
124.916 2.97987e-06
123.261 9.9413e-05
121.933 9.9836e-05
125.207 9.38495e-05
124.481 0.000114421
124.959 9.84539e-05
126.168 0.000100165
124.071 0.000115005
124.909 9.99026e-05
124.375 0.000110994
124.682 9.81022e-05
126.064 0.000108528
121.162 1.55463e-05
125.476 0.000108347
119.565 2.96173e-05
123.402 0.000112641
125.179 9.77037e-05
124.634 9.85653e-05
126.375 9.86462e-05
123.719 0.000101541
122.245 0.000112296
125.767 0.000103662
125.211 0.000100944
121.319 9.54868e-05
125.694 0.000113135
124.497 0.000100686
123.758 0.000101629
123.395 0.000110161
126.104 0.000104691
124.869 0.000110915
122.636 0.000100297
124.916 9.91148e-05
121.169 0.000100565
123.847 0.000101139
125.138 6.78077e-05
125.666 7.72457e-05
120.359 0.00010683
127.22 3.86987e-05
117.137 9.88117e-05
124.958 0.000111884
120.569 0.000100754
123.752 9.8038e-05
125.024 0.000101097
124.661 0.00010098
126.12 0.000108988
124.775 0.000101601
124.387 9.72794e-05
128.276 0.000116272
122.708 0.000111349
124.301 0.000100085
123.81 0.000103672
123.199 9.90742e-05
126.455 0.000101675
118.294 5.03825e-06
125.559 9.76828e-05
123.197 9.55774e-05
123.24 0.00010082
124.872 9.64974e-05
124.678 9.99937e-05
124.966 0.000114611
125.635 0.000103832
124.891 3.7572e-05
126.493 0.000112654
127.469 0.000106646
119.09 0.000111753
122.766 0.000102206
125.061 0.000111867
123.655 9.93332e-05
122.518 9.94699e-05
123.308 0.000112911
119.652 0.000103185
126.248 0.000107882
123.07 9.86222e-05
123.821 8.00127e-05
128.352 1.51252e-05
123.008 9.88581e-05
125.746 0.000102644
128.355 9.86424e-05
122.803 0.000108019
124.239 9.66635e-05
124.56 0.000100291
123.488 0.000100311
126.23 5.75067e-05
127.249 9.93216e-05
126.291 0.000104374
124.024 0.000113752
125.034 9.88455e-05
120.876 9.77249e-05
126.883 0.000111298
117.232 0.00011173
125 0.000107063
124.863 4.79508e-05
121.763 9.71004e-05
125.332 9.81357e-05
123.775 5.67403e-05
123.901 0.000103089
122.956 6.67684e-05
125.961 0.000101302
122.924 9.72647e-05
123.546 9.85882e-05
125.97 0.000101472
119.019 9.92354e-05
125.31 1.15232e-06
125.638 9.84084e-05
125.856 9.88598e-05
123.42 9.85969e-05
121.602 9.95302e-05
124.054 9.23403e-05
122.954 0.000106737
124.112 0.000105506
125.016 0.000101723
125.184 0.00010123
125.286 0.000100267
124.615 9.14698e-05
121.438 9.70227e-05
125.084 9.96689e-05
125.811 1.07127e-05
125.278 9.9412e-05
123.981 0.000105108
125.915 0.000110162
125.564 0.000102145
126.148 9.79779e-05
124.268 9.81135e-05
125.656 0.000100204
123.473 1.55153e-05
124.384 9.03531e-05
125.391 0.000108751
124.68 9.24097e-05
127.129 5.80809e-05
124.494 0.000113728
120.494 0.000100216
125.019 9.94049e-05
125.586 3.71791e-05
123.975 0.000113445
123.099 9.95687e-05
127.32 0.000103836
125.316 9.9483e-05
124.666 9.74375e-05
117.38 9.23805e-05
125.597 0.000100899
126.033 2.90361e-05
123.005 0.000102524
126.678 0.000100962
125.114 0.000113952
121.194 9.56092e-05
123.066 9.94889e-05
125.384 0.000100105
124.084 0.000104072
126.411 0.000100508
116.386 0.000103119
123.353 0.000103246
126.64 9.87292e-05
126.882 7.70279e-05
126.752 0.000101319
125.937 9.89799e-05
123.425 9.82912e-05
124.728 0.000104881
124.323 0.000101231
123.107 0.000100788
122.375 2.97024e-06
124.763 0.000114262
122.426 0.000109712
122.967 9.22334e-05
116.282 9.79158e-05
125.9 0.000103545
122.351 0.000101147
123.744 0.000109641
126.068 9.12881e-05
124.821 9.78671e-05
127.918 0.000111241
124.031 0.000106918
125.33 0.000112915
126.917 7.76323e-05
124.188 9.93098e-05
121.128 9.79342e-05
122.23 0.00011358
123.796 0.000104123
123.304 0.000103461
122.712 9.97198e-05
126.454 0.00010131
125.815 9.71518e-05
125.31 9.84234e-05
124.892 9.41786e-05
124.021 2.95793e-06
123.958 0.000103105
125.312 9.2458e-05
119.526 9.97073e-05
124.689 0.000103728
122.33 9.70503e-05
124.186 3.81336e-05
125.31 9.78888e-05
125.148 0.00010202
123.4 0.000114281
126.163 0.000102726
126.897 9.92015e-05
124.97 0.00011199
125.229 0.000106695
125.436 0.000104905
126.538 0.000101116
123.636 0.000100485
119.675 0.000109161
127.305 0.000103618
121.966 9.75087e-05
121.704 9.9866e-05
126.396 0.000102624
125.574 9.69005e-05
125.939 1.15067e-06
125.109 0.000110395
125.354 0.000100618
122.967 9.41323e-05
126.833 0.000102441
124.109 0.000112635
123.919 9.83153e-05
120.962 9.92212e-05
126.557 4.77334e-06
126.739 9.9259e-05
126.295 8.84991e-05
123.878 0.000100159
126.999 9.87274e-05
125.37 8.40901e-05
125.854 9.40048e-05
124.054 9.93968e-05
124.246 9.82144e-05
123.297 0.000112767
121.728 9.59164e-05
125.47 0.000101367
129.001 9.78073e-05
122.013 9.58909e-05
124.177 9.96443e-05
125.902 9.83012e-05
122.287 0.000113298
127.421 0.000100787
124.24 9.51451e-05
125.522 0.00010472
123.2 0.00010089
120.364 0.0001071
121.986 9.75317e-05
119.192 0.000102722
124.971 9.87087e-05
124.993 7.76755e-05
122.495 9.99354e-05
127.443 0.000102063
126.047 8.37348e-05
126.161 9.83464e-05
124.315 6.67702e-05
122.777 0.000107984
124.311 0.000101991
127.208 0.000104645
124.74 0.000100301
123.926 0.00010403
123.63 9.64846e-05
123.448 0.000100755
121.457 0.000101874
124.489 0.000100563
126.458 0.000103668
123.707 9.76592e-05
121.666 0.000103261
125.662 0.00010216
123.448 9.66637e-05
134.106 0.000105548
124.371 1.57161e-05
127.319 9.86895e-05
126.075 0.000102947
124.27 0.00010821
124.904 0.000110204
125.1 0.000102199
122.75 0.000111594
124.145 0.000111962
126.371 0.000102008
126.352 0.000110684
126.74 9.4666e-05
123.363 9.35857e-05
123.936 0.000101669
119.236 9.94164e-05
125.012 9.85714e-05
124.034 0.000102471
125.342 1.09234e-05
125.327 2.12629e-05
124.129 0.000115474
123.182 0.00011095
126.328 9.89687e-05
125.338 0.000108391
126.775 0.000102605
124.272 0.00011075
122.724 8.37559e-05
122.722 9.87775e-05
123.997 9.00687e-05
125.738 9.71668e-05
115.749 0.000100168
125.516 0.000104451
124.41 0.000111388
125.971 9.99654e-05
123.931 9.98996e-05
123.42 0.000108576
124.178 0.000105146
126.099 9.93784e-05
125.609 0.000101793
123.124 0.00010852
126.946 7.52564e-05
123.254 1.90708e-06
124.537 9.22918e-05
126.362 9.74122e-05
126.897 9.83658e-05
125.042 9.58858e-05
125.676 0.000103909
124.158 5.77596e-05
124.969 2.15047e-05
124.579 9.71863e-05
126.013 6.7298e-05
122.466 0.000102364
126.138 9.83622e-05
126.124 7.63813e-05
123.478 9.19546e-05
127.681 0.000112293
124.889 9.85892e-05
125.896 0.000111584
123.539 2.1776e-05
127.757 3.58103e-05
120.006 9.90757e-05
125.799 9.91127e-05
126.863 0.000101853
123.807 2.12888e-05
124.935 0.000106683
127.195 0.000104585
123.714 0.000100349
126.114 6.76366e-05
124.774 9.87989e-05
125.964 9.97343e-05
122.129 9.69765e-05
123.97 0.000107739
123.99 0.000112729
122.25 0.000100064
122.335 0.000108087
125.804 8.56668e-05
124.69 5.80415e-05
124.547 0.000103773
122.391 0.000102274
121.862 0.000112232
126.992 0.000101369
124.915 0.000109425
120.997 9.85572e-05
127.862 8.59604e-05
127.312 0.000101353
122.914 8.57981e-05
125.422 0.000110261
126.629 0.000107584
125.188 0.000103809
123.38 9.99454e-05
125.368 7.56673e-05
123.944 9.98782e-05
124.271 9.83688e-05
124.935 0.000104198
125.226 9.76496e-05
126.116 9.85525e-05
125.433 0.000106756
124.682 9.75521e-05
125.212 9.76107e-05
122.085 0.000104292
124.633 0.000103485
123.424 0.000113576
122.377 6.66386e-05
125.849 4.79073e-06
125.655 9.90996e-05
121.757 9.92135e-05
124.216 0.000106269
125.633 0.000103094
123.922 9.35197e-05
121.848 0.000103412
129.167 9.61335e-05
125.288 0.00010237
124.764 0.000112863
117.442 9.99477e-05
120.961 0.000107569
126.644 0.000112154
124.211 9.02371e-05
127.782 0.000101461
126.137 0.000103951
124.47 9.55793e-05
124.563 9.30878e-05
124.833 9.95489e-05
124.106 0.0001136
125.341 0.000101126
127.127 0.000112684
122.951 9.21073e-05
121.333 6.8011e-05
125.198 1.53275e-05
123.418 0.000104036
124.427 0.000101292
122.952 0.000102877
124.06 0.000109331
119.999 0.000110981
125.794 0.000113448
124.973 9.94432e-05
124.504 0.000100459
128.277 0.000106115
124.933 0.000114319
124.256 0.000102833
124.818 9.71243e-05
126.74 9.20404e-05
124.234 9.88305e-05
124.575 9.81477e-05
127.231 0.000103146
126.25 4.67701e-05
126.039 0.000112666
122.259 7.59225e-05
125.557 9.89161e-05
116.184 0.000102765
124.632 9.86509e-05
126.296 0.00010004
123.035 0.000112258
124.912 9.69508e-05
116.966 0.000107654
123.591 0.000105032
123.589 0.000114024
123.863 0.000109351
129.874 9.84061e-05
123.771 9.74341e-05
121.415 9.54946e-05
119.746 0.000102945
120.853 0.000107
123.357 1.044e-05
127.062 9.94461e-05
121.653 0.000112834
123.547 0.000103208
127.852 6.77643e-05
123.854 8.77849e-05
124.593 3.80224e-05
125.233 0.000107632
122.06 9.82767e-05
125.799 9.83732e-05
123.995 0.000101052
121.997 9.25663e-05
122.059 0.00010211
123.673 0.000111951
123.847 9.8441e-05
125.828 0.000104744
125.601 9.70814e-05
123.362 6.65755e-05
124.925 9.74659e-05
125.591 5.65301e-05
124.844 9.85736e-05
127.651 9.83102e-05
125.42 0.00010066
125.01 0.000102443
128.089 7.23246e-05
124.761 0.00010419
126.139 0.000113101
117.923 9.88814e-05
126.472 0.000105735
129.535 4.74743e-05
127.945 5.7483e-05
124.626 9.85671e-05
131.197 0.000105
124.147 9.9206e-05
124.99 9.75867e-05
121.711 9.694e-05
123.718 9.92847e-05
117.804 8.44054e-05
125.169 0.000114
122.764 0.000110046
132.992 5.62614e-05
127.65 9.95761e-05
123.917 9.95557e-05
122.105 9.9619e-05
124.801 0.000114384
123.767 4.66419e-05
123.989 0.000100733
124.719 0.000100235
125.045 9.69244e-05
128.549 9.88215e-05
123.947 0.000104059
125.574 0.000100743
127.279 0.000101916
122.906 0.000100261
118.693 0.000100194
121.761 0.000102798
126.765 9.67852e-05
124.484 7.60617e-05
125.726 9.95575e-05
125.572 0.000114599
121.065 0.000108441
119.927 9.7893e-05
124.027 9.70662e-05
120.558 0.000106257
126.728 0.000103576
125.283 0.000112366
115.434 0.000112242
126.967 0.000101526
124.878 9.79035e-05
126.138 7.67474e-05
126.51 0.000113008
123.661 9.81239e-05
125.252 9.83098e-05
121.965 0.0001047
125.001 9.83304e-05
125.402 0.000111468
126.218 3.77286e-05
124.929 9.79879e-05
122.629 9.96413e-05
123.066 9.99616e-05
124.538 9.94048e-05
124.288 0.000100047
124.508 0.000101907
125.82 4.74957e-06
124.288 0.000112034
126.632 4.75053e-06
122.969 -0.000114694
125.468 9.76275e-05
123.797 0.000107201
124.413 0.000115809
124.414 7.35197e-06
124.078 9.80914e-05
124.541 8.49549e-05
127.06 0.000111718
125.269 0.000103876
125.7 0.000111578
119.087 0.000110572
124.363 0.000117379
127.136 9.9196e-05
126.837 0.000111706
122.4 0.000112581
124.769 9.0389e-05
127.3 9.9112e-05
124.739 0.000111601
119.123 3.04394e-06
124.484 0.000112141
126.268 9.94205e-05
125.385 0.000102672
127.176 0.000115088
125.706 0.000111642
127.348 9.85108e-05
124.854 9.97435e-05
122.884 2.95504e-05
124.047 0.000101521
123.375 9.67227e-05
122.289 0.000100348
124.158 3.04493e-06
125.139 0.000102428
125.703 0.000110147
125.036 0.000103238
127.284 0.000100135
125.888 9.69088e-05
125.854 9.94733e-05
124.54 4.17331e-07
125.593 0.000101541
125.268 9.79909e-05
123.194 0.000100915
125.167 0.000102587
125.379 9.96037e-05
124.23 7.8001e-05
126.509 0.000101499
124.729 0.000101619
124.796 0.000103001
127.475 9.9533e-05
126.432 6.99651e-08
125.713 0.000110988
125.031 0.000101552
122.906 9.92822e-05
124.795 0.000103441
127.768 9.82265e-05
125.847 0.000105635
122.16 0.00010069
125.059 0.000102129
121.034 0.000100899
126.334 0.000107635
127.416 9.95658e-05
118.431 6.34948e-08
125.516 9.71946e-05
125.071 9.98854e-05
124.212 9.94754e-05
126.335 0.000100382
124.339 0.000104934
125.489 9.8562e-05
123.89 0.000102348
122.181 9.88888e-05
125.219 9.92387e-05
124.894 9.90146e-05
126.841 0.000101079
123.646 0.000112523
126.777 9.82077e-05
125.355 0.000101232
122.547 0.000100376
123.703 0.000100785
126.552 7.30052e-06
125.517 9.96945e-05
126.28 9.71621e-05
120.31 0.000101491
123.726 0.000109631
125.881 0.000104185
124.634 9.75579e-05
124.732 9.66755e-05
126.54 0.000102781
122.211 0.00011193
125.3 0.000107448
124.918 0.000100957
124.089 0.000100412
126.679 2.95363e-05
125.164 0.000105929
124.636 0.000112369
122.143 4.32109e-07
123.743 9.42259e-05
125.067 6.7811e-05
126.184 9.75239e-05
126.509 0.000100552
126.435 4.79615e-05
122.914 0.000101999
122.847 9.4199e-05
126.335 3.97129e-07
125.818 0.000101239
124.316 0.000111884
125.076 0.000108022
119.922 9.74951e-05
124.171 9.78118e-05
125.198 0.000100831
125.188 9.01302e-05
126.035 6.83346e-07
120.244 3.80306e-05
123.17 9.10185e-05
127.075 6.67805e-05
126.775 4.79473e-05
124.422 6.66752e-05
125.763 9.83943e-05
126.944 0.000112968
121.065 0.000112881
126.341 0.000103869
126.784 6.71031e-05
124.357 0.000108262
126.42 9.87408e-05
122.789 0.000101408
125.305 0.000104338
126.215 9.78391e-05
124.067 9.42271e-05
121.814 9.91711e-05
124.616 6.79775e-05
125.235 9.87842e-05
123.789 9.51137e-05
124.559 0.000106102
126.043 9.38388e-05
128.901 0.000109932
116.595 9.93094e-05
126.996 9.41698e-05
124.339 0.000105649
124.96 9.61154e-05
123.59 0.000110255
126.364 1.41797e-05
127.818 9.58341e-05
125.354 8.62924e-05
120.279 0.000112757
123.081 0.000105108
123.514 4.68974e-05
124.894 0.000109104
122.786 9.91896e-05
125.576 8.96946e-05
122.506 9.74694e-05
126.135 8.59186e-05
121.031 9.18077e-05
124.695 0.000101965
124.579 9.97501e-05
124.446 0.000100593
127.148 0.000103058
121.926 0.000102165
127.429 0.000113592
124.702 9.7982e-05
122.789 0.000112121
124.57 9.3893e-05
126.517 7.21629e-06
115.828 0.000114482
125.302 9.21108e-05
126.62 0.000113244
120.055 0.000106869
124.028 0.000112673
124.769 0.000107484
124.9 9.7634e-05
125.661 0.000103516
127.235 9.93268e-05
123.289 9.97115e-05
123.477 0.000107772
125.259 0.000110223
126.537 9.44453e-05
125.34 0.000100126
128.027 6.40937e-08
124.703 9.99605e-05
124.322 0.000100435
124.953 9.96369e-05
124.909 8.54189e-05
119.908 0.000111683
119 0.000103223
125.596 0.000103521
126.773 9.72639e-05
123.138 0.00011198
124.808 8.63184e-05
123.804 0.000100171
125.475 0.000113765
123.399 9.80367e-05
124.675 9.83647e-05
125.886 0.000103219
119.643 9.93322e-06
116.166 0.00010192
124.097 9.88017e-05
124.787 0.000108918
126.42 5.64756e-05
127.139 6.63183e-05
123.778 0.00011356
124.66 0.000102745
125.029 0.00010142
123.834 9.73687e-05
124.584 5.69562e-05
125.287 0.000110742
125.031 0.000111938
124.081 0.000100009
121.676 9.79486e-05
126.232 0.000102576
124.6 0.000105572
118.769 7.77196e-05
123.764 0.00011204
125.071 9.76812e-05
124.357 9.88026e-05
125.082 9.99906e-05
119.547 0.000102122
124.912 9.70617e-05
125.098 2.45175e-07
124.775 0.000108143
119.509 9.83383e-05
125.026 9.91254e-05
127.65 0.000102962
123.962 0.000100475
120.657 0.000112108
124.008 6.74944e-05
121.42 9.96034e-05
123.908 8.57455e-05
125.941 0.000101972
125.376 0.000113555
123.236 9.90349e-05
124.526 9.79898e-05
128.265 9.66198e-05
124.119 0.000112936
123.377 9.88482e-05
124.285 0.000110505
125.851 0.000105675
125.908 0.000106701
125.646 0.000102401
126.865 0.000102992
125.704 0.000112177
124.195 0.000102974
126.579 9.96277e-05
125.33 0.00010878
124.363 3.81444e-05
124.061 0.000112065
126.786 0.000111363
124.239 8.1712e-05
125.385 0.000110998
126.128 0.000113182
130.834 0.000104124
125.85 9.98425e-05
127.01 2.95089e-05
123.654 0.000103016
122.618 0.000104017
125.829 9.79354e-05
123.8 0.000100444
124.389 0.000113038
125.987 0.000102315
126.34 0.000108516
118.319 9.85238e-05
125.26 0.000100778
125.25 0.000101232
123.592 9.92882e-05
119.898 0.000111167
125.876 0.000101286
120.768 9.25266e-05
129.316 9.8388e-05
127.134 9.79306e-05
126.138 9.91919e-05
123.903 9.97182e-05
124.629 9.73933e-05
124.494 5.73074e-05
120.771 9.72469e-05
125.973 9.83981e-05
123.388 0.000100104
125.346 0.000111955
125.646 9.882e-05
124.27 0.000106611
124.788 0.000103866
122.418 9.58428e-05
125.429 0.000110616
126.098 0.000104697
122.803 9.82048e-05
117.814 9.8681e-05
122.327 5.77051e-05
125.238 9.03732e-05
125.202 9.70223e-05
123.758 0.000106695
123.829 0.000103693
125.001 9.91651e-05
125.327 0.00011286
125.54 1.07505e-05
123.517 9.88577e-05
122.391 9.87108e-05
117.494 0.000100391
123.617 0.000104345
126.518 0.000104717
124.596 0.00010239
125.159 9.72603e-05
125.396 0.000113283
124.988 0.000112498
125.743 9.73934e-05
124.106 9.97603e-05
125.87 0.000100521
125.355 2.12267e-05
126.792 0.000103179
125.785 0.000107338
125.688 0.000102339
123.674 2.7367e-05
124.742 9.99497e-05
123.055 0.000114884
123.81 5.33935e-05
123.662 4.35664e-05
124.376 0.000111343
122.264 7.01634e-05
124.228 0.000102485
125.402 0.000102791
121.493 0.000113255
127.324 9.94785e-05
123.033 0.000103025
124.605 0.000106513
123.653 9.99993e-05
125.869 6.64965e-05
125.529 0.000112068
126.867 4.16707e-07
126.461 9.81732e-05
124.718 0.000102729
119.735 9.69731e-05
127.316 6.29535e-07
123.937 0.00010184
125.8 9.84645e-05
121.856 0.000101862
124.744 0.000109194
129.205 3.95056e-05
123.066 9.86099e-05
127.45 9.92518e-05
123.262 0.000113063
124.219 9.7793e-05
125.29 0.000100354
124.211 9.74489e-05
124.766 0.000109854
125.918 0.000111531
120.863 0.000114835
123.411 9.92008e-05
125.891 9.97733e-05
122.426 9.80331e-05
125.107 7.57069e-05
126.603 7.66522e-05
124.782 9.98809e-05
126.779 2.91457e-05
123.743 0.000107878
124.664 9.86862e-05
121.934 0.000101278
124.896 9.50975e-05
125.034 0.000103818
124.571 0.000115718
126.721 0.000113054
123.968 9.70331e-05
128.006 9.22446e-05
125.607 0.000103867
125.406 0.0001009
126.035 0.000111109
125.229 8.88886e-05
126.646 9.83224e-05
127.339 1.83913e-06
125.439 0.000104842
123.109 0.000108313
