121.893 9.16867e-08
122.215 0.000115051
117.456 0.000102935
123.915 0.000115161
153.886 0.000103038
128.625 0.000106295
126.01 8.76883e-05
125.298 9.9482e-05
126.723 0.000120069
124.092 0.000101752
126.805 0.000105997
125.054 0.000114246
121.32 9.98352e-05
144.34 0.000100314
124.552 4.59055e-06
119.686 0.000112617
125.134 -0.00011721
125.731 9.35309e-05
125.804 0.000103967
123.109 9.16303e-05
126.892 9.79454e-05
126.044 0.000115191
125.916 0.000100255
126.435 0.000112762
136.679 3.8568e-05
125.633 9.47868e-05
119.463 9.938e-05
126.15 9.26548e-05
123.826 0.000105928
124.522 0.000102501
123.259 9.84123e-05
122.216 9.92232e-05
124.357 0.00011437
125.631 7.91842e-05
123.569 0.000112997
127.832 0.000104924
122.872 0.000105058
120.81 -0.000101686
124.159 0.000102068
125.502 9.03371e-05
122.825 9.79137e-05
124.027 9.85804e-05
120.839 9.34263e-05
124.022 0.000101775
121.504 7.77014e-06
115.584 0.000115537
125.557 2.91028e-05
135.05 0.000114611
122.963 0.000102633
125.135 0.000100087
123.557 9.86775e-05
121.291 9.82623e-05
128.995 9.89091e-05
126.048 0.000100001
121.221 9.31672e-05
129.406 0.00010084
124.817 7.77149e-05
123.2 0.000104131
122.125 0.000102431
123.481 7.03535e-06
124.46 0.000101505
125.981 0.000108715
124.087 0.000106804
123.732 0.000100204
123.397 5.82938e-05
127.032 0.000105338
122.887 0.000106745
124.674 0.000113697
166.02 0.000103208
124.525 9.9926e-05
123.863 0.000115525
125.06 0.000118585
123.662 0.000100937
124.573 9.95332e-05
123.535 0.000110561
126.707 0.00010372
124.003 -0.000100749
123.386 8.59025e-05
124.182 0.000105177
125.607 0.000116537
124.391 0.00010402
127.375 0.000102318
134.858 0.000115906
127.876 6.03117e-08
126.034 9.76235e-05
121.399 0.000117053
124.081 0.000114534
116.397 0.000103202
123.994 0.000108293
124.607 9.99456e-05
126.135 0.000114863
120.746 5.03077e-06
128.779 0.000107379
130.622 0.00010042
153.427 9.75934e-05
126.883 0.000104734
127.975 0.000104075
115.159 2.73083e-05
126.988 0.000105468
127.83 9.57642e-05
117.857 2.04076e-06
123.807 9.99424e-05
128.015 0.000100181
115.495 5.90378e-05
126.543 9.53278e-05
125.292 0.000103036
124.85 0.000106192
123.857 4.96253e-05
123.937 0.000104865
125.157 0.000105328
125.466 0.000114494
125.301 0.000100029
115.42 0.000103731
123.225 0.000105184
125.651 9.93827e-05
120.338 0.00010738
125.903 9.61006e-05
125.145 9.88145e-05
159.54 0.000102317
117.24 9.4689e-05
124.539 0.000110948
128.065 0.000104337
124.038 0.000102669
129.016 0.000100973
125.215 0.000100689
123.968 9.82542e-05
123.087 0.000103519
123.144 0.00010905
127.129 2.00632e-05
125.871 0.000110962
127.217 0.000104374
125.303 8.56134e-05
124.928 9.53416e-05
120.527 -0.000112443
126.272 9.70411e-05
117.695 0.000105255
125.317 0.000115891
127.661 0.000101141
122.859 9.78601e-05
123.954 9.98232e-05
124.601 0.000101578
122.742 9.87156e-05
123.707 0.000100113
125.398 9.75274e-05
124.212 0.000104114
123.872 0.000100131
123.031 9.26975e-05
125.224 0.000105545
124.114 0.00010288
118.047 0.000102812
125.546 9.73652e-05
123.73 0.000105879
124.19 0.000100121
123.878 0.000103895
124.611 0.000101721
123.423 0.000100495
126.392 0.000108187
124.91 0.000101124
125.698 0.000106314
125.804 4.86874e-06
123.78 0.000110915
118.35 1.55354e-05
124.825 2.21334e-05
130.368 0.00014941
125.011 0.000154264
119.295 0.000154108
122.144 0.00017226
123.319 0.000156828
124.217 0.000178973
123.617 0.000163692
122.586 0.000159762
123.47 0.000166389
119.739 0.00015231
119.236 0.000157595
125.678 0.000158897
124.011 0.000155144
125.436 0.00015695
122.494 0.000156462
118.039 0.000131867
159.514 0.000157845
124.562 0.000148851
119.377 0.000152982
124.315 0.000157624
125.654 0.000153626
121.519 0.000166233
124.525 0.000177573
127.667 0.000157418
123.735 0.00016208
126.142 0.000152767
121.175 0.000128979
124.684 0.000154664
122.404 2.50817e-05
125.935 0.000163437
131.825 0.000155961
125.684 0.000161908
125.376 0.000143319
122.353 0.000166107
124.704 0.000174479
142.138 0.000165701
123.864 0.000142898
123.576 0.000159725
139.254 0.000171022
124.374 0.00015759
123.354 0.000174237
125.268 0.000156614
125.427 8.8567e-05
149.798 0.0001589
124.367 -0.000159924
120.633 0.000152255
117.508 0.000156098
123.914 0.000154365
125.774 3.32652e-05
126.902 0.000167801
119.16 0.000148768
115.746 0.000111344
123.771 -0.000155618
131.307 0.000151378
138.424 0.000158255
125.338 0.000147764
127.312 0.00016954
128.989 0.000146983
115.485 1.06116e-06
117.856 0.000168854
126.812 0.000161598
123.505 0.000167423
124.292 0.000152159
125.493 0.000161636
125.44 0.000103983
122.607 0.000164089
124.164 4.39461e-05
117.934 0.000143159
125.878 -0.000138702
124.156 0.000147588
156.555 0.000143733
125.168 0.000164233
123.716 0.000178901
124.485 0.000159281
160.218 0.000155984
123.252 0.000161556
120.984 0.000171035
121.757 7.07663e-06
122.835 0.000142343
126.365 0.000160835
124.776 1.37505e-07
167.569 0.000154121
123.507 0.000160503
120.558 0.000168489
123.346 0.000138303
125.586 0.000132766
125.958 0.000166529
124.409 0.000174415
122.972 0.000153843
124.644 0.000168482
124.954 0.00015274
121.962 0.000151714
125.845 0.000178455
126.546 0.000160124
121.559 0.000153154
127.026 0.000158023
127.819 0.000155306
124.323 0.000171306
124.051 0.000143524
126 0.000156537
123.34 2.44068e-05
123.762 0.000172072
125.812 0.000152293
126.978 0.000161326
124.544 0.000120204
126.514 0.000148847
124.732 0.000103479
126.884 -0.000148267
127.523 0.000149463
123.156 0.000177766
136.612 0.000155369
124.091 0.000150324
124.86 0.000155307
125.482 0.000151866
124.978 0.000145678
124.611 0.000153738
124.385 0.000156684
123.809 0.000160777
123.331 0.000152625
124.012 0.000151213
124.126 4.68183e-05
124.49 3.04703e-05
123.313 0.000174695
146.575 0.000178109
123.623 0.000158987
123.388 1.1163e-05
149.701 0.000160043
129.718 0.000153176
124.438 0.000177549
123.51 0.000151949
124.282 0.000135243
124.837 0.000156193
124.772 1.05856e-05
127.551 0.00014975
125.385 4.5443e-05
122.01 0.000139289
127.795 0.000169236
125.746 0.000142455
125.262 1.15047e-05
