133.33 0.000159895
129.479 0.000159578
124.444 0.00016089
129.254 0.00018729
124.361 0.000164731
143.565 0.000157863
139.976 0.000178715
119.96 0.000107056
140.492 0.000158932
159.684 0.000167474
123.32 0.000158126
118.236 0.000184837
124.145 0.000180526
123.402 3.33209e-05
127.407 0.000165617
145.203 0.000157343
137.14 0.000165361
130.64 0.000158822
122.222 0.000161475
125.39 0.000179564
137.443 0.000119484
123.349 3.41728e-05
125.211 4.76839e-05
124.513 7.16487e-05
145.185 0.00015086
125.426 0.000161552
123.26 0.000165274
159.817 0.000161995
126.53 0.000164663
125.553 0.00010104
122.842 0.000164327
125.682 0.000167032
137.78 0.000170715
143.133 0.000162164
122.464 0.000160488
147.347 0.000180352
125.329 0.000161415
123.019 0.000187911
126.217 -0.000161142
120.167 0.000170787
123.039 0.00016159
148.38 0.000147265
133.895 0.000160017
125.298 0.000166055
126.604 0.000159842
118.55 0.00015087
162.555 0.000161484
126.517 0.000158539
169.141 0.000160458
141.21 0.000160964
122.865 0.000156866
121.855 0.000172852
122.333 0.000164712
140.37 0.000157552
124.731 0.000164687
153.569 0.000199522
157.938 0.000159817
119.298 0.000162377
123.817 0.000160597
121.697 0.000159272
118.05 0.000174344
124.78 0.000165249
122.067 0.000151887
125.481 0.000179506
127.748 0.000167844
126.114 0.000186061
118.981 0.000158774
127.277 0.000159211
123.288 0.000173095
124.805 0.000172466
151.249 0.000166694
124.827 0.00016116
137.861 0.000157812
119.42 3.39788e-05
119.845 0.000179242
141.507 0.000171419
126.733 0.000163201
127.493 0.000190246
142.047 0.000160411
122.821 0.000159581
124.081 6.77986e-07
122.238 0.000123261
122.457 0.000180043
119.154 0.00014769
131.374 0.000169185
148.794 0.000171084
124.422 0.000180949
124.051 0.000163695
118.301 0.000183183
125.521 0.000185817
160.168 0.00016006
125.063 0.000165847
125.112 0.000160846
126.183 0.000164685
124.39 0.00016235
124.372 0.000176295
132.032 3.34659e-05
145.698 0.000157179
123.816 0.000166981
124.898 0.000173565
135.245 0.000162003
156.552 0.000179944
119.857 0.000165736
129.654 0.000181975
125.438 0.000178993
121.911 0.000161497
162.971 0.000107676
126.659 8.9493e-05
122.89 0.000157199
133.914 0.000169566
141.307 0.000194516
122.413 0.000158049
156.745 0.000155628
117.195 0.000153801
122.626 0.000168568
123.104 0.000187167
120.783 0.000153368
146.528 0.00011156
120.679 0.000159888
123.636 0.000160632
126.212 0.00018172
119.461 0.000159911
126.301 0.000182976
125.394 0.000160977
124.587 0.000159673
129.665 -0.000179396
159.619 6.36876e-05
125.952 1.75669e-05
122.106 0.000180087
126.389 0.000183095
146.72 0.000165143
163.106 0.00016411
129.165 0.000149543
121.775 1.15428e-06
167.984 0.000158916
133.824 0.000157475
134.123 0.000164308
122.406 0.000160742
127.817 0.000149171
125.818 9.136e-05
120.86 0.000160012
122.548 0.000173167
160.335 0.000159192
124.486 0.000125229
145.614 0.000160677
118.622 0.000185998
145.751 0.000180998
123.969 0.000158047
148.089 0.000182979
125.613 0.000164488
138.668 0.000160727
124.045 0.000165068
124.954 0.000160783
124.166 4.68647e-05
124.285 0.000158084
167.27 0.000157395
132.074 0.000107945
135.492 0.000184104
125.015 0.000156984
122.888 0.000183371
124.233 0.000138018
124.098 0.000165839
129.683 0.000157239
143.884 0.000137193
128.668 0.000178044
125.365 0.000159754
125.43 0.000166228
123.763 0.000177823
124.657 0.000158295
133.667 0.000145888
121.644 0.000162041
118.334 0.000149107
126.355 0.000168258
123.068 0.000163922
158.451 0.000169481
124.603 0.000161145
123.998 0.000160392
122.104 0.000178542
117.052 0.000181249
115.649 0.000154651
151.979 6.05863e-05
125.004 0.000159624
124.136 0.000149873
120.438 0.000168401
127.96 0.000167517
144.336 0.000158309
122.77 0.000171605
142.905 0.00017544
161.991 0.000130123
117.266 0.000151879
124.621 0.000182346
125.562 0.000160503
126.556 0.000159326
127.026 0.000169301
126.881 0.000147572
122.762 0.000156506
145.601 0.000174647
136.838 0.000164789
129.921 0.000169287
127.029 0.000107181
119.886 0.000176044
128.854 0.000172058
123.007 0.00016774
118.624 0.000167172
116.441 0.000168913
149.644 0.000153836
126.389 0.000161519
126.036 0.000157889
125.642 0.000164603
123.734 0.000182253
123.47 0.000164734
135.633 0.000158277
132.842 0.00018122
121.691 0.000162068
115.633 0.000164233
127.253 0.000166433
135.909 0.000157369
128.44 0.000108589
126.043 0.00017604
122.818 0.000187632
166.808 0.000159324
126.551 0.000168815
124.826 0.000181207
116.679 0.000166001
125.906 0.000159206
141.744 0.000160257
125.036 0.000163613
121.379 -0.000152453
124.905 0.000158928
132.346 0.000153348
144.797 0.000169099
132.725 0.000165216
141.896 0.000159594
125.08 0.000161232
137.349 0.000161022
126.224 3.15823e-06
117.449 0.000149529
122.387 0.00017317
125.018 0.000145616
160.109 3.45321e-05
123.231 0.000169951
122.757 0.000174527
144.778 0.000179814
118.608 0.000174879
120.402 0.00016709
124.276 9.35846e-05
124.796 0.000175664
124.892 0.000167882
129.99 0.000162999
117.657 0.000179012
122.786 -0.000166267
150.342 0.000159489
123.923 0.000171287
118.649 0.000122906
123.738 0.000148596
162.902 0.000134363
125.584 0.00017403
149.151 0.000164494
119.19 0.000180592
125.55 0.000150559
122.349 1.17609e-05
128.402 0.000170277
120.716 0.000150245
147.553 0.000161354
124.773 0.000180998
123.929 0.000163088
121.718 -0.000187871
138.899 0.000151801
133.332 0.000146301
119.992 0.000160956
