121.348 0.000249604
118.679 0.000244609
120.812 0.00025514
120.583 0.000251991
118.881 0.000124313
123.369 0.000251527
127.125 0.000262071
117.177 5.49588e-05
117.482 0.000260428
119.976 0.00027785
116.428 0.0003635
120.016 3.94288e-05
119.533 0.000316902
115.464 0.000391511
120.019 0.000415659
119.488 0.000395709
120.722 0.000379352
117.688 0.000369382
125.593 0.000384836
115.665 0.000373267
120.281 7.31128e-06
122.138 0.000410725
118.13 0.000377035
119.277 0.000388792
121.695 0.000378381
121.38 0.00036593
120.346 0.000416536
115.977 0.000377151
