119.214 0.000198762
121.171 0.000255551
122.809 0.000256245
120.504 0.000223524
119.985 0.00028296
118.968 0.000268209
119.45 0.000262421
120.986 0.00026393
121.018 0.000278647
117.107 0.000122333
118.186 0.00023924
120.365 0.000271092
115.804 0.000280491
118.582 0.000294623
120.721 0.000265094
118.506 0.000236954
119.205 0.00029903
122.005 0.000270259
117.088 1.79292e-05
122.08 0.000257263
123.352 0.000286568
121.943 0.000255439
121.755 0.000257211
118.964 0.000268286
120.765 0.000263553
119.933 0.000262976
122.088 0.000304115
117.802 0.000277983
118.788 0.000252206
119.406 0.00025974
122.482 0.000290884
118.671 0.000363384
121.634 0.000395517
120.478 0.000377149
123.056 0.000406472
119.662 0.000386098
119.148 1.14625e-05
120.145 0.000380601
118.195 0.000367548
120.082 0.000410776
122.257 0.000385074
119.605 0.000415793
118.786 0.000394702
118.621 0.000298702
120.318 0.000403868
119.881 0.000376016
120.963 0.000222967
122.133 0.000413458
122.087 0.000410999
120.006 0.00042398
120.036 0.000398082
118.257 0.000384889
