119.533 0.00016862
117.969 0.000147638
119.811 8.64685e-05
119.885 -7.0596e-05
116.269 0.000151202
118.968 0.000147088
119.995 0.000151081
117.319 0.000171076
121.156 0.000149504
119.21 0.00015656
120.409 0.00016972
120.069 2.34124e-05
118.042 0.000166836
120.005 0.000150464
120.484 0.000144834
120.247 0.00014706
121.524 0.000167168
119.088 0.000171977
119.659 0.000150867
120.75 0.00014975
120.766 0.000150654
119.642 0.000169675
115.359 0.000149302
122.409 0.00014757
118.94 0.000153135
119.796 0.000169166
115.19 0.000153266
119.871 0.000168681
121.118 0.000165966
120.868 0.000161859
120.772 6.65374e-05
120.328 0.00014699
118.459 0.000155011
120.268 0.000157122
119.441 0.000146341
115.957 0.000152507
119.707 0.000153313
120.362 0.000149727
115.334 0.000149363
121.538 0.000153286
119.309 0.000155025
119.112 0.000149891
118.652 0.000153378
121.24 0.000148803
124.607 0.000171484
118.631 0.00015763
118.818 0.000152376
119.606 0.000154641
