131.144 0.00151468
128.605 0.00142833
129.234 0.00148868
133.455 0.00171703
129.122 0.00150456
128.504 0.00154104
130.559 0.000112158
132.62 0.00106171
127.363 0.00135815
129.49 0.00139175
131.076 0.00159624
129.714 0.00148732
126.537 0.00152796
128.508 0.00154952
131.638 0.00171674
124.296 0.00171304
128.895 0.00156668
127.552 0.00171876
131.009 0.0014931
131.249 0.00150758
128.912 0.00150965
131.088 0.0014819
129.197 0.00153135
127.791 0.00156654
128.234 0.00134809
129.603 0.00157301
127.807 0.00146622
127.789 0.00161765
128.634 0.00150297
127.209 0.0014637
130.749 0.00150345
131.835 0.00156365
124.759 0.00162138
126.892 0.000233809
127.966 0.0015638
128.561 0.00170415
130.808 0.00162939
128.709 0.00170081
129.426 0.00169002
132.87 0.00164401
129.754 0.00163084
131.904 0.00163381
130.347 0.00105669
130.99 0.0014092
129.552 0.00032918
115.735 0.0014988
131.673 0.00153989
129.455 0.00148589
129.949 0.00134097
130.688 0.00132772
129.555 0.00149217
131.824 0.00150484
130.718 0.00149419
131.299 0.00164649
129.569 0.00148528
129.727 0.00150779
127.272 0.00157665
127.958 0.00160288
129.358 0.00159324
127.96 0.00173013
131.714 0.00141374
129.574 0.0016074
130.986 0.000441454
127.077 4.54904e-05
129.591 0.00151358
129.945 0.00151929
127.138 0.00164168
130.229 0.0015529
129.137 6.32242e-06
130.829 0.00135187
129.547 0.0012693
131.843 0.00148235
130.064 0.0014901
130.882 0.00171857
131.641 0.00170417
129.27 0.0016404
129.305 0.00162174
129.878 0.00151682
130.639 0.00150142
130.685 0.00160706
129.722 0.00156126
129.578 0.00144133
121.156 0.00169541
123.526 0.00169159
129.419 0.00146202
130.252 0.000901499
130.601 0.0015361
133.305 0.00154027
126.62 0.00098215
127.899 0.00124865
127.974 0.0015786
126.675 0.0016219
128.674 0.00152314
129.324 0.00154035
132.172 0.00169687
126.814 0.00150224
129.758 0.00153705
129.587 0.000715688
129.806 0.00153352
126.977 0.00164408
129.946 0.00170892
129.336 0.00170066
129.084 0.00150529
127.815 0.00172595
127.585 0.0014977
129.268 0.00166621
130.012 0.00151567
140.142 0.0016205
123.639 0.00152898
128.504 0.00156142
127.837 0.00153015
127.67 0.0014605
130.59 0.00154229
130.27 0.0013988
127.865 0.00151146
129.272 0.00151432
128.039 0.00154394
129.227 0.00148776
128.982 0.0013037
131.127 0.00149882
129.966 0.000336289
127.939 0.00158169
129.08 0.00151733
128.958 0.00173394
129.515 0.00148249
130.121 0.00137227
130.874 0.00150392
130.257 0.00149763
131.921 0.00173349
121.382 0.00157033
129.611 0.00153141
128.882 0.00129667
129.108 0.00154622
125.482 0.00126513
124.622 0.00139342
131.381 0.00146421
129.512 0.00158876
126.311 0.00156711
130.648 0.00163114
130.235 0.00155185
130.008 0.00171704
129.557 0.00148697
128.847 0.00153146
131.492 0.000853499
126.357 0.00162676
130.809 0.00132032
126.826 0.00150527
127.073 0.00150412
129.79 0.0015355
138.74 0.00148281
128.975 0.00160372
130.8 0.00156908
125.695 0.00177336
128.015 0.00150545
126.38 0.00152157
126.871 0.00135013
132.863 0.00140525
128.404 0.00145138
130.096 0.00130575
129.629 0.00169506
128.971 0.0015098
130.801 0.00118489
129.561 0.00149433
124.706 0.00158219
130.814 0.00159018
122.881 0.00148856
128.092 0.00146056
132.988 0.00149265
131.057 0.00165693
128.233 0.00173432
129.936 0.00156986
129.827 0.00157336
129.403 0.00156043
132.584 0.00101965
137.667 0.00162703
129.048 0.00146277
127.532 0.00136513
130.943 0.00148702
130.483 0.00169385
130.006 2.64504e-06
130.884 0.00150886
128.733 0.0016243
128.589 0.0015118
129.149 0.00149674
116.635 6.37318e-06
132.904 0.00155666
130.221 0.00140912
130.281 2.9115e-05
116.877 0.00154502
130.924 0.00138136
127.405 0.00159979
129.584 0.00152994
130.432 0.00152996
131.023 0.00149463
128.864 0.00168653
128.464 0.00149215
130.809 0.00143415
129.711 0.00179657
130.785 0.00149746
130.963 0.0016402
125.716 0.00157418
130.402 0.00169036
129.254 0.00116795
132.641 7.10681e-05
124.685 0.00145851
132.874 0.00152879
129.803 0.00150517
129.861 0.00153924
130.551 0.00153947
128.404 0.00168856
129.584 0.00151516
131.353 0.00153072
126.639 0.00154121
129.382 0.00173499
123.627 0.000317676
130.168 0.00170236
126.815 0.00148224
130.822 0.00172638
133.158 0.00174913
129.711 0.00032627
127.441 0.00141286
130.928 0.00151749
127.501 0.001502
131.618 0.00165527
128.749 0.00170396
132.486 0.0015645
130.178 0.000716536
125.355 0.00150458
130.076 0.00160607
129.297 0.00147429
130.865 0.000874937
129.401 0.00178373
133.427 0.0012972
130.719 0.00152449
129.309 1.04993e-06
129.491 0.00159516
126.677 0.00155599
131.266 0.00170644
128.544 0.00171487
130.188 0.00101312
129.714 0.00148263
129.985 0.00166698
130.07 0.00153175
129.07 0.00160427
131.459 0.00154163
129.153 0.00154229
129.91 0.00165777
128.152 2.91993e-05
131.336 0.00169804
132.998 0.00155649
131.545 0.00138797
128.496 0.00152353
128.852 0.00153329
128.911 0.00146715
132.26 0.00149512
128.231 0.00171992
129.384 0.00149684
129.52 0.00178559
124.29 0.00148072
128.614 0.00148568
131.334 0.00151684
129.502 0.00149787
128.393 0.00148667
130.821 0.00154614
128.611 0.00162292
130.767 0.00155501
130.514 0.00157528
130.699 0.00159827
130.783 0.00168955
129.525 0.00147041
123.957 0.00119353
129.725 0.00139011
127.718 0.00154427
129.879 0.000704711
129.299 0.00152894
121.059 0.00151706
130.601 0.00155671
125.675 0.00138785
131.32 0.00147436
130.32 0.000111573
131.99 0.00163538
126.071 0.00155078
128.516 0.00149684
129.477 0.00169797
127.496 0.0013843
128.93 0.00153359
127.552 0.00156544
131.744 0.00171558
128.162 0.00155354
130.135 0.000161238
131.805 0.00151697
128.797 0.00156523
130.976 0.00153843
127.931 0.00150527
133.462 0.00148499
126.111 0.00167344
129.114 0.00156043
128.605 0.00156498
129.811 0.000573348
128.144 0.00173067
129.88 0.00102072
130.959 0.00155688
129.575 0.00156371
129.943 0.00151217
127.841 0.00160835
130.469 0.00127386
131.043 0.00148107
130.375 0.00149786
129.807 0.00168646
129.329 4.48546e-05
123.898 0.0015983
128.789 0.00153042
130.849 0.000723825
132.411 0.00102627
128.653 0.000721797
125.461 0.00150874
129.367 0.00150174
127.262 0.00163811
134.696 0.00115542
131.619 0.00147503
125.147 0.00171604
130.196 0.00150733
129.955 0.00153653
128.041 0.00150302
132.11 0.00170414
127.086 0.00135311
131.855 0.00155835
128.008 0.00173369
128.499 0.00157246
130.567 0.00170015
129.412 0.00148912
132.544 0.00023391
126.625 0.00151668
129.082 0.00151224
128.674 0.00154666
128.154 0.000711644
129.511 0.00145946
126.223 0.00168522
133.144 0.0015136
126.294 0.00171155
128.329 0.00154986
126.045 0.00150662
130.228 0.00149901
116.917 0.00147954
125.874 0.00161377
127.492 0.00170892
131.563 0.00151397
126.336 0.000235959
131.704 0.00167921
131.04 0.00156282
130.4 0.00128602
127.779 0.00147195
125.055 0.00157597
128.252 0.00145032
127.36 0.0014602
131.283 0.00140663
127.927 0.00155774
132.085 0.00163181
123.888 0.00155116
125.851 0.00155389
132.02 0.00170507
132.28 0.0016422
129.718 0.00148516
132.495 0.00119018
131.031 0.00149047
126.774 0.00130055
131.715 0.00170789
130.572 0.00150225
128.178 0.00156174
129.876 0.00159079
131.611 0.00150765
129.417 0.00166245
130.248 0.00116858
128.744 0.00166324
127.84 0.0014905
129.694 0.00156018
129.218 0.00172777
129.779 0.00150004
131.183 0.00158187
130.249 0.00115771
129.494 0.00167343
127.796 0.00170795
131.641 7.39697e-05
128.868 0.00159331
127.603 0.00146773
125.875 0.00127118
130.906 0.000160184
128.451 0.00165593
125.239 0.00162854
131.191 0.00156623
130.813 0.00152188
134.327 0.00156504
133.951 0.00147142
128.321 0.00145831
129.195 0.000718359
121.414 0.000604446
130.697 0.00154529
130.924 0.00158852
130.26 0.00157629
123.123 0.00151038
125.457 0.00149897
134.939 0.00160791
133.733 0.00151226
129.206 0.00150725
129.401 0.00148481
129.852 0.00137071
129.427 0.00171967
130.039 0.00149102
125.459 0.00161689
129.149 0.00154132
129.9 0.00147936
128.404 0.00152512
128.053 0.00157616
133.024 0.00177348
128.823 0.00149222
122.693 0.0014974
131.028 0.00150353
130.059 0.001725
127.262 0.00150369
130.909 0.000321943
130.131 0.00147242
131.789 0.000710495
129.537 0.00157839
131.083 0.00153189
129.316 0.00156265
130.623 0.00159169
122.907 0.0015389
125.901 0.00142808
132.319 0.0017105
132.263 0.00152949
129.875 0.00148423
130.108 0.00156961
125.102 0.00148737
127.821 0.00142152
129.411 0.00144161
118.332 0.00149019
132.995 0.000949275
127.17 0.00151163
125.67 0.00164291
124.221 0.00158764
130.442 0.00161613
129.447 0.00153595
130.58 0.00152507
128.955 0.00149625
130.066 0.0015947
132.236 0.0016579
129.671 0.0014893
129.443 0.00157262
129.372 0.0015656
128.193 0.00153799
126.466 0.00156462
128.094 0.00152538
130.351 0.00147376
129.213 0.00147809
129.404 0.00153505
130.688 0.00147878
131.934 0.000325703
129.452 0.00169741
128.259 0.00138401
128.704 0.00156426
130.495 0.00143029
129.156 0.00168185
131.898 0.0011661
128.644 0.00142472
131.8 0.00148348
130.786 0.00161145
130.279 0.00153479
129.056 0.00148794
130.425 0.00156042
130.307 0.00169592
115.831 0.00136135
129.288 0.00148826
125.742 0.000833653
128.965 0.00129695
129.534 0.000864594
132.435 0.0014869
128.265 0.00174488
132.634 0.00148565
116.12 0.00167244
128.919 0.00144572
131.746 0.00155137
129.91 0.00173526
120.521 0.00153101
131.662 0.000443108
134.392 0.00164414
130.124 0.00158612
132.564 0.00154232
128.388 0.0015489
131.121 0.00157444
127.214 0.000111484
129.058 0.00152895
134.619 0.0015795
129.136 0.00173341
123.614 0.00172871
129.342 0.00157841
128.456 0.00161057
130.391 0.00155871
132.496 1.06634e-05
132.619 0.00150307
128.804 0.00149121
127.984 0.00149241
132.069 0.001547
129.304 0.00160235
127.429 0.001448
126.628 0.00151576
130.455 0.001571
128.833 0.00152972
129.68 0.00157082
132.104 0.00138591
132.641 0.00174091
130.268 0.00150146
130.824 0.00149832
130.168 0.00149602
126.613 0.000465087
130.336 0.00149229
129.796 0.00149137
129.031 0.00170913
126.05 0.00147771
128.482 0.00154684
130.331 0.00169486
129.704 0.000728677
131.464 0.00101889
131.895 0.00170906
132.033 0.00169233
129.722 0.00072317
128.938 0.00167263
126.201 0.00161147
130.646 0.00158528
131.448 0.00160467
132.323 0.00164465
127.943 0.00158247
129.593 0.00149639
117.107 0.00129075
129.118 0.00148861
131.329 0.0016294
130.159 0.00155937
130.083 0.000584895
127.957 0.0015077
134.496 0.00167316
130.997 0.00154604
129.051 0.00153182
129.439 0.00153947
129.979 0.00143671
131.496 0.00179044
129.668 0.00140396
120.834 0.00150473
126.747 2.22947e-06
128.89 0.00127948
131.483 0.00147627
129.802 0.00172024
120.568 0.00171105
131.569 0.000162829
129.194 0.00156239
124.351 0.00146389
129.266 7.21013e-05
132.31 0.00168484
131.38 0.00149529
125.183 0.00169996
130.729 0.00163903
127.856 0.000586956
126.386 0.00155286
130.074 0.00148627
128.589 0.00170804
127.276 0.00101689
129.255 0.00153744
119.686 0.00147929
132.386 0.00162285
128.613 0.00158254
130.357 0.00170843
132.248 0.00164358
129.382 0.000878849
129.332 0.00151266
129.218 0.0016364
131.855 0.00174755
128.228 0.00163752
128.607 7.27631e-05
127.011 0.00156305
131.723 0.00145785
127.771 0.00145592
132.106 0.0015128
131.375 0.00149169
131.334 0.00170485
129.735 0.00148006
131.13 0.00146945
127.571 0.00161091
128.953 0.001534
131.544 1.03931e-05
130.396 0.00173476
129.783 0.00164473
128.459 0.00154693
128.185 0.00170703
126.479 0.00156504
131.183 0.00169799
130.973 0.00158042
128.701 0.00149794
128.407 0.00159967
130.365 0.00138323
130.504 0.00146193
125.002 0.00156507
129.595 0.00153772
128.639 0.0015173
128.748 0.00162618
127.164 0.00146156
123.362 0.00150279
131.123 0.00151542
129.89 0.00160579
129.424 0.00144709
130.917 0.0015609
123.611 0.00152063
126.103 4.59288e-05
130.299 0.00171011
132.591 0.00172118
128.347 0.00152405
130.169 0.00151268
131.367 0.0015915
130.645 0.0014649
131.526 0.0016221
131.746 0.00161174
124.972 0.0015879
131.524 0.00132029
132.445 0.00146315
129.447 0.00154756
127.372 0.00149674
131.037 0.00147697
125.201 0.00141028
134.304 0.00148426
132.135 0.00171309
127.688 0.00155294
129.856 0.00149905
129.024 0.00146587
132.85 0.00143613
130.379 0.00165973
128.777 0.0016234
124.073 0.00156718
129.06 0.000163744
128.662 0.00157772
132.584 0.00172317
135.642 0.00156789
129.181 0.0017346
130.159 0.00150644
127.756 0.00170487
128.548 0.00153224
128.413 0.00156575
121.904 0.00130737
130.321 0.00154754
129.405 0.00149514
130.702 0.00153509
126.793 0.00155234
132.706 0.0017517
130.86 0.00144872
132.248 0.00151541
127.001 0.00150474
128.551 0.0015372
128.776 0.00130098
127.912 0.00162549
130.042 0.00168658
130.067 0.00148362
123.306 0.00139921
130.674 0.0015066
130.341 0.00151907
131.294 0.000110967
125.052 0.00159066
133.048 0.00171826
127.218 0.00168223
130.123 0.00148986
127.473 0.00152493
129.561 0.00155113
132.729 0.00171338
128.926 0.00016508
130.43 0.00151735
127.903 0.00150944
132.583 0.00147706
129.582 0.00149285
129.203 0.00119656
121.157 0.000110847
130.656 0.00170879
131.079 0.00161057
129.983 0.00148063
128.874 0.00157436
131.553 0.00172138
129.595 0.00151643
129.577 0.00153674
122.108 0.00153145
129.541 0.00137527
123.133 0.00139894
124.476 0.00171799
126.817 0.00148787
128.798 0.00154972
130.189 0.00167204
130.069 0.000579842
130.926 0.00171359
130.331 0.00121466
132.118 0.00163824
131.575 0.00156668
126.949 0.00143032
127.493 0.0014261
129.937 0.00153551
130.374 0.00163767
129.651 0.00157072
128.384 0.00167346
131.238 0.00148295
131.902 3.79786e-06
130.261 0.00152033
128.507 0.00171644
128.242 0.00058218
130.759 0.0014398
132.312 0.00138816
129.391 0.0014026
128.678 0.00158361
129.737 0.00151741
129.953 0.00147978
130.502 0.00150689
130.658 0.00102483
130.941 0.00168782
128.535 0.00166086
131.283 0.00143649
130.609 0.00149223
129.399 0.000577124
131.611 0.00158691
130.641 0.001747
121.469 0.00139708
129.168 0.00149171
131.676 0.0017583
130.914 0.00169491
123.978 0.00154904
129.19 0.00156544
130.64 0.0015701
122.671 0.00163556
127.699 0.00137645
129.95 0.00167651
123.962 0.00174145
132.654 0.00134484
130.097 0.00152987
128.872 0.0015109
128.462 0.00161171
128.191 0.00158639
127.105 0.00176336
130.349 0.00146719
132.333 0.00172524
132.227 0.00151026
124.01 0.00157445
130.937 0.00149638
128.079 0.00150299
122.649 0.000851017
133.31 0.00152615
120.914 0.00176148
127.837 0.000576203
130.047 0.00151576
128.239 0.000320977
132.027 0.00141922
127.366 0.00154316
129.707 0.00162362
127.248 0.00148666
129.127 0.00128804
131.542 0.0015319
122.085 0.00149163
126.274 0.00167908
131.058 0.00156272
130.886 0.00158953
134.906 0.00163228
129.099 0.00148444
124.407 0.00149191
126.74 0.00131087
130.27 0.00159656
127.833 0.00151648
128.631 0.0014299
131.127 0.00174319
125.927 0.00145887
127.732 0.00159839
131.887 0.0015138
129.593 0.000327373
129.14 0.00149525
132.516 0.00148429
127.296 0.00166945
128.886 0.0014959
128.351 0.00152658
132.094 0.00150031
128.431 0.00155311
127.189 0.00161807
130.322 0.00150105
130.701 0.00157225
131.496 0.00169711
127.345 0.00151376
115.694 0.0015266
130.93 0.00149518
131.012 0.00151853
134.076 0.000231314
129.48 0.00171446
129.668 0.0015807
125.627 0.00174705
130.188 0.00152919
126.73 0.00168452
132.797 0.00148321
129.91 0.00157418
128.506 0.001561
127.703 0.00153833
128.548 0.0017178
129.939 1.77394e-05
123.813 0.00167559
126.322 0.00141184
130.603 0.00160326
123.142 0.00169522
129.039 0.00103981
136.517 0.00143163
133.501 0.00149913
128.108 0.00161026
130.635 0.00174375
127.567 2.88054e-05
130.613 0.0015987
131.359 0.00153112
131.609 0.00153697
129.839 0.00150277
131.608 0.00144069
130.307 0.00166682
132.768 0.00170271
129.241 0.00149793
129.193 0.00110817
130.151 0.00149669
128.338 0.00155225
131.387 0.00156761
130.329 0.0010082
130.499 0.00153398
124.989 0.00161207
129.429 0.00152833
128.813 0.00150761
131.182 0.00153758
130.522 0.0015236
130.039 0.00128895
130.001 0.00147269
129.334 0.00163682
128.599 0.00141266
132.214 0.00157575
130.286 0.00148842
127.868 0.0015308
128.426 0.00160144
130.702 0.00170759
130.505 0.00151996
127.535 0.00170318
126.505 0.00167739
127.847 0.000110274
120.952 0.00152319
129.638 0.00149652
126.787 0.00160347
130.231 0.00152471
130.905 0.00157856
130.685 0.00160109
127.945 0.00056798
131.769 0.00162817
129.9 0.00149428
128.623 0.00162217
132.393 0.00158771
130.786 0.00133251
133.74 0.00156415
128.392 0.00152141
128.962 0.000242028
130.099 0.0015048
128.921 0.00170522
127.884 0.00148768
127.532 0.00155418
131.183 0.000111407
129.264 0.00151777
127.389 0.00160983
130.856 0.0014825
130.427 0.0016052
135.042 0.00127393
130.192 0.00144941
134.119 0.00154998
131.243 0.00140438
130.177 0.00159571
130.818 0.00150579
130.493 0.00149398
131.937 0.00150511
128.354 0.00173029
131.376 0.00157977
134.396 0.0013373
128.832 0.00153682
131.469 0.00151863
131.483 0.00150514
131.953 0.00153718
127.674 0.00157771
129.481 0.0017623
128.994 0.00151814
126.118 0.00148868
129.226 0.00127935
128.935 0.00169535
128.405 0.00148441
128.77 0.00167046
130.048 0.00153479
120.523 0.00172938
128.869 0.00158339
129.425 0.00161005
127.808 0.00160106
129.449 0.00172724
129.436 0.00173737
128.41 0.00148727
131.751 0.00174751
131.739 0.00165351
128.325 0.00148994
124.622 0.00150576
124.464 0.00173131
131.899 4.22025e-05
130.479 0.00169129
135.2 0.00160406
129.817 0.00159427
131.056 0.00128452
128.245 0.00169074
129.228 0.00119034
130.344 0.00152297
132.788 0.00174434
130.837 0.00169384
125.491 0.00164291
121.752 0.00105134
131.312 0.00156113
134.711 0.00143715
125.849 0.0016799
129.547 0.00149981
127.22 0.00143146
118.737 0.00151033
129.308 0.00173007
124.179 0.00170055
131.199 0.00162976
131.994 0.00157454
129.48 0.00168744
127.748 0.000856957
130.662 0.00151453
129.271 0.0015674
129.726 0.00148609
129.419 0.00172604
122.6 0.00164213
130.951 0.00150119
128.765 0.00150623
132.909 0.00143683
130.853 0.00157961
131.152 0.00149649
129.869 0.000237543
128.814 0.00165562
130.745 0.00169873
132.154 0.00150942
128.912 0.00153777
130.858 0.00139696
130.789 0.00157245
128.293 0.00151715
129.457 0.00101147
128.909 0.0015946
129.693 0.00171494
130.914 0.00159725
128.528 0.00173764
120.732 0.00151482
133.835 0.00146953
123.939 0.00174587
125.156 0.00169607
134.039 0.0014546
127.615 0.00170074
129.968 0.00152513
127.638 0.00150063
132.827 0.00151659
129.005 0.00149799
129.11 0.00152266
129.815 0.00149678
132.877 0.00171548
128.223 0.00130558
131.046 0.00113448
131.462 0.000623251
130.817 0.00156158
130.276 1.04576e-06
128.305 0.00170699
116.355 0.00145806
130.079 0.00154202
130.995 0.00155816
131.046 0.00157877
119.562 0.0015157
129.198 0.000887023
127.399 0.00173312
127.081 0.00126392
129.744 0.00153519
130.803 0.00171733
129.21 0.00156269
128.764 0.00154701
130.235 0.0015048
128.165 0.00162222
127.864 0.00151042
128.938 0.00173081
131.251 0.00169877
130.69 0.00149893
130.132 0.00170342
128.933 0.00171623
128.977 0.00138182
130.701 0.00168845
129.908 0.00148671
128.848 0.00154975
127.41 0.00154715
127.693 0.00169234
128.894 0.00153911
129.784 0.000320871
133.353 0.00156515
128.746 0.00172136
129.33 0.00147509
128.336 0.00148126
129.042 0.0015332
128.705 0.0017333
130.186 0.00148483
125.576 0.00153549
129.533 0.00149769
128.597 0.00151604
130.477 0.00155805
131.805 0.00156946
130.297 0.00160346
127.372 0.00154929
130.508 0.00166072
128.755 0.00170585
128.773 0.00159946
129.201 0.00148093
131.701 0.00168638
127.745 0.00148158
131.657 0.00148121
124.314 0.00145446
132.262 0.00160513
129.224 0.000445048
131.815 0.00146899
128.216 0.00171356
127.787 0.00155816
129.534 0.00152735
130.935 0.00147198
126.826 0.0015979
127.31 0.0015413
129.965 0.00101953
126.763 0.00137663
130.173 0.00160247
130.624 0.000726288
129.317 0.00154769
123.552 0.00154518
130.136 0.00153373
130.996 0.00152099
127.954 0.00171718
135.609 0.00157127
127.952 0.00156738
134.447 0.000319198
129.632 0.00153426
128.113 0.00169255
126.17 0.00155188
131.575 0.00149569
130.054 0.00172283
115.449 0.00139302
126.477 0.00153601
130.42 0.00149518
129.972 0.000329653
129.5 0.00159268
128.56 0.00149063
130.309 0.0014503
127.306 0.000325016
131.554 0.00150478
128.34 0.00170546
127.661 0.00150828
131.374 0.00153426
128.416 0.00148047
127.68 0.00143828
130.265 0.00155451
128.134 0.00156237
125.086 0.00154484
130.126 0.00158391
125.081 0.00153637
126.078 0.00154692
131.152 0.00128352
125.666 0.00161856
129.306 0.00151429
129.383 0.00164979
128.305 0.00151519
128.431 0.00102545
125.842 0.0014806
128.587 0.00155228
122.611 0.00148833
125.847 0.00152265
130.123 0.00147622
130.165 0.00171122
130.032 0.00103473
130.257 0.00147666
131.425 0.00150152
131.044 0.00149696
129.371 0.00156713
133.648 0.00150955
122.376 0.00115646
131.061 0.001597
131.961 0.00149024
130.467 0.00154908
128.179 0.0016103
115.642 0.00149616
128.355 9.9974e-06
129.964 0.00164153
129.723 0.00140969
133.418 0.00150019
124.844 0.00155934
129.075 0.00166112
130.913 0.000581674
131.335 0.00129392
127.823 0.00153382
130.669 0.00162126
131.89 0.00147088
133.738 0.00155354
128.506 0.00151925
130.768 0.00152498
130.78 0.00153354
130.633 0.00116933
128.93 0.00089348
131.627 0.00150321
130.019 0.00150615
128.244 0.00152056
134.614 0.00149367
130.83 0.00148415
126.096 0.00155483
129.931 0.00154419
131.646 0.00146201
131.831 0.00175093
128.348 0.0014993
130.213 0.00071936
133.245 0.00168945
132.731 0.00157184
130.516 0.00135971
128.32 0.00121906
130.127 0.0015141
128.233 0.00176254
134.789 0.00150572
131.089 0.00151139
129.907 0.00154111
133.605 0.00133168
124.39 0.00153965
133.253 0.00151843
129.871 0.000584307
127.924 0.00169196
131.013 0.00160619
132.199 0.00139884
133.469 0.00172362
128.723 0.00156121
129.336 0.00133385
130.368 0.00167788
130.309 0.0014662
131.177 0.00157045
129.331 0.00145276
130.772 0.00167221
130.427 0.00117981
128.972 0.00150062
130.421 0.00149493
128.123 0.0017308
131.008 0.00165463
125.542 0.00156153
128.223 0.00172422
130.89 0.00152063
131.679 0.0015534
130.842 0.00159262
129.349 0.00161421
128.972 0.00168779
130.867 0.00148976
129.503 0.00149459
129.108 0.00150502
129.315 0.00153047
129.501 0.00171911
129.881 0.00154494
130.355 0.00173305
128.271 0.00173539
130.302 0.0014816
129.116 0.00154933
131.066 0.00150398
131.019 0.00147657
119.874 0.00140597
124.67 0.00167324
129.313 0.000911678
129.118 0.00169785
129.37 0.0016554
129.947 0.0015171
133.21 0.00140945
130.515 0.00156117
131.227 0.00165786
131.871 0.001572
125.3 0.00150003
129.063 0.00157799
130.87 3.80016e-06
128.692 0.00163375
133.731 0.00172668
127.839 0.00172944
129.9 0.000947576
130.325 0.00148626
130.323 0.00167499
129.524 0.00169714
131.962 0.00170941
129.56 0.0014884
134.245 0.00164768
131.275 0.00169826
129.587 0.0014956
127.781 0.00178358
130.135 0.00154231
133.6 0.00149679
120.11 0.00152575
115.958 0.00147448
130.851 0.00150811
130.623 0.00168928
128.362 0.00149966
129.692 0.00152133
129.034 0.00153155
132.435 0.00146053
127.518 0.00146766
130.879 0.00155656
127.954 0.00168746
132.521 0.00145805
130.473 0.00137819
130.278 0.00153554
130.094 0.00136627
125.162 0.00150034
130.009 0.00167348
131.803 0.00149139
131.955 0.00151645
127.859 0.00155026
127.708 0.00160199
131.152 0.00151472
125.216 0.00152483
128.448 0.00143544
129.777 0.00155671
131.369 0.00151273
130.065 0.00158116
132.729 0.00149462
130.146 0.00167089
127.443 0.00140636
126.998 0.00149654
131.978 0.00149239
115.42 0.00155567
130.443 0.00162951
130.767 0.0004435
128.716 0.00141203
129.774 0.00140485
129.63 0.00152413
130.32 0.00149767
130.839 0.00148111
126.1 0.0015071
128.576 0.00155999
130.052 0.00165363
129.792 0.00178639
128.424 0.00173305
128.937 0.00156435
131.242 0.00165608
131.112 0.00146809
131.678 0.00161444
127.169 0.00155743
128.068 0.00151683
130.048 0.00153408
131.442 0.00149138
129.829 0.00154897
127.302 0.00155265
131.929 0.00158046
130.027 0.00153354
129.159 0.00151679
128.319 0.00160985
129.238 0.00152837
130.047 0.00144234
128.982 0.00155719
127.705 0.00152944
129.105 0.00149437
125.846 0.0017063
127.394 0.0015177
129.021 4.49379e-05
130.646 0.00150634
131.427 0.000309481
130.629 0.0015382
128.697 0.00154172
128.954 0.00160233
126.901 0.00172281
129.218 0.0015933
131.896 0.00172388
128.618 0.00149783
129.75 0.0015118
131.896 0.000222604
132.619 0.00151813
130.015 0.00146993
129.853 0.00157991
128.796 0.00171793
129.919 0.00167067
129.434 0.000440472
128.354 0.00143961
129.701 0.00173055
129.227 0.00160013
129.178 0.00153286
129.223 0.00147861
131.261 0.00165416
129.437 0.00151166
131.761 0.00149355
130.246 0.000569336
130.483 0.00159589
131.22 0.00159657
129.383 0.000163754
131.534 0.00148766
129.035 0.00167486
130.565 0.00153062
128.352 0.00151032
128.099 0.00150118
131.548 0.00145651
127.74 0.00145583
128.142 0.00153655
125.777 0.0015121
120.385 0.00053965
130.418 0.00148274
131.104 0.00135283
130.356 0.000233999
128.98 0.00155518
125.964 0.00144301
128.97 0.00171886
128.784 0.00153198
134.259 0.00173061
130.492 0.000106948
129.591 0.00170136
130.883 0.00146763
130.495 0.00126877
132.42 0.00150797
131.156 0.00153109
130.74 0.00151009
120.626 0.00152154
130.213 0.00139806
128.188 0.00150504
121.381 0.0016235
127.633 0.00153265
129.866 0.001526
130.498 0.00179617
121.756 0.00163695
131.599 0.000943939
128.22 0.000236881
130.434 0.00160172
124.678 0.00146498
130.559 0.00171414
131.818 0.00160173
129.874 0.00158498
128.539 0.00155146
132.019 0.00152864
129.19 0.001507
130.633 0.0014915
130.491 0.00158732
128.765 0.00169419
130.401 0.0015602
131.204 0.0015111
129.302 0.00161911
130.714 0.00154638
128.568 0.000728425
130.454 0.00154965
126.243 0.0010187
131.098 0.00157034
129.325 0.00154245
124.041 0.00164437
131 0.00150462
126.64 0.0015211
128.977 0.00147762
132.963 0.00103059
130.735 0.00157055
130.293 0.00152856
130.097 0.00147806
133.239 0.00146597
134.14 0.00152498
127.723 0.00126691
132.998 0.00168852
130.504 0.00171694
130.322 0.00165678
133.448 0.00160404
131.229 0.00129358
135.915 0.00144964
132.113 3.82324e-06
128.009 0.00175932
130.372 0.00148489
131.913 0.00132704
129.667 0.00146995
128.672 0.0016286
130.763 0.00146259
131.054 0.00164398
130.821 0.00167052
128.961 0.00156753
129.124 0.00171324
123.505 0.00154612
130.301 0.00152041
129.07 0.00159524
134.015 0.00155094
128.94 0.00155518
123.677 0.00155148
129.802 0.00150288
128.159 0.00151052
130.896 0.00149539
130.237 0.000234313
128.19 0.00179025
129.435 0.00131336
129.539 0.00172089
122.504 0.00164222
127.089 0.00154604
128.446 0.00157423
129.695 0.00153666
123.09 0.00153297
129.215 0.00145994
126.307 0.00148256
127.605 0.00153178
121.934 0.000218343
130.464 0.0015671
131.159 0.00168019
130.842 0.00172526
130.056 0.00154438
131.357 0.0013021
130.488 0.00159883
129.215 0.00139804
130.277 0.0016554
128.731 0.00157375
131.144 0.000579923
130.4 0.000108867
133.011 0.00151729
130.618 0.00168343
129.596 0.00152149
131.37 0.00151047
131.041 0.00149652
132.041 0.00160381
130.022 0.00154972
130.175 0.0016813
129.731 0.0015657
131.447 0.00141135
129.7 0.00152692
133.114 0.00150967
131.383 0.00155204
130.618 0.00150394
130.82 0.00162644
131.352 0.00149834
131.766 0.00172209
128.962 0.00129735
132.613 0.0015004
130.945 0.00148214
128.826 0.00147849
130.894 0.0015803
129.52 0.0015701
126.11 0.00149866
130.314 0.00170233
131.354 0.000232578
121.008 0.00148769
128.13 0.00152488
130.784 0.00137068
131.213 0.00153365
130.458 0.00154313
129.227 0.00156442
129.948 0.00153127
127.827 0.00156645
128.814 0.00137084
130.267 0.00142988
131.134 0.001499
133.191 0.0015423
131.062 0.00149025
124.966 0.00165416
130.396 0.00159981
129.695 0.0015724
129.336 0.00144251
129.914 0.000163407
127.947 0.00151974
130.395 0.00148944
125.139 0.00149819
130.299 0.00153611
130.811 0.00168997
132.668 0.00148139
129.075 0.00138457
130.627 0.000874496
128.927 0.00150806
130.714 7.28724e-05
129.533 0.00177253
128.44 0.00164242
128.853 0.00156458
128.961 0.00164351
127.766 0.00158975
131.336 0.00160149
132.797 0.00084753
130.279 0.00171399
129.062 0.00150302
130.824 0.00172471
132.258 0.00153359
130.886 0.00167492
130.063 0.00150355
130.344 0.00172029
132.114 0.00151255
134.768 0.000157451
128.236 0.00164142
128.627 0.00171787
128.129 0.00165287
129.224 0.00021779
124.617 0.00149978
131.168 0.00172529
127.54 0.00161984
128.908 0.000713387
117.874 0.0016042
128.227 0.00140674
130.541 0.00150813
132.472 0.00152115
129.961 0.00152766
130.784 0.00167722
127.982 0.00158204
130.165 0.000445421
129.515 0.00154074
124.017 0.00153271
130.142 0.00155902
128.233 0.00140342
128.989 0.00171109
133.607 0.00167716
128.783 0.00138063
129.635 0.00152021
130.227 0.00156867
128.539 0.00148114
131.891 0.00171134
126.143 0.00150581
130.767 0.00170019
130.287 0.00163839
124.648 0.00151092
130.651 0.00143301
131.092 0.00153833
125.483 0.00154786
129.312 0.00151209
125.841 0.00145686
129.314 0.00170474
133.325 0.00170938
131.819 0.00145439
129.83 0.00160073
128.214 0.00155016
118.167 0.00154803
132.836 0.00156408
129.289 0.00151853
128.008 0.00149054
127.35 0.00153583
128.482 0.00139446
131.156 0.0014394
126.892 0.00154421
129.329 0.000860123
131.427 0.0016153
129.071 0.000161522
131.316 0.00151317
129.817 0.00153813
129.617 0.00153194
129.86 0.00179715
133.264 0.00156836
127.298 0.00170787
128.365 0.00138694
129.013 0.00150951
128.074 0.00150972
128.085 0.00151959
132.217 0.00147513
129.463 0.00148169
126.582 0.00148065
121.074 0.0015537
128.932 0.00100647
131.265 0.00158852
129.561 0.00147936
131.057 0.00149911
127.961 0.00152669
131.392 0.00162138
126.034 0.00149805
129.151 0.00157217
130.28 0.00156112
129.934 0.00148127
127.995 0.00161634
129.998 0.00169099
127.948 0.00155554
130.267 0.00170886
127.912 0.00155679
130.77 0.00156904
129.175 0.00149708
129.048 0.00149137
130.793 0.00153382
129.594 0.00163376
129.633 0.00151865
123.39 0.00156759
131.506 0.00170287
129.971 0.00167559
130.222 0.00151246
129.804 0.00157723
125.273 0.00153923
128.385 0.00169466
126.152 0.00155357
128.666 0.00159904
129.749 0.00148549
130.118 0.00172424
128.869 0.00172789
129.009 0.00154222
127.597 0.000418646
129.705 0.00153816
129.623 0.00150921
155.684 0.0014949
131.022 0.00152199
130.677 0.00155671
129.343 0.00160514
127.291 0.00173945
127.096 0.00159848
131.608 0.00156369
124.211 0.00167163
132.39 0.001589
132.584 0.00149837
117.55 0.00156434
131.069 0.00154723
127.278 0.00153958
127.76 0.00169449
128.628 0.00151058
130.155 0.00145043
130.348 0.00169682
132.386 0.00148904
130.626 0.00170354
129.446 0.00172936
128.702 0.00145982
127.55 0.00149597
130.938 0.00176964
130.423 0.00171785
128.75 0.00145811
129.78 0.00171599
132.335 0.00149509
117.002 0.000876265
131.772 0.00157626
129.194 0.00156913
128.627 0.0014221
129.778 0.00154073
128.827 0.00147429
131.344 0.00148854
128.758 0.00170256
131.204 0.00147483
130.034 0.000581052
129.003 0.00119696
131.779 0.00159439
127.595 0.0014954
134.477 0.00156116
130.723 0.00149903
129.191 0.001488
129.4 0.00150642
131.199 0.00151754
128.392 0.00159968
117.006 0.00156462
120.23 0.00100612
122.389 0.00171742
127.901 0.0015225
128.566 0.00148985
131.86 0.00150267
130.69 0.00150362
129.912 0.00168089
120.042 0.00146032
131.392 0.00137129
126.717 0.00172654
128.672 0.00157689
129.149 0.00142561
128.107 0.00164854
127.59 0.000441158
131.091 0.00136524
129.655 0.0016419
132.6 0.00116622
129.181 0.00140131
130.844 0.00159212
125.148 0.00169181
128.639 0.00152917
127.694 0.00149084
132.509 0.000552371
132.788 0.00153672
128.851 0.00149015
128.215 0.00147284
133.178 0.00165522
128.262 0.0015526
131.291 0.00144978
128.153 0.00156683
128.977 0.00153881
124.272 0.0014932
129.226 0.00167407
127.36 0.00160518
130.142 0.00143624
135.535 0.00164633
129.774 0.00148516
127.988 0.00168433
129.748 0.00157188
130.651 0.00146728
129.209 0.00174283
127.981 0.000161494
127.821 0.00148016
130.358 0.00154373
130.599 0.00155877
126.978 0.00145783
130.695 0.00174531
128.698 0.00152431
128.44 0.000580123
129.453 0.00154662
129.713 0.00150346
130.916 0.00069046
124.331 0.00158827
131.555 0.00158543
131.628 0.00153101
130.796 0.00152153
130.535 0.0016502
130.48 0.00167704
128.73 0.00153957
130.503 0.00169208
131.009 0.000587098
130.924 0.00151577
128.606 0.00153413
129.835 0.00162225
127.626 0.0016008
129.248 0.00146532
125.507 0.00152224
127.927 0.00155418
128.118 0.0015099
128.589 0.00153423
127.792 0.00153975
128.379 0.00146775
130.921 0.00149297
129.561 0.00172622
130.484 0.00151622
130.059 0.00158043
130.857 0.00141807
130.392 0.00169873
130.704 0.00173265
132.245 0.00106745
129.924 0.0011676
128.289 0.0015534
129.65 0.00100295
128.732 0.00171523
128.466 0.00145231
130.625 0.00161768
126.784 0.00156521
127.84 0.00153487
130.434 0.000463653
131.174 0.00172857
132.414 0.00158704
130.92 0.00171798
132.198 0.00146017
126.209 0.0013892
126.537 0.00164663
130.542 0.00152047
127.9 0.00103979
131.171 0.00170135
130.498 0.00146304
127.565 0.00156113
131.892 0.00149229
126.498 0.00144045
132.469 0.00148977
130.587 0.00168287
130.427 0.00170941
129.724 0.00157941
125.871 0.00176956
131.888 0.0014748
130.592 0.00154203
128.806 0.000238454
128.39 0.00152538
133.572 0.00164917
129.516 0.00164772
130.029 0.00149381
127.935 0.00154192
126.69 0.00150045
129.041 0.000712275
130.116 0.00173681
131.134 0.00140973
129.427 0.00155884
129.08 0.00158332
130.25 0.000441623
129.8 0.00153495
121.645 0.00149644
130.58 0.00100999
128.52 0.000322649
129.118 0.00153933
129.583 0.000420048
128.256 0.00144262
129.603 0.00155537
129.281 0.0014713
130.297 0.00131634
126.34 0.000722448
129.447 0.00155538
127.499 0.00153136
127.856 0.00145283
130.28 0.00152177
130.384 0.00155078
128.584 0.00152791
129.332 0.00147696
130.754 0.00168028
130.809 0.00148186
130.673 0.00145277
128.269 0.0015275
129.372 0.00168301
129.875 0.00161869
130.771 0.00165017
129.609 0.00148302
127.09 0.0015367
127.233 0.00164078
132.324 0.00147683
128.814 0.00168673
129.813 0.00173718
130.884 0.00151485
131.501 0.00154191
129.433 0.00138819
129.828 0.00129475
129.574 0.000733119
127.444 0.00150213
128.39 0.00155123
129.422 0.00148819
130.934 0.00163789
128.292 0.00170058
130.188 0.00150918
130.244 0.00161759
131.717 0.00168784
126.039 0.00161622
128.342 0.00161097
123.389 0.00150142
130.245 0.00152071
126.357 0.00167986
128.074 0.0015154
130.217 0.00169203
128.119 0.00170611
124.819 0.00157009
122.912 0.00146242
130.734 0.00153772
129.121 0.00178111
129.983 0.00157401
130.584 0.00158086
128.736 0.0014928
130.144 0.00147575
130.09 0.00136188
128.709 0.00150126
129.263 0.00167699
128.911 0.00164896
129.707 0.00149843
129.86 0.00158106
120.251 0.00150089
129.061 0.00162173
132.194 0.00152744
123.605 0.00135745
127.053 0.00160275
128.455 0.00173767
135.421 0.00146021
129.942 0.00168094
131.485 0.00147717
129.601 0.00155352
131.96 0.00152347
131.509 0.00173937
124.855 0.0015348
131.119 0.00156541
129.382 0.00150168
128.37 0.0015485
131.348 0.00153652
129.614 0.00151453
132.933 0.00158147
125.721 0.000304572
129.643 0.00161198
129.096 0.0014916
129.525 0.00153135
128.593 0.00148434
128.698 0.00147964
128.343 0.00161153
129.522 0.00172406
131.624 0.00148934
129.221 0.00170405
128.641 0.00150574
129.361 0.00166553
127.456 0.0013955
131.884 0.00172199
130.105 0.00165509
129.416 0.0017088
130.052 0.000445993
131.605 0.00147541
129.198 0.00143336
124.564 0.00154404
131.6 0.00150162
121.148 0.00147978
132.755 0.00148357
126.075 0.00149684
129.337 0.00163473
130.252 0.00150601
129.882 0.00148817
130.008 0.00151414
129.353 0.00148091
128.514 9.8243e-07
128.782 0.00153006
129.364 0.000324882
128.687 0.00158974
128.187 0.00153314
128.418 0.00148057
131.334 0.00149226
130.456 0.00154291
135.819 0.00143586
121.596 0.000330146
129.433 0.00161524
129.514 0.00150497
130.762 0.00155075
127.638 0.00167392
135.062 0.00146144
127.278 0.000883944
128.384 0.00117705
129.818 0.00155372
127.545 0.00157829
130.513 0.00149462
128.937 0.000328379
130.924 0.00147945
129.77 0.00141011
128.115 0.00151049
128.113 0.00151768
128.571 0.00153815
129.865 0.00150894
131.974 0.00148606
129.014 0.0015527
124.595 0.00151973
131.437 0.00149609
129.634 0.000709662
131.348 0.00151791
129.661 0.0014933
121.959 0.00149767
127.694 0.00155267
131.113 0.00157488
127.258 0.00170348
127.581 0.000233423
130.953 0.00147944
131.422 0.00151627
130.914 0.00127467
131.197 0.00156182
133.236 0.00153818
130.396 0.0015881
130.916 0.0014765
128.796 0.00145241
133.095 0.00156291
129.874 0.00165932
130.749 0.00150423
130.899 0.00156168
127.469 0.00167271
129.527 0.0015909
130.225 0.00161199
129.473 0.00161716
121.445 0.00146504
130.274 0.00158235
128.027 0.00156303
129.709 0.00139965
124.211 0.00150415
128.407 0.00151229
128.274 0.00141119
129.922 0.00151171
131.07 0.00172411
128.605 0.00161743
132.234 0.0015604
128.378 0.00157263
129.094 1.75038e-05
128.834 0.00146799
130.622 0.00156239
128.851 0.0015044
132.311 0.00152155
125.874 0.00171901
130.795 0.00154597
129.823 0.00148789
127.411 0.00155031
122.049 0.00155177
131.874 0.00156494
128.46 0.00167851
125.725 0.00139041
129.61 0.00150145
126.634 0.00148541
126.389 0.00140942
123.412 0.00148511
130.009 0.00167826
128.98 0.00150598
132.448 0.00143897
128.86 0.0014915
127.563 0.00153709
131.77 0.00172867
129.219 0.00157251
128.229 0.00149527
128.373 0.00156493
129.002 0.00170254
129.971 0.00152407
131.213 0.000582734
127.607 0.000710148
128.661 0.00158701
129.339 0.00147881
131.558 0.00085893
129.674 0.00140684
132.334 0.00158393
130.284 0.00147193
131.201 0.00144698
131.571 0.00169038
128.46 0.00148753
128.817 0.00151522
127.779 0.00173852
130.048 0.00118794
125.497 0.00164472
129.464 0.00155009
126.266 0.000325421
131.449 0.00159245
131.214 0.00152244
129.237 7.29884e-05
128.904 0.00130708
122.469 0.00154642
130.041 0.00149393
129.318 0.00154669
128.636 0.00151829
129.523 0.00154036
133.892 0.00153406
129.309 0.00170293
131.526 0.00172221
127.754 0.00145239
128.081 0.00170757
128.895 0.000583979
128.63 0.00130306
128.24 0.00147117
132.915 0.00150419
137.562 0.00146324
130.542 0.00150506
125.239 0.000327395
126.374 0.000112209
131.448 0.00158279
128.31 0.00150247
132.001 0.00152027
130.853 0.00147204
128.083 0.00149254
130.826 0.00116663
129.077 0.00150274
126.183 0.00158167
121.052 0.00158165
130.457 0.0014132
128.496 0.00150785
130.843 0.00129235
131.619 0.00137646
129.937 0.00150284
128.5 0.0014971
123.669 0.00163307
129.885 0.00157016
128.35 0.00148393
129.003 0.00154704
131.662 0.00150374
129.718 0.00150724
127.252 0.000111445
129.214 0.00171857
128.203 0.00155134
126.922 0.00163327
128.328 0.00149519
131.388 0.00162916
130.066 0.00153588
131.94 0.00149671
129.58 0.00176259
131.065 0.00152492
125.813 0.00159714
132.25 0.00155058
131.926 2.92441e-05
129.855 0.00151726
130.603 0.00170079
130.358 0.00166641
125.689 0.0015608
130.706 0.000707682
127.621 0.00142466
131.077 0.00160609
126.601 0.00156212
126.671 0.001491
128.523 0.0016735
130.466 0.000586536
128.255 0.00155893
129.465 0.00157635
132.023 0.00164028
135.441 0.00150956
132.039 0.00149302
128.773 0.0014891
130.148 0.00163449
129.465 0.00175729
129.883 0.00156736
128.631 0.00154419
129.411 0.00141094
126.744 0.000886097
132.178 0.00158114
123.371 0.00153147
131.65 0.00171755
120.384 0.000342795
131.711 0.000107732
131.953 0.00160332
124.738 0.00157934
130.923 0.00157582
130.999 0.00157617
129.553 0.00148148
129.718 0.000582286
130.959 0.00151212
130.705 0.00156527
128.445 0.000114954
129.405 0.00145781
130.368 0.00163444
131.883 0.00166967
132.456 0.00159031
137.633 0.00139132
129.433 0.00156876
141.574 0.00136195
128.077 0.00148561
131.439 0.00154232
129.513 0.00155861
124.581 0.00101487
130.745 0.00163313
127.504 0.00142131
129.6 0.000807549
127.855 0.00141825
130.848 0.00168699
123.938 0.00149771
130.446 0.00171803
128.776 0.00139315
128.021 0.0013625
129.441 0.0014882
131.517 0.00152546
130.621 0.00151784
130.625 0.00140477
128.22 0.00164857
130.593 0.00172086
129.435 0.0016064
131.141 0.00156986
131.041 0.00164179
132.053 0.00179427
130.112 0.00157557
130.476 0.00170438
125.911 0.00154964
130.273 0.00158296
127.302 0.00155865
128.541 0.00169741
127.012 0.00174429
127.717 0.00164715
128.289 0.0015699
132.087 0.00140302
130.912 0.00152249
130.781 0.00150628
120.384 0.000692612
131.778 0.00167624
126.982 0.00152276
130.255 0.00157062
123.179 0.0017584
131.448 0.00153582
129.553 0.00154711
129.483 0.00155499
130.712 0.00151834
130.933 0.0016305
132.593 0.00148464
131.118 0.00151059
128.814 0.00166802
128.824 0.0015081
116.164 0.00151214
125.354 2.77034e-05
128.402 0.00157131
130.842 0.00153958
131.528 0.00155761
129.867 0.00148991
129.578 0.00174991
133.8 0.00150741
128.877 0.00160389
131.437 0.00151085
131.361 0.00167113
130.808 0.00152942
132.024 2.86583e-05
127.327 0.00152234
130.547 0.00153128
128.117 0.0015803
131.247 0.00118202
131.409 0.0017309
127.908 0.0016043
122.576 0.000858218
131.795 0.00148707
128.312 0.00173764
127.672 0.00146554
128.036 0.00153828
130.787 0.000865314
131.499 0.00153184
129.032 0.00151079
130.151 0.00147625
130.116 0.00173724
131.824 0.00149806
128.419 0.0014681
130.586 0.0014268
128.098 0.00139628
131.868 0.001629
124.549 0.00170601
130.692 0.00153036
128.292 0.000949929
130.119 0.00150455
130.184 0.00151567
131.476 0.00167985
131.191 0.00169456
129.309 0.00145007
129.929 0.00151536
130.347 0.00164733
128.105 0.00147169
130.13 0.0016856
129.328 0.00148996
129.179 0.00153277
128.065 0.00147126
130.54 0.00155596
131.103 0.00150904
128.665 0.00153881
128.313 0.00160525
131.238 0.00171359
122.457 0.000222782
128.106 0.00138133
125.903 0.00149786
122.746 0.0015434
128.726 0.00155465
129.668 0.00170884
128.761 0.00162805
131.2 0.00157396
130.132 0.00165696
131.873 0.00151251
123.48 0.0016446
130.188 0.00158882
128.771 0.00157613
130.643 0.00163718
131.252 0.00148545
130.153 0.00152935
131.622 0.00125701
130.38 0.00152801
130.044 0.00162619
133.97 0.001439
128.504 0.00145617
129.567 0.00154084
129.782 0.00156141
127.614 0.00172096
132.017 0.00156744
128.545 0.00152007
127.507 0.0016403
132.041 0.00150771
132.743 0.00144171
131.691 0.00146454
130.752 0.00144242
128.445 0.0016776
127.358 0.00157115
137.855 0.00153917
130.931 0.00152317
131.233 4.57926e-05
129.431 0.00170818
131.851 0.00145893
127.344 0.00157787
128.938 0.00167177
129.246 0.00151018
132.808 0.00140705
132.909 0.00153307
122.573 0.00141702
130.526 0.000893529
130.544 0.00120301
129.183 0.00150845
128.33 0.00138572
127.637 0.00142965
130.173 0.00149472
129.073 0.00141802
131.006 0.00151097
130.258 0.00150983
129.284 0.00155938
128.232 0.00149984
128.966 0.00164241
130.302 0.00158675
129.438 0.00150203
131.112 0.0017131
127.509 0.000595962
127.365 0.00156775
129.481 0.00152108
129.66 0.00170978
129.392 0.00152743
128.265 0.00151316
129.518 0.00150769
129.207 0.00151442
130.306 0.00128335
128.105 0.00152272
129.504 0.00146203
132.308 0.00154405
131.04 0.00168366
128.05 0.00124674
130.29 0.00157173
129.992 0.00153211
129.96 0.00151152
126.844 0.00173287
129.48 0.00150346
127.491 0.00156287
131.249 0.00156004
128.884 0.00149672
128.179 0.000105478
129.565 0.00158609
130.018 0.000110241
128.154 0.00167515
130.706 0.00155175
129.822 0.00154398
130.028 0.00169353
131.308 0.00157137
128.72 0.00148227
125.594 0.00155069
130.028 0.00147438
130.663 0.00157961
129.517 0.00155234
127.835 0.00149639
130.631 0.00157421
132.894 0.00155417
128.248 0.00170467
130.44 0.00153633
129.311 0.00175395
131.509 0.00147222
128.966 0.00151904
123.868 0.00156309
129.386 0.00150317
130.893 0.00153704
126.618 0.00151355
131.3 0.00153664
130.854 0.00152996
129.154 0.00158674
130.04 0.00151756
131.641 0.00158166
131.567 0.00173702
129.698 0.00171584
131.284 0.00141083
127.439 0.00145419
127.841 0.00138936
117.929 0.00157104
129.485 0.00155111
128.896 0.00154762
116.266 0.00168671
133.681 0.00155695
120.17 0.0014805
128.78 0.00102023
130.034 0.00147074
129.878 0.00149341
131.183 0.00149464
131.889 0.00156036
131.029 0.000224702
126.344 0.00148047
130.732 0.0017374
127.63 0.00156041
130.916 0.00164503
132.526 0.00162589
132.845 0.00158938
131.804 0.00146631
131.407 0.00148529
130.35 0.00170492
131.004 0.00154084
129.901 0.00160551
129.51 0.00172722
129.826 0.00149446
128.683 0.00170866
130.485 0.00167423
130.65 0.00162775
127.847 1.04859e-05
127.466 0.00142116
130.158 0.00148105
130.413 0.00151505
129.079 0.00154327
130.186 0.00167427
129.54 0.00156082
129.151 0.0018001
129.928 0.00149887
122.984 0.0014403
130.2 0.00150215
130.642 0.00139022
127.719 0.00157372
125.602 0.00175802
132.413 0.00151518
127.787 0.00165948
128.697 0.00159252
130.027 0.00151482
130.932 0.00154908
129.468 0.00137707
129.807 0.000231916
129.336 0.00154382
127.625 0.00168464
130.628 0.00150647
129.931 0.00161431
130.929 0.00164637
130.437 0.00162294
126.235 0.00151345
129.537 1.05693e-05
128.74 0.00153167
130.144 0.00146205
130.592 0.00156338
129.095 0.00157678
118.058 0.00139455
133.004 0.00153189
130.71 7.35318e-05
129.461 0.00152573
129.119 0.000580123
128.41 0.00148301
129.578 0.00150383
129.162 0.000160243
129.068 0.00168146
132.071 0.00133188
128.382 0.0013035
127.217 0.00160869
124.625 0.000595178
132.354 0.00157895
131.066 0.0014923
128.468 0.00165526
130.099 0.00162734
128.978 0.001706
127.113 0.000710346
132.007 0.00172473
129.656 0.00138222
131.073 0.00151084
131.313 0.000318817
130.587 0.0016257
125.867 0.00163995
131.465 0.00159858
128.17 0.00169209
130.386 0.0017429
131.132 0.00150036
130.329 0.00149497
130.335 0.00157736
129.178 0.00144999
130.618 0.00071882
129.572 0.00150986
130.446 0.00170028
131.953 0.00171115
130.836 0.00155314
128.562 0.00164627
129.592 0.00152007
130.683 0.00148949
131.701 0.00163872
128.356 0.00151427
130.983 0.00149238
130.069 0.00149051
127.86 0.00143753
131.302 0.00172637
129.848 0.00153326
129.599 0.00149685
131.832 0.00149305
131.889 0.00152147
127.622 0.00151383
128.951 0.00152509
131.71 0.00168324
130.601 0.00169181
136.587 0.0015174
128.62 0.00171377
127.754 0.00156007
125.18 0.00159181
126.953 0.00151327
133.313 0.00174298
127.529 0.00150342
129.052 0.0016217
128.167 0.00151752
126.458 0.0014909
131.162 0.0016733
130.722 0.00165232
128.068 0.00141826
129.643 0.00174012
126.032 0.00159397
128.719 0.00169275
131.383 0.00172766
129.411 0.00147265
128.851 0.00168796
122.638 0.000575327
126.585 0.000745244
123.954 0.00166477
129.356 0.00183937
133.045 0.00150982
130.884 0.00147153
122.812 0.00154684
133.253 0.00162405
130.848 0.00141071
133.004 0.00147605
130.011 0.00156874
128.375 0.00157495
129.337 0.00157345
128.724 0.00154491
116.252 0.00150723
128.54 0.00159385
129.067 0.00156802
129.951 0.00171146
128.082 0.00140229
122.674 0.00163802
129.044 0.00152816
129.442 0.00126809
130.007 0.00168884
129.219 0.00103228
129.427 0.00158836
128.162 0.0014477
129.13 0.000330282
120.889 0.00171982
126.319 0.00150207
120.869 0.00160545
130.279 0.00159971
123.684 0.0014676
131.552 0.00145863
131.4 0.0015405
131.624 0.00183385
129.276 2.84418e-05
130.135 0.00102327
130.937 0.00149329
129.888 0.00101612
133.461 0.00148496
128.657 0.00152925
127.749 0.00151431
131.675 0.00144656
131.521 0.00149602
131.165 0.00150929
130.101 0.00127526
129.749 0.000234275
128.967 0.00173746
129.934 0.00148141
130.286 0.00150931
130.417 0.00153875
128.805 0.00151805
129.122 0.00156586
129.083 0.00160938
129.406 0.000726602
130.568 0.00171099
132.594 0.00145946
127.41 0.00152318
131.831 0.00148947
131.208 0.00178133
135.485 0.0017732
127.906 0.00152986
127.097 0.00156148
128.872 0.00152695
128.483 0.00106982
130.642 0.00156929
130.22 0.00124127
128.741 0.00153747
127.804 0.00170447
127.88 0.00171354
128.336 0.00151221
129.949 0.00135763
122.77 0.00165802
128.361 0.00151502
130.353 0.00156619
132.264 0.00150578
130.764 4.6919e-05
129.371 0.00151143
130.77 0.00148413
128.633 0.00168839
129.989 0.0014893
130.74 7.51319e-05
132.126 0.00176175
131.674 0.00166904
129.34 0.00146532
128.983 4.61335e-05
131.843 0.0015265
129.873 0.00155805
129.916 0.00150785
119.036 0.00168827
130.928 0.00151298
129.587 0.00139436
132.153 0.0015227
128.307 0.00157254
129.804 0.00150153
133.833 0.00142336
129.223 0.00150018
125.217 0.00145276
127.538 0.00164962
132.621 0.00163538
131.376 0.00156461
129.414 0.00149364
130.25 0.000236888
128.544 0.00152029
129.583 0.00151025
128.635 0.00159967
130.351 0.0016948
128.143 0.00151764
128.239 0.00159407
134.711 0.00129951
128.758 0.00162897
130.499 0.00152817
126.848 0.00149012
125.948 0.000428217
128.609 0.00155102
129.922 0.0017235
118.463 0.00164411
131.556 0.00160835
130.24 0.00164539
128.954 0.00170842
129.281 0.00144695
130.057 0.00168877
128.877 0.000110338
124.745 0.00170929
128.742 0.00155602
124.313 0.00171098
129.951 0.00157993
124.784 0.00149649
127.956 0.00157144
130.942 0.00170677
129.163 0.00151285
130.782 0.00153225
130.603 0.001516
130.849 0.00154028
126.367 0.00150377
130.431 0.00156972
128.297 4.54602e-05
129.315 0.00158061
133.204 0.00156803
130.571 0.00154217
128.913 0.00153661
131.314 0.00163178
127.544 0.00175647
131.267 0.00162772
131.132 0.0015297
129.507 0.00140228
131.668 0.00174404
131.939 1.75211e-05
128.356 4.60253e-05
129.093 0.0017018
130.012 0.000332099
124.36 0.00175256
133.957 0.0017529
131.93 0.00150567
129.495 0.00153976
129.266 0.00148473
130.466 4.55367e-05
131.573 0.00153983
131.444 0.00150885
128.815 0.00157039
123.247 0.0017292
130.709 0.00137484
130.424 0.000879791
120.091 0.00159294
129.771 0.00159091
129.144 0.00174036
130.247 0.00179867
128.361 0.00169126
132.235 0.00169242
129.631 0.00160389
127.959 0.00156606
129.27 0.00153062
129.545 0.00149997
128.738 0.00154534
129.532 0.0017455
124.456 0.00144868
130.989 0.00156281
131.563 0.00148457
130.806 0.00154228
127.859 0.00159432
128.914 0.00165156
127.903 0.00124617
131.436 0.00160972
128.677 0.00148442
125.885 0.00153006
129.176 0.00147652
128.687 0.00152042
129.842 0.00044929
127.897 0.00175748
129.078 0.00157118
128.434 0.00146248
129.514 2.75305e-06
128.762 0.00174778
132.194 0.00150401
129.395 0.00151834
131.783 0.00173529
130.621 0.00172111
128.386 0.00156271
130.469 7.27804e-05
130.095 0.000413869
132.1 0.00151333
130.04 0.00156513
130.554 0.00167825
136.121 0.000910099
129.419 0.00168663
132.137 0.00149889
132.824 0.00142769
121.802 0.00159418
131.265 0.00163016
130.4 0.00031959
129.713 0.00158593
130.487 0.00146707
133.633 0.00152926
123.465 0.00150745
129.218 4.56873e-05
128.268 0.00149799
129.504 0.001693
135.997 0.00140512
128.362 0.00147429
127.951 0.0014776
129.503 0.00155735
129.629 0.00159191
131.736 0.00167786
130.463 0.00152431
130.878 0.00172058
127.67 0.00139364
123.651 0.00148886
127.207 2.98422e-05
134.077 9.73453e-06
131.324 0.00148781
129.148 0.00172019
129.711 0.00150045
125.974 0.00157996
129.942 0.00167569
129.687 0.00166154
130.553 0.00127788
132.245 0.00169417
131.309 0.00155523
129.799 0.00166738
131.132 0.00171101
130.289 0.00146211
126.454 0.00140995
128.851 0.00171866
133.658 0.00146806
133.963 0.00180644
127.891 0.001528
131.6 0.00133297
128.352 0.00152746
128.163 0.00112018
129.695 0.00165792
128.29 0.00043925
129.927 0.001575
129.687 0.00172332
134.508 0.00150384
129.726 0.00154937
130.76 0.00150084
129.418 0.00149608
126.149 0.00163147
129.483 0.00159754
132.036 0.00158003
130.204 0.00152346
133.069 0.00156401
128.404 0.00151198
133.392 0.00157239
126.573 0.00100603
126.391 0.00157384
130.163 0.0014999
130.148 0.00151588
130.513 0.00158573
129.603 0.0015621
130.067 0.00149165
121.249 0.00151599
130.863 0.00154654
128.727 0.00168683
128.786 0.000160871
131.079 0.00151578
131.517 0.00152426
124.701 0.00150311
130.712 0.00156258
128.466 0.000110574
129.82 0.00103929
127.655 0.00155768
129.512 7.25011e-05
131.25 0.00157
128.924 0.00168852
125.123 0.00168769
131.913 0.00153462
132.214 0.0014722
127.852 0.00148455
130.183 0.00158628
128.054 0.00156057
130.298 4.52604e-05
131.637 0.00173208
130.224 0.00151205
128.465 0.00131053
130.746 0.00143864
130.13 0.00168312
130.61 0.00148869
132.039 0.00147051
125.165 0.00115818
129.491 4.44881e-05
131.139 0.00141893
123.785 0.0011716
129.442 0.00171098
130.437 0.00152954
133.076 0.0017275
124.663 0.00158932
128.385 0.00152523
128.984 0.00147707
129.86 0.00169066
126.052 0.00163839
128.95 0.00156739
126.14 0.0014983
129.659 0.00151046
129.983 0.00152241
134.69 0.00169029
128.94 0.0015801
130.916 0.0015729
128.345 0.00170512
129.748 0.00154918
128.671 0.00159388
130.693 0.0014839
130.798 0.00151742
130.947 0.00149553
122.677 0.00148005
116.256 0.0017279
131.819 0.00152199
128.055 0.00115413
129.576 0.00151524
127.395 0.00164887
129.347 0.000231826
129.436 0.00158739
131.917 0.00149758
129.252 0.00150741
128.659 0.00156879
129.624 0.00142168
132.133 0.000542239
131.414 0.00154663
130.732 0.00142399
132.324 0.00149567
134.274 0.00156893
130.442 0.00149985
120.454 0.00153918
123.816 0.00145258
130.267 0.00149809
132.232 0.00170832
130.788 0.00151023
129.201 0.00134339
129.462 0.00148347
128.129 0.00147417
127.969 0.0016331
131.148 0.00071424
129 0.00107186
129.545 0.00151175
129.747 0.00141243
128.822 0.00152054
125.406 0.00169606
128.977 0.00171867
130.367 0.00155119
129.361 0.00157947
129.383 0.00150364
127.627 0.00170621
129.125 0.00146999
131.773 0.00161482
129.684 0.000567401
128.271 0.00151363
125.448 0.00165773
128.289 0.00156435
130.613 0.00169268
130.222 0.00151616
131.13 0.0015071
130.378 0.00152669
129.742 0.00152096
128.056 0.00157491
128.946 0.00169952
129.871 0.00149391
129.045 0.00167441
130.836 0.00139913
128.204 0.00152564
129.784 0.00153273
129.289 0.0015317
130.373 0.00162233
127.163 0.00151585
129.825 0.00149361
131.801 0.000720022
130.624 0.00150943
128.148 0.00176665
129.93 0.00150546
129.545 0.00140598
131.802 0.000570287
131.514 0.00155745
126.885 0.00168658
128.978 0.00164538
127.418 0.00163297
127.371 0.00130147
129.596 0.00152826
128.39 0.00149702
132.546 0.00144012
127.962 0.00145309
130.246 0.0015157
133.275 0.0015192
129.553 0.00157649
131.334 0.00157972
128.744 0.00151576
129.57 0.00149602
139.858 0.00151554
130.397 0.00156648
128.642 0.00164216
127.184 0.00155866
127.75 0.00149217
129.721 0.00136816
126.64 0.00150266
132.376 0.001483
128.982 0.000108802
128.903 0.00157429
130.387 0.00169766
127.705 0.00170183
131.316 0.0014958
129.625 0.00163641
132.713 0.00155032
127.178 0.0016076
129.285 0.00162313
133.207 0.00146235
130.944 0.00150037
129.869 0.00152245
128.689 0.00160196
130.257 0.00128787
125.003 0.00153908
129.38 0.00101465
128.722 0.00151872
132.273 0.00143384
130.519 0.0015482
128.582 0.00148708
130.523 0.00144626
115.07 0.00141211
127.805 0.00152727
129.783 0.00154203
129.925 0.00151832
127.15 0.00148255
129.042 0.00163001
133.96 0.00150179
129.628 0.00157436
128.489 0.0015913
128.571 0.00166703
128.363 0.00137498
126.803 0.00149673
128.708 0.00152641
125.148 0.00139104
128.277 0.00152141
130.346 0.0017294
126.492 0.00154528
124.07 0.00150544
132.356 0.00167192
130.721 2.84606e-05
128.788 0.00172547
130.352 0.00150623
128.188 0.00150884
129.153 0.00159816
129.962 0.00157562
123.597 0.00117258
131.131 0.00145265
131.874 0.00153164
124.854 0.00153047
131.261 0.000582101
120.084 0.00149752
129.619 0.00154883
129.102 0.00147535
126.213 0.00141589
129.758 0.00145489
135.249 0.000814799
130.052 0.00147509
129.407 0.00149671
127.879 0.00121346
131.376 0.00166136
131.618 0.00145473
130.583 0.0016013
128.791 0.0015102
127.482 0.00151041
129.947 0.00155272
131.621 0.00148684
130.465 0.00150812
130.884 0.00163315
132.171 0.00147696
130.001 0.00151167
130.769 0.00153043
128.535 0.00173897
128.15 0.0014841
128.72 0.00108913
129.318 0.00149436
128.12 0.00161236
129.663 0.00169574
127.626 0.00170577
130.949 0.00150352
131.992 0.0015046
130.66 0.0015579
128.869 0.000571284
130.533 0.00139942
131.413 0.00167823
129.117 0.00165372
125.948 0.00147494
129.304 0.00155447
127.101 0.000588948
128.683 0.00158438
130.714 3.80616e-06
130.198 0.00142819
127.001 0.00168941
121.112 0.00160916
126.826 0.00166407
129.472 0.00150131
130.124 0.00155287
127.555 0.00148427
128.865 0.00167662
128.933 0.00154893
131.47 0.00129183
129.378 0.00101878
128.926 0.00174599
131.258 0.00143673
129.813 0.00168702
126.273 0.00170738
132.426 0.00141375
130.388 0.00169304
128.685 0.00156371
128.989 0.00166154
126.448 0.0015665
129.524 0.00161047
130.984 0.00145588
131.178 0.00158549
129.761 0.00135966
129.769 0.00152466
128.505 0.00153608
132.66 0.00139041
127.238 0.00141373
128.48 0.00171202
128.065 0.00152119
130.281 0.00170598
131.233 0.00101372
129.077 0.00157026
129.979 0.00155613
122.189 0.0015042
128.954 0.00148525
125.838 0.0015124
127.799 0.00163056
123.294 0.00168091
127.954 0.001611
133.568 0.00136365
131.604 0.000875735
135.522 0.00152448
127.641 0.00154984
131.81 0.00161661
131.844 0.00148955
128.013 0.00152355
131.574 0.00161529
128.562 0.00165367
126.918 0.00151733
129.784 0.0015756
129.223 0.00149167
130.094 0.000321445
