118.954 0.000986401
122.171 0.00112091
116.189 0.00101859
117.342 0.00120833
121.576 0.000752678
119.235 0.00112243
119.578 0.000152234
119.443 0.000346035
118.718 0.00101596
118.692 0.00111159
119.659 0.000988122
119.488 0.00101986
119.398 0.00107594
119.974 0.00106496
120.758 1.91921e-05
121.024 0.000979442
119.128 0.000995688
119.201 0.00110632
125.284 0.000927274
118.408 0.000957299
119.681 0.00105405
119.396 4.17499e-06
119.7 0.000979186
119.538 0.000892358
120.914 0.00114931
119.866 0.00105102
119.022 0.00104526
119.641 0.00101262
121.118 1.15631e-05
116.756 0.00111958
120.936 0.000952201
120.482 0.000982673
116.798 0.00109277
115.702 0.000984347
149.205 0.000973397
119.808 0.00104109
119.887 0.000914322
