125.006 0.000631592
123.736 0.000616674
123.831 0.000693419
126.194 0.000586216
122.062 0.000621763
123.479 0.000608408
122.266 0.000942655
126.437 0.000660369
124.874 0.000626495
122.759 4.32605e-06
123.514 0.00067489
120.329 0.000652978
123.015 0.000670075
124.826 0.000620719
120.784 0.000636297
123.571 0.000674164
124.16 0.000635002
126.107 0.000645585
127.135 0.000635978
121.399 0.000650906
127.893 0.000537625
127.958 0.000668435
134.923 0.00062702
123.244 0.000662804
124.01 0.000623285
126.638 0.000673792
122.671 0.000602103
124.689 0.000636403
124.249 0.000710976
126.414 0.000617058
122.51 0.000720468
123.224 0.00067126
123.985 0.000652463
123.416 0.000613662
129.848 1.23871e-05
124.306 0.000627491
123.992 0.000628175
124.412 0.000622032
125.704 0.000675675
122.299 0.000724573
122.793 0.00061843
126.44 0.000644209
125.776 0.000621855
123.349 0.000655178
122.823 0.000682454
120.125 0.00071202
122.697 0.000608707
119.796 0.000699424
125.343 0.000629048
125.394 0.000617393
123.535 0.000589945
123.191 0.00065738
121.906 0.000615709
122.088 0.00062902
122.896 0.000649935
122.225 0.000636734
126.179 0.000626314
123.996 0.000621612
127.207 0.00061665
126.145 0.000648412
124.825 0.000645609
124.387 0.000134525
120.343 0.000623036
121.288 0.000646512
124.882 0.000615306
121.719 0.000680481
117.457 0.0006287
126.571 0.000577237
124.932 0.000613887
124.803 0.000643634
116.947 0.000630591
123.577 0.000620846
123.225 0.00018433
123.819 0.00024054
123.063 0.000631269
124.086 0.000616862
118.758 0.000627901
118.678 0.000691046
123.446 0.000630114
120.975 0.000642029
119.69 0.000634993
128.944 0.000709698
125.662 0.000649887
122.794 0.000623698
123.329 0.000631719
124.045 0.000638443
122.283 0.000643782
126.501 0.000703538
124.463 0.000533546
124.708 0.000647625
124.012 0.000721083
122.44 0.000639683
123.244 0.000708627
123.771 0.000711392
124.607 0.000630852
123.501 0.000621923
126.06 0.000562548
126.595 0.000607467
126.813 0.000639295
122.881 0.000692998
122.09 0.000632658
125.281 0.00067319
123.395 0.000617383
125.945 0.000633837
122.963 0.000615318
122.498 0.000625101
122.678 0.0007161
125.332 0.000693909
125.316 0.000537368
123.272 0.000629637
115.729 0.000654836
119.009 0.000656029
125.104 0.000621704
124.957 0.000588354
126.741 0.000652172
127.469 0.000671554
124.96 0.00064188
125.091 0.000653335
124.225 0.000628547
127.056 0.000671026
125.818 0.00062092
121.117 0.000712442
125.941 0.000618366
127.067 0.000630147
122.63 0.000709816
125.045 0.000653964
125.268 0.000625619
124.95 0.000134686
125.297 0.000652003
124.513 0.00071226
125.475 0.000617803
128.008 0.00065954
124.118 0.00058342
125.541 0.000627799
124.334 0.000578214
124.265 0.000628625
123.825 0.000628604
124.092 0.0006222
119.525 0.000618365
123.236 0.000614816
125.786 0.00062433
120.053 0.000604948
125.172 0.000646025
125.014 0.000428216
120.473 0.000627026
125.657 0.000622133
124.237 0.000645667
122.699 0.000645198
126.939 0.000619293
124.516 0.000699851
122.986 0.000648295
124.298 0.000633396
126.116 0.000664902
126.794 0.000641746
123.413 0.000622045
122.976 0.000641791
124.617 0.000678227
127.165 0.00063027
127.476 0.000638895
123.372 0.000648928
123.463 0.000694247
122.717 0.00065504
123.008 0.00060821
126.686 0.000634822
125.321 0.000651153
121.892 0.000617336
126.157 0.000711052
127.605 0.000636563
124.62 0.000616972
130.132 0.00064493
125.125 0.00062027
123.246 0.000616179
125.888 0.000699409
122.547 0.000424429
124.189 0.000710725
124.772 7.22419e-06
124.901 0.000664527
119.646 0.000675652
124.526 0.000713719
125.305 6.66393e-05
120.597 1.22404e-05
124.426 0.000186477
125.117 0.000536503
125.852 0.000695923
122.442 0.000610562
123.892 0.000634589
126.8 0.000711602
126.61 0.000648182
121.731 0.000640557
125.558 0.000635846
126.842 0.00070331
123.417 0.000636989
125.562 0.000622662
122.356 0.000626251
121.846 0.000631329
123.137 0.000663601
123.118 0.000675371
117.115 0.000552009
123.894 0.000632948
123.783 0.00065344
125.423 0.000618791
128.496 0.000365188
128.103 0.000649641
125.087 0.000620196
124.4 0.000689126
129.313 0.000664291
119.943 0.000243946
127.658 0.000630904
123.656 0.000662212
124.916 0.00067072
127.82 0.000653965
127.959 0.000607718
125.408 0.000631223
125.991 0.000637122
123.238 0.000720509
125.017 0.000622887
124.778 0.000702554
123.659 0.000611432
120.814 0.000632576
128.864 0.00061838
122.818 0.000717962
118.19 0.000676272
120.978 0.00071081
125.661 0.000707759
121.27 0.000712261
122.32 0.000589294
124.345 0.000632395
135.06 0.000704146
121.653 0.000605492
123.764 0.000648118
124.326 0.00053874
120.714 0.000645941
120.733 0.000641244
126.278 0.00062716
126.27 0.000628332
125.804 0.000671544
124.723 0.000705955
124.172 0.000610024
130.764 0.000689214
128.27 0.000649944
125.248 0.00063159
124.39 0.00061324
124.219 0.000620895
127.989 0.000697145
123.463 0.000623068
123.099 0.000528805
125.422 0.000630521
125.157 0.00064617
126.664 0.000700932
123.979 0.0006338
127.043 0.000646426
121.557 0.000640131
127.678 0.00062399
124.93 0.000620675
126.7 0.000637271
123.716 0.000733762
123.612 0.000648671
127.05 0.000623938
126.367 0.00064611
130.358 0.000665902
124.151 0.000649187
125.507 6.7012e-05
121.852 0.000631902
123.256 0.000672127
125.637 0.000710601
126.013 0.000638003
118.648 0.000697246
125.968 0.000645178
116.069 0.000641299
122.002 0.000614366
123.871 0.000650037
125.611 0.00064749
122.689 0.000631133
123.039 0.000596474
129.715 0.000621207
123.058 0.000710804
123.297 0.000664628
125.68 0.000634148
126.439 0.000631061
122.879 0.000696362
124.99 0.000652575
123.087 0.000651082
125.393 9.70521e-05
123.956 0.000623167
125.935 0.000620006
124.291 0.000595167
121.989 0.000613367
127.265 0.000621377
120.253 0.000715397
122.819 0.000627536
122.781 0.000644224
122.39 0.000622045
125.012 0.000692618
126.603 0.000708268
121.889 0.000619465
126.663 0.000621599
123.585 0.000579074
128.409 0.000667005
124.983 0.000649505
124.014 0.000710192
121.656 0.000619557
127.111 0.000709955
129.88 0.000664008
124.619 0.000681725
126.904 0.000614149
120.499 0.000581873
125.893 0.000663926
122.283 0.000691461
124.692 0.000570339
125.252 0.000623995
124.889 0.000671742
116.557 0.000182497
124.351 0.000647169
123.982 0.000613491
125.323 0.000620992
124.41 0.000655945
125.35 0.000467035
124.758 0.000674965
123.498 0.00067319
126.142 0.000707847
130.811 0.000644281
123.674 0.00061953
124.097 0.000638562
124.162 0.000664918
125.559 9.66635e-05
127.547 0.000619158
118.219 0.000623362
121.606 0.00065639
124.72 0.000641746
123.225 0.000644415
118.568 0.000135894
126.827 0.000536442
119.258 0.000627327
126.526 0.000654567
123.975 0.000701266
126.662 0.000641948
124.926 0.000684676
125.491 0.000639217
122.607 0.000693922
117.118 0.000632143
129.312 0.000652532
123.606 0.000713579
123.087 0.000637543
119.271 0.000688811
123.867 0.000648968
125.072 0.000656018
123.248 0.000634514
125.577 0.000519862
122.177 0.000423052
123.658 0.000704295
125.555 0.00053345
122.126 0.000673869
119.079 0.000577142
124.872 0.000714726
123.244 0.000643419
123.282 0.000710304
123.901 0.000240326
124.443 0.000628524
122.802 0.000618887
126.844 0.000613116
124.923 0.000708257
126.121 0.000697515
123.827 0.000613193
121.958 0.000638728
127.552 0.000183966
125.534 0.00059017
122.858 0.000627699
125.392 0.000635944
125.526 0.000692266
124.093 0.000624494
126.272 0.000640702
124.951 0.000609561
124.623 0.000623749
119.668 0.000676003
130.58 0.000652469
123.716 0.000673834
126.365 1.56639e-06
124.707 0.000642846
122.86 0.000615402
123.724 0.000647105
121.817 0.000622144
124.305 0.00065979
124.678 0.000639431
124.261 0.000627327
123.635 0.00063983
127.227 0.000697716
135.04 0.000630095
125.826 0.000584321
123.294 0.000696303
124.597 0.000631529
125.122 0.000626566
121.251 0.000613576
124.766 0.000660056
125.545 0.000617154
125.314 0.000631841
124.722 9.70807e-05
123.713 0.000643622
123.169 0.000655395
123.913 0.000625066
125.981 0.000621056
122.708 0.000182465
126.931 0.000623275
125.072 0.000640309
120.308 6.72926e-06
125.47 0.000653535
127.349 0.000707584
117.031 0.000288518
124.687 0.00062722
125.033 0.000650808
126.438 0.000631215
122.798 0.000421844
120.305 0.000720364
125.233 0.00063869
123.041 3.05851e-05
125.658 4.54341e-05
127.314 1.87246e-05
119.472 0.000620093
125.204 0.000642256
126.626 0.000628029
120.11 0.000615301
124.772 0.000643106
120.625 0.000614275
126.45 0.000621825
129.922 0.000630379
127.405 0.000654733
122.852 0.00065885
126.626 0.000622628
118.081 0.000672066
121.405 0.00062122
125.367 0.00065653
125.032 0.000240771
128.058 0.000298459
124.308 0.000638814
124.654 0.000681862
127.522 0.000679996
117.803 4.61455e-05
126.764 0.000703197
122.957 0.00063281
119.062 0.000190918
118.453 0.000694592
124.442 0.000633186
122.222 0.000628235
125.091 0.000630478
122.356 0.00067435
121.438 0.000677257
120.574 0.000709672
119.074 0.00071825
116.385 0.000706558
124.994 0.000655904
121.907 0.000692953
126.348 0.000704701
127.589 0.000607575
120.995 6.75801e-05
124.429 0.000630384
127.76 0.000637895
124.836 0.000610504
125.569 0.000704808
125.665 0.000695584
121.811 0.000627472
126.097 0.000715584
123.739 0.000713075
125.839 0.000492532
121.204 0.000669569
123.433 2.9912e-05
125.451 0.00061738
124.962 0.000647529
123.172 0.000706548
125.691 0.000698724
123.792 0.000709242
123.91 0.000712035
127.571 0.000626529
122.73 0.000697152
120.982 0.00061922
122.58 0.000672542
122.445 0.000628274
123.858 0.000133539
120.827 0.000643079
125.648 0.000708689
122.834 0.000636838
127.817 0.000589154
127.958 0.000622327
123.858 0.000645558
122.016 0.000134831
124.198 0.000607497
124.53 0.000620775
117.473 0.000639022
124.027 0.000625091
125.641 0.000621076
121.847 0.000630602
125.393 0.000639583
125.138 0.000640915
121.997 0.000422499
122.341 0.000636887
125.625 0.000624816
125.579 0.000652937
123.399 0.000627198
119.003 0.000663376
122.578 0.000598085
125.554 0.000678888
126.235 0.000617001
121.25 0.000633587
127.172 6.66174e-05
123.974 0.0006513
125.226 0.00062714
124.872 0.000648718
121.965 0.00063865
125.373 0.000704343
126.179 0.000574008
130.83 0.000629048
124.992 0.000646679
121.762 0.000647194
124.696 0.000653697
126.625 0.000630599
125.576 0.000697815
121.747 0.000633534
122.578 0.000673866
122.744 0.000643367
129.882 0.000679269
123.969 0.000664162
128.618 0.000182577
121.414 0.000646706
121.412 0.000614315
125.161 0.000633579
123.61 0.000625472
125.939 0.000636397
123.474 0.000621161
123.995 0.000615896
124.069 0.000665598
125.724 0.000649825
125.799 0.00061937
123.356 0.000633352
120.852 0.000645738
119.757 0.000715397
121.594 0.000627021
123.704 0.00062191
122.977 0.00062384
122.458 0.000539249
122.683 0.000621224
122.494 0.000483727
126.657 0.000705422
124.345 0.000656481
125.758 0.000619789
123.21 0.000533104
124.812 0.000647831
124.698 0.000633559
124.012 0.000639363
123.289 0.000620864
125.993 0.000719789
127.285 0.000626679
125.541 0.000625473
125.663 0.000621021
124.439 0.000718234
126.843 0.000879938
121.455 0.00062335
125.761 0.00063886
124.836 0.00062079
126.696 7.08756e-06
124.643 0.000533585
125.849 0.00069665
123.535 0.000709153
124.29 0.000627493
128.194 0.000299921
126.659 0.000601066
124.164 0.000711779
124.549 0.00013675
124.553 0.000619117
125.819 0.000614079
124.478 0.000669629
122.022 0.000674604
122.873 0.000629909
120.692 0.000693503
125.194 0.000618639
124.134 0.000650687
126.635 0.000626778
124.543 0.000624065
125.35 6.80903e-05
123.777 0.000636324
122.128 0.000625442
126.925 0.000631508
125.041 0.000613497
126.247 0.000675884
122.307 0.000626285
121.489 0.000629728
124.646 0.000629166
118.924 0.000656292
127.575 0.000624484
124.184 0.000708262
126.107 0.00059773
124.636 0.000624828
123.664 0.000578539
124.699 0.00062142
122.213 0.000706202
120.025 0.000665113
120.478 0.000641528
124.258 0.00063828
124.638 0.000573762
124.075 0.000623707
120.44 0.000630334
124.982 0.000641618
128.056 0.000624192
125.062 0.000709766
124.645 7.26079e-06
124.311 0.000616086
122.721 0.000643474
125.889 0.000632959
120.791 4.74434e-05
126.987 0.00057804
124.579 0.00071116
126.012 3.02516e-05
121.616 0.000611066
124.198 0.000680934
121.845 0.000541412
126.901 0.000632092
121.883 0.000647368
123.387 0.000627818
122.736 0.000632036
125.946 0.000624721
123.363 0.000649453
123.922 0.000619047
124.422 0.000620262
120.048 0.000624065
126.045 0.000711545
115.774 0.000645324
122.263 0.000717274
126.183 0.000620474
127.777 0.000690317
123.215 0.000677746
125.53 6.75282e-05
126.768 0.000675674
125.284 0.000644129
124.157 7.22606e-06
124.118 0.000616436
122.352 0.000651738
119.864 0.000650468
125.436 0.000616141
125.15 0.000623836
126.327 0.000626843
125.916 0.000636804
123.283 0.00071195
121.49 0.000612437
121.904 9.66051e-05
125.297 0.000615111
119.288 0.00061695
116.928 0.00062192
125.347 0.000653288
124.838 0.000619822
127.431 0.000695822
125.938 4.303e-06
122.759 0.000619999
125.675 0.000590751
119.71 0.000623561
121.38 0.000651381
122.449 9.33338e-05
121.609 0.000705213
126.162 0.000618388
123.261 0.000644955
122.919 5.79619e-07
121.767 0.000360203
122.522 0.000656906
124.896 0.000625598
122.494 0.000705629
117.685 0.000620422
124.995 0.000615005
126.541 0.000540678
123.514 0.000645702
125.676 0.000628761
126.593 0.000637942
121.12 0.000612328
125.677 0.000643578
122.89 0.000621763
121.058 0.000616133
124.415 0.000419777
122.263 0.000629276
124.132 0.000699769
127.698 0.00070706
125.155 0.000620775
119.551 0.000681919
118.064 0.000703896
125.937 0.000622472
121.557 0.000651359
123.917 0.000635947
123.966 0.000719362
118.591 0.000621559
120.648 0.000641607
119.822 0.000623199
125.798 0.000616173
124.818 0.000621648
121.674 0.000665498
125.556 0.000583064
123.686 0.000712289
124.947 0.000689255
124.363 0.000660586
127.297 1.21245e-05
118.349 0.000671086
124.24 0.000630413
123.266 0.000665863
123.954 9.72077e-05
125.164 0.000648713
125.038 0.00042291
125.409 0.00065527
124.579 0.000419276
118.911 0.000662866
125.844 0.000704787
124.374 0.000621614
127.096 0.000613782
126.259 0.000649323
125.812 0.000693534
124.646 0.000717436
122.263 0.000778978
122.873 0.000725563
126.754 0.000594448
126.272 0.000618179
121.423 0.000635693
125.684 0.000631449
126.037 0.000713371
122.94 0.000702389
125.142 0.000628379
123.757 0.000642491
124.56 0.000691945
122.327 6.52661e-05
124.175 0.000644979
128.123 0.000632028
124.654 0.000575464
123.168 0.000694679
123.042 0.000641591
125.554 0.000620198
126.967 0.00070221
126.057 7.16481e-06
127.154 0.0006385
120.188 0.000625909
125.632 0.00063097
124.347 0.000636459
122.818 0.000640069
125.357 0.000662009
116.851 0.000639268
124.596 0.000705037
122.025 0.00070732
126.065 0.00069131
122.82 0.000655538
123.524 0.000713435
123.805 0.000626932
124.21 0.000618773
119.93 0.000583015
125.805 0.00066888
126.524 0.000669465
124.838 0.000619076
124.552 0.000652517
128.225 0.000630249
126.415 0.000643941
130.372 0.000630445
126.684 0.000620367
123.851 0.000694306
123.636 0.00064962
124.52 0.000703525
122.2 0.000624318
125.706 0.00029932
123.373 0.00071027
125.762 0.000714588
120.815 0.000630973
121.604 0.000622109
124.953 0.000646698
121.182 0.00069638
125.725 0.000620329
121.789 0.00061775
122.824 0.000637583
125.246 0.00070854
118.027 7.52696e-06
122.223 0.000565798
124.225 0.000707829
116.423 0.000656735
122.354 0.000490882
124.038 0.000625702
125.412 0.000704781
127.321 0.000642558
121.196 0.000640492
122.138 0.000630518
125.461 0.000636079
123.975 0.000499114
124.567 0.000637083
120.01 0.000622326
119.511 0.000181182
123.464 0.000675936
122.952 0.000641403
123.791 0.000657963
122.241 0.000630363
125.366 0.000714825
125.018 0.000620344
123.903 0.000671316
123.21 0.000661638
122.537 0.000240002
122.367 0.000632137
124.666 0.000620166
124.573 0.000641687
125.757 1.87524e-05
118.975 0.00064138
119.802 0.000708803
126.33 0.000631318
120.008 0.000540871
124.049 0.000705005
122.012 0.000697148
126.837 0.000705526
124.249 0.000696658
126.846 0.000693343
124.516 0.000597432
125.368 0.000651038
119.075 0.000735308
125.394 0.000651829
123.53 0.00064792
127.278 0.000692294
118.769 0.000655396
122.696 0.000716905
127.978 0.000352355
123.883 0.000616093
123.768 0.000653293
125.587 0.000671907
127.178 0.000429453
124.52 0.000580073
126.918 0.000659111
123.986 0.000634471
126.107 0.000619507
123.625 0.000645827
122.788 0.000623636
124.24 0.000642473
122.48 0.00070911
126.711 0.000619651
128.025 0.000608642
122.378 0.000484191
118.713 0.000564501
124.525 0.000710797
128.909 0.000646534
125.718 0.000632549
122.642 0.000691318
120.475 0.000621387
118.547 0.000641188
125.958 0.000619931
125.79 0.000644861
123.996 0.00061457
116.307 0.000718894
116.415 0.000718955
124.458 0.000627544
127.735 0.000598941
122.635 0.000626265
122.198 9.55379e-05
125.407 0.000620994
125.541 0.000639211
125.539 0.000719784
121.689 9.61852e-05
126.735 0.000665979
118.388 0.000646938
127.24 0.000299629
124.785 0.000621379
123.704 0.000361371
124.2 0.000530135
127.233 0.000708309
124.849 0.000651344
125.28 0.000641429
123.904 0.000618406
127.63 0.000639687
128.062 0.000627624
123.935 0.000358692
124.739 0.000243158
121.51 0.000620916
124.911 0.000613163
128.053 0.00064827
125.115 0.000623673
129.425 0.000650006
125.166 0.000642352
126.186 0.000636472
124.177 0.000534979
121.293 0.000614905
128.606 0.000655206
121.942 0.000717147
125.185 0.00057541
126.22 0.000669642
123.754 0.000656673
115.692 0.000710942
120.356 0.000714492
129.692 0.000619322
124.569 0.00048014
124.219 0.000635416
124.874 0.000670604
127.147 0.000700621
124.545 0.000704871
122.354 0.000614878
125.061 0.000617837
122.4 0.000633713
125.713 0.000714139
124.35 0.000687828
124.927 0.000646215
126.358 1.19244e-05
121.278 0.000671669
125.422 0.000648143
123.121 0.000661526
124.625 0.000660269
124.733 0.000627528
127.576 9.67729e-05
120.962 0.000613855
124.367 0.00065212
125.455 0.000298001
119.761 0.000648314
123.028 0.000624798
124.435 0.000698148
125.271 0.000625883
126.855 4.58022e-05
124.392 0.000639625
116.533 0.000678614
126.843 0.00062599
125.269 0.000631792
121.574 0.000629315
124.46 0.00061498
124.811 0.000667305
124.302 0.00064366
124.646 0.000646018
122.911 0.000597529
126.038 0.000622795
120.333 0.000613071
118.225 0.000616886
115.46 0.000630677
124.954 0.000627812
125.583 0.000642236
123.059 0.000707307
124.135 0.000709541
121.14 0.000182928
124.696 0.000620155
125.948 0.000624393
126.642 0.000675071
117.617 0.000650902
123.095 0.000643159
125.182 0.000652066
125.094 0.000707898
124.09 0.000670868
121.192 0.000676984
126.203 0.000619371
124.885 0.000289381
118.091 0.000643897
126.768 0.000708435
123.598 0.000713946
125.284 0.000608278
122.947 0.000652731
121.465 0.00072092
118.617 0.00072218
121.936 0.000618554
124.593 0.000637573
123.744 0.000616475
126.298 0.000647581
124.766 0.0006596
122.399 0.000647023
121.114 0.00070085
122.053 0.00068189
118.333 0.000630782
124.72 0.000627668
125.657 0.00064511
125.612 0.00062
126.179 0.000618681
123.793 0.000650312
127.636 0.000670312
125.145 0.000657782
119.905 0.000644822
124.197 0.000712809
121.858 0.0006188
124.216 0.000239377
125.999 0.000672657
122.553 0.000596335
124.449 0.000648814
126.168 0.000619413
126.28 0.00065106
124.829 0.000621755
121.559 0.000621935
126.033 0.000627918
129.694 0.000614894
126.654 0.0006512
124.44 0.000620686
119.515 0.000646907
125.234 0.000224116
115.166 0.000643836
123.233 0.000623668
126.395 0.00066552
124.437 0.000181845
126.073 0.000662606
126.985 0.000681334
126.961 0.000613389
124.745 0.000677617
124.395 0.000705119
125.311 0.000633332
126.88 0.000625642
125.723 0.000623061
124.798 0.000629913
118.997 0.000646701
124.709 0.000631638
122.92 0.00062819
124.404 0.000626335
129.634 0.00063525
122.043 0.000585404
125.438 0.000659946
127.793 0.000624499
127.315 0.000617707
124.147 0.000649208
124.457 0.000629718
125.322 0.000632595
127.3 0.000594365
123.217 0.000635276
120.98 0.000624629
126.415 0.000719037
123.987 0.000629993
125.022 0.000646124
125.455 0.000690766
126.126 0.000645164
129.756 0.000685482
121.345 0.000667875
122.822 0.00062971
124.419 0.000536551
124.718 0.000634437
126.602 0.000620576
125.455 0.000625415
120.572 0.000633414
125.386 0.000617596
124.767 0.000626697
128.48 0.000619569
120.522 0.000623012
124.184 0.000616868
123.371 0.000658862
124.868 0.000628753
124.73 0.000643112
126.396 0.000183955
124.293 0.000710304
123.901 0.000623845
126.901 0.00069908
118.791 0.000700923
121.781 0.000704951
122.012 0.000570753
124.661 0.000616189
123.767 0.000695713
124.989 0.000613114
127.909 0.000669603
126.512 0.000620847
124.622 0.000624596
124.6 0.00061733
126.844 0.000709435
125.553 0.000618995
125.136 0.000634254
122.432 0.000614506
121.746 0.000421748
125.121 0.00061207
116.884 0.000692979
122.674 0.000635299
122.675 0.000709379
128.824 0.000704063
125.036 0.000716765
120.61 0.000593193
119.167 0.000630264
128.506 0.000360349
122.677 0.000486117
120.242 0.000621938
121.121 0.00070471
123.949 0.000717742
122.154 0.000628508
118.851 0.000654049
123.295 0.000712711
118.454 0.000624429
124.655 0.000637943
125.897 0.000720854
123.214 0.000699486
122.363 0.000672344
120.387 0.000624755
126.446 0.000657241
126.748 0.000714049
125.593 0.000673015
123.05 0.000669225
127.351 0.0006286
126.332 0.000542694
126.156 0.000709216
125.599 0.000649929
124.895 0.00061981
126.647 0.000666324
124.583 0.000629461
126.279 0.000135072
122.434 0.000635483
124.567 0.000632852
119.846 0.000660112
121.388 0.000585807
126.742 0.000634648
124.353 0.000655336
125.066 0.000645503
122.704 0.000656447
119.403 0.000733345
124.327 0.000620693
124.381 0.000720063
124.513 0.000634331
126.998 0.000624276
125.819 0.000630626
116.699 0.000610626
124.507 0.000642724
127.517 0.000707873
126.486 0.000706714
124.302 0.000612466
124.853 0.000641707
116.982 0.000638027
128.597 0.000675967
124.618 0.000625885
127.552 0.000609304
123.552 0.000705003
124.425 0.00070065
125.818 0.000660122
123.529 0.000708948
126.458 0.000653762
125.558 0.000619536
124.005 0.000624677
117.018 0.000632343
125.41 0.000615814
119.454 0.000705188
125.01 0.000654627
116.739 0.000296121
123.59 0.000670283
123.185 0.000420914
123.488 0.000642507
125.962 0.000660543
125.383 4.55415e-05
127.206 0.000642186
127.011 0.000632899
127.221 0.000608571
126.433 0.000301248
123.178 0.000622894
126.956 0.000693496
122.512 0.000620641
123.133 0.000631336
124.053 0.000632718
125.366 0.000600112
122.248 0.000630408
126.471 0.000241677
123.184 0.000655406
119.7 0.000649992
122.696 0.000619161
125.807 4.45978e-06
125.974 0.000649937
127.965 0.00062516
119.459 0.000642756
121.935 0.000663033
121.956 0.000638779
125.862 0.000621241
124.308 0.00062468
123.47 0.000626851
123.289 0.000652021
123.544 0.000653895
120.038 0.000581265
119.471 0.000715291
126.003 0.000718116
122.773 0.000612622
126.348 0.000620268
126.776 0.000714048
116.633 0.000646981
120.458 0.000623345
123.811 0.000648413
123.523 0.000632028
124.02 0.000627217
123.35 0.000608583
121.591 0.000622171
122.728 0.000682983
124.611 0.000641124
125.62 0.000668243
121.705 0.000623861
115.146 0.000620689
116.608 0.000530298
124.699 0.000630306
123.523 0.000612767
124.036 0.000715688
121.071 0.000622742
121.041 0.000709927
126.195 0.000612082
125.24 0.000185097
127.181 0.000674194
120.194 0.000625073
123.705 0.000631147
120.245 0.000625682
123.358 0.000645798
123.213 0.000635055
122.609 0.000437679
126.755 0.000650914
125.241 0.000643964
126.648 0.000672482
125.234 0.000625933
125.254 0.000640732
121.974 0.000305155
125.425 0.000630629
123.731 0.00065541
125.611 0.000629812
124.667 0.000641277
125.748 0.000185052
125.099 0.000616385
125.036 0.000673128
122.217 0.000588749
125.924 0.000624248
115.44 0.000645984
125.895 0.000618159
126.025 0.00061572
124.294 0.000637697
128.242 0.000634746
123.191 0.000629534
126.931 0.000303146
125.369 0.000628987
122.577 0.000667472
125.587 0.000644059
122.966 0.000641194
122.669 0.000715771
124.439 0.000628216
123.463 0.000618895
126.324 0.000610655
124.501 0.000582663
125.729 0.000686636
123.581 0.00063167
123.327 0.000618656
117.182 0.000707204
123.984 0.000642006
125.996 0.000705691
126.355 0.000631297
127.001 0.000185029
122.194 0.00062675
122.168 0.000594154
118.94 0.00064173
115.274 0.000702754
124.047 0.000627884
122.884 0.000614471
125.852 0.000716622
123.967 0.000270335
125.355 0.000540152
124.504 0.000626061
122.921 0.000717175
127.582 0.000701113
122.751 0.000646254
120.998 0.000614662
123.312 0.000653622
123.865 0.000646941
126.177 0.0006517
127.24 0.000638111
124.189 0.000618183
127.002 0.000658742
125.678 0.000651357
125.939 0.000672285
125.812 0.000625195
123.989 0.000587102
125.677 0.000624396
121.061 0.000709942
125.361 0.000616545
121.272 1.93226e-05
125.543 0.000720003
123.93 0.000653843
124.156 0.00061942
123.497 0.000709522
125.486 0.00064632
123.14 0.000645051
125.926 0.000665062
126.176 0.000531388
123.913 0.000599057
119.573 0.00063802
127.581 0.000650098
120.939 0.000709656
125.71 0.000242386
126.095 0.000615792
124.118 0.000608133
124.515 0.000707534
124.013 0.000616033
121.808 0.000704745
127.401 0.000694989
125.014 0.000623092
124.069 0.000622983
124.186 0.000624482
124.355 0.000612482
126.355 0.000632425
124.013 0.000626211
126.221 0.000705673
124 0.000617503
122.85 0.000721836
125.571 0.000642268
119.955 0.00058005
122.191 0.000677492
126.995 0.000697788
125.142 0.000363044
124.143 0.000541731
125.533 0.000617666
124.723 0.000298329
124.175 0.000627424
123.131 0.000677295
123.483 0.000648078
126.071 0.000619897
115.315 0.000576856
126.387 0.000536011
122.055 0.000705829
124.528 0.000730721
127.284 0.000674111
123.632 0.00069496
124.515 0.000630583
122.142 0.000608255
125.975 0.000238232
122.818 0.000652261
122.99 0.000724438
124.942 0.00061828
124.219 0.000675044
125.215 0.000620471
123.742 0.000644144
119.66 0.000620905
123.154 0.00064632
125.86 0.000623698
122.369 0.000666657
124.1 0.000651098
125.259 0.00063157
124.495 0.000624976
128.25 0.000623758
123.231 1.1927e-05
128.811 0.000602164
121.127 0.000649937
128.195 0.000669018
124.902 0.00064814
122.139 0.000645074
119.498 0.000623407
124.292 0.00070539
123.397 0.000660611
123.334 0.000621845
124.895 0.000643486
123.419 0.000634379
125.258 0.000710039
120.153 0.000606479
116.864 0.000644782
124.78 0.000623324
125.411 0.000611342
118.954 0.000646003
123.625 0.000704219
124.706 0.00061901
126.172 0.000634331
118.711 0.000719489
123.618 0.000626453
123.524 0.000687741
125.839 1.88266e-05
118.675 0.000645554
122.18 3.02738e-05
118.037 0.00071114
129.508 0.000662497
126.341 0.000715175
121.667 0.000608653
129.268 0.000656407
115.554 0.000706297
128.566 0.0006983
125.656 0.000622445
125.731 4.33622e-06
125.361 0.000606637
121.563 0.000621614
123.565 0.000623869
126.276 0.000641687
123.224 0.000660338
129.216 4.4292e-06
119.18 0.000631399
117.928 0.000609197
124.669 0.000699376
126.012 0.00070568
123.312 0.00065642
123.883 0.000583304
125.217 0.000621004
122.544 0.000604586
126.106 1.7588e-05
122.177 0.000655332
125.968 0.000617554
125.974 0.000631697
125.494 0.000659255
126.782 0.000639584
122.623 0.000629178
125.737 0.000616571
124.506 0.000622104
125.119 0.000622918
126.839 0.000621534
126.908 0.00066472
126.65 0.000576387
123.338 0.000710422
125.394 0.000644293
125.595 0.00062774
125.889 4.56019e-05
124.682 0.000738958
124.461 0.000702325
125.702 0.000685755
123.477 0.000709503
124.651 0.000616197
125.282 0.000695825
124.5 0.000648597
119.235 1.88634e-05
126.648 0.000584098
123.913 0.000623836
123.49 0.000134409
122.365 0.00061378
126.715 0.000620129
123.878 0.000654747
124.335 0.000629004
129.205 0.000350572
125.392 0.000611953
125.636 0.000624414
120.443 0.000469391
123.643 0.000578411
121.738 2.43644e-06
122.384 0.000732192
125.683 0.000599932
126.14 0.000623831
126.545 0.000627872
124.492 0.000298785
125.146 4.35025e-06
125.03 0.000592025
123.993 0.000636589
123.469 0.000674723
123.909 0.000621775
125.589 0.000659271
121.845 0.000649752
124.105 0.000637157
124.039 0.000607803
126.253 0.000643499
123.655 0.000648657
123.018 0.000622727
128.043 0.000699365
124.701 0.000630211
123.392 0.000630129
125.7 0.000625907
127.093 0.000716841
122.554 0.0006364
125.152 0.000619952
125.11 0.000727664
126.013 0.000616197
123.772 0.000417931
124.391 0.000653591
123.883 0.000618839
124.362 0.000625657
123.788 4.55123e-05
123.33 0.000661914
119.611 0.000712537
127.055 0.000612671
122.32 0.000638718
125.173 0.000687071
128.46 0.000654578
123.811 0.000651574
125.909 0.000615441
123.262 0.000706848
119.422 0.000648335
121.843 0.000617315
125.217 0.000644291
124.227 0.000718802
125.394 0.000639168
117.634 0.000693433
120.527 0.000689494
119.707 0.000724715
121.485 0.000701214
122.323 0.000652971
120.286 0.000619999
124.754 0.000624035
125.972 0.000708069
124.442 0.000684998
125.333 0.000623215
130.462 0.00061653
125.266 0.000621138
118.946 0.000699117
126.633 0.000665704
124.669 0.000637696
125.004 0.000694495
125.174 0.000612547
122.179 0.000651295
123.571 0.000663907
119.586 0.000627585
128.689 0.000632196
122.366 0.000556566
123.529 0.000721805
125.243 0.000630509
119.528 0.000657659
126.586 0.000640482
125.936 0.000573622
121.229 0.000735134
124.737 0.00061871
120.618 0.000621509
125.167 0.000649989
129.481 0.000681352
125.56 0.000638528
124.194 0.000633672
124.88 0.000544891
125.076 0.000619895
122.595 0.000680401
120.867 6.84418e-05
125.442 0.000712125
124.699 0.00063615
125.573 0.000643038
120.859 0.000607787
123.438 0.000709066
121.47 0.000628026
123.367 0.000627156
116.31 0.000628319
125.847 0.000705706
123.896 0.000588892
121.797 0.000655022
129.828 0.000623174
122.624 0.000623898
125.713 0.000621048
122.935 0.000645801
124.238 0.000683112
126.406 0.000624128
125.431 0.000535488
124.932 0.000698568
116.558 0.000533347
116.965 0.000297127
123.045 0.000672221
115.538 0.000358927
125.261 0.000638941
125.643 0.000713759
120.372 0.0006214
124.873 0.000676259
123.336 0.000700177
125.455 0.000622791
125.275 0.000681837
121.046 0.000619281
123.425 0.00067721
126.445 0.000673222
119.607 0.000695015
120.275 0.000638967
118.557 0.000692524
123.514 0.000624317
126.498 0.000620045
122.075 0.000642971
118.475 0.000666463
124.263 0.000630058
121.733 0.000582165
123.556 0.00065212
126.273 0.00063608
124.538 0.00061501
118.385 0.000362643
123.275 9.41656e-05
125.987 0.00012545
131.945 0.000540746
115.946 0.000701382
117.69 0.00065893
123.303 0.000582545
132.994 6.80253e-05
126.85 0.000612253
122.198 0.000613129
127.106 0.00042502
127.169 0.000673094
126.272 0.000625925
122.708 0.000653987
122.464 0.000674286
123.811 0.000620645
125.099 0.00029449
125.352 0.000538902
123.585 0.000634652
125.081 0.000364422
126.492 0.000647269
125.346 1.87792e-05
119.498 0.000708009
124.427 0.000728429
127.923 0.000633153
124.059 0.00062861
124.671 0.000618047
118.957 0.000622532
126.189 0.000657214
124.927 0.000659588
124.957 0.00065228
124.127 0.000643027
126.962 0.000638292
124.928 0.000670822
124.653 9.70848e-05
121.962 0.000708708
125.095 0.000634809
127.964 0.00067561
125.004 0.000645246
122.505 0.00063844
122.349 0.000648628
124.296 0.000396085
124.973 0.000692501
123.207 0.000621972
125.435 0.000719592
119.455 0.000671068
123.175 0.000597997
123.217 0.000626421
124.473 0.000627184
125.108 0.000650147
126.208 0.000649849
123.173 0.000631745
125.151 0.0006645
124.075 0.000136455
125.415 0.000675791
125.694 0.000636324
117.258 0.000643432
125.348 0.00062758
123.739 0.000716045
125.034 0.000636174
123.867 0.000707419
128.525 0.000649184
127.178 0.000688436
116.033 0.000618649
118.545 0.000708105
124.333 0.000627978
122.72 0.000625238
124.513 0.000611529
119.099 0.000723249
123.847 5.48187e-07
123.219 0.000642391
122.687 0.000623871
126.729 0.000618331
123.377 0.000626109
125.88 0.000710359
121.557 0.000701351
121.294 0.00061788
125.514 0.000626512
125.055 0.000654075
120.983 0.000606633
122.568 0.000616379
125.621 0.000668266
124.171 0.000634614
123.479 0.000691781
124.396 0.000530466
123.08 0.000618298
123.192 6.68596e-05
124.779 0.000298533
128.949 0.000668003
124.715 0.000628254
124.27 0.00070732
127.057 0.00071749
121.949 6.85237e-05
122.914 0.000640815
123.276 0.000618672
125.698 0.000708056
123.178 0.0006393
122.536 0.000702034
124.178 0.000662371
124.447 0.000636622
123.698 0.000184289
118.463 0.000587841
116.698 0.000622835
123.787 0.000709508
123.37 0.000417965
131.85 0.000537184
124.021 0.000693182
125.753 0.000617293
122.641 0.000646536
126.467 0.000694968
125.116 0.000639503
119.642 0.000707829
121.268 0.000663594
126.021 0.000664792
127.079 0.000623774
120.933 0.000731191
125.885 0.000726253
122.339 0.000589637
123.254 0.000608882
125.817 0.000620418
126.534 0.000618668
120.842 0.000615124
121.972 0.00058684
125.175 0.000620367
120.827 0.000604736
119.173 0.000580287
125.08 0.000719947
122.64 0.000693199
122.78 0.000626375
124.53 0.000633701
122.733 0.00049035
124.038 0.000695303
123.53 0.000359371
118.196 0.000627501
125.315 0.000626943
127.625 0.000675206
124.674 0.000570896
121.627 0.000542201
124.723 0.000709835
122.36 0.000723058
123.664 0.000707221
127.435 0.000530369
122.222 0.000659741
122.686 0.000697509
125.393 0.000682413
125.851 0.000713574
123.489 0.000606031
124.811 0.000620581
125.995 0.000662574
120.86 0.000717764
124.265 0.000704922
119.226 0.000621692
125.72 0.000629877
120.731 0.000695724
118.654 0.000705792
126.234 0.000661201
125.771 0.000638602
125.562 0.000628242
124.031 0.000620628
128.71 0.00089016
125.709 2.61852e-06
125.529 0.000647572
120.356 0.000525768
124.497 1.87436e-05
123.636 0.000651481
126.17 0.000619796
124.592 0.000543133
125.929 4.54454e-05
125.092 0.000677449
121.764 0.000628386
122.282 0.000619425
125.959 0.000639958
125.605 0.00048219
120.587 0.00070065
121.004 0.000684277
124.034 0.000647453
123.713 0.000670871
124.537 0.000651071
122.565 0.000680315
122.93 0.000643086
122.331 0.000630555
125.27 0.000612902
123.081 0.000719458
117.796 0.000577985
123.772 0.000629258
122.182 0.000629924
125.564 0.000645276
119.971 0.000632467
126.925 0.000711872
128.088 0.000647484
120.561 0.000641143
124.827 0.000636009
124.637 0.000661558
121.854 0.000296903
124.477 0.000652471
117.896 0.000622011
124.2 0.000614337
124.202 0.000689613
124.541 0.000654591
123.385 4.55912e-05
127.481 0.00061494
125.96 0.00062727
124.981 0.000698383
121.597 0.00056278
127.448 0.000711461
127.981 0.000587671
125.387 0.000620689
127.585 0.000627103
126.236 0.000638451
127.131 0.000624709
128.271 0.000701332
123.762 0.000642757
121.814 0.000599389
126.163 0.000642971
124.595 0.000486254
124.557 0.000628183
126.577 0.000630974
124.698 0.000645427
124.322 0.000624668
125.276 0.000652309
119.635 0.000670996
121.509 0.000581631
123.955 0.000632134
125.246 0.000616091
124.863 0.000618014
121.98 0.000610163
122.774 0.000663907
126.896 0.000677734
124.096 0.000626133
119.323 0.000552235
123.496 0.000714851
127.76 0.000605096
124.612 0.00062992
124.722 0.00036456
125.474 0.000606947
127.08 0.000632971
115.882 0.000618466
124.215 0.000668992
124.222 0.000643822
123.533 0.000616758
121.397 0.000638137
126.585 0.000651262
123.675 0.000237457
124.731 0.000584763
127.775 0.000631909
122.233 0.000641611
125.833 0.000483707
120.861 0.000580227
124.934 0.000636396
124.714 0.000613193
125.705 0.000641428
127.746 0.00042381
121.863 0.000596325
127.291 0.000618773
124.555 0.000618587
124.697 0.000689587
125.418 0.000659244
125.139 0.000614908
124.963 0.000183079
123.426 0.000665985
127.049 0.000618574
127.982 0.000874538
120.282 0.000623521
127.73 0.000695322
121.942 0.000622389
126.991 0.000645384
125.544 0.000301168
117.141 0.000134785
124.919 0.000654234
126.385 0.000646505
125.148 0.000616181
131.199 0.000590513
128.326 0.000630791
122.01 0.000620388
125.925 0.000651091
126.233 1.55819e-06
124.908 0.000642112
125.819 0.000640347
126.425 0.00062528
125.041 0.000630284
121.806 6.8377e-05
125.464 0.000534279
124.366 0.0006186
123.294 0.000572862
126.183 0.000614876
122.123 0.000668925
124.59 0.000618827
123.606 0.000710787
126.442 0.000676408
124.768 0.000625333
124.723 0.000623905
125.495 0.000640461
119.77 0.000551173
119.622 0.000654404
120.16 0.000657966
120.438 0.000633342
117.495 0.000642297
122.85 0.000706818
125.307 0.000489454
128.378 0.000656284
124.307 0.000666189
125.706 0.000616093
123.832 0.000727412
123.066 0.000646728
125.742 6.7245e-05
120.27 0.000646248
127.725 0.000687415
125.92 0.000673056
125.772 0.000697615
126.747 0.000639154
124.925 0.00064544
125.326 0.000136622
121.594 0.000704612
122.454 0.000644257
126.235 0.00063605
122.324 9.49435e-05
127.492 0.000623772
122.246 0.00063491
125.551 4.57677e-05
121.32 1.18234e-05
123.385 0.000697727
124.852 0.00063947
124.326 0.000634388
126.348 0.000624717
124.155 0.000622804
125.957 0.000654783
122.255 0.000540008
124.815 0.000645049
122.9 0.000628434
124.086 0.000711941
125.731 0.00064359
123.134 0.000645558
121.882 0.000242108
124.981 0.000652916
128.323 0.000642378
118.481 0.00062995
126.051 0.000670718
121.773 0.000697727
126.033 0.000644638
125.659 0.000299596
115.989 9.77558e-05
122.197 0.000713625
128.352 0.000627927
122.45 0.000721761
121.047 0.00064096
126.571 0.000699365
118.412 0.000458641
122.186 0.00061848
123.01 0.000684508
125.024 0.000646466
125.671 0.000630056
125.606 0.000297304
122.735 0.000630559
121.341 6.7225e-05
123.284 0.000612822
126.13 0.000721417
123.646 0.000523741
122.551 0.000642567
124.312 0.000634431
126.796 0.000618111
126.86 0.00066849
128.337 0.000626269
124.587 0.00062231
123.772 0.000703009
125.252 0.000671446
124.551 0.000629386
119.583 0.000629284
125.175 9.64327e-05
124.602 0.000727221
123.917 0.00069939
124.167 0.000604005
122.43 0.000694642
125.428 0.000696575
124.631 0.000358118
120.14 0.000647526
122.853 0.000697877
124.229 0.000634871
124.893 0.000639969
125.477 0.000616707
121.813 0.00061631
124.176 0.000647741
123.525 0.000620223
119.814 0.000620079
125.627 0.000631399
123.106 0.000642421
126.007 0.000615117
118.418 0.000621766
120.984 0.000629856
127.602 0.000636208
125.67 0.00058899
125.094 0.000622068
122.669 0.00066863
124.575 0.000672301
122.265 0.000616568
124.146 0.000636019
123.333 0.00064227
125.706 0.000624432
118.853 0.000655304
122.212 0.000621395
123.365 0.000676708
125.328 0.000240803
124.702 0.000614881
126.064 0.000591385
125.408 0.000720914
126.054 0.000653361
125.1 0.000621481
123.859 0.000647022
126.726 0.00064148
126.006 0.000615472
120.236 0.000632447
127.784 0.000619176
124.646 0.000636436
125.248 0.000612937
126.337 0.00065231
124.93 0.000621211
126.327 0.000623259
123.115 0.000592475
126.273 0.000662947
125.392 0.000601114
121.997 0.000716867
125.301 0.000723566
124.14 0.000638141
122.845 0.000537698
127.243 0.000630702
122.444 0.000668648
121.089 0.000650917
123.257 0.000619137
124.755 0.000641008
121.511 0.000698558
124.929 0.000606918
126.473 0.000641034
121.997 0.000336395
124.33 0.000364999
121.165 0.000672153
123.011 0.000627987
125.149 0.000622487
123.858 0.000609308
121.603 0.000635846
123.528 0.000632938
124.174 0.000633711
126.709 0.000639289
126.205 0.000669055
128.523 0.000577176
125.083 0.000715659
126.387 0.000696022
115.739 0.000612687
125.135 0.000643672
123.348 0.000680493
126.354 0.000422625
127.186 0.000627978
122.193 0.000618771
125.286 0.000297394
123.377 6.73962e-05
119.979 0.00063376
124.569 0.000649334
118.84 0.000700842
125.246 1.54745e-06
120.355 0.00048542
124.985 0.000647356
125.867 0.000632425
126.945 0.000583087
129.82 0.000618045
124.619 0.000622641
125.142 0.000621939
120.752 0.000630322
123.407 0.000609369
125.148 0.000630529
125.175 0.000366453
122.172 0.000627282
124.851 0.000651495
123.522 0.000635812
123.97 0.000683801
126.929 0.000628533
126.348 0.000136527
123.988 0.000620124
126.576 0.00066963
125.307 0.000629564
126.151 0.000637225
126.487 0.000607882
122.658 2.65338e-06
125.397 0.000653968
126.197 0.000630242
122.726 0.000647921
129.691 0.000242912
124.887 0.000647462
122.495 0.000615987
125.47 0.000616685
126.686 0.000672849
124.839 4.07843e-05
120.84 0.000625903
123.818 0.000635923
123.107 0.000693319
122.827 0.000675149
125.062 0.000655574
121.743 0.000639011
125.202 0.000662479
124.05 0.000653716
125.402 0.000690294
125.357 0.000623959
127.375 0.000629756
125.694 0.000694602
115.702 0.000663315
126.4 0.000658626
124.604 0.00042157
124.92 0.000640822
124.965 0.000616546
125.178 0.000601176
122.942 0.000657645
117.033 0.000619785
115.161 0.000713742
123.619 0.000673914
123.9 0.000659774
124.753 0.000621387
126.763 0.000626894
125.071 0.00064175
126.254 0.000629529
125.887 0.000582663
118.499 0.000641158
123.048 0.000135817
124.836 0.000636478
124.894 0.000701573
122.985 0.000618333
125.599 0.000645199
126.877 0.000642622
125.427 0.000639413
124.999 0.000654852
125.904 0.000710168
124.757 1.55292e-06
123.057 0.000621944
127.593 0.000636473
125.984 0.000655904
122.163 0.000647468
125.094 0.000614406
117.137 0.000632605
123.973 0.000693475
120.544 0.000605751
123.535 0.000711084
124.806 0.000865589
124.196 0.000642914
124.587 0.000581397
125.743 0.000627872
124.934 0.000629179
124.38 0.000535031
126.6 0.00062692
128.379 0.000676667
127.088 0.0006186
120.945 0.000631692
124.771 0.000667666
122.808 0.000625511
126.669 0.000634047
125.518 0.000670105
124.113 0.000625146
135.89 0.000564965
125.719 0.000589525
123.414 0.000643347
124.677 0.000641074
127.26 0.000241248
121.275 0.000705645
122.377 0.000701306
121.48 0.000624203
125.755 0.000608564
122.716 0.000655281
120.807 0.000673838
122.894 0.000623242
117.339 0.0006929
124.721 0.000642378
124.542 0.000706379
123.893 0.000621328
123.32 0.000674934
127.321 0.000624936
125.788 0.000710197
125.758 0.000714059
128.45 0.000587814
125.885 0.000704045
125.342 0.000659666
126.082 0.00064847
125.791 0.000625359
123.559 0.000616218
123.016 0.0006311
117.943 0.000630173
125.731 0.00071184
124.381 0.000297969
123.307 0.000621757
121.513 0.000592117
119.462 0.00063827
125.197 0.000618747
125.618 0.000711745
125.513 0.000677491
121.499 0.000615965
125.114 0.000710425
125.767 0.000620756
126.193 0.000649962
126.066 6.68836e-05
125.414 0.000696179
121.802 0.000627768
125.461 0.000621646
124.857 0.000648414
126.201 0.000625998
127.96 0.000639486
124.827 0.000616369
121.081 0.000720187
116.713 0.000643064
124.479 0.000675196
124.495 0.000533044
123.261 0.000682983
123.533 0.000617689
123.101 0.000580803
124.883 0.000615426
128.596 0.000181601
125.391 0.000366494
126.309 0.000628502
124.251 0.000646201
124.759 0.000713694
124.744 0.000626633
118.778 0.000628964
124.277 0.000185332
125.189 0.000297123
125.353 0.000714468
124.312 0.000632089
119.363 0.000718571
120.607 0.000740236
122.563 0.000419957
124.904 0.000621371
124.977 0.000614607
128.481 0.000628629
121.928 0.000651485
124.857 0.000643315
125.798 0.000713103
123.155 0.000693358
120.563 0.00063534
122.53 0.000622006
121.249 0.000641103
124.196 0.000675017
122.293 0.000620983
125.666 0.000727032
124.466 0.000136196
124.817 0.000617284
124.399 0.000713821
124.76 1.88943e-05
127.135 0.000672494
126.298 2.8831e-05
123.443 0.000667191
126.483 0.000242801
124.508 0.000629883
123.534 0.000621042
125.702 0.000660322
125.435 0.000298584
124.218 0.000629917
125.785 0.000585989
124.665 0.000620614
124.118 0.00029688
126.195 0.000538345
123.572 0.000694832
118.814 0.000678143
124.088 0.000705536
122.047 0.000598209
125.955 0.000630615
126.969 0.000639575
122.474 0.000628578
126.388 0.00062223
118.086 0.000735591
125.295 0.000661484
124.568 0.000639359
122.397 0.000615595
121.915 0.000621525
136.114 0.000622192
120.431 0.000635953
128.516 0.000484167
125.361 0.000637559
124.141 0.000616277
123.053 0.000652668
125.368 0.000698176
121.158 0.000660483
122.398 0.000717378
124.869 0.000620418
123.431 0.000620719
125.229 0.000659323
125.582 0.000719135
125.067 0.000697648
122.637 0.000635538
122.733 0.000699884
117.08 0.000619979
127.781 0.000636834
121.018 0.000679109
122.951 0.000454279
123.494 0.000648335
130.939 0.000716524
123.019 0.000185027
127.49 0.000656486
124.043 9.60795e-05
125.883 0.000607545
124.636 0.000660364
125.707 0.000647427
122.789 0.000595433
122.819 0.000627872
124.344 9.67947e-05
123.69 0.000671393
127.524 0.000678968
116.578 0.000673883
125.169 0.000648798
124.776 4.62401e-05
119.608 0.000708131
124.643 0.000640714
126.377 0.00062162
124.158 0.000627462
125.19 0.000580538
124.485 0.000691945
127.3 0.000239451
115.083 0.00062271
123.953 0.000633676
124.188 0.000649186
123.386 0.000633046
124.897 0.000614366
122.177 0.000710373
121.034 0.000425201
123.029 0.000646707
129.831 9.70436e-05
123.442 0.000634496
123.187 0.000646058
125.313 0.000692177
120.422 0.000616605
126.082 0.000366163
125.683 0.000618339
126.054 0.000600037
119.914 0.000628567
122.602 0.000642508
126.793 0.000716758
124.527 0.000722458
117.63 0.000672765
121.036 0.000701411
125.484 0.000650793
124.298 0.000635557
128.949 0.000660224
121.564 0.000670965
124.305 0.000590201
119.067 0.000711687
124.271 0.000618071
124.819 0.00062938
123.053 0.000182834
123.93 0.000646284
116.358 0.000616346
121.667 0.000628316
125.874 0.000617818
124.362 0.000585672
123.239 0.000619833
126.453 0.000575058
123.443 0.00071206
118.531 0.000597997
121.198 0.000629763
128.316 0.000625032
126.525 0.000707708
124.967 0.000621033
125.713 0.000617803
124.233 0.000484564
126.223 0.000656529
120.826 0.000672078
123.022 0.000710376
123.999 0.000620706
125.658 0.000606962
125.793 0.000649587
120.764 0.000618671
122.216 0.000623299
122.948 0.000638927
124.273 0.00061583
124.625 0.000295189
127.554 0.000629815
119.238 0.000421209
124.056 0.000643877
126.163 0.000623066
125.159 0.000617639
123.524 0.000624579
125.408 0.000617657
117.861 0.000677445
125.97 0.000615204
124.91 0.000713009
125.104 0.000644203
125.872 0.000689194
122.025 0.000273775
125.846 0.00070937
121.784 0.000646923
122.322 0.000716484
123.091 0.000638247
123.76 0.000167242
128.786 0.000672655
123.435 0.000646218
121.804 0.00063918
126.168 0.000639409
122.362 0.000134382
125.309 0.000629259
125.901 0.000615875
123.535 0.000675167
125.319 0.000619875
121.817 0.000655289
126.138 0.000624816
121.588 0.000675474
126.313 0.000587746
124.168 0.0006999
124.549 0.000635507
123.14 0.000719443
121.39 0.000296718
124.535 0.000628541
126.438 0.000645798
126.004 0.000673004
122.658 0.000683899
124.877 0.000625236
127.731 0.000647708
117.941 3.96023e-07
124.448 0.000627972
126.571 0.000358697
127.506 0.000625594
126.093 0.000620748
123.515 0.000641224
124.05 0.000240773
125.491 0.000646493
123.762 0.000637451
121.763 0.000606123
128.653 0.000676006
125.816 0.000621562
125.577 0.000645414
126.181 0.000670376
123.096 0.000648158
125.515 0.000645464
127.744 0.00065222
117.991 0.000646886
129.006 0.000623921
120.547 0.000656292
121.828 0.000631576
124.486 0.000658943
122.725 0.000619569
124.326 0.000615957
126.908 0.000647211
125.142 0.000711117
122.105 0.000665105
125.495 0.000597857
126.974 0.00062186
125.531 0.000624265
122.782 0.000634994
123.335 0.000648321
123.394 0.000624398
125.04 0.000641239
123.333 0.000626615
124.456 0.000620401
125.58 0.00062904
123.42 0.000612968
122.916 0.000670195
124.148 0.000586034
124.722 0.000624257
127.817 3.06816e-05
122.986 0.000738217
122.376 0.000626723
123.415 0.000656559
122.777 0.000629454
123.223 0.000618551
126.758 0.000629911
126.015 0.000570982
121.611 9.55526e-05
123.567 0.000678527
121.655 4.64638e-05
121.325 0.000709269
127.331 0.000296596
124.448 0.000646867
120.225 0.000360908
123.215 0.000629493
121.245 0.00061364
120.851 0.000666192
123.793 0.000185721
126.08 0.000646765
122.837 0.000718309
124.804 0.000639297
125.459 0.000298631
125.619 0.000630215
124.042 0.000617919
120.126 0.000659654
121.459 0.000615173
127.165 0.000710172
122.26 0.000524936
127.681 3.06375e-05
125.112 0.000625327
122.463 0.000643385
119.837 0.000608254
127.801 0.000595385
124.088 0.000620169
124.961 0.000584973
118.755 0.000690003
116.655 0.000618202
128.788 0.000625631
125.995 0.000701108
124.422 0.000617112
123.131 0.000623412
124.719 0.000659955
121.612 0.000533381
123.839 0.000626149
124.507 0.000622848
122.215 0.000720003
123.892 0.000347366
123.722 0.000696919
125.31 0.000705818
123.545 0.000532943
125.494 0.000646005
120.396 0.000611915
127.536 0.000624408
122.737 0.00064552
121.002 0.000711492
123.874 0.00064897
120.074 0.000686824
122.377 0.000713047
123.562 0.000359087
125.881 0.000624531
122.27 0.000619158
122.831 0.000619544
124.788 0.000649547
126.61 0.000635388
126.03 0.000624251
129.783 0.000699077
125.973 0.000622045
123.842 0.000626437
126.545 0.000704665
116.86 0.000353729
124.922 0.000520734
124.041 0.000618709
122.275 0.000617115
123.722 0.000485514
123.442 0.000703706
117.321 0.000657606
124.641 0.000622043
125.532 0.000182588
123.914 0.000614563
126.632 0.000624466
125.366 0.000706574
127.125 0.000623009
126.603 0.000624033
126.096 0.000618836
124.748 0.000624242
124.378 0.000620719
124.08 0.000630591
125.771 0.000645187
127.679 0.00068119
124.573 0.000630182
123.641 0.000648548
121.246 0.000649872
124.693 0.000633296
124.761 0.00063532
121.149 0.000709758
125.912 0.000706056
124.719 0.000620982
115.591 0.000621993
122.989 0.000610227
126.376 0.000722694
130.673 0.000620526
125.59 0.000643297
124.475 0.000535036
122.944 0.000656969
123.593 0.000707409
123.807 0.000634494
123.541 0.000616997
126.575 0.000654129
125.042 0.000620444
124.984 0.000613177
123.197 0.000722795
123.054 0.000584321
125.333 0.000711946
126.405 0.000619688
124.086 4.54809e-05
125.976 0.000620894
124.754 0.00062802
124.136 0.000580606
124.346 0.000618098
126.47 0.000694525
124.597 0.00070431
124.371 0.000648413
124.199 0.000651209
124.994 0.000662636
125.647 0.00040589
125.599 0.000675605
123.398 0.000620679
125.622 0.000635222
121.976 0.000361546
123.392 0.000708334
117.17 0.000626289
126.92 0.000622491
124.788 0.000624425
119.549 0.000638904
122.261 0.000630378
124.313 0.000298275
126.437 0.000628604
125.135 0.000643244
124.689 0.000617805
123.734 0.00064667
126.728 0.000631807
121.978 0.000641237
127.391 6.82451e-05
123.682 0.000635965
117.052 0.000716035
120.044 0.000302552
127.734 0.00055656
125.137 0.000693879
122.786 0.00062902
125.813 0.000616229
126.239 0.000292941
122.996 1.87796e-05
122.916 0.000675944
123.733 2.88799e-05
125.015 0.000239054
127.153 0.000616007
124.398 0.000629299
125.54 0.000626487
123.688 0.000616037
126.598 0.000620699
121.124 0.000607343
123.006 0.000665802
122.994 0.000716162
123.47 0.000671585
124.572 0.000759066
135.219 0.000624343
124.681 0.000647259
125.417 0.000621117
125.014 0.000618117
126.111 0.000631112
124.965 0.000238842
125.22 0.000642846
123.525 0.000632602
122.276 0.000622578
123.95 0.000672889
120.577 0.000600318
125.948 0.000622023
125.339 0.000688692
122.041 4.44375e-07
121.871 0.000614172
124.305 0.000661976
119.537 0.000656707
122.922 0.000657889
119.095 0.000699048
126.127 0.000620918
125.813 0.000668422
122.118 0.000627426
124.258 0.000628223
121.75 0.000627514
124.851 0.000627873
122.404 0.000630146
115.009 0.000616847
127.459 1.87788e-05
123.892 0.000565766
123.264 0.000665005
122.681 0.000699223
127.695 0.000634826
124.696 0.000619969
120.106 0.000702762
124.587 0.000654366
123.475 0.00041951
115.17 0.000700645
127.107 0.000727279
126.166 0.000703965
123.496 0.000630555
121.992 0.000692495
124.384 0.000628021
123.191 0.000647093
125.211 0.000632436
125.863 0.000644067
118.954 0.000646017
122.94 0.00061583
122.364 0.000710427
121.727 0.000661041
119.218 0.000702727
119.026 0.000645871
119.367 0.00063985
126.459 0.000629775
125.595 0.000620238
122.96 0.000618663
121.262 0.000241577
125.352 0.000630203
124.41 0.000614069
122.71 0.000628405
128.304 0.000638841
128.357 0.000702919
126.258 0.000671644
121.772 0.000647588
122.034 0.000672666
118.215 0.000626518
122.911 0.000632233
118.452 0.000694009
124.503 1.21134e-05
125.967 0.000716308
125.204 0.000673824
127.064 0.000617228
120.312 0.000670068
131.688 0.000631425
123.496 6.80138e-05
122.534 0.000625582
126.567 0.000628907
126.508 0.000636178
116.58 0.000640587
124.731 0.000619535
124.405 0.000623856
128.119 0.000621216
123.5 0.000648484
117.329 0.000647398
121.016 0.000642368
124.399 0.000656496
121.668 0.000644081
125.444 0.000653002
121.818 0.000629299
125.598 0.000616102
125.771 0.00062092
123.354 6.66029e-05
124.912 0.000724
122.158 0.000640888
124.663 0.000657012
124.544 0.000624821
124.161 0.000626395
125.742 0.000613193
122.964 0.000618761
126.456 0.000712711
124.141 0.000684313
121.496 0.000623299
123.179 0.000705835
123.966 0.000624148
123.218 0.000623789
121.794 0.00060729
125.9 0.000590104
123.685 0.000623299
126.743 0.000714146
124.089 0.000666024
127.107 0.000580046
126.266 0.000626358
122.648 0.000650705
121.796 0.000704465
124.009 0.000681668
124.211 0.000618773
126.026 0.000639894
127.061 0.000701331
126.475 0.000640161
120.707 0.00062366
120.923 0.000631988
124.608 0.000627214
125.131 0.000636048
129.673 0.00018206
121.039 0.000619451
123.735 0.000620389
124.191 0.000746601
124.838 0.000567237
119.17 0.000720397
124.932 0.000661855
124.382 0.000686077
124.123 0.000634043
124.105 0.000628061
125.137 0.00059167
129.165 0.000720574
123.001 0.000668771
122.169 0.000651546
124.638 0.000709484
123.868 0.000720351
124.233 0.000720876
123.862 0.000711545
124.936 0.000628635
119.518 0.000625296
126.126 0.000625533
126.766 0.000187214
126.312 0.00062704
121.283 0.000627418
123.948 0.000600804
124.083 0.000660872
123.79 0.000642081
120.731 0.000305244
118.846 0.000241997
124.696 0.000721095
122.75 0.000644202
125.981 0.000634069
124.24 0.000632573
122.828 0.00062683
129.507 0.000616361
122.753 0.000359027
125.128 0.000699051
124.059 0.000645561
121.156 0.000623945
123.881 0.000627953
125.666 0.00063606
124.765 0.000623237
118.81 0.000670025
120.26 0.000622137
125.567 0.000710691
126.474 3.02358e-05
119.017 0.000653858
125.399 6.738e-05
126.101 0.000703089
118.782 0.000784056
122.986 0.000628626
124.944 0.000712106
118.59 0.000620339
123.349 0.000704423
123.749 0.000685148
126.382 0.000628074
122.515 0.000617676
125.903 0.000625392
124.45 0.000692294
124.951 0.000622518
122.273 0.000656803
119.839 0.000711119
120.614 0.000646575
124.211 0.00071236
121.624 0.000648087
125.733 0.000666771
129.532 0.000638266
125.904 0.000725537
125.517 0.000628415
124.901 0.000649079
124.651 0.000612131
123.945 0.000703775
127.86 0.000658005
123.443 0.000663629
125.293 0.000627859
124.493 0.000708689
126.313 0.000602175
123.538 0.000711831
121.577 0.000702533
125.76 0.000536586
123.766 0.000669708
121.168 0.000699254
125.361 0.000625881
120.639 0.000620129
123.188 0.000633881
127.168 0.000585834
121.708 0.000697413
125.278 0.000632133
119.563 0.000672591
125.463 0.000656474
127.391 0.000665074
119.058 0.000609041
123.821 0.000694314
125.783 0.00063716
125.2 0.000636875
124.496 0.000620807
125.015 0.000619698
124.863 0.000619362
123.271 0.000692252
125.488 0.000617019
130.118 0.000698346
123.331 0.00066796
119.812 0.000640167
125.672 0.000630518
120.316 0.000657289
124.699 0.000618218
126.547 0.000666595
127.739 0.000621506
124.267 0.000623111
125.074 0.000621433
119.662 0.0006298
123.35 0.000633973
120.532 0.000307562
126.78 0.000683819
125.011 5.78722e-07
123.925 0.000657478
120.659 0.000632482
122.883 0.00063483
126.35 0.000609338
126.348 0.000634124
126.118 0.000622561
121.7 0.000657782
125.313 0.000570911
123.996 0.000636274
117.861 0.000670219
122.32 0.000620502
129.49 0.000703501
122.247 0.000643515
125.949 0.00063453
127.481 0.000636231
123.827 0.000641733
124.11 0.000633296
129.579 0.000618031
126.375 0.000615305
118.977 0.000633482
119.064 0.000718734
126.896 0.000656025
117.632 0.000492726
125.38 0.000624753
124.922 0.00069029
126.698 0.000624903
121.684 0.000577343
123.762 9.61524e-05
122.092 0.00062308
124.469 0.000629365
124.716 0.000632701
125.902 0.000717696
122.911 0.000582079
128.163 0.000644077
130.134 0.000634582
124.98 0.000644757
128.746 0.000503822
123.986 0.000619837
124.996 0.00070728
123.934 0.000656244
123.485 0.000631449
125.485 0.000694414
123.903 0.000682405
121.055 0.000585559
123.777 0.000634614
122.356 0.000614406
123.151 0.000652125
122.883 0.000640496
122.658 0.00063526
120.803 0.00070942
119.904 0.000659359
119.737 0.000655836
125.137 0.000631041
129.89 0.000657717
126.224 0.000661898
125.433 0.00065053
126.342 0.000679528
129.181 0.000667169
123.115 0.000613174
126.283 5.87381e-07
126.161 0.000676354
127.545 0.000482197
124.811 0.000615645
125.306 0.000628883
125.88 0.000612082
128.204 0.000629062
125.805 0.000574929
126.057 0.00062722
121.163 0.000643697
122.355 0.000712378
124.694 0.000629983
123.459 0.000686344
124.003 0.000620252
124.427 0.000716911
124.308 0.000634189
125.989 0.00070449
122.731 0.000622092
124.549 0.000641959
122.529 0.000650901
124.922 0.000516235
118.61 0.000617669
127.012 0.000620496
123.079 0.000686655
121.558 0.000594152
124.484 0.000627062
125.002 0.000615073
126.25 3.00719e-05
123.733 0.000692877
124.791 0.000646305
123.494 0.000625826
125.799 0.000642653
124.466 0.000644969
125.881 0.000693012
128.876 0.000711825
122.054 0.00062152
122.041 0.000706993
122.506 0.00048727
123.869 0.000663127
119.636 0.000611482
126.276 0.000646605
125.12 0.000638235
124.52 0.000632382
127.27 0.000647121
123.405 0.000670911
125.785 0.000697674
123.14 0.00061592
123.972 0.000629889
123.546 0.000626979
125.395 3.06464e-05
124.963 0.000617992
129.088 0.000624697
126.782 0.000633244
123.627 4.3509e-06
125.159 0.000682551
125.067 0.000657359
124.364 0.000716979
125.232 0.000617937
120.705 0.000485038
125.491 0.000598042
125.4 0.000683192
124.266 0.000619934
125.283 0.000685144
125.908 0.000705206
124.916 0.000567037
125.743 0.000643737
129.053 0.000638711
121.192 0.000631581
125.996 0.000297922
124.042 0.00063482
122.67 0.000621978
121.928 0.000181122
119.848 0.000243206
129.909 0.000752281
121.916 0.000636048
118.021 0.000724199
125.001 3.01178e-05
120.862 0.000432312
124.349 0.000637348
126.851 0.000624797
122.606 0.000625355
124.984 0.000644085
125.638 0.000585694
125.97 0.000680229
126.725 0.000769378
125.775 0.000628753
126.81 0.000611736
127.172 0.000645888
124.165 0.000643671
124.071 0.000619249
121.407 0.000421612
121.197 0.000667466
119.608 0.00064648
120.17 0.000652016
125.931 0.000356991
120.286 0.000649005
115.695 0.000626111
126.329 0.0006175
124.574 4.74375e-05
124.255 0.000625796
123.132 0.000644236
123.149 0.000639549
122.196 0.000359632
125.625 0.000638844
123.583 0.000617856
120 0.000605965
124.701 0.000673866
120.99 0.000624289
131.757 0.000678268
126.147 0.000618414
124.403 0.00061203
128.329 0.000651115
124.985 0.000635248
121.587 0.000620554
124.748 0.000648567
123.507 0.000712141
122.733 0.000621055
123.618 0.000616976
121.292 0.000608344
126.078 0.000703489
125.499 0.00067042
124.162 0.000713493
120.609 0.000676976
119.769 0.000720169
123.314 0.000624033
124.882 0.000642334
125.83 0.00065201
123.346 0.000630329
124.271 0.00062268
124.69 0.000617753
124.634 0.000636389
119.626 0.000619897
128.095 0.00062395
129.154 0.000698037
123.264 0.000740768
123.64 0.000608278
116.601 0.000662773
125.086 0.000623838
122.909 0.00069495
125.726 0.000640859
126.713 0.00062594
124.196 0.000420281
127.162 0.000727026
118.03 0.000579601
124.927 0.000698365
122.425 0.000738739
124.663 0.000672324
117.636 0.000624757
124.829 0.000646773
121.182 0.000687902
124.826 0.000602018
128.065 0.00071195
126.865 0.000648807
126.097 0.000662506
123.955 0.000605875
121.528 0.000635239
125.605 0.00070229
123.723 0.000714045
127.203 0.000620012
118.252 1.19911e-05
123.561 0.000670995
122.601 0.000620964
127.105 0.000365447
127.116 0.000622317
124.472 0.000710071
119.629 9.86307e-05
124.056 0.000659699
125.657 0.000616073
125.034 0.000641204
126.86 0.000600044
116.652 0.000627906
126.335 0.000704176
124.529 0.000665573
124.446 0.000280986
125.164 0.000620279
123.408 0.000641213
124.073 0.000617736
124.594 0.000645096
126.913 0.000621097
125.508 0.000641272
120.002 0.000135109
124.808 0.000625081
123.631 0.000438248
127.237 0.000599943
122.677 0.000636332
126.399 1.18605e-05
124.442 0.000635662
122.707 0.000603221
124.403 0.00069512
126.7 0.000624936
127.548 0.000631363
122.748 0.000724738
121.485 0.000625116
124.71 0.000646948
125.053 0.000644692
122.871 0.000632313
127.382 0.00062494
124.232 0.00058663
127.476 0.00063685
125.267 0.000628732
125.747 0.000623906
129.815 0.000718335
124.283 0.000685104
122.645 0.000663132
124.71 0.000615409
126.304 0.000622142
124.484 0.000657378
121.348 0.000638003
123.293 0.000641656
124.75 0.000705777
125.182 0.000672173
124.147 0.000638111
121.716 0.000612494
125.495 0.000623622
126.701 0.00061353
126.184 0.000610321
126.446 4.22435e-05
126.551 0.0006493
124.07 0.000665659
120.058 0.000622611
125.583 0.000617099
120.596 0.000614737
129.968 0.000641868
123.872 0.000712591
124.245 0.000600307
123.963 0.000621015
125.666 0.000653913
123.246 0.000625362
120.325 0.000628371
122.488 0.000646166
125.866 0.000632838
125.277 0.000644716
125.953 0.00064599
123.42 0.000632186
130.103 0.000420221
124.032 0.000632755
119.685 0.000646382
125.637 0.000630452
120.556 0.000646296
127.725 0.000592303
124.142 0.000620227
126.376 0.000636982
124.636 0.000699758
125.771 0.000699644
123.332 0.000614287
126.295 0.000712537
124.975 0.00063799
118.655 0.000608269
125.984 0.000675522
125.476 0.000622164
125.172 0.000295564
119.628 0.000184636
125.918 0.000634626
125.222 0.000294938
130.416 0.000590698
123.273 0.000604412
121.343 2.56294e-06
124.705 0.000642861
126.421 0.000632823
116.48 0.000584509
122.396 0.000716432
126.973 0.000622969
125.86 0.00071412
121.434 0.000654345
124.664 0.000658307
124.493 0.000622864
125.796 0.000644679
122.25 0.000610683
124.446 9.68842e-05
119.391 0.000707552
122.298 0.000632412
121.909 0.00059324
122.177 0.000631569
122.633 0.000650354
122.596 0.00065278
120.439 0.000586169
121.052 0.000610964
124.316 0.000635739
128.415 0.000634564
115.473 0.000684945
124.864 0.00061569
121.524 0.00061722
124.555 0.000634458
121.895 0.000649375
123.441 0.000721807
128.528 0.000622128
125.59 0.000530048
124.494 0.000624551
124.235 0.000621482
123.732 0.000649241
122.363 0.000584769
126.694 0.000592909
123.628 0.00069721
124.879 0.000654838
117.293 1.89974e-05
120.814 0.000626883
123.213 0.000644209
126.248 0.000572574
124.183 0.000626735
122.346 0.000629255
123.163 0.000482042
126.809 0.000184163
125.595 0.000712315
122.867 0.000626303
122.102 0.000644747
123.303 0.000664603
125.263 0.00071209
125.651 0.000628279
124.694 0.000672324
125.43 0.000627627
121.448 0.000628971
125.179 0.000706724
122.368 0.000652859
117.897 0.000623918
122.805 0.000709538
119.221 0.00069787
125.769 0.00062838
117.729 0.000588405
127.203 0.000643091
121.957 0.000637113
120.611 0.000625502
123.341 0.000615857
123.17 0.000649515
123.833 0.000638967
118.979 0.000652155
125.202 0.000632193
127.714 0.000620854
121.047 0.000586455
125.343 0.000539262
123.562 0.000618152
126.106 0.000736838
121.096 0.000625381
121.453 0.00029904
118.025 0.000701977
122.714 0.000610393
128.506 0.000721396
125.668 0.000361662
123.319 0.000632658
121.53 0.000606107
124.732 0.000705351
128.224 0.000653908
129.511 0.000700563
124.962 0.000644356
122.879 0.00061323
126.523 0.000656622
126.758 0.000649651
120.468 0.000648687
119.257 0.000649733
122.126 0.0006478
125.139 0.000617311
123.464 0.000653336
123.956 0.000625619
121.97 0.000621338
122.41 0.000627177
122.564 0.000676811
123.342 0.000624147
125.747 0.000630876
126.714 0.000622174
124.651 0.00064248
124.76 0.000489909
124.555 0.00060382
123.157 0.000694087
125.146 0.000645018
125.048 0.000619599
126.015 0.000625853
121.323 0.000622637
121.979 0.000642679
123.192 0.000646535
125.929 0.000619706
125.219 0.000622257
126.552 0.00063495
126.377 0.000653273
122.56 0.000591577
118.395 0.000621204
126.114 1.08857e-05
117.968 0.000714076
120.765 0.000642621
122.493 0.00062604
127.175 0.000641076
121.733 0.000640457
125.63 0.000706481
124.876 0.000628347
124.744 0.00069289
122.416 0.000705632
124.125 0.000703139
120.372 0.000712016
128.278 0.000656195
128.827 0.000740173
126.453 0.000618821
126.493 0.000648363
122.32 0.000696497
127.902 0.000623651
118.621 0.000692723
125.27 0.000664751
127.41 0.000627723
128.42 0.000633248
124.657 9.74437e-05
124.54 0.00064363
122.976 0.000632715
126.897 0.000696133
124.701 0.000647193
125.173 0.000652016
124.462 0.0006396
122.133 0.000633296
125.546 0.000352403
126.217 0.000239357
124.301 0.000645072
128.35 7.26239e-06
123.442 1.8861e-05
122.073 0.000635371
120.873 0.000577209
120.742 0.000582699
122.969 0.000423397
123.355 9.70266e-05
122.196 0.000649153
122.892 0.000238926
125.956 0.000622205
127.156 0.000608101
125.351 0.000704558
127.654 0.000132962
125.208 0.000699139
126.992 0.000626158
123.048 0.000614261
128.801 0.000655528
124.244 0.00064575
119.251 0.000617367
123.453 0.000623042
124.921 0.000696544
124.2 0.000637185
127.052 0.000673124
125.608 0.000647305
116.948 0.000616448
120.452 0.000634963
121.139 0.000357151
124.28 0.000682218
128.705 0.000541463
122.696 0.000624232
124.935 0.000658958
126.637 0.000627357
124.397 0.000623749
123.495 0.000649815
123.041 0.000642009
121.588 0.000657972
125.319 0.000580979
126.946 1.87485e-05
124.535 0.000637516
123.133 0.000645034
121.895 0.000625947
122.336 0.000646196
124.058 0.000703948
125.091 0.000650492
115.863 0.000655956
125.178 0.000615027
125.959 0.000628066
126.301 0.000637686
124.754 0.000700887
120.354 0.000644497
124.231 0.000633277
126.396 0.000624687
139.968 0.000636864
126.843 0.000134794
125.695 0.000692178
124.925 0.000706275
118.799 0.000658553
120.609 0.000620377
122.443 0.000641829
131.118 0.000566091
126.66 0.00069813
126.788 0.000614793
121.905 0.00062861
125.8 0.000632952
122.453 0.000619812
126.63 0.00070854
123.575 0.000648325
122.587 0.000584756
118.718 0.000656326
122.154 0.000625675
119.932 0.000686264
125.041 0.000604003
122.119 0.000492532
126.215 0.000632554
122.693 0.000630437
122.463 0.000641637
120.494 0.000632062
125.518 0.000620836
120.019 0.000681188
125.824 0.000642148
124.353 0.000633684
127.195 0.000672212
120.302 0.000526724
127.176 0.000618476
126.171 0.000651884
125.805 0.000708184
129.794 0.00028655
121.022 0.000703375
128.415 2.25967e-06
125.711 0.000665113
126.204 0.000707321
123.751 0.000658608
120.704 0.000708727
123.566 0.000650288
124.812 0.000626334
124.993 0.000623104
123.994 0.000621941
122.68 0.000652079
120.605 0.000630479
122.594 0.000482467
125.185 0.000625849
126.117 0.00048849
121.192 0.00064799
127.006 0.000543728
125.828 0.000481775
125.472 0.000513042
123.727 0.000657939
118.493 0.000518741
126.145 0.000682535
124.042 0.00072079
126.87 0.000718684
126.477 0.000671053
125.516 0.000312363
125.765 0.000627958
123.39 0.000707608
127.362 0.000650127
125.384 0.000652029
125.616 0.000643184
126.459 0.000623735
123.761 0.000619588
117.511 0.000691778
121.214 0.000690857
125.935 0.000717556
124.656 0.000534531
120.424 0.000620474
123.206 0.000621065
124.571 0.000540088
122.114 0.000619312
128.572 0.000543192
122.045 0.000713151
123.457 0.000627528
123.285 0.000705003
124.997 0.000690509
125.72 0.000627021
124.353 0.000702664
124.641 0.000632221
116.639 0.000633941
126.547 0.000617912
126.819 0.000683684
125.474 0.000717511
124.545 0.000483662
124.008 0.000296393
124.325 0.00063598
120.24 0.000616007
120.649 0.000615874
121.892 0.000682657
123.245 0.000609849
125.719 0.000649749
122.414 0.000725872
122.248 0.000625467
123.449 0.000296038
125.902 0.000595035
126.022 0.000621237
123.753 0.000709261
121.161 0.000624432
122.077 0.000640277
125.165 0.000635602
124.814 0.000624164
128.2 0.000710861
124.719 0.000618126
119.639 0.000612451
124.909 0.000622283
125.503 0.000634737
125.065 0.000662801
125.417 4.54374e-05
123.623 0.000661384
125.933 0.000615658
126.681 0.000738789
126.093 0.000632273
123.98 0.000633128
125.606 0.000630337
121.594 0.000645678
119.223 0.000620767
126.07 0.000491438
125.944 0.000657017
125.338 0.000668326
124.8 0.000622489
121.98 0.000712501
121.398 0.000647119
124.993 6.78065e-05
123.935 0.000185728
124.131 0.000716841
123.765 0.000629061
124.662 0.000667189
125.823 0.000628075
125.928 0.000646384
123.565 0.000626655
124.948 0.000715512
128.451 0.000622646
124.739 0.000706471
118.498 0.000718773
125.279 0.000631771
125.456 0.000237726
119.804 0.000608024
125.389 0.000642271
120.756 0.000242386
124.935 0.000699298
124.593 0.000356761
122.44 0.000671302
124.757 0.000627336
125.221 0.000708029
123.771 0.000671745
125.194 0.000663897
124.921 0.000637431
120.762 0.000476512
126 4.56917e-05
124.97 0.000700184
125.655 0.000751174
122.805 0.000417884
126.942 0.000641963
122.494 7.16161e-06
125.15 0.000622922
128.294 0.000592827
123.883 0.0006411
124.655 0.000631314
122.466 0.000655878
123.165 0.00065491
122.939 0.000623126
125.446 0.000695221
131.99 0.000624901
119.517 0.000632058
126.523 0.000668783
123.36 0.000619048
122.924 0.000622301
122.194 0.000624677
126.045 0.000618771
123.894 0.000685821
124.3 0.000627133
120.865 0.000633941
125.976 0.000709251
121.614 0.000622559
125 0.000615305
121.866 0.000628967
125.843 7.21131e-06
123.848 0.000652098
123.59 0.000635193
123.215 0.000712877
123.805 0.000621159
122.9 0.000662478
121.396 0.000726095
122.165 0.000630075
122.365 0.00064716
124.26 0.000543979
125.426 0.000656506
125.075 0.000618
121.7 0.000600452
124.386 0.000699343
124.908 0.000705188
125.101 0.000645334
120.346 0.000240073
122.921 0.000705204
116.502 0.000710375
125.54 0.000714903
124.341 0.000670936
127.138 0.000668521
126.106 0.000638467
121.904 0.000628804
123.335 0.000638139
126.793 0.000662312
116.128 0.000623827
127.178 0.000652861
126.068 0.000638561
124.241 0.000620627
124.629 0.000627725
126.71 0.000654436
124.868 5.49228e-07
126.098 0.000622398
123.096 0.000670707
123.969 0.000622872
125.893 0.000660404
124.664 0.000618773
119.593 0.000394814
130.07 0.000701165
123.116 0.000707873
125.271 7.29465e-06
117.595 0.000636085
125.453 0.000639892
124.389 0.000640745
128.625 0.000673639
126.873 0.000627666
123.349 0.000626634
122.646 0.00065288
121.113 0.000647833
125.626 0.000616387
118.352 0.000632856
123.984 0.00048475
124.437 0.000624045
127.778 0.000642596
126.714 0.000636704
123.538 0.000647884
125.899 0.000686768
121.938 0.000636223
122.868 0.000706355
115.741 0.000614924
124.424 0.000627244
126.63 0.000543416
125.254 0.000619899
123.335 0.000277285
125.833 0.000623748
124.967 0.000626907
125.276 0.000630423
123.342 0.000672344
123.685 0.000586887
124.557 0.000546071
119.512 0.00069852
126.299 0.00065039
126.161 0.000700245
126.918 0.000697781
125.281 0.000484295
125.813 0.000621423
125.915 0.000619653
123.147 0.000736608
119.145 0.00058633
124.829 0.00064486
122.186 0.000420647
123.146 0.000641032
126.335 0.000669856
126.074 0.00063299
123.852 0.000641933
126.48 0.000715692
121.9 0.000679663
121.451 0.000622601
124.653 0.000664025
124.499 0.00064368
122.204 0.000642551
125.672 0.000681842
123.894 0.000641063
125.497 0.000631849
120.338 0.000622791
120.926 0.000495972
125.734 0.000621005
124.503 0.000714351
118.814 0.000583517
120.996 0.000620496
126.931 0.000623243
122.876 0.000622429
120.608 0.000577703
126.857 0.000700338
124.927 0.000621573
123.952 0.00058129
125.46 0.000581957
122.856 0.000583532
123.873 0.000639784
120.957 0.000623949
123.002 0.000676008
123.674 0.000588271
125.34 0.000654527
124.556 0.000712001
121.838 0.000732237
123.073 0.000642749
127.655 0.000599534
130.527 0.000659702
124.065 0.000618126
127.085 0.000590105
116.156 0.000636911
117.115 0.000611857
123.565 0.00064859
122.144 0.00070271
123.447 0.000622665
123.446 0.000649749
125.105 0.000648875
125.51 0.000623712
122.383 0.00062817
125.766 0.00066158
122.514 0.000617301
127.241 0.000726535
121.438 0.000642914
126.203 0.000639756
123.306 0.000601646
123.762 0.000620638
122.159 0.000298664
119.884 0.000533957
126.266 0.000592391
125.277 0.000698326
120.908 0.000538135
121.718 0.000593409
124.78 0.00062522
121.224 0.000608183
117.994 0.000575314
125.866 0.000239591
124.769 0.000239989
126.45 0.000622275
123.301 0.000642191
124.411 0.000619986
116.576 0.000607669
125.76 0.000656462
123.917 0.000613902
125.867 0.000641972
123.965 0.000609331
124.743 0.00061983
121.567 0.000618487
124.122 0.00061678
121.172 0.000586995
124.992 0.000646548
124.898 0.000626702
127.473 0.000674006
126.063 0.000701092
123.417 0.000707873
125.983 0.000615645
121.555 0.000612741
124.875 0.000634836
123.4 0.000622011
121.806 0.000697401
120.132 9.21552e-07
126.04 0.000620027
126.629 0.000629398
124.278 0.000656227
125.901 0.000643
122.738 0.000683745
125.35 0.000634783
127.881 0.000631751
129.228 0.00071364
123.148 0.000696147
127.462 0.000630478
126.101 0.000638922
123.566 0.000663437
127.884 0.000826259
124.166 0.000632952
122.403 0.0005847
124.497 0.000714541
126.593 0.000618749
123.955 0.000693604
122.974 0.000673341
122.718 0.000670255
124.631 0.000735846
125.809 0.000618659
119.138 0.000720835
119.776 0.000714171
125.694 9.66171e-05
124.697 0.00062142
124.783 0.000677495
122.867 0.000647265
121.956 0.000704965
127.738 0.000678387
121.045 0.000489909
123.9 0.000649192
122.036 6.78952e-05
125.423 0.000596837
125.626 0.000624551
125.979 0.000643112
125.958 0.000706762
125.09 0.000630605
125.525 0.000622623
126.079 0.00048528
124.512 0.000623371
126.184 0.000611849
125.205 0.00068469
125.587 0.000627453
124.59 0.00069219
125.448 0.000690309
125.384 0.000583947
123.669 0.000630771
126.609 0.000645142
124.159 0.000611812
124.086 0.000624247
125.88 0.000711857
125.473 0.000629927
123.491 0.00063227
125.869 0.000578347
129.26 0.000593607
122.465 0.00060297
124.115 0.000631665
124.724 0.000611289
126.42 0.000609583
125.427 0.000587113
123.053 0.000704757
124.181 0.000632239
124.355 0.000706887
122.495 0.000642087
124.711 0.00065534
124.504 0.00070704
122.307 8.67316e-07
120.747 0.000654587
125.547 0.000630161
128.499 0.000649246
118.626 0.000693522
124.388 0.00063801
127.57 0.000685558
127.194 0.000640775
127.725 0.000615788
122.045 0.000426423
116.706 0.00064373
125.984 0.000694344
123.819 0.000623283
126.338 0.0007104
122.31 0.000693566
125.969 0.000623377
125.732 0.000705643
125.199 0.000359778
121.462 0.000717289
124.776 0.000639117
127.172 0.000658583
123.113 0.000609023
124.823 0.00065541
124.03 0.000638324
124.693 0.000707968
124.184 0.00062023
126.718 0.000185148
125.044 0.000649903
123.88 0.000650528
118.759 0.000638565
124.6 0.000565338
126.163 0.000534943
127.161 0.000677916
124.397 0.000648823
124.931 0.000703481
125.17 0.000620787
127.576 0.00072316
126.398 0.00063504
115.178 0.00064922
119.17 0.000707923
125.602 0.000678265
122.345 0.000732068
124.249 0.000658114
123.572 0.000703849
123.98 0.000627227
125.698 0.000620361
123.441 0.000624407
125.807 0.000649329
121.588 0.000622662
124.444 0.00068639
123.083 0.000701571
123.655 0.000617353
122.692 0.000617828
123.539 0.000733095
123.263 0.000624424
122.666 0.000647476
118.098 0.000620911
123.885 0.000620766
128.752 0.000633856
120.605 0.000641792
129.437 0.000678527
122.988 0.000702065
126.359 0.000642387
126.755 0.000695263
125.281 0.00063697
124.766 0.00065285
126.521 0.000657212
123.946 0.000624689
125.003 0.000690489
123.132 0.000673985
126.146 0.000642611
123.309 0.000637185
120.899 0.00067718
124.019 0.000632426
123.737 0.000655406
127.982 0.000675238
122.388 1.86942e-05
126.433 0.000637444
123.674 0.000627607
123.967 0.000581953
125.216 0.000700076
122.597 0.000623513
124.962 0.000623118
126.726 0.000670978
126.063 0.00067242
125.501 0.000674121
125.539 0.000639972
126.611 0.000627941
126.911 0.000640347
119.945 0.000617671
124.139 0.000634811
125.372 0.000616885
124.339 0.000627111
124.509 0.000651046
124.585 0.000727087
122.965 0.000633772
124.714 0.000644101
123.667 0.000649833
121.903 0.000654489
121.078 0.00062351
123.878 0.000618517
126.368 0.000706063
124.679 0.000637937
128.103 0.00063842
123.967 0.000723146
125.621 0.000615144
125.218 0.000617114
117.739 0.000617563
125.016 0.000577136
117.805 0.000581244
125.021 0.000617025
118.658 0.000615504
126.938 0.000642995
121.26 0.000661337
125.949 0.000667376
120.865 0.000535036
126.038 0.000655258
126.264 0.000621093
124.989 0.000623479
122.837 0.000713645
119.932 0.000650754
124.68 0.000705663
126.01 0.000701796
122.593 0.000625855
125.706 0.00067045
124.646 0.000615373
126.849 0.000646163
124.767 0.000647065
122.485 0.000710123
124.287 0.000705169
125.63 0.000619714
128.643 0.000233801
123.961 0.000629904
115.812 0.000724941
124.885 0.000621417
124.788 0.000626686
125.634 0.00060297
129.027 0.000653861
124.847 0.000647134
116.223 0.000630312
125.623 0.000411333
119.218 0.000694081
120.801 0.000296293
123.577 0.000621655
124.541 0.000698911
125.747 0.000550982
122.665 0.000617746
124.696 0.000618836
124.654 0.000632427
125.133 0.000367872
123.505 0.000628504
126.029 0.000584645
126.932 0.000619086
122.353 0.000627832
125.261 0.000630894
123.257 0.000627781
123.393 0.000703538
126.645 0.00061745
125.909 0.000642246
124.672 0.000423654
123.245 0.000717438
126.088 0.000668663
123.257 0.000693647
125.397 0.00070478
123.437 0.000633296
126.291 0.000673538
124.715 0.000708204
120.559 0.000647898
125.693 0.000633843
122.642 0.000627198
124.82 0.000703594
124.32 0.000640694
128.236 0.000614487
122.52 0.000697789
124.01 0.000711123
126.279 4.54643e-05
123.84 0.000707873
124.635 0.000654176
125.59 0.000625801
123.934 0.000673934
123.391 0.000591654
125.072 0.000599057
123.413 9.8143e-05
124.83 0.000613319
124.018 7.22491e-06
126.158 0.000630093
122.765 0.000674631
122.281 4.49405e-06
122.064 0.000613967
124.171 0.000697919
124.492 1.87707e-05
125.937 0.000644123
124.803 0.000484704
124.691 0.000713988
131.967 0.000611208
123.97 0.000626436
123.6 0.000621252
119.795 0.000708217
122.956 0.000613181
117.24 0.000608738
128.224 0.000628749
125.438 0.000644797
128.505 1.86658e-05
125.466 0.00065834
123.606 0.000643458
119.278 0.0006222
124.699 0.000714316
117.776 0.000540043
123.526 0.000666062
127.055 0.000650147
125.28 0.00062926
125.281 0.00061169
125.201 4.5397e-05
122.131 0.00061901
125.831 0.000622482
123.685 0.000623273
124.35 0.000616507
124.177 0.000615525
115.878 0.000631964
126.937 2.60961e-06
126.029 0.000620995
122.305 0.000639733
123.527 0.000720942
118.942 0.000717054
125.899 0.000610752
125.02 0.000690408
126.743 0.000300833
125.712 1.90217e-05
123.9 0.000618686
122.313 0.000701773
115.495 0.000651432
126.122 0.000712053
127.8 0.000657233
132.44 0.000618006
120.549 0.000697538
119.699 0.000649325
124.267 0.000644488
127.862 0.000712942
120.62 0.000706843
126.701 0.000572751
120.729 0.000615278
126.247 0.00064379
125.312 0.000296115
124.808 0.0002952
126.515 0.000640483
124.371 0.000710795
120.27 0.000631844
121.83 0.000587861
129.216 3.01408e-05
126.431 0.000614287
121.273 0.000665295
125.169 0.000643404
125.27 0.000621943
123.674 0.000632488
125.677 0.000239546
129.236 0.000594046
118.143 0.000646101
123.299 0.000698657
125.141 0.000679246
123.46 9.84205e-05
124.741 0.000613203
125.605 7.23487e-06
126.128 0.000620708
123.803 0.000573513
123.371 0.000635172
124.887 0.000698681
122.446 0.000645984
122.926 0.000527356
118.597 0.000698161
119.608 0.000675977
125.672 0.000718548
128.028 0.000660112
123.09 0.000614028
124.082 0.000636206
124.082 0.000702831
123.235 0.000595119
124.173 0.000614617
122.169 0.000300463
125.684 0.00067843
122.772 0.000714659
126.471 0.000619158
118.105 0.000655214
126.58 0.000639852
124.031 0.000636635
126.186 0.000650931
119.74 0.000637185
125.184 0.000633522
123.46 0.000625909
133.878 0.000670569
118.735 0.000616948
126.077 0.000650234
121.926 0.000604582
125.541 0.000653307
122.87 0.000642755
128.372 0.00066496
127.198 0.000618736
126.038 0.000620838
120.987 0.00062143
116.525 0.000681597
122.151 0.000628397
126.461 0.00062892
125.492 0.000665863
126.255 0.000684383
125.652 0.000623622
125.054 0.000627959
123.501 6.74841e-05
124.414 0.000628469
123.634 0.000704574
127.412 0.000626468
122.199 0.000678103
120.717 0.000615546
122.38 0.00061583
127.755 0.000726293
123.433 0.000695463
124.537 0.000639718
118.251 0.000625519
124.353 0.000621093
128.142 0.000644289
125.794 0.000622642
124.796 0.000642352
123.698 0.000632158
123.552 0.000652779
127.865 0.000553233
123.23 0.000625146
131.637 0.000708398
125.431 0.000630241
117.582 0.000657523
124.445 0.000636864
121.518 0.000733557
127.335 0.000705632
124.219 0.000612796
124.575 0.000358433
126.138 0.00063395
125.159 0.000714166
119.633 0.000631157
126.589 0.000627196
121.903 0.000667006
120.9 0.000623378
123.368 0.000298962
117.822 0.000624147
123.852 0.000615713
126.598 0.000655392
122.987 0.000577932
122.211 0.000654733
126.853 0.000616531
124.851 0.000471483
125.472 0.000645925
125.172 0.00058274
125.689 0.000625872
121.519 0.000712547
124.709 0.000636345
119.414 0.000631458
120.504 0.000640376
125.69 0.000713484
124.101 0.000621252
124.689 0.000706168
124.309 0.000656221
124.955 0.000638111
121.752 0.000593637
124.136 0.000619108
124.051 0.000535033
124.855 0.00042134
125.427 0.000618319
124.805 0.00069555
124.338 0.000625722
118.869 0.000727001
121.754 0.000615778
127.075 9.7528e-05
125.695 0.000647633
122.86 0.000483462
126.401 0.000651518
126.602 0.000656743
118.224 0.000637118
119.198 0.000622014
124.718 0.000633684
115.28 0.000635873
126.436 0.000666227
126.512 0.00048141
123.74 0.00070711
121.874 0.000598518
128.898 0.000620899
122.801 0.000631253
121.352 0.00063851
125.646 0.000620309
122.39 0.00068884
125.254 0.000638989
127.371 0.000624526
124.791 0.000689877
119.516 0.000628966
122.599 0.000585183
123.428 0.000636004
125.133 0.000654852
126.722 0.000626501
125.042 0.000635822
123.922 0.000703909
116.025 0.000689938
121.152 0.000675742
122.257 0.000707128
122.102 0.000639911
122.724 0.000543798
124.172 0.000300817
129.163 0.000625426
128.235 0.000679916
127.329 0.000671332
116.279 0.000729275
127.013 0.000633242
123.964 0.000624414
125.195 0.000654589
124.468 0.000709886
124.188 0.000664607
124.275 0.000644326
124.609 0.000660036
129.668 0.000702045
125.317 0.000711111
124.9 0.000630891
124.074 0.000655715
124.815 0.000617073
126.577 0.000641963
120.225 0.000641316
125.598 0.000628587
126.418 0.000655936
126.463 0.000651331
123.973 0.000631227
122.698 0.000670869
125.774 0.000658457
122.247 0.000650618
126.042 0.000236396
116.935 0.000660035
125.201 0.00066573
126.545 0.000624702
123.477 0.000646305
121.692 0.000612801
123.508 0.000361574
125.933 0.000619385
121.945 0.000332476
126.152 0.000720537
121.205 0.00062299
119.168 0.000615011
119.87 0.000712819
123.912 0.000544938
120.769 0.000712753
133.893 0.000593454
123.531 0.000595257
125.015 0.00065374
124.54 0.000609061
124.332 0.000650754
127.609 0.000673384
126.676 0.000711034
124.842 0.0005903
124.466 0.000678622
124.387 0.000625654
127.871 0.000541342
125.724 4.35113e-06
122.441 0.000663437
125.037 0.000185063
118.131 0.000618914
125.035 0.000626399
124.661 0.000617791
117.17 0.000717381
124.718 0.000636041
115.301 0.000600535
121.516 0.000640789
121.343 0.000542897
123.84 0.000616665
126.899 0.000710409
126.038 0.000631486
124.256 0.000636209
125.053 0.00066958
125.161 0.000649928
121.812 0.000648012
126.186 0.000722596
121.44 0.000648514
123.771 0.000635872
116.008 0.000724268
125.514 0.00069738
127.113 0.00061531
115.723 0.00061746
125.946 1.87533e-05
124.908 0.000613891
119.916 0.00063114
125.009 0.00071131
126.786 0.000714521
122.997 6.49488e-05
124.393 0.000693189
124.437 0.000683732
123.776 4.55297e-05
125.995 0.000624185
128.947 0.000650521
125.634 0.000619725
126.32 0.000635104
126.091 0.000624579
119.871 0.000659847
125.436 0.000629641
124.217 0.000712711
122.557 0.000619106
123.674 0.000623778
116.673 0.000629344
118.409 0.00068527
124.409 0.000606043
125.515 0.000638209
123.363 0.000652745
117.223 0.000674926
121.316 0.000679781
126.556 0.000303342
126.501 0.000626649
124.788 0.000618973
122.96 4.34401e-05
125.212 0.000609256
121.765 0.000697551
122.937 0.000631212
122.1 0.00018334
127.223 0.000639076
125.087 0.000626483
123.12 0.000608386
124.954 0.000548885
124.995 0.000624055
124.305 0.000615447
124.17 0.000643131
125.158 0.000700247
121.299 0.000642642
122.163 0.000613219
122.733 0.000712686
126.666 0.000635544
121.901 0.000642371
120.36 0.000607637
119.943 0.000636839
122.246 0.000616357
124.53 0.000644669
123.31 0.000613202
123.255 0.000695303
123.835 0.000652756
127.322 0.00061215
115.807 0.000673047
126.213 0.000721738
121.744 0.000676071
125.994 0.000707825
128.012 0.000296635
124.252 0.000616957
123.365 0.000617424
125.103 0.000616533
123.487 0.00059598
126.844 0.000620582
123.8 0.000691945
126.009 0.000486477
126.663 0.000579302
123.656 0.000618531
126.587 0.000720908
127.174 0.000643946
123.049 0.000294217
123.263 0.000726903
119.428 0.000614349
124.616 0.000577928
128.125 0.000639381
124.655 0.000707053
125.582 0.000727412
118.219 0.00064036
125.507 0.000607589
124.137 0.000660246
124.231 0.000626723
124.763 0.000646601
115.545 0.00065799
126.88 0.000636053
127.035 0.000421726
126.149 0.000677024
123.963 9.77563e-05
125.047 0.00062861
120.201 0.000622104
123.453 0.000646725
127.636 0.000666616
125.038 0.000849398
126.556 0.00063728
124.023 0.000620189
125.127 0.000623477
121.868 0.000241006
132.136 0.000641497
129.8 0.000638857
130.409 0.00070085
124.761 0.000524478
123.038 0.000425591
127.584 0.000667586
116.329 0.00062473
128.682 0.000650686
128.364 0.000679078
122.236 0.000615133
127.301 0.000538721
122.179 0.000643178
124.061 0.000651336
119.656 0.000717175
116.567 0.000708137
117.322 0.000619808
124.531 0.000641721
124.003 0.00062808
117.137 0.000641314
125.938 0.000712864
123.1 0.000707263
124.429 0.000649975
127.062 0.000637143
125.521 0.000636553
125.305 0.000692812
130.043 0.000420267
117.07 0.000572331
122.623 0.000186468
118.812 2.62791e-06
128.496 0.000582635
125.45 0.000674751
122.617 0.000613269
128.94 0.000639698
126.133 0.000632091
126.713 0.000613883
119.99 0.000589039
121.558 0.00063859
119.501 0.000632046
123.633 0.000695131
127.302 0.00070862
125.453 0.000618019
125.682 0.000700807
121.286 0.000631991
132.965 0.000399947
123.518 0.00071892
121.611 0.00064542
121.71 0.000637592
125.849 0.000674653
124.736 0.000619961
125.168 0.000641313
126.479 0.000627236
120.931 0.000609545
125.215 0.000715647
126.824 0.000728244
123.007 6.78831e-05
124.621 6.7788e-05
125.221 0.000624213
125.226 0.000640148
117.924 0.000635712
121.952 0.000628437
124.811 0.000647194
121.702 0.000650193
125.134 0.000620434
123.882 0.000710003
120.67 0.000624004
121.348 0.000628456
123.288 0.000698331
125.719 0.000614778
124.359 0.00064163
124.331 0.000645391
115.789 0.000691954
125.436 0.000425035
124.828 0.000620778
125.062 0.000617489
122.192 0.000614704
123.671 0.000645696
