129.449 0.000617755
130.883 0.000582252
132.47 0.000599452
144.582 0.000578866
134.371 0.000395064
118.877 0.00059463
125.672 0.000611857
131.621 0.000571191
132.354 0.000659743
145.049 0.000565892
129.407 0.000283366
143.655 0.000571155
129.663 -0.000584356
129.306 0.000554254
119.317 0.000646835
126.945 0.000597494
121.379 1.08297e-05
128.953 0.000553476
133.222 8.55346e-05
130.289 0.000597244
130.18 0.000598438
125.074 0.000593726
128.697 -0.000451934
126.217 0.000603294
122.744 0.000651932
126.009 0.000544795
130.275 0.00017098
125.609 0.000605222
136.785 0.000606858
129.356 0.000500826
132.693 0.000566583
130.353 0.000446061
132.597 0.000545164
127.577 0.000548734
135.41 0.000406656
128.553 0.000577573
122.109 0.000650629
127.268 0.000606524
131.021 0.000654716
125.828 0.000125195
130.84 0.000595925
135.511 0.000658381
131.264 0.000635208
122.1 1.09756e-05
129.234 0.000609897
148.059 0.000625112
130.061 0.000548644
128.547 0.000447535
129.519 0.000573841
128.599 0.000559448
130.616 0.000624335
129.452 0.000574352
119.402 0.000584342
126.44 0.000118273
143.224 0.000575981
126.529 0.000569842
132.884 0.000660202
132.021 0.000657898
120.144 0.000590857
121.217 0.000597475
119.373 0.00057099
136.344 0.000665405
130.935 0.000588539
128.827 0.000575911
117.746 0.000590433
125.643 0.000597511
152.384 0.000609184
127.689 0.00039129
130.579 0.00057507
122.932 0.000223485
134.672 0.000593632
125.475 0.000573244
131.097 -0.000579731
163.109 0.00064133
121.15 0.000605174
129.712 0.000572925
129.735 0.000593507
132.184 0.000618112
122.06 0.000631211
135.854 0.000395986
133.015 0.000572199
129.529 0.000518682
128.905 0.000477853
123.624 0.000605637
129.201 0.000575143
129.969 0.000653081
130.764 0.000600369
120.314 0.00059637
132.986 0.000573896
126.624 0.000574795
128.4 0.00066644
129.258 0.000632919
132.654 0.000461366
128.521 0.000577573
134.397 0.000573412
129.782 0.000640767
134.692 0.000545844
131.387 0.000544139
117.932 0.000568281
124.481 0.000225091
132.542 0.000607662
131.366 0.000594118
128.741 0.000591433
131.653 0.000543329
145.393 0.000494117
126.743 0.000565861
127.487 0.000654755
130.924 0.000591903
129.366 0.000653777
118.412 0.000633505
128.606 0.000668147
131.308 0.000617758
116.489 0.000626006
120.034 0.000536646
130.244 0.000607524
131.354 0.000581726
122.027 0.000597248
132.304 0.000693319
129.469 0.000571773
124.713 0.00062825
130.333 0.000611556
130.38 0.00059649
125.581 0.000627167
138.95 0.000583237
128.951 0.00063572
118.632 0.000549597
150.137 0.000555625
130.251 0.000625075
154.875 0.000525687
132.345 0.00060824
128.738 0.000541229
129.856 0.000611231
132.58 0.000634774
120.565 0.000641986
143.31 0.000647861
130.549 0.000645025
150.59 0.000397238
127.849 2.52881e-06
128.842 -8.68062e-05
150.635 -0.000579202
127.224 0.000602353
148.905 0.000587751
132.441 0.00063002
129.791 9.02357e-05
132.982 0.000642512
156.676 0.000123983
130.461 0.000585388
130.866 0.000582907
130.211 0.000575378
129.994 0.000583604
139.922 0.000523197
127.052 2.79646e-05
134.742 0.00065919
131.001 1.11801e-05
130.527 0.000599005
130.689 0.000577011
128.701 0.000604025
130.315 0.000122977
139.714 0.000642065
130.521 0.000586128
117.426 0.000578696
122.716 0.000586588
138.587 0.000604566
130.998 0.000581717
128.177 0.000576641
132.078 0.000594186
141.618 0.000586775
128.208 0.00058756
115.934 0.000585506
122.291 0.000602722
118.523 0.000582226
129.792 0.000650049
151.244 0.000597318
