129.452 0.000268536
128.099 0.000261194
131.193 0.000242055
129.196 0.000229562
131.301 0.000205218
131.88 0.000236015
127.073 0.000258032
130.917 0.000243026
129.505 0.000246208
127.396 0.000278696
129.561 0.000239144
129.591 0.00024128
132.133 0.000268114
128.684 0.000246238
126.518 0.000242514
132.901 0.000244618
130.012 0.000228365
128.75 9.2225e-05
134.497 1.10532e-05
126.834 0.000240891
121.919 0.00021616
129.359 0.000241041
127.621 0.000251476
126.399 0.000261308
123.774 0.000251509
127.684 0.000237673
131.262 0.000242818
131.275 0.000272332
128.734 3.78087e-05
130.512 0.000249786
126.933 0.000270692
125.532 0.000244354
129.37 0.000238311
128.97 1.19318e-05
132.543 0.000279114
128.906 0.000244107
129.502 0.000243797
124.613 0.000258093
130.479 0.000237414
124.146 0.000258467
128.209 0.000249508
129.73 0.000240744
129.226 0.000251944
131.68 0.000278884
130.974 0.000250662
123.702 0.00024921
129.448 0.000168875
128.787 0.000198534
130.761 0.000243191
129.924 0.000238852
129.405 0.000208222
127.561 0.000178496
129.607 0.000239929
132.448 0.000257308
127.993 0.00027545
130.539 0.000236494
129.529 0.000238757
129.406 0.000281875
130.589 0.000238868
128.915 0.000246478
129.757 0.000241963
131.876 1.75027e-05
131.365 0.000261778
126.948 0.000219878
126.857 0.000250279
133.885 0.00025984
128.475 0.000258696
131.348 0.000243258
127.821 0.000248368
130.61 0.000243056
130.641 0.00022803
128.042 0.000267719
130.189 0.000243336
124.5 7.19713e-05
121.008 0.000243463
134.617 0.000272793
127.37 1.21861e-05
128.255 0.000136936
126.827 0.000231161
129.39 0.000255188
132.226 0.000265578
132.555 0.00024225
127.532 0.00023975
130.64 0.000227115
131.22 0.000252327
131.098 0.000222033
134.025 0.000251538
128.198 0.00027705
128.48 0.000260699
120.481 0.000246162
129.677 0.000265103
129.278 0.000240749
130.301 0.000241968
129.577 0.000253021
127.002 0.000221275
123.438 0.000169613
128.622 0.000292291
127.418 0.000238037
129.679 0.000267542
131.838 0.000232827
128.403 0.000115439
130.245 7.22359e-06
129.49 0.0002615
129.719 1.79388e-05
131.307 9.17198e-05
118.651 0.000272664
129.187 0.000267962
129.087 0.000245232
130.552 0.000222105
128.723 0.000274131
130.276 0.000251386
127.453 0.000227272
129.716 0.000237009
128.836 0.00027138
129.283 0.000238464
124.43 0.000237916
130.774 0.000253595
129.826 0.000244275
130.523 0.000276947
130.037 0.000239144
130.136 0.000275132
130.467 5.28619e-05
131.347 0.000273392
131.619 7.28063e-06
131.126 0.000234617
128.744 7.1586e-05
125.829 0.000228879
129.483 0.000252033
127.954 0.000272991
142.233 0.000204047
129.879 2.60209e-05
129.26 0.000243732
128.841 0.000242035
130.222 0.000281517
131.08 0.000275765
131.359 0.00024248
129.616 2.8416e-06
131.043 7.30934e-06
128.723 0.000242689
127.492 0.000299668
132.11 0.000242124
130.758 0.000240661
129.72 0.000237889
129.132 0.000253847
132.962 0.000246448
129.334 0.000236351
131.839 0.000239253
129.354 0.00027638
120.931 0.000207151
130.25 0.00020919
128.728 0.000253781
128.115 0.000258038
131.427 0.00024037
128.856 0.00026527
126.415 0.000263557
125.644 0.000271413
123.658 0.000250771
131.325 0.00027027
129.107 0.000247789
129.867 0.000243585
131.186 0.000236694
128.607 0.000251221
130.997 0.000242417
131.401 0.000277645
131.93 0.000243177
132.211 0.00025591
133.511 0.000244437
129.287 0.000273348
130.263 3.76261e-05
129.483 0.000238082
130.782 0.00026089
131.826 0.000240827
127.92 0.00024552
129.592 0.00025629
132.077 0.000263838
130.114 0.00023827
124.312 0.000137952
132.391 0.000269511
130.813 0.000244127
125.623 0.000245203
132.062 0.000248449
130.935 0.000258771
131.161 0.000260645
131.924 0.000258786
130.143 0.000139524
128.648 0.000247288
128.651 0.000243013
119.638 0.000227964
129.789 0.00024036
130.234 0.000278692
128.936 0.000259534
127.135 0.000248841
131.599 0.000258468
131.399 0.000277359
130.463 0.000217097
128.555 0.000237834
130.426 0.000253092
130.939 0.000252402
130.335 0.000241309
125.174 0.000206876
122.969 0.000246158
128.558 0.000274782
129.647 0.000241112
125.743 4.59274e-06
120.847 0.000247326
128.866 0.000246808
129.615 0.000250871
126.69 0.000259596
129.186 0.000246051
129.614 0.000274327
130.393 0.000246691
129.658 0.000246033
129.552 0.000258
131.517 0.000254792
132.076 0.000249224
126.063 9.30046e-05
128.783 0.000278147
129.468 0.000233684
121.472 0.00026493
128.698 1.73728e-05
128.553 0.000247377
127.344 0.000115015
128.744 0.000239071
130.598 0.00016287
127.864 0.000257756
130.735 0.000237005
128.944 0.000242221
127.477 0.000264195
131.643 0.000251042
128.253 0.000241546
121.611 0.000250669
128.617 0.000245458
127.737 0.000235226
130.943 0.000249018
130.957 0.000254476
131.192 0.00027959
129.715 3.75436e-05
130.232 0.000273114
130.938 0.00023913
131.684 0.000242548
128.059 0.000239945
124.505 0.000288603
130.171 0.000258247
126.672 0.000246695
130.873 0.000258769
128.898 0.000256678
129.097 0.000193885
129.911 0.000243696
130.059 0.000203806
133.396 0.000239128
124.928 2.28502e-07
130.042 0.000239379
127.073 0.000206039
130.224 0.000272341
130.038 0.000240352
129.99 0.00027589
130.603 0.000265014
129.232 0.000211226
131.21 0.000266171
130.019 0.000254464
128.561 7.31192e-06
127.377 0.000238764
130.604 0.000278811
129.045 0.00024395
128.53 0.000237768
129.687 0.000241826
125.444 0.000241307
128.064 0.000249833
129.335 0.000242518
123.753 0.000254314
127.75 0.000210812
128.643 0.000268494
129.511 0.000247721
128.42 0.000277854
130.826 0.000274677
129.428 0.000241374
128.498 0.000232961
130.065 6.95592e-05
130.904 0.000249077
131.815 0.000275995
129.041 0.000244204
132.124 0.000245808
128.318 0.000265256
130.039 0.000278874
129.146 0.000268551
130.316 0.000246763
129.591 6.9974e-05
127.606 0.000261404
131.16 0.000239383
131.95 0.000249817
132.404 0.00022959
129.51 0.000277571
129.03 0.000273424
132.188 0.000242029
130.387 0.000206384
129.422 0.000242831
131.013 0.000284361
134.152 0.000204006
129.828 0.000249872
128.521 0.000238035
129.539 0.000276329
115.21 0.000202974
122.981 0.000248122
125.259 0.000270074
128.547 0.000243828
120.784 0.000140935
129.152 0.000246718
129.409 0.000237909
129.153 0.000138618
129.667 0.00024381
131.269 0.000244555
131.04 0.000275165
128.713 0.000279615
131.885 0.000290157
128.815 0.000244549
131.848 0.000245327
131.978 9.36126e-05
129.621 0.000205805
129.367 0.000239778
129.2 0.000273559
128.863 4.65518e-06
129.709 0.000232269
130.407 0.000237317
130.554 0.000253384
129.392 0.000246438
130.888 0.000241247
130.706 0.000254478
127.101 0.000251921
130.413 0.000237606
128.714 0.000243707
130.932 0.000268947
132.079 0.000207182
129.909 0.000233604
129.096 0.000260417
128.513 0.000271961
123.762 0.000271309
130.223 0.000275697
115.76 0.000246997
128.804 0.000267283
125.587 0.000247055
129.241 0.000260817
131.018 0.000276049
127.708 0.000249483
128.458 0.000241331
120.554 0.000248391
128.261 0.000271846
132.25 0.000275615
131.177 3.77045e-05
130.255 0.000243372
130.775 0.000258003
129.831 9.27941e-05
128.707 0.000242282
127.589 0.000113585
130.368 0.000274724
132.138 0.000243755
128.373 0.000254656
138.31 0.000239922
129.066 7.12355e-05
128.683 0.000239547
124.449 0.000261411
129.61 0.000246827
128.742 0.000249041
128.838 0.000278732
129.651 0.000278022
127.822 0.000257553
129.971 0.000238326
129.486 0.000163025
130.693 0.000238967
131.583 0.000251918
126.708 0.000272691
128.966 0.000241096
126.369 0.000244991
129.05 0.000245011
129.008 0.000241653
129.231 0.000274419
130.648 0.000247943
124.814 0.000236489
129.729 0.000258771
122.659 0.000242431
128.822 0.000239286
131.064 0.000240893
129.371 0.000240453
130.493 0.000246649
126.933 5.17225e-05
129.329 0.000250792
129.202 0.000261206
129.402 0.000253399
126.233 0.00022932
133.256 7.42456e-06
131.182 0.000247037
129.064 1.01094e-06
129.016 0.000240341
128.494 0.000246836
122.849 0.000249998
131.619 0.00025087
120.693 0.000249487
126.847 0.000283567
130.166 0.000252354
127.853 0.000251059
128.434 0.000250017
130.512 0.000139484
129.008 0.000246347
130.962 0.000240924
129.433 0.000279742
127.709 0.000249526
132.273 0.000241956
128.847 0.000251294
129.212 0.000227569
129.753 0.000238858
125.756 0.000265579
129.683 0.000241906
128.26 0.00024143
117.89 0.000243807
131.399 0.000238142
126.27 0.000242937
128.586 0.000249398
130.592 0.000244031
127.735 0.000236871
128.895 0.000270561
131.682 0.000250638
130.161 0.000163803
131.009 0.000251425
123.972 0.000249941
130.057 0.000275743
128.903 0.000288198
129.44 0.000250618
128.994 0.000255152
129.443 0.00024947
133.241 0.000235441
132.605 0.000237492
131.822 5.38316e-05
128.533 0.000140425
131.561 0.000276101
132.311 0.000274451
131.406 0.000277129
130.932 0.000161482
129.488 5.16626e-05
127.947 0.000247156
132.825 0.000254671
125.818 0.000226763
129.228 0.000239576
128.438 0.000246465
129.027 0.000251631
129.668 0.000243741
129.581 0.000243149
123.862 0.000254819
129.151 0.000252264
135.097 0.000280863
127.973 0.000253062
128.939 0.000239721
132.479 0.00026811
126.575 1.78503e-05
128.714 3.75906e-05
129.036 0.000253777
126.196 0.000234677
128.965 0.000217291
124.741 0.000261084
128.904 0.000237609
127.019 0.000239073
128.397 0.00024612
129.435 0.000250978
130.405 7.27574e-06
130.652 0.000206797
126.201 0.000233827
129.364 5.19787e-05
132.743 0.000246412
131.506 0.000277821
127.487 0.000238285
126.137 0.000265573
129.212 0.000237066
132.002 0.000263697
125.138 0.000230911
128.24 0.000289066
129.707 0.000260742
129.895 0.000252831
126.534 0.000242568
130.4 0.000233488
129.731 0.000238428
132.437 0.000252951
119.935 0.000241554
129.014 0.000247066
132.155 0.000236103
130.926 0.000242012
130.178 0.000271731
129.21 0.000270162
131.005 0.000224859
130.289 0.000247791
129.571 0.000240012
128.087 1.09753e-05
130.559 0.000238538
128.585 9.34968e-05
130.729 0.000276626
130.422 0.000243642
128.076 0.000263819
125.599 0.000253591
121.411 0.000246809
128.834 0.000150522
127.955 0.000274161
129.67 0.00027527
129.576 0.000258305
128.311 0.000258521
126.572 0.00025304
129.671 0.000229325
130.736 0.000247841
133.198 0.000234302
131.059 0.000267328
129.816 0.000277146
130.492 0.000239999
130.377 4.49191e-06
129.149 0.000250326
129.203 0.000251157
129.015 0.000243718
128.762 1.20852e-05
134.013 0.000246565
130.614 0.00022673
126.781 0.000244407
130.003 0.000249645
131.494 0.000253336
127.207 0.000251949
129.547 0.000272506
128.98 2.66534e-05
128.611 0.000137805
126.001 0.00026951
132.932 0.000209812
124.817 0.000252426
129.679 0.000240349
129.88 0.000245455
131.626 0.000261049
131.863 0.000269419
123.801 0.000245831
127.862 0.000252626
130.181 0.000271572
130.304 0.000246355
128.105 0.000189143
129.242 0.000281359
131.155 0.000140235
127.585 0.00022588
128.79 0.00024116
128.95 0.000220969
129.792 0.000278913
129.966 0.000262669
129.185 7.13074e-05
131.608 0.000246548
132.327 0.000223602
126.16 0.000206405
126.479 0.000235741
131.068 0.00024541
131.867 0.00027028
129.921 0.000238292
129.534 0.000238127
128.742 0.000271812
131.115 0.000275503
128.049 0.00025983
131.067 0.000240843
129.21 0.000245087
128.878 0.000224892
130.727 0.00024497
131.453 0.000277695
128.825 0.000242088
129.508 0.000247302
131.783 0.000221029
127.798 0.000239588
121.985 0.000275104
126.729 0.000241779
129.949 0.000239724
128.741 0.000245302
129.593 0.000286583
130.814 0.000275277
127.376 0.000239063
126.255 0.000252708
126.473 0.000248295
130.353 0.000227821
122.153 0.00025044
125.246 0.000262613
130.09 0.000273179
124.129 0.000247581
131.037 0.000237178
124.114 0.000263013
128.23 0.000275882
132.635 0.000263511
128.32 0.000259821
131.079 0.000272756
126.183 0.000249176
131.218 0.000240029
127.255 0.000233884
126.403 0.000238406
130.684 0.000271531
124.925 0.000228715
125.854 0.00021098
130.691 2.81121e-06
129.131 0.00019551
133.025 4.89246e-05
129.827 0.000271749
124.599 0.000246721
131.087 0.000163016
128.776 0.000146322
115.26 0.000262786
130.271 0.000275773
129.849 0.000198981
129.857 0.000275132
127.178 0.000266716
129.337 0.000246475
130.685 0.000253162
123.565 0.000240386
133.168 0.000235818
127.197 4.60759e-06
128.631 0.000256245
127.396 0.000239966
131.378 0.000259024
128.131 0.000248367
133.225 0.00026008
131.396 0.000239812
131.712 0.000236832
126.323 0.00024739
125.991 0.000233084
130.712 0.000258656
131.073 0.000242939
123.872 0.000279003
128.96 0.000248394
136.153 1.76866e-05
132.209 0.000250643
129.474 0.000262479
129.489 0.000245036
129.491 0.000243367
128.139 0.000247301
132.373 0.00024567
131.97 0.000244163
131.614 0.000245238
130.531 0.000275067
130.07 0.00023945
123.9 0.000223044
128.115 0.000239005
130.562 0.000227147
130.337 0.000246223
130.14 0.000242403
131.747 0.000274921
130.498 0.000261501
120.163 0.000238049
129.289 0.000239359
126.196 0.000244942
130.084 0.000281063
133.17 0.000234097
125.872 0.000246439
131.28 2.83274e-06
129.24 0.000253443
129.779 0.000261457
129.51 0.000277684
129.436 0.000220836
129.029 0.000236284
130.255 0.000229959
118.677 0.000230867
129.718 0.0002435
132.633 0.00023465
130.712 0.000251245
130.19 0.00018997
125.64 0.000145047
130.714 0.000264961
128.928 0.000234141
132.248 0.000256762
129.112 0.000245673
122.327 0.000248401
127.719 0.000240467
130.015 0.000243646
121.76 0.000266546
131.714 0.000244477
128.081 7.47801e-06
133.634 0.000239353
129.222 0.000241687
128.679 0.000243538
130.453 0.000242467
129.648 0.000239188
127.612 0.000264161
131.442 0.000220396
129.799 0.000241633
126.168 0.000158658
129.617 0.000270794
129.901 0.00022791
128.443 0.000253859
128.37 0.000277647
129.528 0.000239637
128.197 0.000252982
132.896 0.000246526
126.41 0.000231826
127.54 0.000234439
129.61 0.000273622
128.486 0.000287944
129.946 0.000270288
133.178 0.000238484
130.041 0.00024998
130.992 0.000237902
130.68 2.59639e-05
130.942 1.15905e-05
130.213 0.00024131
130.032 0.000253063
121.586 0.000223636
134.205 0.000253606
129.119 0.000268364
128.603 0.000239482
129.052 0.000258899
129.264 0.000275509
128.358 0.000247049
130.316 0.000240002
129.7 0.000240123
126.592 0.000237507
124.596 0.000266037
132.516 0.000273503
132.939 0.000255551
130.094 0.0002631
128.716 0.00022878
129.56 0.000249404
130.486 0.000224288
117.389 0.000244408
131.269 0.000236028
130.711 1.76615e-05
129.858 0.000239116
129.18 0.000221911
129.604 0.000251316
127.492 0.000241984
129.592 0.000263478
127.817 0.000216025
131.195 0.000138396
127.718 0.000241342
132.168 0.000222166
128.104 0.000243973
130.944 9.29974e-05
129.647 0.000259534
128.097 0.000239513
129.756 0.000274198
128.544 0.000241166
130.434 0.000276088
130.381 1.70996e-05
128.71 0.000241284
126.791 0.000251079
130.221 0.000250341
130.241 0.000270347
129.981 0.000249092
129.64 0.000245218
129.767 0.000273168
121.96 0.000256682
125.895 0.000273507
131.019 0.000237537
130.751 0.000276617
128.934 0.000263258
129.334 0.000265402
129.735 0.000263106
128.131 0.000259709
130.789 0.000242185
129.925 0.000229558
128.08 0.000237428
130.337 0.00025265
123.821 0.000246453
126.952 0.000275986
128.219 0.000117065
130.321 0.000165453
132.198 0.000239795
127.72 3.54854e-07
129.407 0.000251672
128.642 0.000253343
129.444 0.000239123
129.458 0.000275755
130.078 0.000254354
125.357 0.000245611
135.553 0.000253964
127.738 0.000262805
131.07 0.000279909
127.392 6.68013e-05
129.943 0.000240441
128.106 0.000252702
117.331 0.000265929
128.804 0.000246046
128.01 0.000266531
128.187 0.000269393
131.564 0.000203271
118.639 0.000264085
129.794 0.000256643
131.107 0.000268825
127.819 0.000271043
122.864 0.000237267
130.555 6.01469e-07
128.183 0.000268935
128.881 0.000241814
131.767 0.000242426
129.717 0.000236212
131.119 1.67831e-07
129.189 0.00024413
130.687 0.000241003
129.859 0.000252744
133.514 0.000277165
129.507 0.000243934
133.864 0.000239782
130.339 0.000277912
127.334 0.000273093
130.441 0.000248277
127.987 0.00025002
123.354 0.000248232
125.471 0.000249892
129.103 0.000240168
129.224 0.000205527
128.591 0.000205244
129.795 0.000247329
127.091 0.000251014
127.551 0.000243617
129.875 0.000242008
128.933 0.000272118
129.936 7.26348e-06
129.202 0.00026858
129.712 0.000265691
132.128 0.000250012
128.877 0.000234107
125.361 0.00024452
126.26 0.000225239
129.427 0.000181395
129.301 0.00024062
131.02 0.000249242
128.782 0.000283158
129.536 0.000243006
128.625 0.000241164
129.873 0.000242471
125.453 0.000240217
129.382 0.000272159
130.429 0.000257668
129.414 0.000258708
130.801 0.000267996
127.227 0.000242717
127.069 0.000256452
132.708 0.000234795
129.998 0.000218652
128.659 0.000266571
133.813 0.000258338
131.75 0.000240954
130.121 0.000248881
127.707 0.000221895
130.04 3.76253e-05
125.391 0.000263474
129.459 0.000258162
130.789 0.000251612
125.458 0.0002605
129.051 0.000251756
129.614 0.000237805
130.98 0.000275292
132.501 0.000234971
123.913 0.00025346
129.043 0.000252708
133.17 0.000180529
128.728 0.000254829
129.786 0.000210338
129.752 0.000274518
128.516 0.000247823
130.77 0.0002496
133.742 0.000223003
129.205 0.000250467
130.446 0.000258419
127.631 0.000244431
129.221 0.000248124
130.456 0.000251157
128.593 0.000247037
128.929 0.000139819
130.424 0.000261334
127.094 0.000227652
129.913 0.000240901
128.762 2.62637e-05
129.669 0.000275624
122.67 0.000231717
126.279 0.000257553
132.054 0.000239561
130.029 0.00027306
123.683 0.000248051
130.46 0.000265437
130.019 0.00026085
130.614 0.000242571
130.71 0.000114735
130.259 0.000241344
130.12 0.000250409
130.374 0.000240405
129.838 0.000237466
128.938 0.000251886
127.667 0.000242098
130.127 0.000253275
127.664 0.000273481
129.902 0.00023993
137.561 0.000235512
127.426 0.000191539
130.484 0.000262023
128.971 0.000244555
129.553 0.000258055
130.272 0.000237879
129.99 0.000239492
130.027 0.000274689
131.561 0.000245468
127.298 0.000253908
130.231 0.000247994
129.069 0.000183313
130.185 0.000238739
132.298 0.000271175
130.542 0.000245719
119.843 0.0002126
125.865 0.00026563
130.707 0.000254917
132.456 0.000249554
130.422 0.000248755
128.246 0.000237894
130.702 0.000233328
130.524 0.000116851
129.66 0.000237176
128.237 7.04224e-05
131.023 0.000263739
131.465 0.000210432
130.365 0.00020616
130.703 0.000260643
126.632 0.000251463
132.29 0.000278199
118.608 0.00025112
129.787 0.000251784
131.431 0.000280402
131.071 0.000280633
130.44 0.000239192
128.247 0.000245297
120.862 0.000246671
129.919 0.000248282
128.794 0.000270115
129.251 0.000253177
124.246 0.000265101
129.392 0.000256194
127.826 0.000238239
133.217 0.000235673
123.268 0.000280122
130.788 0.000246967
119.91 0.000243492
130.958 0.000272555
123.316 0.000236831
127.651 0.000250523
129.271 0.000248646
130.794 0.000240851
131.45 0.000271076
129.436 0.000241202
128.175 0.000240517
128.346 0.00024371
127.969 0.00025102
134.501 0.000266345
129.443 0.000240425
131.986 0.000265437
132.815 5.23248e-05
129.574 0.000237489
128.906 0.000256241
129.664 0.000251051
129.27 5.11048e-05
129.891 0.000256677
127.541 1.17528e-05
129.954 0.000161562
129.74 0.00023947
130.179 0.000248728
130.696 0.000206212
129.519 0.00024072
132.623 0.000208409
129.328 0.000278426
125.041 0.000243667
129.364 0.000269457
129.389 0.000242152
125.544 0.000262793
132.849 0.000254275
132.014 0.00025024
133.058 0.000184538
128.256 3.79781e-05
129.467 3.69449e-05
129.076 0.0002422
129.901 0.000258068
130.739 0.000288283
127.183 0.000247229
131.004 0.000240491
133.269 0.000250541
128.898 0.000241538
131.532 0.000229002
128.675 0.000256224
130.054 0.000243102
127.45 0.000242928
127.956 0.000253382
132.603 0.000229198
124.328 0.000256075
129.629 0.000261237
131.373 0.000254251
130.409 0.000259245
127.146 0.000263982
121.481 0.000236607
130.99 0.000242058
130.879 0.000246379
129.291 0.000243698
129.924 0.000280327
118.092 0.000257151
130.835 0.000244982
129.759 0.000252557
129.378 0.00024198
129.971 0.000266532
128.679 0.000243997
129.088 0.000244283
127.246 1.17052e-05
124.116 0.000272182
129.701 0.000160762
119.28 0.000266635
129.274 0.000239813
128.801 0.000238118
129.484 0.000223484
123.925 4.54972e-06
129.287 0.0002473
128.105 0.000249486
127.858 0.000114839
128.392 0.000271104
130.708 0.000239352
128.986 0.000274258
129.711 0.000246278
128.66 0.000269653
125.743 0.000244937
133.289 0.000210601
127.695 0.000242197
129.805 0.000252754
130.948 0.000247053
129.97 0.000190785
129.901 0.000245742
129.97 0.000232409
122.295 0.000250695
127.525 0.00025543
129.918 0.000244528
130.27 0.000239871
128.6 0.00024621
129.768 0.000253257
131.246 0.000243788
126.983 7.224e-06
130.104 0.0002405
130.942 0.000225182
130.257 0.000268903
126.944 0.000242364
127.182 0.000245053
130.478 0.00026825
130.164 0.000231323
128.057 0.000239373
130.083 0.00011506
128.781 0.000208064
128.755 0.000248423
126.122 0.000242279
125.071 0.000240308
132.089 0.000244201
130.803 0.00022787
129.201 0.000269045
128.763 0.000283821
129.468 0.000276463
131.944 0.000262445
132.432 0.000257756
130.89 0.000238903
128.945 0.000235064
128.973 0.000246281
130.254 0.000247502
129.154 0.000186917
130.328 0.00018778
129.204 0.000244376
131.323 0.00023752
131.277 0.000273431
126.104 8.54869e-05
129.922 0.000248111
128.812 0.000250395
130.04 0.000253032
129.308 0.000273689
130.751 0.000223957
131.324 0.000274611
128.89 0.000253284
129.982 0.000252609
130.742 2.63615e-05
131.417 0.000278708
128.161 0.000244655
129.694 0.000242365
129.477 0.000275503
131.543 5.1506e-05
133.986 0.00027182
125.216 0.000228464
129.932 0.000251834
131.527 0.000254746
131.84 0.00025496
134.962 5.16647e-05
131.754 0.00024167
130.08 0.000274843
130.575 0.000275321
125.935 0.000254066
134.341 0.00024467
130.997 0.00027508
129.493 0.0002378
129.899 0.000270055
131.539 0.000272942
128.518 0.00024303
131.862 0.000138819
123.281 0.000249497
128.87 0.000232779
131.817 0.00022442
129.153 0.000268261
132.758 0.000258173
126.619 0.000254616
130.748 9.11026e-05
129.71 0.000238996
131.522 0.000245343
129.358 0.000251117
127.112 0.000252455
121.385 0.000205534
130.978 0.000248319
130.069 0.000245358
131.531 0.000251614
124.62 0.000249206
139.209 7.43588e-06
131.932 0.000275539
128.57 0.000253386
130.876 0.000259974
128.124 0.000248729
129.198 5.16372e-05
131.589 0.000249664
127.051 0.000240811
132.862 0.000255084
123.78 0.00020832
131.103 0.000238685
127.504 0.000243671
127.043 0.000119117
129.88 0.000246802
116.424 1.78638e-05
129.692 0.000249894
130.231 0.000252178
129.704 0.000249889
129.264 0.000240497
126.754 0.000226932
130.495 0.000242073
130.163 0.000253525
128.833 0.000243161
127.394 0.000240093
123.575 0.000238601
129.056 0.000189002
129.783 0.000275536
129.861 0.000242968
132.272 0.000249386
127.896 0.000254058
130.037 0.000275695
132.129 0.000236054
120.167 0.000189205
127.624 0.000249971
129.232 0.000244293
131.185 0.00024003
130.619 0.000265838
121.629 0.000238395
128.445 0.000139102
127.496 0.000277795
130.108 0.000242973
131.832 0.000241223
132.548 0.000207059
134.077 0.000251326
128.278 7.32577e-05
128.228 0.00025537
128.111 0.000287087
126.307 0.000231278
133.129 0.000246594
130.6 4.34529e-06
132.812 0.000270286
131.315 0.000242729
129.23 0.000241696
132.485 0.000272912
128.05 0.000240885
128.983 2.49925e-05
130.847 0.00027383
130.314 5.12768e-05
132.051 0.000158082
131.102 0.000275624
128.275 3.78942e-05
129.974 0.000288677
125.424 0.000251636
127.871 0.000254189
130.143 0.000238522
131.407 0.000257012
128.847 0.000265518
129.997 0.000243571
130.295 0.000280287
129.728 0.000251926
129.873 0.000247574
129.476 0.000263179
132.045 0.000244604
121.271 0.0002539
128.838 0.000238798
128.829 0.000242088
128.944 0.000216415
129.384 0.000224803
130.446 0.000246318
134.208 0.00024952
129.793 0.000273215
129.589 1.15933e-05
128.19 0.000256544
127.068 0.000249399
141.686 0.00024087
130.578 0.00024807
132.315 0.00020864
131.048 0.000237511
126.353 0.000274688
126.861 0.000224162
129.683 0.000269121
131.934 0.000256576
128.266 0.000249711
129.728 3.5868e-07
130.083 0.000255273
129.286 0.000238495
130.372 0.000261163
131.466 0.000240776
129.566 0.000251607
129.324 0.000262258
130.849 0.000239546
129.349 0.000232939
130.647 0.000247602
128.653 0.000248842
129.907 0.000276369
130.077 0.00024363
130.229 0.000141591
131.001 0.000141742
128.837 0.000279087
128.629 0.000245506
128.829 0.000283032
130.283 0.000243317
129.265 0.000245139
130.904 0.000233741
132.451 7.25639e-05
128.663 0.000242113
129.557 0.000263367
129.541 0.000240426
131.192 0.000250652
128.799 0.00027482
129.079 0.000252544
129.966 0.000250554
125.001 0.000249969
129.107 0.000239441
125.167 0.000265393
131.878 0.000242197
131.079 0.000243755
130.528 0.000251556
131.811 0.000268809
128.439 0.000241002
130.17 0.000207236
131.471 0.00025182
130.045 0.000232825
127.655 0.000257482
128.312 0.000242318
129.417 0.00023916
129.701 0.000248366
128.097 0.000250234
126.775 0.000245597
127.732 0.000247538
130.466 9.24841e-05
128.088 2.87703e-06
128.013 0.000163156
132.091 0.000229907
130.459 0.000247812
130.281 0.00025286
131.582 0.00027633
126.302 0.000273973
131.199 0.000233786
120.756 0.000274185
130.583 0.000241691
129.608 0.000248743
130.269 0.000254726
128.565 0.000271567
128.557 0.000251032
128.665 0.000237568
132.362 0.000242901
128.924 0.000247098
121.931 0.000215243
126.03 0.00024273
127.878 0.000233015
133.261 0.000246852
129.275 0.000243091
125.065 0.000242946
130.31 0.00024322
131.666 0.00024602
130.766 0.000237953
128.398 0.000279084
130.38 0.000274227
129.379 0.000241432
130.466 0.000116004
127.813 0.000132185
130.2 2.25482e-07
128.227 0.000252382
127.227 0.000268558
128.239 0.000259326
130.553 0.000249699
131.467 0.000239011
130.269 0.00024906
128.931 0.00025973
129.386 0.000191316
127.7 0.000242508
129.228 0.000275781
130.433 0.000246498
127.522 0.000261802
131.131 0.000254702
130.849 0.000245196
133.777 0.000271443
128.588 0.000182522
130.273 0.000274351
129.059 0.000274727
128.105 0.000231703
130.714 0.000245978
129.659 0.000245904
128.454 0.000250865
130.353 0.000250806
129.495 0.000247681
129.868 0.000241365
129.788 3.7659e-05
129.24 0.000248696
126.885 0.000248137
130.591 0.000230816
129.896 0.000249076
129.858 0.000225146
129.363 0.000247719
130.725 0.000115732
131.09 0.000239037
135.728 0.000270417
129.503 0.000240861
129.687 0.000248088
137.44 0.00023349
131.486 0.00027641
129.308 0.00023694
128.404 0.000244066
126.358 0.000241568
128.772 0.000260166
132.548 0.0002388
129.453 0.000279135
129.981 0.000276898
130.98 0.000273133
130.627 0.000240477
129.709 0.000278619
116.242 0.000240176
132.424 0.000268114
131.114 0.000240517
130.184 0.000237217
130.731 0.000140473
130.435 0.000239026
132.545 0.000236846
130.274 0.000245362
120.568 0.00018766
129.596 1.83521e-05
129.153 0.000246232
127.589 0.000251413
127.697 0.000175197
130.23 0.000266016
128.984 0.000239657
128.758 0.000237829
130.558 0.000241368
130.474 0.000246446
127.363 0.000212274
131.016 0.000242219
130.26 0.000270157
132.235 0.000251042
130.107 0.000241993
128.111 7.32028e-06
130.018 0.000246405
128.779 0.000270087
126.641 0.000280784
130.918 0.000245238
129.516 0.000255347
130.154 0.000243336
128.577 0.000247103
128.316 0.000268697
131.988 0.00024409
128.469 0.000247552
128.04 0.000274703
129.782 0.000258246
130.61 0.000265134
129.328 0.000253356
128.63 0.000242829
125.924 0.000235561
130.054 0.000244412
133.285 0.00026498
130.268 0.000250009
133.685 0.0002359
132.564 0.000255168
129.086 0.000228221
131.639 0.000237737
130.575 0.000251009
132.681 0.000279027
125.254 0.000252091
130.192 2.88087e-06
129.596 0.000242993
127.457 0.000255495
128.878 0.000229512
121.923 0.000251017
128.522 0.000271665
128.977 0.000250893
129.343 0.00025878
128.591 0.000274097
130.199 0.000249315
133.632 0.000251106
131.417 0.000237981
131.554 0.000246495
131.008 0.000263859
130.178 0.000237855
129.682 0.000258572
130.763 0.000237583
130.609 0.000229145
128.189 0.000223607
131.024 0.000246675
126.31 0.000254167
128.706 0.000281432
130.117 0.000244432
131.531 0.000189165
127.181 0.000273663
131.537 7.0245e-05
131.705 0.000236564
125.271 4.58771e-06
129.219 0.00023545
135.906 0.000226368
131.812 0.000194199
129.497 0.000242079
131.521 0.0002548
129.54 0.000233452
130.534 0.000270867
130.264 0.000239064
132.998 0.000240949
130.24 7.23298e-06
130.029 0.000278306
123.774 0.000255696
126.178 0.000275977
129.93 0.000241413
116.034 0.000238564
129.805 0.000249707
130.938 0.000250955
132.544 0.000269379
130.054 0.000265353
131.27 0.000264041
129.746 0.000245667
132.157 0.000239472
128.996 0.000116008
131.984 0.000252756
134.977 0.000262279
128.314 0.000244863
129.51 0.000276705
116.319 0.000237661
122.658 0.000255017
130.144 0.000238989
129.284 0.00025096
125.434 0.000243038
127.945 0.000246874
119.051 0.000247468
128.495 0.000234773
129.876 0.000238757
126.68 0.000263505
127.249 0.000273501
128.758 0.00023051
131.982 0.000222981
130.738 0.000251514
128.212 0.000242494
127.678 0.000258038
131.929 0.00027194
127.466 0.000258424
129.667 0.000231765
130.016 0.000249765
132.328 0.000265659
128.085 0.000266591
131.13 0.000187979
133.998 0.000226063
131.488 0.000286338
131.361 0.000231533
132.767 0.000235985
128.667 0.000117223
126.886 0.000233823
128.459 1.606e-06
129.208 0.000250752
128.334 3.69409e-05
130.793 0.000241969
129.24 0.000246733
128.234 0.00024009
129.521 0.000165078
130.824 0.000244528
128.845 0.000279784
129.982 0.000247651
126.471 0.000237573
129.61 0.000253147
129.672 0.000244525
128.89 0.000244035
128.049 0.000246346
128.316 0.000248076
129.823 0.000240589
128.306 0.000163157
129.164 0.000271778
127.237 0.000243405
130.924 0.000240738
118.682 0.000208107
132.83 0.000245211
128.727 0.000274243
130.922 0.00023032
130.515 0.000245528
125.925 9.4896e-05
127.783 0.000252279
127.341 0.00024432
129.639 0.000242462
129.844 0.000278101
130.739 0.000242276
129.382 0.000252837
132.428 0.000160035
130.17 0.000242734
128.839 0.000242253
130.52 0.000116366
130.896 0.000276719
130.466 0.00027584
129.155 0.000265618
118.989 0.000267161
128.709 0.000256681
131.776 0.000237826
126.606 0.000264326
130.424 0.000271731
129.896 0.00023034
131.891 0.000292461
130.508 0.000236056
130.216 0.000249509
129.957 0.000241443
131.242 0.000251633
118.621 0.000242477
128.241 0.000278669
129.961 0.000241854
128.218 0.000256915
129.555 0.000249029
118.252 0.000256934
130.33 0.000272026
130.514 0.000251626
129.882 0.000113541
128.784 0.000221906
129.88 0.000223143
131.891 0.000257198
126.746 0.000238348
130.197 0.000244409
129.159 0.000235891
130.875 0.000250787
122.882 0.000245657
129.976 0.000253545
128.304 0.000269433
117.728 0.000236991
131.684 0.000266098
130.398 0.000211335
125.285 3.66723e-05
126.324 0.000238771
130.909 0.0002434
130.87 0.000235424
124.526 0.000257857
129.564 0.000270873
129.788 0.000261855
130.951 0.000237888
124.903 0.000241334
129.321 0.000247344
126.078 0.000237846
130.503 0.000237471
133.024 0.000237791
131.222 0.000251156
128.663 0.000255581
130.785 6.99825e-05
116.676 0.000245791
130.989 0.000247018
131.462 0.000116648
127.329 0.000276163
125.995 0.000279985
125.652 1.53438e-06
130.854 0.00025168
130.48 0.000238362
129.422 0.000228386
130.042 0.000275922
118.488 0.000269012
127.798 0.000251338
129.268 0.000279507
128.827 5.21747e-05
130.309 0.000263135
129.116 0.000250823
129.232 0.000246639
128.821 0.000277211
127.124 0.000247756
129.165 0.000142255
131.816 0.000252934
125.776 0.000250722
129.33 0.000239887
134.178 3.79043e-05
130.49 0.000271894
129.846 0.000254775
129.314 0.000247108
130.132 0.000273625
127.345 0.000225017
126.677 0.000244724
129.979 0.000252728
129.923 0.000247033
127.914 0.000258752
130.134 0.000269726
125.139 0.000238289
128.813 0.000242176
129.138 0.000252918
129.846 0.00024304
129.703 0.00027013
132.993 0.000238946
118.462 0.000261533
132.715 0.000169273
130.99 0.000238497
130.305 0.000252817
128.754 0.000138625
129.626 0.000276326
127.256 0.000236989
132.905 0.000235968
131.99 0.000262172
134.547 0.000242266
129.803 0.00027172
129.782 0.000253146
129.621 0.000247069
127.817 0.000222716
127.479 0.000239769
126.788 0.00024519
126.521 6.80117e-06
128.238 0.00024046
128.755 0.000268202
128.141 0.000237338
126.371 0.000274741
130.152 0.000187303
126.542 0.000229803
128.715 0.00025037
131.686 0.000240765
128.516 0.000250889
117.415 0.000259693
130.54 0.000252477
129.017 0.000272269
125.13 0.000271654
128.385 0.000274455
131.87 0.000247872
133.945 2.66916e-06
128.764 0.000221767
129.929 0.000238748
128.867 0.000244735
130.757 0.000236279
126.915 0.000273428
131.024 0.000241729
130.613 0.000272644
130.874 0.000242957
130.556 0.000275541
129.842 0.000237432
129.002 0.000253835
131.074 0.000249146
129.509 0.000231
129.24 0.000240727
128.741 0.000241143
129.099 0.000253036
130.518 0.000241972
129.589 0.000237689
129.356 0.00027226
130.628 0.000252619
130.702 0.000262292
128.527 0.000223854
131.242 0.000223445
129.022 0.000240148
130.918 0.000262924
132.155 0.000247838
133.845 0.000187942
128.132 0.000268924
127.985 0.000242027
135.236 0.000262911
128.846 0.000276653
117.719 0.000259399
131.698 0.000237186
129.718 0.000252897
131.031 0.000239114
127.064 0.000244789
125.413 0.000207795
128.717 0.000270115
127.329 0.000234006
133.205 9.26116e-05
133.052 2.25207e-07
129.237 0.000261191
129.318 0.000248637
130.395 0.000233888
130.801 0.000243064
129.785 0.000242116
128.905 0.000241665
132.435 0.000259024
130.827 0.000253274
128.34 0.000245189
129.741 0.000277106
129.562 0.000230318
127.637 0.000248263
130.236 0.00027368
132.964 0.000243045
130.178 0.000240668
128.206 0.000278396
129.009 2.60687e-05
130.822 0.000269738
130.082 0.000250256
127.203 0.000241422
126.512 0.000232798
129.745 0.000273325
128.49 0.000251301
129.739 0.000239549
129.183 0.000256555
130.809 0.000235057
126.269 0.000240506
126.982 0.000241476
129.088 0.000224896
132.116 0.000224033
130.31 0.000272359
127.745 0.000251697
127.964 0.000245917
131.824 0.000241165
129.085 0.000238839
130.921 0.000250056
130.816 0.000236663
129.89 0.000271964
131.556 0.000239166
129.881 0.000269627
130.585 0.000118796
128.356 0.000261896
129.164 1.76228e-05
130.482 0.000182125
130.154 0.000246636
129.918 0.000271839
129.489 0.00026675
131.821 0.000237487
131.642 0.00024344
127.508 0.000224099
123.885 0.00014496
129.17 0.000239612
119.633 0.00024955
129.05 0.000222315
128.665 0.000249609
129.26 0.00024167
131.864 0.000246656
130.977 0.000252096
128.062 0.000248131
117.809 0.000254383
129.532 0.00027288
123.046 0.000245153
122.664 0.000245565
124.944 0.000241056
129.563 0.00026074
131.22 0.00024592
131.421 0.000268977
128.218 0.000243171
129.781 0.000259409
129.238 0.000259669
129.878 0.000233135
132.843 0.000228305
133.415 0.00025719
131.716 0.000248177
129.662 0.000253513
130.447 0.00024853
130.963 0.00024441
128.558 0.000237034
129.717 0.000210505
121.618 0.000269044
126.045 1.78096e-05
130.71 0.000243416
130.713 0.000239249
127.224 0.000239265
128.695 0.00026827
130.22 0.000248471
124.666 0.000228969
131.665 0.000138017
129.794 0.000172127
128.596 0.000246692
128.249 0.000239161
130.731 0.000280725
129.786 0.000241565
127.822 0.00024631
128.955 0.000240112
130.009 0.000247618
132.204 2.59922e-05
128.251 0.00024695
131.439 0.000248591
128.831 0.000224802
127.357 0.00022332
130.289 0.000238097
129.83 0.000196178
130.238 0.000262138
131.813 0.000232961
128.279 0.000264455
129.8 0.000230197
127.788 0.000163386
129.431 0.000243105
129.938 0.000208439
127.767 0.000247401
130.497 0.000246665
131.739 0.000258147
131.041 0.000262449
130.592 0.000227723
130.748 0.000258837
128.103 7.09588e-05
127.074 0.000251291
127.92 0.000262012
129.326 0.000247444
129.75 0.000252774
131.243 1.76044e-05
131.395 0.00016327
129.302 0.00024821
129.842 0.000247832
129.983 0.000251377
129.356 0.000241328
126.867 0.000274736
129.058 0.000237059
128.534 0.000258172
129.006 0.000240571
127.279 3.73744e-05
130.437 0.00024747
133.197 0.000239783
128.288 0.000256425
128.748 0.000272712
129.669 0.000243664
128.823 0.000270435
130.387 1.14671e-05
129.734 0.000208325
130.572 0.000240433
128.447 1.77342e-05
130.194 0.000267882
129.177 0.000253456
131.526 0.000246179
130.426 0.000115455
128.829 0.000251327
122.247 0.000217807
130.12 0.000261448
131.127 0.000279746
126.63 0.000221247
129.278 0.00022783
128.92 0.00020644
130.793 0.000276364
128.241 0.000251982
128.286 0.000240601
129.151 0.000270603
130.453 0.000235375
128.991 0.000255932
131.294 0.000249964
129.921 0.00025954
128.554 0.000229461
131.75 0.000239129
132.092 0.00024807
127.756 0.000164933
132.061 0.000271548
128.681 0.000252106
125.261 0.000249133
130.261 0.000254317
127.853 0.000278125
129.905 6.7569e-06
131.119 0.000240539
129.348 0.000246409
129.726 0.000249047
130.045 0.000245961
129.47 0.000240058
129.703 0.000262052
127.487 0.000251119
131.692 1.73282e-05
130.075 5.19739e-05
127.456 0.000248581
129.982 0.000245235
128.939 0.000241591
130.57 1.78298e-05
130.508 0.000188226
129.228 0.000212691
129.686 0.000163469
128.546 0.000235227
130.2 0.000246796
123.644 0.000243135
132.331 0.000242273
129.608 0.00019488
118.929 0.000238998
130.948 0.000219693
128.571 0.000242038
129.086 0.000237789
130.622 0.000242868
129.877 3.72033e-05
130.685 0.000224846
122.804 0.0002292
130.14 0.000270747
131.301 0.00025474
128.588 4.95207e-05
131.574 0.00010927
131.159 0.000277361
126.941 0.000243322
128.578 0.000271088
130.792 2.64708e-05
128.831 0.000258992
128.59 7.14812e-05
137.389 1.76473e-05
130.429 0.000116915
123.019 0.000274313
130.095 0.000251847
130.551 0.000276625
123.095 0.000244779
131.419 0.000242179
128.566 0.000234416
130.198 0.000251489
122.437 2.26186e-07
130.682 0.000274279
126.406 0.000259626
130.479 0.000275354
127.347 0.000243197
130.948 0.000246779
123.653 0.000251191
130.686 0.000263891
128.402 0.000248932
129.08 0.000273005
132.16 0.00024328
127.632 1.77961e-05
129.929 8.92429e-05
133.174 0.000221899
130.776 0.000234278
129.706 0.000274452
132.976 0.00025162
129.585 0.000223458
127.445 0.000232424
130.924 0.00024126
126.679 0.000277621
131.324 0.000239421
128.946 0.000263182
128.563 0.000273848
129.957 0.000230196
131.103 0.000266715
125.686 0.00025416
131.993 0.000264099
130.736 0.000237718
132.002 0.000219793
130.278 0.000235737
132.897 0.00022706
129.144 0.000256759
130.995 0.00024428
129.154 0.000251419
131.312 0.000249786
122.207 0.00023744
129.502 0.000261996
132.379 0.000237083
127.493 0.000244756
131.226 0.000241916
128.466 0.000251878
130.523 0.000274238
126.403 0.000251299
129.9 0.000239352
129.517 1.16198e-05
129.107 0.000276739
130.5 0.000242144
130.793 0.000243198
130.364 0.000251381
129.08 0.000240945
130.015 0.00027946
129.018 0.000250162
128.636 0.000235568
126.813 0.000260431
131.684 0.000274484
128.925 0.000239355
130.752 0.000273684
130.784 0.000247902
130.789 0.000254572
132.85 0.000278281
130.393 1.76117e-05
131.306 0.00026047
128.668 0.000278516
130.847 0.00024482
130.505 1.55477e-07
130.194 0.000250911
132.703 0.000239171
131.952 0.000219911
130.795 0.000193358
130.116 0.00024458
129.926 0.000243085
130.429 0.000251437
128.866 0.000242755
129.399 0.000208497
127.099 0.000252628
130.92 0.000239171
127.424 0.000244041
132.571 0.00027102
128.638 0.000240192
128.441 0.000244944
131.073 0.000252954
130.417 0.000249492
129.728 0.000264937
130.589 0.000272663
130.535 0.0002753
133.338 0.000265479
127.575 0.000257567
128.79 0.000250395
131.768 0.000246854
130.266 0.000230352
128.374 0.000247559
129.228 0.000286159
128.186 0.000245754
127.153 0.000238978
133.541 0.000255263
128.25 0.000204936
131.675 0.000245622
130.4 0.000242827
126.808 0.000240447
122.479 0.00023756
131.394 0.000261593
127.292 0.000275771
128.499 0.000256803
131.931 8.99714e-05
126.233 0.000249353
127.995 0.000236737
129.088 0.000246823
128.558 0.000140952
126.332 0.00024102
130.989 0.00024893
130.722 0.000246873
129.79 0.000251781
131.227 1.76498e-05
130.113 0.000259146
131.596 0.000254429
117.854 0.000240763
130.84 0.000279833
127.853 0.000245049
127.049 0.000239281
130.511 0.000252294
128.064 0.000251169
132.305 0.000240033
129.65 0.000234649
128.666 0.000246361
128.348 6.00251e-07
129.767 0.000282698
129.881 0.000239388
127.781 0.000243697
130.434 0.000207456
126.302 0.00024665
124.926 0.000247365
131.101 0.000238155
129.736 0.000242577
127.823 0.00024265
129.438 0.000246071
129.785 0.00027854
129.689 0.000249353
129.119 0.000249043
128.074 0.000262728
128.317 0.000236785
126.822 0.00024407
130.784 0.000254608
129.995 0.000251158
129.502 0.000244738
126.435 0.000266054
129.041 0.00025242
117.595 0.000233265
128.197 0.000240666
125.939 9.04926e-05
125.384 0.000217151
130.672 0.000228953
128.607 0.000242616
130.861 0.000250232
130.181 0.000273662
130.759 0.000189441
122.777 0.000260783
131.374 0.000248944
131.211 0.000249533
130.915 0.000239903
132.77 0.000284229
128.388 0.000251776
127.557 0.000250849
129.687 0.000276991
129.804 0.000272615
128.719 0.0002457
127.995 0.000240095
129.896 0.000243398
130.464 0.000249562
126.797 0.000262702
131.557 0.00025017
128.947 0.000242333
127.845 0.000269273
129.309 0.000241345
132.445 0.000234384
128.731 7.16877e-05
128.972 0.000243361
129.769 0.000242891
126.968 0.000139247
130.44 0.000226731
128.319 0.000237505
129.766 0.000247235
126.856 0.000244866
130.576 1.69858e-06
134.636 0.000240129
125.047 0.000260313
130.722 0.000245491
129.445 0.000240182
130.099 0.000262478
130.104 0.00025848
131.18 0.000253591
130.932 0.000246113
131.39 0.000249271
127.325 0.00025457
130.796 0.000262855
130.383 0.000254384
126.405 0.000259936
132.138 0.000259585
128.96 0.000232687
128.438 0.000271281
128.628 0.000253967
128.967 0.000226145
132.586 0.00023924
127.306 0.000227666
129.745 0.000254787
130.191 0.000237924
122.841 0.000246303
129.98 0.000256911
132.256 0.000232241
127.139 0.000242674
130.191 0.00023953
129.58 0.000287112
126.334 0.000264842
130.378 0.000273284
127.437 0.000250138
131.669 0.000276697
130.792 0.000245723
129.83 0.000234184
130.857 2.61332e-05
131.498 0.000274272
131.225 0.000225033
128.249 0.000234172
129.352 5.22532e-05
126.568 0.00023586
129.429 0.000270048
133.13 0.000229573
116.777 0.000273661
129.335 0.000262532
128.881 0.000235142
133.109 0.000256515
132.321 0.00023886
131.47 0.000242629
128.291 0.000251319
134.551 0.000244488
127.455 0.000252181
127.476 0.000238523
131.116 0.000249451
131.541 0.000221195
130.145 0.000239014
129.818 0.000249406
125.525 0.000244573
130.282 0.000241574
131.712 0.000256408
131.39 0.000237012
134.369 3.59859e-05
130.584 0.000241828
129.614 0.000248992
129.044 0.000269151
129.29 0.000263122
127.467 0.000274632
131.743 0.000275816
129.709 0.000236634
132.22 0.000242883
129.932 0.000221151
131.039 0.000242883
132.796 0.000253586
128.641 0.000244654
130.947 0.000272223
130.136 0.000253934
128.549 0.000241847
129.692 0.000224954
128.999 0.00025202
127.932 0.00024706
117.606 0.000266386
117.381 0.000243872
128.537 0.000236637
125.861 0.000244612
131.397 0.000274038
119.596 0.000245592
130.874 0.000248541
127.751 9.3961e-05
130.004 0.000241735
130.557 0.000237055
130.191 0.000237648
132.204 0.000245822
130.035 0.000225863
129.117 0.000253182
131.797 0.000270777
129.28 0.000239587
130.634 0.000272252
129.587 0.00023619
123.45 0.000244944
131.449 0.000242938
129.877 0.000286823
127.465 0.000279147
128.296 0.000237377
121.02 0.000274733
119.554 0.000237244
124.305 0.000248272
131.397 0.000258146
131.701 0.000249462
131.927 0.000234512
127.95 0.000241558
130.175 0.000273153
129.723 0.000280956
130.231 0.000258535
130.912 0.000254011
131.903 0.000244432
122.874 0.000244856
134.461 0.000270444
129.336 0.000241647
131.345 0.000250605
129.371 0.000163934
127.346 0.000249706
129.082 0.000246689
133.498 0.000209837
126.349 0.000241818
120.604 0.00025079
126.508 0.000286223
129.96 0.000227443
129.636 0.000242179
128.947 2.78513e-06
131.766 0.000241491
129.706 0.000266044
129.604 0.00024284
130.237 0.000227202
127.88 0.000282299
132.296 0.000145525
129.895 0.000262526
132.306 3.71176e-05
129.961 0.000242759
130.605 7.41081e-05
129.006 0.000236728
129.427 0.000278825
128.37 0.000287756
130.635 0.000275692
128.901 0.000238869
128.648 0.000239898
129.542 0.000251793
129.345 0.000275296
132.236 0.000140713
127.743 6.60495e-05
131.003 0.000243151
132.02 0.000163673
128.939 0.000247929
129.331 0.00025283
128.363 0.000231766
130.238 0.000277012
129.733 0.000236816
128.601 0.000248876
129.952 0.000273448
127.057 0.000272361
129.792 0.000250936
128.102 0.00024421
129.87 0.00024099
129.367 0.000212382
127.236 0.000245789
130.304 0.000238887
129.46 9.19403e-05
129.922 0.000260715
130.531 0.000248684
128.374 0.000248031
123.736 0.000243178
129.24 0.000249643
127.119 0.000260326
128.725 0.000165594
128.201 0.000243165
130.839 0.000257363
128.74 0.000229286
127.868 0.000281295
129.803 0.000271385
128.432 0.000264672
129.15 0.000242538
129.549 0.00027509
129.794 0.000261592
126.373 0.000249111
122.996 0.000241727
129.21 0.000239951
127.487 0.00024561
128.449 0.00027252
129.216 0.000255307
129.892 0.000206645
128.788 0.000244314
130.869 0.000273674
131.501 0.000239775
128.322 0.00022404
130.311 0.000260457
127.876 0.000284254
128.908 0.000280961
130.115 0.000241644
130.792 0.000246245
127.485 0.00025305
128.676 0.000235695
130.999 1.70279e-06
131.084 0.000273845
126.758 0.000242724
130.385 0.000237771
131.893 0.000245692
129.286 7.0853e-05
130.03 0.000240605
128.388 0.000250952
129.191 0.000269165
131.691 0.000244713
127.724 0.000243835
127.797 0.000247808
128.145 0.000277942
128.226 0.000245235
127.956 0.000252832
127.706 7.16049e-05
128.191 0.000240751
132.615 0.00024176
128.64 0.000245042
129.319 0.000252039
129.654 0.000245879
127.467 0.000260627
126.292 0.000185704
131.205 0.000274821
126.985 0.000245617
136.555 0.000213508
122.858 0.000266404
129.345 0.00024087
130.377 0.000283703
134.907 0.000251367
128.567 0.000267952
130.11 0.000240926
127.856 0.000253351
129.651 0.000253269
131.48 0.000187008
130.893 0.000247881
133.156 0.000246486
127.226 0.000249885
128.941 0.000252957
128.701 0.000276078
129.371 0.000236713
129.203 0.000262544
129.475 0.000239172
130.999 0.00015537
127.553 0.000250725
129.146 0.000275322
128.469 0.000241681
127.895 0.000225312
127.048 0.00027052
130.718 0.000264718
129.205 0.00025707
131.194 0.000241697
130.277 0.000238825
128.935 0.000282764
128.569 0.000239186
122.582 0.000246796
130.845 0.000281934
126.848 0.000252649
130.879 0.000112256
129.951 0.000245468
131.069 0.000252376
126.958 1.16971e-05
132.156 0.000240651
131.158 0.000249254
131.055 7.36338e-06
126.907 0.000257518
130.264 0.000241669
129.881 0.000242208
130.501 0.000235234
131.552 0.000269649
129.205 0.000110743
129.079 0.000240406
128.033 0.000266225
131.189 0.000242509
130.786 0.000241091
129.579 0.000247646
130.548 0.000240669
133.637 0.000242579
130.427 0.000266874
130.825 0.000266633
128.456 0.000257213
131.698 0.000280007
131.748 0.000251551
127.42 0.000247363
124.695 5.3557e-05
128.798 0.00024252
124.791 0.00011172
129.938 0.000246072
131.969 0.000239356
123.151 0.000249866
130.557 0.000248263
129.921 0.000237291
129.079 0.000241173
129.929 0.000240009
128.017 0.000247785
128.546 0.000233576
132.265 0.000259697
131.181 1.7642e-05
130.774 0.000272638
130.525 0.000244582
129.457 3.86109e-05
131.428 0.00023933
123.826 0.000112679
129.475 0.000249587
128.577 0.000238905
130.61 0.000271693
128.445 0.000228271
128.024 0.000224347
131.206 0.000248825
128.508 0.00024831
115.278 0.000255352
116.656 0.00023988
129.599 0.000255332
127.222 0.000254904
129.846 0.000236023
129.382 0.00024032
132.493 0.000252914
129.338 0.000242218
131.433 0.000138304
129.657 0.000226802
136.246 0.000256686
131.63 0.000245579
129.626 0.000270269
129.367 0.000246817
129.038 0.000242368
133.993 0.000250567
128.752 0.000246112
129.526 0.000166151
126.474 0.000275173
129.873 2.50066e-05
128.685 0.000131524
131.419 0.000249632
118.01 0.000228548
130.118 0.000246041
129.784 0.000118596
127.962 0.000249292
129.405 0.0002355
128.312 0.00025679
129.015 1.1589e-05
130.601 0.000242755
130.035 0.000253045
130.716 1.76035e-05
127.492 0.000263846
128.453 0.000274042
130.521 0.000251602
129.346 0.00024431
131.92 0.000242441
129.86 0.000260366
124.29 0.000262563
129.045 0.000275634
130.116 0.000228218
128.515 0.000235882
130.482 0.000251973
130.871 0.000258504
127.834 0.00024855
130.21 0.000270992
128.043 0.000243847
131.192 0.000270483
126.989 0.0002426
130.492 0.000277887
131.093 0.000235226
130.572 0.000205449
132.934 7.32525e-05
130.838 0.000244056
130.263 0.000240803
128.472 0.000252575
129.633 0.000241817
129.845 0.000288172
123.714 0.000275006
128.947 0.000254989
127.911 0.000235901
129.013 0.000239469
130.631 0.00023871
123.696 0.00024845
128.307 0.000220516
130.189 0.000279335
132.589 0.000259756
131.677 0.000281277
129.523 0.000209166
128.846 0.000161223
129.134 0.000263768
128.389 0.000240148
127.98 0.000241808
128.681 0.000257594
128.34 0.0002466
130.121 0.000274721
124.161 0.000262791
126.931 0.000274699
130.39 0.000274225
129.802 0.000251054
122.622 0.000265969
129.569 0.000249651
130.321 0.000257474
132.387 0.000249345
129.3 0.000274472
130.672 0.000272953
130.773 0.000248714
129.324 0.000233544
130.419 0.000260714
128.723 0.00026077
130.986 0.000247394
117.713 0.000228839
127.674 0.000251026
133.97 0.000247277
124.036 0.000273656
129.362 0.000236863
125.754 0.000232613
130.129 0.000245294
129.315 0.000245771
129.525 0.00025084
132.817 0.000254871
128.762 0.000223151
131.891 0.000117981
124.999 0.000237663
127.305 0.000243062
116.063 0.000145834
133.048 0.000233892
130.089 0.000253393
129.355 1.18009e-05
123.488 0.000243031
130.24 1.76488e-05
128.261 0.000235444
131.281 0.000251248
129.606 0.000257823
130.589 0.000239222
128.062 0.000263017
132.432 0.000236756
117.829 0.000257568
128.551 0.000254315
129.154 0.00025116
131.604 0.000240669
130.162 0.000236177
130.659 0.000247711
127.557 0.000259726
129.719 1.78645e-05
130.587 1.02348e-06
131.331 0.000250353
128.632 0.000225714
120.465 0.000218433
128.628 0.000257126
128.446 0.000246409
129.294 0.000253349
131.647 0.00024006
130.691 0.0002491
131.161 0.00027327
130.616 0.000241858
127.789 3.75567e-05
129.579 0.00023299
124.878 0.000249959
117.071 3.76282e-05
132.71 0.000231167
127.463 0.000268552
121.955 0.00026171
129.325 0.000248976
129.723 0.000288555
128.135 1.0207e-06
128.544 0.000240545
131.127 0.00024268
129.802 0.000238451
130.803 0.000260473
130.139 0.000247324
128.985 0.000245728
133.322 0.00018862
122.296 0.000235814
130.036 0.000273517
131.774 0.000257462
129.186 0.000239114
130.731 0.000274307
129.695 3.81505e-05
130.693 0.000238296
130.916 0.000165221
132.814 0.000242463
127.974 0.000264631
134.484 0.000246641
127.652 0.000246284
128.034 0.000249131
129.622 0.000244652
130.431 0.000244258
131.128 0.000246715
130.775 0.000238219
127.268 0.000236721
124.964 0.000220336
131.194 0.000279306
132.908 0.000120036
129.606 1.17732e-05
128.961 0.000206541
130.145 0.000236969
128.871 0.000258509
128.645 0.000238795
132.238 0.000273495
126.715 0.000249419
128.511 0.000236865
129.258 0.000246243
126.6 0.000240349
130.434 0.00026688
132.058 0.000250236
130.13 0.000240656
127.804 1.17137e-05
129.59 0.000245734
129.572 0.000246186
128.829 0.000238488
131.422 0.00024033
127.523 0.000242438
130.198 0.000240786
129.886 0.000278994
131.273 0.000251229
129.724 0.000253536
129.3 0.00024967
129.466 0.000239112
129.108 7.44355e-05
129.206 0.000266607
129.334 0.000196138
128.347 0.000248397
128.988 0.000273389
129.554 0.0002498
124.146 0.000235742
120.964 9.39658e-05
128.671 0.000275559
129.889 0.000242422
121.164 0.00023639
130.03 0.000242606
131.584 0.000242973
120.032 0.000288897
128.933 5.24266e-05
129.52 0.000234444
129.704 0.000158081
128.921 0.00024545
130.32 0.000273159
128.296 0.000272329
130.202 0.000237439
130.138 0.00023885
125.675 0.000255113
130.216 0.000238881
131.276 0.000254667
129.125 0.000268679
129.545 0.000240098
129.162 0.000138753
121.848 0.000274483
131.082 0.00023846
129.373 0.000261987
129.379 0.000256613
128.768 0.000227117
130.345 0.00025595
129.048 0.000248332
131.503 0.00026266
128.434 0.000244392
127.61 0.000265633
125.475 0.000261409
129.073 0.000249883
124.817 0.000139613
129.853 0.00025649
129.457 0.000241692
131.438 0.000267167
126.127 0.000237113
131.153 0.000224142
126.755 0.000259985
128.279 0.000215934
129.134 0.000237618
127.921 0.000247201
129.151 0.000241079
130.623 0.000239289
128.945 0.000246895
130.487 0.000222732
131.995 6.85572e-05
128.39 0.000273037
126.977 0.000266886
130.982 0.000277908
132.421 0.00026432
131.013 0.000242432
131.077 0.000234362
127.369 0.000273641
128.902 0.000240303
130.893 0.000273221
128.577 7.05678e-05
128.847 0.000255837
127.907 0.000248876
131.652 0.000242652
131.535 0.000240646
131.344 0.000277205
131.793 0.00024107
129.984 0.00024821
127.053 2.44109e-05
130.508 0.000280618
127.367 0.000269874
134.23 0.000253496
130.511 0.00024955
129.759 0.000114466
129.903 0.000221573
133.026 0.000276231
126.859 0.000237637
129.902 0.000243946
126.503 0.000234898
131.23 0.000252108
126.765 1.65886e-05
129.438 0.000223342
131.083 0.000252294
128.325 0.000272199
132.611 0.000239245
131.068 0.000240213
129.915 0.000246062
123.526 0.00023216
128.901 4.73594e-06
130.215 0.000240779
129.13 0.000239728
127.168 0.00023318
132.738 0.000243608
121.703 0.000284629
128.399 0.000214769
131.373 0.000275224
130.051 0.00022144
129.457 0.000265219
125.341 0.000257656
124.824 0.000272746
131.289 0.000248965
131.266 0.000241356
131.825 0.000269714
132.124 0.000248748
130.214 0.00024219
134.098 0.000275706
131.195 0.000278495
126.852 0.000256182
130.38 0.000270092
124.032 0.000241175
129.169 4.46014e-06
131.202 0.000249613
129.928 0.000188693
129.784 0.000272267
130.133 0.000235566
131.995 0.00026231
127.025 0.000235469
128.244 0.000275145
126.58 0.000274431
126.947 0.000239211
129.15 0.000239983
130.045 0.000269197
125.389 0.000247987
129.773 0.000238879
128.587 0.000253126
125.83 0.000247451
122.426 0.000243391
124.009 0.000249688
129.422 0.000235414
128.23 0.000282451
129.454 0.00024385
128.665 0.000251247
118.805 3.76945e-05
132.873 0.000261901
128.795 0.000242148
126.222 0.000244201
130.206 0.000278404
117.129 0.000199819
128.469 0.000250462
130.76 0.000256862
125.785 0.00027751
130.183 0.000247017
131.543 0.000256313
129.334 0.000239856
130.016 0.000226173
129.903 0.000207048
130.363 0.000249961
126.628 0.000246355
128.983 0.000257356
130.474 0.000247124
128.614 0.00025905
128.911 0.000222106
129.765 0.000227078
129.054 0.00027895
128.971 0.000269266
128.894 0.000269907
131.57 0.000246832
126.502 0.000244485
125.708 0.000240498
132.654 0.000237615
130.751 0.000231538
129.162 0.000238201
128.937 0.000139271
128.015 0.00028777
129.455 0.000250259
128.863 0.000245352
130.036 0.000284723
129.863 0.000252755
131.011 0.000247527
129.758 0.000237681
130.02 0.00024192
120.64 0.000262284
128.886 0.000241905
129.589 0.000253263
130.143 0.000238714
129.561 0.000238133
131.21 0.000256195
120.992 0.000276671
129.481 0.000243989
123.902 0.00027404
132.351 0.000234554
127.3 0.000274347
130.114 0.000257516
129.676 0.0002507
128.066 0.000243297
127.224 0.000240891
131.906 0.000279649
130.479 0.000242625
129.723 0.00023421
127.47 0.000252391
129.478 0.000237196
129.121 0.000247793
127.747 0.000255978
133.137 0.00023085
128.873 0.000248647
131.619 0.000113788
129.406 0.000244541
127.733 0.000139211
128.947 0.000233682
130.345 0.000276397
127.697 0.000244975
125.329 0.000171131
128.268 0.000239836
128.874 0.000238562
128.6 0.000240416
129.254 0.000239797
131.636 0.000247475
129.829 0.000268528
128.391 0.000248851
128.926 0.000256324
128.379 0.000226081
121.623 0.000232018
128.44 0.000248175
130.417 0.000240317
131.149 0.000110967
129.87 0.00022813
131.282 0.000268406
126.481 0.000246149
133.191 9.27329e-05
131.263 0.000270896
128.708 0.000240486
130.711 0.000256727
130.947 0.000277371
130.097 0.000250743
129.402 0.000210444
129.811 0.000242331
129.665 0.000245995
130.392 0.000265725
129.153 0.000248337
131.803 0.000239354
130.396 0.000273981
129.06 0.000270219
128.774 0.000273931
131.1 0.00025314
129.92 0.00024072
133.712 0.000258341
128.639 0.000253019
127.261 0.000253796
130.606 0.000248491
129.644 0.000251604
129.991 0.00025634
130.857 0.000227577
130.331 0.000275595
129.976 0.000251788
125.738 0.000238656
131.333 0.000271429
129.887 0.000242707
129.223 0.000269555
128.685 0.000275352
129.843 0.000261979
130.398 0.00025806
130.636 0.000240688
129.153 0.000257405
130.189 0.000247533
129.257 0.000246897
131.463 0.000175785
131.152 9.19276e-05
131.171 0.000120161
127.966 0.000272708
128.96 0.000221931
129.684 0.000243637
128.671 0.000233748
127.731 0.000231136
128.181 0.000261795
129.283 0.000263754
122.824 0.00026232
126.175 0.000244949
127.454 0.000238801
130.516 0.000249891
132.133 0.000242866
131.155 0.000239678
127.325 0.000244683
132.558 0.000243122
127.088 0.000225775
131.012 0.000238227
130.755 0.000272048
130.716 0.000254127
127.442 0.000258001
128.858 0.000240688
129.23 0.000248044
130.289 0.000250534
132.05 0.000243821
132.193 0.000247546
129.962 0.000247269
126.8 0.00023684
128.085 0.000226475
129.476 0.000246031
132.906 0.000252295
128.881 0.000250637
127.868 0.0002536
126.863 0.00026592
127.978 0.000248523
126.539 0.000239121
130.568 0.000230536
131.14 0.000267883
127.023 0.000238412
130.053 0.000276638
126.68 0.000244881
129.219 0.000250831
126.94 0.000187142
129.881 0.000233315
127.248 0.000241605
129.471 0.000242365
130.064 0.000240856
130.434 0.000258407
127.922 0.000248
129.544 0.000249817
128.479 0.000252013
129.364 0.000242207
131.453 0.000243776
130.222 0.000278149
132.802 0.000254324
130.796 0.000137339
130.241 0.000251861
127.639 0.000223019
130.714 0.000254186
127.835 0.000239014
130.359 0.0002767
135.011 0.000243001
130.593 0.000245999
130.626 0.000253074
124.452 0.000247258
119.054 0.000255847
128.291 0.000241427
128.726 0.000242771
131.476 0.000238949
130.098 0.000242337
135.179 0.000247783
131.903 0.000247475
127.363 0.000271888
129.612 0.000240204
131.17 0.000255518
129.061 0.000253201
128.602 0.000241659
129.266 0.000245349
131.033 0.000243046
127.047 0.000274311
129.507 0.000216777
123.115 0.000238011
131.278 0.000235523
130.322 0.000221286
129.354 4.63539e-06
130.498 0.000241777
129.951 0.000247354
130.72 0.000248584
129.623 0.000243989
129.904 0.000262552
127.811 0.000274983
131.66 0.000276883
129.639 0.000239872
131.653 0.000223578
129.875 0.000243909
132.177 0.000241442
128.048 0.000249807
130.466 0.000138236
130.374 0.000224414
129.528 0.000237332
129.143 0.000277042
129.045 0.000249457
128.831 0.000242098
131.711 0.000240047
126.633 0.000262064
129.009 0.000279252
132.629 0.00025182
132.269 0.0002392
129.763 0.000237143
123.003 0.000232669
130.547 0.000224743
129.565 0.000244839
128.057 0.000259396
134.024 0.000241052
132.259 0.000275433
131.294 0.000248042
128.787 0.000226871
131.066 0.000233404
129.21 0.00027265
130.265 0.000251742
132.459 0.000261557
130.933 0.000239238
130.059 0.000249012
130.231 0.000259567
131.31 0.000200508
120.888 0.000275196
129.854 0.000219912
133.513 0.000236329
130.467 0.000242938
131.319 0.000241643
129.94 0.000242398
130.366 0.000246089
133.374 0.000274165
129.316 0.000270282
130.227 0.000247234
118.693 0.000242876
131.522 0.000263087
128.516 0.000265041
129.724 0.00022219
131.079 0.000230282
128.543 0.000228104
129.325 0.000267957
130.128 0.000255157
130.063 0.000247125
129.594 0.000261165
130.878 0.000241294
133.608 0.00025188
130.045 0.000229463
127.539 9.56208e-07
127.177 0.000271624
128.618 0.000239423
131.219 0.000250967
129.781 0.000269179
129.115 0.000258926
128.017 0.000276186
131.384 6.91432e-05
128.648 0.00024995
129.99 0.000185526
127.122 0.000240923
129.906 0.000237407
132.067 0.000281028
128.844 0.000139287
129.027 0.000244766
131.709 0.000267536
129.571 0.000225907
126.615 0.000244873
126.323 0.000244772
125.545 0.000247151
129.684 0.000241654
130.246 0.000246568
124.087 0.000247761
130.394 0.000274284
129.07 0.000267744
130.147 0.000247514
130.828 0.000243256
129.636 0.000278193
120.704 0.000244325
127.559 0.000231388
126.552 0.000271593
129.595 0.000270999
130.457 0.000262287
132.411 0.000284565
130.248 4.62201e-06
126.226 0.000278681
129.53 0.000247116
130.199 0.000247931
126.47 0.00025329
127.15 0.000229556
129.045 1.02073e-06
129.735 0.000245285
128.515 1.73726e-05
124.53 0.000239256
126.376 0.000255071
129.205 0.000237022
130.911 0.000242036
131.763 0.000250161
128.451 0.000252731
129.95 0.00024087
121.571 0.000273486
129.158 1.54283e-07
131.973 0.000245096
129.826 0.000205785
126.714 0.000240645
131.99 0.000276833
131.123 0.000242127
127.003 0.000249217
131.321 0.000219508
128.843 0.000251639
131.301 0.000163892
124.61 0.000238083
130.025 0.000242738
132.72 0.000255997
129.96 0.00028171
129.774 0.000233166
127.987 0.000243605
129.138 0.000261072
129.17 0.000237527
128.022 0.00018654
133.877 0.000266716
129.012 0.0002424
125.883 0.000242251
131.005 0.000251723
119.377 0.000271305
128.577 0.000256497
127.208 0.000252564
128.919 0.000250732
129.091 0.000249253
130.421 0.000247439
128.575 0.000234421
128.25 0.000242156
132.243 0.000247
131.213 0.000239056
128.514 0.00023808
128.409 0.000254065
129.236 0.000273349
127.816 0.0002391
131.064 0.000185039
128.944 0.000239084
130.362 0.00024478
131.069 0.000270023
129.515 0.000257751
128.848 0.000236902
129.722 0.00020648
129.702 2.77178e-06
129.074 0.000227852
130.448 0.000242126
128.702 0.000241147
130.624 7.20463e-06
129.566 0.000261354
128.624 0.000263041
123.795 0.000252942
131.369 0.000282093
131.895 0.000254055
129.389 0.000268334
130.021 0.000226234
131.379 0.000242623
129.744 0.000262062
126.758 9.25982e-05
131.232 0.000221638
127.184 0.000244739
124.496 0.000242976
131.231 0.00024899
127.626 0.000275019
117.369 0.000116501
132.144 0.000274088
126.348 0.000269131
130.468 0.00026353
131.613 0.000242427
128.89 0.000259721
130.49 0.000274215
129.331 0.00025351
128.578 0.000225472
128.116 0.000238338
129.819 0.000242138
128.876 0.000235277
130.834 0.000245271
130.691 0.000241475
127.571 0.00026951
127.528 0.000245419
129.304 0.000242203
130.971 0.000273699
134.557 0.000223937
130.299 0.000248901
121.28 0.000243395
128.523 0.000241252
131.6 0.000247787
124.555 0.000238548
117.156 0.000258411
128.275 0.000275894
127.216 0.00022795
132.567 0.000272921
129.616 0.000244355
130.314 0.000235638
130.713 1.17506e-05
131.642 0.000243124
130.351 0.000269273
127.974 0.000225331
129.677 0.00024907
130.94 0.000241964
130.238 0.000240451
126.107 0.000245085
129.364 0.000250527
129.011 0.00023944
128.569 0.000248316
129.786 0.000276545
130.645 0.000244815
122.889 0.000253952
128.891 0.000244762
127.163 0.000272635
130.711 0.000241118
122.366 0.000236484
130.027 0.000246209
129.471 0.000262533
129.223 0.000273814
129 0.000247023
127.677 0.00024839
129.428 0.000243869
127.726 0.000257169
127.232 0.000217826
130.472 0.000243877
129.835 0.000232304
130.184 0.000208809
129.6 0.000254648
128.805 5.23718e-05
129.764 0.000235968
124.577 0.000251194
132.529 0.000240836
131.197 0.000253556
130.077 0.000229334
129.045 0.00024943
126.758 0.000240417
130.73 0.000255003
130.609 0.000242619
128.177 0.000270208
126.922 0.000247398
131.067 0.000237277
126.572 1.14877e-05
129.879 0.000245103
131.594 0.000140342
129.921 0.000248623
129.74 0.000245126
130.851 0.000250474
130.959 0.000240213
129.279 9.14358e-05
131.622 0.000234846
134.707 0.000243578
131.12 0.000242053
131.582 0.000274532
129.771 0.000214594
126.493 0.000246013
128.102 0.000241143
131.776 0.000286338
129.573 0.000247252
123.031 0.000272448
132.483 1.65712e-06
129.445 0.00024325
130.997 0.00023676
129.747 0.000243109
130.496 0.000210568
127.99 0.000256048
129.223 0.000245425
130.492 0.000217298
128.407 0.000275277
131.553 0.000237971
131.062 0.000280941
129.182 0.000272679
120.697 3.72944e-05
130.363 0.000258271
131.888 0.000241181
130.584 0.000216326
126.632 0.000255578
130.904 1.79532e-05
128.249 0.000238479
129.151 0.000251844
129.37 0.000237145
132.902 0.000238308
130.927 0.000262072
130.492 0.000251363
130.126 0.000237295
132.304 5.19147e-05
127.087 0.00025124
132.085 0.000267686
123.623 0.000118376
131.983 0.000251791
128.177 9.30185e-05
130.889 0.000270811
127.364 0.000238654
129.587 0.000243198
127.338 0.000116055
126.75 0.000261298
130.03 0.000193336
128.424 0.000243342
129.406 0.000242079
129.236 0.000277358
126.856 0.000237499
127.264 0.000259577
130.758 0.000251814
128.39 3.72818e-05
130.001 0.000270607
116.172 0.000230962
130.21 0.000246718
130.537 0.000248131
115.126 2.94493e-06
127.291 0.000243201
130.486 0.000240057
129.319 0.000255261
127.66 0.000229851
128.951 0.000220398
128.472 7.17105e-05
123.551 0.000251622
130.19 0.000251804
133.531 0.000261774
124.413 0.000276343
133.085 0.000230559
129.71 0.000266903
130.848 0.000239474
128.891 0.000238423
127.49 0.000260395
129.976 0.000249747
131.183 0.000246313
131.412 0.00026555
130.025 0.000250267
130.806 0.000237924
122.17 0.000288098
123.614 0.000212735
129.894 0.000242945
129.464 0.000186309
131.612 0.000114917
130.509 0.000261833
128.532 0.000242487
128.663 0.000237164
125.099 0.000262742
128.291 0.000253269
130.624 0.000274435
129.65 0.000251295
126.824 0.000185861
127.261 0.000271325
130.891 0.000247505
131.814 0.000239782
129.636 0.000242394
131.261 0.000239863
130.068 0.000236113
128.141 0.000208631
126.066 0.000251833
129.559 1.17823e-05
121.501 0.000240725
132.025 0.000253037
129.99 7.18354e-05
130.862 0.000214077
130.568 0.000236707
132.741 0.000253878
125.518 0.000240085
131.12 0.000241579
123.65 0.000232459
131.153 0.000255837
129.731 0.00027651
129.653 0.000262881
129.091 0.000245017
133.325 0.000274995
127.377 0.000245737
129.495 0.000242323
130.227 0.000236266
129.463 0.00024351
129.337 0.000262634
129.025 0.00027674
129.433 0.00024108
129.208 0.000238921
129.072 2.67271e-05
126.78 0.000249787
129.149 0.000248113
129.213 0.000254899
127.921 0.000287254
126.794 0.000242774
130.909 0.000201428
130.827 0.00024123
127.459 0.000246236
130.979 0.000276733
131.382 0.000279006
127.675 0.000242945
130.145 0.000264616
128.528 0.000277655
129.771 0.000273002
129.983 0.000262363
123.086 0.000225336
125.772 0.000270154
126.5 0.000233443
131.752 0.000242806
132.15 0.000237852
126.586 0.00024285
128.676 0.00027401
132.458 0.00025681
131.28 0.000250598
129.984 0.000147716
129.855 0.000248702
132.258 0.000259699
131.392 0.000238154
133.345 0.000242271
129.55 0.00027586
129.41 6.11057e-07
130.955 0.000234341
135.287 0.000218987
128.797 0.000207109
129.587 0.000241604
129.03 0.000264476
131.659 0.000254481
130.177 2.6912e-06
129.926 0.000239827
130.32 0.000272808
129.6 0.000250308
130.11 2.79732e-06
124.463 0.000276049
131.129 0.000257701
131.147 0.000249911
137.595 5.46214e-05
120.056 0.000234275
130.371 0.000255975
128.851 0.000245489
130.055 0.000243909
124.976 0.000243365
129.646 0.000244956
131.161 0.000258729
129.13 0.000247761
127.393 0.000240663
127.233 0.000267492
129.997 0.000273095
131.605 0.000267939
128.792 0.000246305
130.873 0.000265636
128.693 0.000249134
123.888 0.000196088
122.819 0.00024769
131.623 0.000247882
131.809 0.000242166
130.383 0.000250956
128.192 0.000212971
128.96 0.000248321
127.964 0.000139978
130.366 0.000224493
130.549 0.000277698
129.277 0.00024323
127.164 0.000219872
126.024 0.000247321
131.461 0.000270409
128.577 0.000247538
129.725 0.000227998
129.105 0.000243398
129.627 0.000253475
127.95 0.000247656
131.069 0.000240863
128.12 0.00024346
131.012 0.00024481
129.308 0.000221373
127.3 0.000260769
129.535 0.000248456
129.278 0.000242605
129.002 0.000250886
130.243 0.000207907
128.534 0.000251323
133.305 0.000252132
127.381 0.000247561
128.16 0.00026015
131.314 0.00023686
129.158 0.000253959
131.653 0.000220516
128.728 0.000244255
128.607 0.000189825
130.213 0.000238928
128.909 0.000228106
131.023 0.000223372
132.098 0.000249858
128.678 0.000187932
133.374 0.00023927
120.496 0.000112115
129.543 0.000211538
132.793 0.000243032
129.453 0.000241507
128.583 0.000245267
126.407 0.000266213
118.426 0.000235481
129.184 0.000238945
132.037 0.000241842
124.65 0.000243591
128.96 0.000252576
131.02 0.000259388
129.738 0.000222958
129.836 0.000260266
129.852 1.16847e-05
128.786 0.000243844
125.901 0.000247087
131.352 0.000257771
132.562 0.000247161
125.583 1.13059e-05
128.035 0.000241765
129.657 0.000223124
125.829 0.000246993
123.584 0.000250986
129.526 0.000243158
127.721 0.000264916
131.59 0.000256617
128.617 0.000270559
121.849 2.55566e-05
128.911 0.000271002
131.264 0.000264869
131.904 0.000251185
129.801 0.000249862
128.675 0.000244473
132.958 0.000252239
127.82 0.000138508
127.79 0.00024885
129.702 -0.000242524
130.783 0.000250986
129.775 0.000202746
130.374 0.000240041
128.855 0.000239812
126.817 0.000240205
130.959 0.00024303
128.123 0.00025627
128.343 0.00023856
128.117 0.000271994
129.6 0.000244296
129.875 0.000139299
130.364 2.36186e-05
127.326 0.000233163
130.054 0.000139532
128.789 0.000259439
128.764 0.000229062
132.675 0.000253602
128.96 0.000267294
129.881 0.000246808
131.098 0.00011712
128.997 0.000252276
128.146 0.000236763
126.36 0.000245353
131.559 0.000273133
130.495 0.000244849
128.855 7.2788e-06
128.774 0.00024313
130.814 0.000239153
130.101 0.000240173
129.567 0.000275234
130.14 0.000243733
127.869 0.000273302
133.404 0.000271003
132.22 0.000250034
130.602 0.000269272
129.065 9.29607e-05
130.424 0.00026946
130.056 0.000219487
131.025 0.000237877
127.842 0.000260317
127.799 0.000263152
126.794 0.000274391
133.194 0.000253677
130.182 0.000244574
130.727 0.00026717
133.757 0.000235154
128.993 0.000255165
129.674 0.000237835
130.432 0.000275251
122.463 0.000249134
128.775 0.000247499
129.243 0.000276827
128.667 0.000250421
131.005 0.000252093
129.129 0.00024251
130.068 0.000255664
131.348 0.000242659
126.667 0.000236784
127.289 0.000245968
130.648 0.000244106
128.14 0.00026957
131.316 0.000262347
129.548 0.000237265
125.456 0.000242287
127.53 0.00024072
130.16 0.000116503
130.587 0.000277561
132.603 0.000240717
125.285 0.000258132
129.853 0.00025468
127.852 0.000247513
129.487 0.000240814
130.611 0.00025683
132.52 0.000242019
130.317 0.000260302
129.877 0.000240713
131.768 0.000274635
129.365 0.000277273
130.023 0.000237452
130.383 0.000242294
132.109 0.000241147
130.042 0.000242149
130.047 0.000256681
128.103 0.000248308
129.678 0.000272936
130.012 0.000240198
122.002 0.000247892
130.319 0.000252893
125.953 0.000246016
132.441 0.000246928
129.111 0.000247559
130.628 0.000252079
132.537 0.000237037
130.414 0.000245046
130.75 0.000274342
131.437 0.000261708
130.751 0.000241532
129.419 0.000251068
130.556 0.000274411
128.355 0.000238513
131.129 0.000246068
127.388 0.000251601
124.199 0.000236708
132.341 0.000114687
131.744 0.000205041
130.84 0.000242181
119.839 0.000237292
128.09 0.000250348
131.227 4.60166e-06
129.825 0.00027709
132.531 0.000277047
127.993 0.000253034
129.46 0.000247744
126.314 0.00018901
128.674 2.8458e-06
131.112 5.28007e-05
130.798 0.000237854
130.803 0.000248601
128.16 0.000240859
132.192 0.000114575
127.5 0.000248613
129.933 0.000244451
130.562 0.000115102
131.682 0.000226383
129.473 0.000257638
130.569 0.000240658
126.599 0.000232326
130.355 0.000252301
131.8 0.000222235
129.881 0.000246598
128.909 0.000235762
130.862 0.000254095
127.327 0.000251576
128.861 7.42474e-06
130.437 0.000243835
128.6 0.000246387
129.763 0.000278254
130.033 0.000230708
128.351 9.39371e-05
129.794 0.000244569
130.822 0.000245608
128.751 0.000275767
120.446 0.000287669
130.57 0.00024396
129.569 7.27667e-06
128.577 0.00024444
126.489 0.000258927
128.465 0.000238576
131.415 7.20436e-06
126.82 0.000253394
127.172 0.000209438
132.097 0.000268729
127.143 0.000279982
126.449 0.000250744
128.956 0.000255373
128.201 0.000243406
130.932 1.78653e-05
126.958 0.000249274
131.012 0.000243046
133.629 0.000275423
128.303 0.000227753
126.038 6.82526e-05
128.897 0.000245633
129.692 0.00026124
127.838 0.000278457
126.213 0.000261092
129.745 0.000246031
128.007 0.000250847
128.137 0.00023529
128.813 0.000247575
129.97 0.000170071
128.979 0.000252548
129.056 0.000251504
123.195 0.000249489
124.01 2.56594e-05
128.577 0.000241422
133.947 7.16317e-05
133.688 0.000162862
131.256 0.000259987
116.018 0.000270028
130.627 0.000243504
125.247 0.000226926
128.77 1.78623e-05
128.396 0.000250041
128.615 0.000248658
129.191 0.000270602
125.375 0.000265809
129.613 0.000240812
132.878 0.000228245
129.83 0.000249545
131.085 0.000174833
126.939 0.000243038
130.759 0.000277186
129.973 0.000242406
128.025 0.000117688
130.992 0.000241676
127.656 0.000244075
128.309 0.000243319
127.411 0.000269058
130.627 0.000274048
129.403 0.000263121
127.661 0.00025095
129.45 0.000242914
130.346 0.000242555
129.7 0.000241995
127.493 2.63067e-05
131.145 0.00025017
128.942 0.000261259
130.505 0.000138993
126.863 0.000273395
128.406 0.000241085
128.702 2.42476e-05
116.93 0.000216805
128.236 0.000274695
129.564 0.000269983
128.51 0.000242857
128.403 0.000273909
129.575 0.000255792
127.404 0.000245296
130.601 9.24537e-05
130.659 0.000227977
128.968 0.000250073
129.737 0.000194853
130.117 0.000234873
130.361 0.000273437
122.529 0.000241768
128.906 0.000232925
128.37 0.000262042
129.176 0.000239467
127.349 0.000244496
129.888 0.000237641
131.716 0.000275506
130.963 0.000255806
130.898 0.000249436
131.351 0.000244587
129.103 0.000188812
127.334 0.000253269
130.678 0.000253132
120.277 1.80616e-05
130.712 0.000243129
118.807 0.00027421
129.708 0.00025583
129.565 0.000245959
128.915 0.0001646
129.186 0.000208955
131.055 0.00025386
124.833 0.000271396
126.767 0.000222728
130.247 0.000278674
125.692 0.000244582
130.445 0.000240768
131.342 0.000266013
131.895 0.000237493
129.48 0.000269474
131.382 0.000228583
132.971 0.000258018
130.956 0.000246746
129.408 0.000238698
131.011 0.000275524
132.019 0.00026386
129.889 0.00025557
130.675 0.000233745
130.124 0.000268154
127.223 0.000256957
132.319 0.000264642
129.793 0.000240245
127.431 0.000181172
116.257 0.000242013
130.609 0.000242238
130.941 0.000214548
131.38 0.000239791
129.067 0.000250224
131.602 0.000244183
130.666 0.000244699
127.509 0.000244371
120.671 0.000233209
129.326 0.000249837
130.625 0.000246707
130.311 0.000251272
130.622 0.000275514
127.674 0.000238345
126.925 0.000240042
130.137 0.000288118
129.459 0.000223372
132.699 0.000185366
129.563 0.000259819
122.587 0.000252528
129.458 0.000241024
123.685 0.000283633
128.305 0.000237612
120.765 0.000243569
130.489 0.000248124
129.476 0.000236436
132.703 0.000251409
128.064 0.000273379
130.786 0.000277925
129.801 0.000211375
128.389 0.000254703
132.805 0.000244991
130.449 0.000243268
128.009 0.00026361
129.829 0.000225292
128.372 7.28779e-06
132.908 0.000278318
129.879 0.000237498
130.781 0.000200246
128.028 0.000234621
128.513 0.000239361
128.623 0.000281776
129.39 0.000141379
126.341 0.000246359
130.824 0.000269994
132.208 0.000252182
130.605 0.000241443
126.021 0.000260623
129.482 0.000243347
128.466 0.000259789
121.406 0.000139032
129.542 0.000252762
130.514 0.000255332
130.444 0.000275168
130.735 0.000260322
127.879 4.63416e-06
129.86 0.000274974
129.354 0.000242608
128.754 0.000254985
127.858 0.000252564
129.991 0.000244616
130.18 0.000247645
130.723 0.000207312
132.02 0.000238457
115.618 0.000244536
128.565 0.000244355
132.452 0.0002373
129.067 0.000245545
128.591 0.000261114
129.662 0.000226775
120.729 0.000246531
128.881 0.000264408
129.899 0.000239842
125.651 0.000182386
129.036 0.000272024
130.213 6.59587e-05
131.419 0.000245847
128.507 0.000239365
118.865 4.64538e-05
130.215 1.17981e-05
130.02 0.000266055
129.963 0.000115476
132.881 0.000243016
129.412 0.000114005
127.891 1.01198e-06
129.318 0.000274829
129.838 0.000250346
133.739 0.000249434
131.259 0.000163447
130.188 0.00028182
127.797 0.000231895
122.031 0.000256491
131.566 0.000243242
128.361 0.000247477
130.501 0.000241919
130.884 0.000227473
127.933 0.000250368
120.394 0.000240886
131.92 0.000251992
130.176 0.000238063
131.27 0.000164662
131.572 0.00023947
129.515 0.00024954
125.455 0.00025045
126.866 0.000253913
131.14 0.000251726
131.983 0.000261525
128.904 0.0002611
127.923 0.000253619
130.973 0.000271875
129.074 0.000265578
123.881 0.000251096
129.373 0.000240618
126.092 0.000247744
133.89 0.000256189
127.239 0.000278943
126.543 0.000270197
132.999 0.000256042
130.761 0.000235539
128.458 0.000278662
130.816 0.000240632
129.44 0.000270662
129.517 0.000245432
129.295 0.000252187
129.063 0.000259357
129.15 0.000277071
131.27 0.000246688
131.075 0.000287107
130.024 0.000235336
123.656 0.000277359
126.154 0.000271917
127.876 0.000268114
130.115 0.000210634
127.011 0.00024975
130.263 0.000272583
129.368 0.000241072
132.005 0.000211736
130.129 0.000263738
130.144 0.000247629
136.751 0.00023118
128.594 0.00023043
120.273 0.00023035
128.584 2.66702e-05
129.516 0.000270854
131.277 0.000248029
130.155 0.000273885
129.003 0.000243101
131.62 0.000164949
133.649 0.000251228
128.661 0.000241925
129.278 0.000251003
130.879 0.000242168
129.401 0.000244106
131.04 0.000243554
130.38 0.000252918
133.148 0.0002472
131.273 0.000228289
133.911 0.000234811
126.413 0.00024902
130.464 0.000162053
132.615 0.000227151
127.485 0.000187829
128.295 0.000232769
129.599 0.000273258
129.765 0.00026012
131.325 0.000248434
128.268 0.00021163
131.627 4.61405e-06
119.934 0.000247966
128.65 0.000158994
130.101 0.000229747
129.321 0.000226941
130.457 0.00024585
122.129 0.000241237
132.224 0.00024956
130.408 0.000271151
128.803 0.000207198
124.718 0.00023663
127.338 0.000241019
128.296 0.000243726
128.969 0.000231528
130.498 3.86187e-05
121.352 0.000248715
130.04 0.000163951
133.095 0.000238786
132.061 0.000279348
129.522 7.1262e-05
128.744 0.000159583
127.168 0.000242582
130.26 0.000276029
131.612 0.000238834
129.403 0.000277269
130.738 0.000265115
129.412 0.000248888
130.04 0.000243095
129.976 0.000237514
128.007 0.000245839
130.109 0.000246113
129.437 0.00024481
128.929 0.000270564
129.959 0.000258884
127.97 0.000115103
129.734 0.000261463
129.866 0.000225675
129.118 0.000248271
129.306 0.000139347
128.003 2.79345e-06
129.212 0.00013749
127.018 0.000252397
129.553 0.000276805
130.81 0.000257675
128.99 0.000266375
130.129 0.000255116
129.768 0.000239197
129.742 0.000241722
128.129 0.000269241
128.772 0.000242266
131.207 0.00024778
129.883 0.00027283
129.569 0.000248436
130.751 0.000238892
130.314 0.000189552
130.215 0.000148992
132.258 0.000233719
128.552 0.0002684
129.217 1.14154e-05
128.739 0.000221678
129.37 0.00023989
128.692 0.000241476
131.156 0.000243165
130.339 0.000242907
132.791 0.000251324
131.445 0.000275461
130.787 0.000238401
128.563 0.000222401
128.911 7.16067e-05
130.608 0.000248768
129.793 0.000250111
131.191 0.000234202
127.041 0.000250474
129.947 0.000240193
130.001 0.000245804
128.687 0.000246568
128.411 0.00021068
131.404 0.000267166
131.591 0.000244903
131.95 0.00027409
131.11 0.000285797
132.39 7.00418e-05
129.523 0.00023954
128.245 0.000244409
130.611 0.000273419
130.454 0.000266029
131.821 0.000263311
130.113 0.000241217
131.282 0.000233846
129.238 0.000275852
128.358 0.000266428
125.706 0.000259588
131.762 0.000238762
132.258 0.000222374
130.001 0.000256608
132.917 0.000163545
127.478 0.000225045
127.955 1.02996e-06
130.196 0.000238039
128.307 9.25264e-05
125.431 0.000275728
128.583 0.000240781
120.755 0.000242669
125.427 0.000245781
131.177 0.000241477
118.302 0.000259946
129.036 0.000247733
128.822 0.00023733
130.645 0.000214399
131.577 0.000245476
125.136 4.90198e-05
127.693 0.000246957
128.229 0.000238322
130.337 0.00027082
125.056 0.000236483
131.071 0.000239325
129.592 0.000264196
127.474 0.000256099
131.412 0.000283549
132.194 0.000255567
128.896 0.000249452
130.93 0.000246752
134.036 0.00022802
131.292 0.000237696
130.417 0.000253856
117.746 0.000257993
130.985 2.7902e-06
129.505 0.000244078
129.335 0.000248585
133.576 0.000233031
131.576 0.000236578
133.662 0.000247033
126.722 0.000250033
128.198 0.000278109
128.176 0.000251774
133.093 0.00021858
132.135 0.00028037
128.969 0.000246804
127.93 0.000241763
131.2 0.000262086
128.432 0.000243834
130.194 0.000240312
128.118 0.000256946
119.442 0.000248259
128.942 0.000245879
131.554 0.00024283
122.951 0.000237339
126.675 0.000238322
131.65 0.000247179
129.867 0.000243039
130.851 0.000260029
133.016 0.000270355
128.117 0.0002586
127.781 0.000234438
127.939 4.88492e-05
125.465 0.000249133
128.946 4.56026e-06
123.398 0.000276951
129.941 0.000263512
130.478 0.000280176
130.044 0.000244944
128.156 0.000258751
129.26 0.000247035
130.039 0.000249933
125.933 0.000225706
129.437 7.17196e-05
130.334 0.000234765
128.476 0.000241824
127.484 0.000253149
132.053 0.000280459
129.054 0.000235586
127.928 0.000248398
130.026 0.000203547
131.056 0.000243605
126.945 0.000238007
128.928 0.000229196
123.318 0.000250035
130.035 0.00011455
125.118 0.000254481
130.137 0.000276708
127.571 0.00024358
131.745 0.000233269
127.464 0.000242377
130.845 0.000245705
130.139 0.000276379
130.28 0.00018077
131.476 0.000266535
129.442 0.000278571
131.016 0.000234457
128.751 0.000241729
128.314 0.000254256
127.264 0.000237829
129.486 0.000245235
130.287 0.000265148
129.411 0.00016279
127.483 0.000272484
125.296 0.000248505
130.814 0.000276921
132.649 0.000253639
127.973 0.000246228
128.868 0.000255775
130.272 0.000243042
129.12 0.000237003
130.531 0.00027336
130.129 0.000248935
122.976 0.000257947
131.908 0.000275801
130.722 0.000261144
128.556 0.000264913
130.097 2.46976e-05
128.334 0.000192088
129.46 0.000238679
128.671 0.000245141
130.477 0.000248268
126.933 0.000252426
130.947 0.000275337
130.522 0.000274429
128.491 0.00025845
129.691 0.00026602
130.851 0.000238616
126.661 0.000265619
130.942 5.17453e-05
131.979 0.000265355
121.202 0.000238283
131.006 0.000274344
129.72 0.000250396
127.557 0.000258973
131.187 0.000248151
131.05 0.000235577
130.645 0.00024743
131.073 0.000238091
131.533 0.00023648
131.805 0.000233433
129.859 0.000232331
130.299 0.000239305
129.359 0.000243652
123.286 0.000251584
128.85 5.22342e-05
