130.407 0.000345734
129.839 0.000317732
132.43 0.000318054
130.17 0.000310456
129.796 0.00032589
128.838 0.000181789
129.623 0.000337649
131.242 0.000299112
140.711 0.000341842
131.104 0.000341372
127.675 0.000112496
127.289 0.000304532
130.029 0.000324795
130.541 0.000307055
136.71 0.00030696
130.821 0.000313801
139.905 0.000312456
127.95 0.000278992
131.475 0.000351824
129.148 0.000320812
130.311 0.000307717
140.587 0.000320796
132.165 0.000329508
129.618 0.00032452
138.904 0.000347639
129.829 0.000354471
127.821 0.000319889
128.15 0.000303153
125.677 0.000366836
129.728 0.000345478
130.856 0.000316038
128.597 0.000318575
130.947 0.000301299
131.887 0.000328949
130.828 -0.000283625
131.551 0.000314328
129.514 0.000309558
128.532 0.000315928
129.873 0.000310047
127.644 0.000308295
131.015 0.000332067
163.526 0.000289452
131.11 0.000304913
126.69 0.000334606
131.677 0.000307202
124.371 0.000282417
130.323 0.000337193
127.385 0.0003155
129.82 0.000357299
130.421 0.000318796
126.671 0.000199199
127.114 0.000347389
128.441 0.000206968
130.225 0.000352172
130.22 0.000290572
129.846 0.000320162
126.664 0.000307863
132.075 0.000353334
129.691 0.000144623
134.498 0.00031077
132.609 0.000311872
130.833 0.000345965
130.038 0.00032653
130.256 0.000299172
130.124 0.000315188
128.767 0.000324142
130.261 -0.000285373
132.107 0.000351883
129.094 4.51085e-07
133.807 0.00030611
121.597 0.000341662
126.868 2.26432e-05
128.322 0.000309632
129.107 0.000315715
130.545 0.000349089
132.995 0.000326335
127.996 0.000356051
131.094 0.00032472
131.387 0.000294708
126.515 0.000241671
129.356 0.000328834
131.271 0.00036049
128.404 0.000311185
129.591 0.000181089
126.081 0.000355224
128.383 0.0003419
128.336 0.000313829
130.831 0.000352709
141.78 0.000353777
121.214 0.000325354
130.296 0.000307083
129.579 0.000317821
130.117 0.000323905
130.382 0.000353865
129.954 0.000308975
169.954 0.000296992
164.407 0.000116599
130.144 0.000357891
128.941 -0.000347204
132.421 0.000243441
130.7 0.000303615
131.239 0.000349782
118.924 0.000319188
129.375 0.000318126
125.962 0.000347319
129.945 0.000308088
125.017 0.000345076
131.551 0.000307905
130.389 0.000348983
128.893 0.000316643
127.848 0.00031304
130.872 0.000315889
130.022 -0.000336091
130.747 -0.00033705
130.151 0.000207357
131.622 0.000323669
130.744 0.000309976
131.593 0.000354493
120.735 0.000325356
134.742 0.000311638
125.574 0.000365722
120.508 0.000307393
131.19 0.000335084
126.72 0.000315062
129.134 0.000337826
130.281 0.00037196
130.33 0.000307506
151.382 0.000312304
124.004 0.000290863
129.294 0.000311007
132.46 0.000312979
124.565 0.000329204
131.518 1.50896e-05
128.845 0.000117612
160.553 0.000265126
129.555 0.000308114
128.872 0.000120325
124.648 0.00032766
130.644 0.000315648
129.423 0.00030499
117.721 0.000322054
129.008 0.000309027
129.871 0.000317307
131.108 0.00031111
129.447 0.000309955
131.827 0.000347906
129.607 0.000310235
131.392 0.000307073
128.464 0.000312179
127.557 0.000326279
128.692 0.000356038
131.849 0.000292899
129.395 0.000356783
128.005 0.000325868
129.281 0.000316248
128.964 0.000350869
129.854 0.000319706
123.158 0.000308948
121.636 0.000312033
131.665 0.000237362
129.27 0.000352226
131.945 0.00035402
131.768 0.000319029
130.592 1.50061e-05
129.283 0.000310665
131.289 0.00032694
130.937 0.000342323
130.559 3.37689e-05
130.818 0.000304542
127.027 0.000306937
128.738 0.000325639
129.287 0.000323549
130.219 0.000181059
129.923 0.000309508
130.262 0.000288034
125.438 0.000367587
130.397 0.000180636
127.744 0.00032141
129.95 0.000240442
127.012 0.00032688
129.718 0.000304901
130.81 2.28887e-05
120.713 0.000287912
130.506 0.000273151
130.49 0.000311035
129.025 0.000324271
129.411 9.5049e-05
130.169 0.000325261
130.224 4.74924e-05
133.088 0.000322209
129.164 0.000340226
143.588 0.000318828
128.73 0.000308281
128.052 0.000310179
129.836 0.000310766
128.681 0.000271748
130.479 0.000323274
119.443 0.000320628
129.81 0.000315162
121.387 0.000326663
127.791 0.000354796
128.141 0.000304804
128.77 0.000302261
127.775 0.000339434
132.642 0.000305562
128.99 0.000307115
130.893 0.000330608
130.316 0.000349573
131.213 0.000322269
128.656 0.000325842
131.36 0.000327353
129.925 0.000304756
128.556 0.000309857
131.322 0.000252474
130.533 0.000311628
130.502 0.000288786
130.394 0.000310333
129.772 0.000321851
150.824 0.00033356
125.949 0.000350083
129.183 0.000320782
128.095 0.000307985
128.13 0.000325767
131.248 0.000329781
127.975 0.000321591
125.904 0.00035592
130.312 0.000324713
132.207 0.000307357
127.848 0.000305354
127.701 0.00031116
127.651 0.00028867
119.987 0.000307332
129.174 0.000326875
130.969 0.000319159
130.962 0.000352555
131.878 0.000356878
131.199 0.00032128
132.098 0.000317106
128.19 0.000312272
125.744 0.000312631
131.401 0.000306282
128.369 0.00032082
127.904 3.32471e-05
127.921 0.000353037
130.076 0.000345308
126.539 0.0003388
130.79 0.00030945
158.396 0.000289876
124.981 0.000347561
129.577 0.000354464
135.908 0.000352764
127.566 0.000317788
128.237 0.000311244
148.233 0.000137614
144.679 0.000316773
130.818 0.000318714
127.705 0.000316425
123.092 0.000370665
127.115 0.000310072
128.11 0.000178703
129.161 0.000252853
131.645 0.000324616
130.35 0.00031505
130.165 0.000306375
132.318 0.00030325
131.385 0.000308796
132.891 0.000297039
129.101 0.000309168
129.134 0.00035037
129.845 0.000308498
130.508 0.0003234
130.847 0.000304648
127.25 0.000300131
127.579 4.60875e-05
146.583 0.000314404
125.765 0.00030518
131.151 0.000289121
129.922 0.000336148
129.067 0.000356041
126.888 0.000325763
132.265 0.000307329
129.824 9.16031e-06
166.127 0.000322519
158.783 0.000309239
124.812 0.000352708
129.816 0.000331743
124.493 0.000325248
125.043 8.50575e-05
130.012 0.000304638
130.697 0.000301619
134.805 0.000296074
132.782 -0.000317099
140.405 0.000306977
128.016 0.000340361
130.596 0.000303723
130.575 0.00031027
164.048 0.000284533
128.38 0.000306726
130.58 -0.00031063
129.225 0.000366379
127.934 0.000311915
130.276 0.000335315
127.297 0.000306624
157.924 0.000305918
131.224 0.000305161
133.628 0.000303072
130.49 0.000305932
119.516 0.000319492
127.381 0.000317323
128.953 0.000335972
130.936 0.000272133
132.135 0.000310578
130.835 0.000293211
130.86 0.000350239
128.67 0.000313195
129.293 0.000317088
142.131 0.000312301
124.021 0.000318274
129.375 0.000321481
128.384 0.00034449
127.613 0.000239469
126.389 0.000323629
130.121 0.000370431
128.083 0.000350522
129.142 0.000352946
160.271 0.000327372
128.518 0.000302363
127.708 0.000350552
129.914 0.000305732
131.316 0.000365097
122.124 0.00029248
129.29 0.000147848
132.44 0.000370983
130.899 0.000315251
133.057 0.000306643
129.432 0.000322627
128.144 0.000306571
130.287 0.000306997
145.783 0.000311898
131.106 0.000311844
131.191 0.000268344
126.746 0.000306081
130.42 0.00033334
129.964 0.000301751
131.968 0.000321198
128.293 0.000309386
169.087 0.00031111
129.118 0.000354007
127.97 0.000305917
129.582 0.00030768
128.208 2.88551e-07
129.565 0.000169436
152.466 0.000302759
129.042 3.33087e-05
133.824 0.000313697
131.606 0.000321384
128.169 0.000312894
133.582 0.000296218
129.737 0.000309184
165.272 0.000318839
129.614 0.000166427
130.497 0.000313146
130.131 0.00031867
130.101 0.00031031
128.689 0.000326557
130.467 0.000316309
131.613 0.00032403
130.001 2.25657e-05
128.414 0.000347877
130.324 0.000350259
127.853 9.21463e-06
121.516 0.000304982
130.489 0.000346963
131.182 6.0405e-06
130.597 0.000327332
131.67 0.000323584
118.547 0.000316128
130.949 -0.000312368
131.023 0.000289671
127.72 0.000345731
129.526 0.00034914
131.11 0.000325128
125.792 0.000295876
131.587 0.000320131
120.988 0.000349689
126.042 0.000147991
121.818 0.000322823
130.065 0.000329499
129.841 0.000347337
129.785 0.000303986
127.132 0.000307019
131.641 0.000312397
129.287 0.000301328
135.599 0.000363939
130.185 0.000236785
130.623 0.000263365
131.093 0.000320087
131.109 0.000362799
127.062 0.000322313
129.695 0.000309506
128.897 2.2424e-05
126.685 0.000343282
130.158 0.000321195
127.644 0.000303285
121.213 0.000314685
133.059 0.000351268
130.083 0.000311592
130.636 0.000324053
116.662 0.000320421
129.358 0.000310971
129.132 -0.000242904
131.225 0.000206802
