126.582 9.51572e-05
123.29 9.39666e-05
121.818 8.45824e-05
125.662 9.8179e-05
123.141 0.000106807
119.947 0.000102129
126.11 9.69493e-05
128.199 9.47882e-05
121.435 9.86573e-05
119.738 9.7366e-05
126.131 3.9878e-07
120.466 9.47843e-05
125.069 1.03045e-05
128.164 0.000106575
122.26 9.63921e-05
117.957 9.39939e-05
129.13 8.95753e-05
124.494 8.20375e-05
120.813 0.000108875
130.587 0.000104633
124.794 8.55459e-05
128.139 9.66411e-05
125.109 9.44218e-05
135.717 9.91739e-05
126.632 9.89725e-05
124.481 9.97368e-05
126.725 0.000110727
123.013 9.94646e-05
126.551 0.000108517
122.215 9.97777e-05
131.234 8.93536e-05
124.217 0.000107219
125.486 9.51648e-05
119.783 9.90121e-05
127.91 9.9888e-05
126.43 9.42179e-05
123.093 9.65779e-05
122.402 0.000106938
125.204 3.79671e-05
130.627 9.83638e-05
125.558 0.000101381
126.337 9.40591e-05
122 0.000107921
123.322 0.000100623
124.892 9.82341e-05
121.546 9.35801e-05
125.195 0.000109721
126.083 0.0001117
121.342 8.05875e-05
141.12 0.000102574
122.261 0.000101426
117.704 0.000103898
125.165 9.43326e-05
127.5 0.000105069
123.085 0.000110099
127.244 2.00242e-05
127.797 0.000101779
126.475 8.08055e-05
124.24 9.81546e-05
127.13 9.94491e-05
125.343 9.66716e-05
127.132 0.000102522
125.447 0.000107559
121.21 9.77026e-05
122.899 7.45276e-05
124.521 9.35406e-05
165.172 0.000115474
123.083 0.000109669
125.721 8.25188e-05
120.642 0.000100561
125.118 9.56441e-05
127.163 9.79803e-05
124.477 7.43368e-05
126.039 9.52026e-05
127.38 7.0727e-06
122.342 9.44784e-05
120.133 0.000105285
