127.155 0.00014895
125.036 0.000131187
125.509 0.000133108
125.238 0.000113854
124.101 0.000131078
122.52 -0.000138121
124.834 0.000132896
123.794 0.00013516
120.566 0.000130656
125.695 8.96412e-05
124.964 0.000129024
122.028 0.000134339
125.711 0.000151379
125.789 0.000141855
124.676 0.000151026
154.045 0.000139223
126.678 0.000133568
124.817 0.000131922
124.192 0.000132719
125.15 0.000149468
123.33 3.54252e-07
123.543 0.000111551
125.99 0.000124115
122.938 0.000131504
124.573 0.000148203
123.198 0.000137231
124.622 0.000102209
123.677 2.86295e-05
126.289 0.000135486
123.653 0.000143516
123.496 0.000119484
126.795 0.000131414
125.28 0.000135655
124.675 0.000131057
125.567 9.61414e-06
125.977 0.00014159
125.801 0.000137057
125.113 0.000136514
125.716 1.3892e-05
125.064 0.000148264
121.901 0.000138719
124.631 0.000154713
124.309 0.000130393
121.945 0.000131232
153.567 0.000129325
124.664 0.00013331
118.935 0.000113822
124.021 0.000184708
126.646 0.000138516
120.452 0.000136093
126.041 0.000148694
122.217 0.000119882
126.165 0.000146284
126.627 0.000130385
122.781 0.00014018
121.248 0.000125241
124.864 2.02404e-05
125.16 0.000149254
125.493 0.000136611
125.518 0.000130141
123.903 0.000140201
123.608 0.000128978
120.028 0.000126367
124.237 0.00015067
125.9 5.20264e-05
123.404 0.000133275
127.905 0.000150636
118.761 0.000136697
124.365 0.000129387
124.489 0.000132593
125.115 0.000136507
124.095 2.04317e-05
123.384 0.000129651
120.525 0.000140124
123.784 0.000133196
127.713 0.000133157
125.835 0.000147095
125.585 0.000141064
122.772 3.85515e-05
122.975 5.03581e-05
117.913 0.000129202
121.881 0.000134317
124.271 0.000148188
124.415 0.000136229
123.273 0.000132292
122.569 0.000129587
116.658 0.000124051
122.047 0.000146151
122.773 0.000131784
126.189 0.000139209
127.327 0.000154838
119.963 1.44785e-05
125.067 0.000138781
126.019 0.000131886
124.056 1.45614e-05
117.833 0.000140651
124.196 0.000131867
121.112 0.000142553
124.443 0.000131123
125.443 0.00013716
124.669 0.000130563
125.138 6.28908e-05
125.453 0.000146894
130.148 -0.00012805
123.836 0.000102703
125.444 0.000144732
142.735 0.000139889
136.665 0.000147814
128.015 0.000136594
126.943 0.000152728
125.784 0.000130714
126.965 0.000131916
117.441 -0.000131159
123.92 0.00012246
124.583 0.000130661
128.731 0.000103583
126.451 0.00013677
130.314 0.00013101
126.556 0.000132335
121.402 0.000139306
123.835 0.000129272
122.34 0.000140652
126.383 0.000143235
126.515 0.000134162
123.988 0.000133402
122.375 0.000131803
125.601 0.000131903
120.388 0.00013618
124.844 0.000134742
145.397 0.000137927
125.681 0.00013227
121.49 0.000135832
123.445 0.000147202
124.411 0.000146638
126.012 0.0001446
122.849 0.000149881
124.981 7.57925e-05
127.395 0.000140585
122.968 0.000121682
125.439 0.000132517
124.341 0.000134275
122.842 1.41565e-05
132.654 0.000130102
128.017 0.000132658
124.421 0.000125297
