120.732 0.0004672
118.141 1.91424e-05
124.706 0.000417015
119.119 7.59503e-06
116.353 0.000399726
149.584 0.000413025
118.309 0.00039801
119.401 0.000412385
117.77 0.000386486
119.529 2.73119e-07
119.557 0.000187946
121.743 0.000415438
121.439 0.000399104
120.09 0.000381362
118.612 0.00037277
144.097 0.000418972
135.813 0.000410252
136.147 0.000380511
118.844 0.000423024
122.87 0.000400478
116.632 0.000387901
118.826 0.000393649
120.475 0.000422818
147.906 0.000151411
140.361 0.000425115
119.844 0.000395102
123.301 0.000399376
121.554 0.000434195
136.653 0.000417092
118.032 0.000402193
120.28 0.000399544
118.679 0.000398629
119.355 0.000425339
117.233 0.000397241
117.103 0.00039215
116.019 0.000406529
120.254 0.000424224
125.934 0.000420621
116.697 0.000397183
152.706 0.000266362
119.437 0.00040096
120.734 0.000413804
121.338 0.00037545
119.187 0.000426419
119.804 0.000397631
119.144 0.000387837
117.634 0.00037022
121.011 0.00041995
118.296 0.000424149
119.463 0.0003917
117.098 0.000396953
120.616 -0.000395519
117.614 0.000407431
123.947 0.000420158
117.896 0.000390011
122.124 0.000397412
118.743 0.00045399
118.792 0.000385423
119.567 0.000452356
120.763 0.000391373
120.574 0.00037469
120.824 0.000388361
134.399 0.00046873
145.277 -0.000446752
118.844 0.00033846
119.826 0.000394899
119.45 0.000413171
118.57 0.000400767
132.814 0.000462786
117.149 0.000399524
117.082 0.000452188
115.437 0.000428725
115.815 0.000417053
119.48 0.000428405
121.831 0.000392137
116.541 0.000417603
139.041 0.000429802
121.147 0.000407962
133.885 1.85558e-05
119.757 0.000384389
121.217 5.88406e-05
119.483 -0.000384371
156.141 0.000395242
119.276 0.000399271
119.897 0.000414163
119.654 0.000418054
120.74 0.00040882
121.67 0.000403793
122.944 0.000404196
119.647 0.000410148
121.438 0.000477319
116.088 0.000396517
118.742 0.000397817
118.719 0.000401599
120.676 0.000389904
130.306 0.000390677
118.078 0.000426663
116.685 0.000398209
121.76 0.000420198
120.076 0.000439156
133.786 0.000389897
118.652 0.000359362
135.458 0.000370465
127.899 0.000423379
119.686 0.000230324
115.417 0.000386959
122.633 0.000393235
115.641 0.000187896
117.821 0.000415593
120.805 0.000374482
130.486 0.000442648
117.679 0.00045284
126.225 0.000379357
127.092 0.000390389
121.432 0.00039961
118.324 0.000431162
119.449 0.000334047
117.549 0.000468392
119.649 0.000404382
121.374 0.000398006
117.938 0.00042404
143.019 0.000338754
120.103 0.000401541
115.899 0.000370613
118.451 -0.000401892
116.066 8.61187e-05
118.655 0.000342825
115.479 0.000421042
118.227 0.000418396
117.796 0.000400209
149.642 0.000400664
120.434 0.000398184
115.211 0.000395326
122.324 0.000407874
124.95 0.000386009
121.801 0.000447607
164.195 0.000142208
120.899 0.000399432
118.65 0.000373381
121.466 0.000410266
121.852 0.000354892
120.19 0.000414766
121.739 0.000436573
118.985 0.000393124
120.428 0.000457098
126.778 0.000410036
131.243 0.000452091
116.194 0.000394984
121.343 0.000398527
117.345 0.000407992
120.648 0.00040721
117.057 0.00033252
141.483 0.000339193
126.578 0.000377651
122.193 0.000369742
118.621 0.000272514
120.095 0.00045734
115.908 0.000418029
120.506 0.000410627
116.486 0.000429602
118.737 0.00038927
117.68 0.00041288
119.768 0.000409747
118.049 0.000439411
120.089 0.000438453
