124.726 0.00016746
118.982 0.000148069
126.168 0.000144511
119.065 0.000146243
121.149 0.000143153
121.978 0.000148843
117.042 0.000151462
167.651 0.000154108
118.509 0.000151443
122.737 0.000160449
118.905 0.000149308
121.756 0.000140842
121.638 0.000152602
117.497 0.000160433
117.129 0.000144772
118.495 0.000148574
117.796 0.000131955
118.409 0.000148774
118.068 0.000168087
121.637 0.000143426
120.061 0.000148965
117.216 0.000160372
119.154 0.000164501
121.801 0.000163435
159.534 0.000148426
120.457 0.000156046
133.062 0.00014465
119.42 7.19638e-05
118.338 0.000151511
118.649 0.000144049
121.008 1.99128e-07
