124.981 0.000115492
125.995 0.000114226
125.336 0.00010054
122.353 9.93538e-05
117.709 1.56563e-05
123.954 0.000108261
125.32 9.9703e-05
124.418 0.000100965
124.218 1.93313e-06
120.215 0.000105486
122.641 0.000111917
125.687 9.80655e-05
124.432 0.000104489
124.123 0.000101039
124.882 9.89217e-05
124.153 0.000114764
125.742 3.02408e-06
127.796 4.84903e-06
130.704 0.00010288
135.299 0.000102008
121.608 0.000105641
125.366 9.49018e-05
124.175 7.18884e-07
125.644 0.000103237
124.179 9.41597e-05
120.216 0.000115517
125.202 0.000101714
126.816 9.13674e-05
124.234 0.000100622
124.852 0.000113451
125.402 0.000103121
126.047 6.36587e-05
126.669 9.95723e-05
128.124 0.000112737
123.171 0.000110896
122.083 8.64384e-05
124.677 9.43659e-05
124.437 0.000101254
125.368 0.000111385
125.073 0.000114929
116.408 0.00010377
123.012 0.000107153
125.492 7.79445e-05
123.265 0.000113355
123.93 0.000113745
125.42 0.000115284
115.009 0.000107399
124.276 0.000113412
124.709 9.9006e-05
123.944 9.93953e-05
122.208 9.94307e-05
123.435 9.63273e-05
124.566 0.000100713
123.888 0.00010126
137.136 0.000110318
124.051 0.00010118
124.268 0.000109618
115.321 0.000109005
126.855 0.000115667
118.203 9.89332e-05
120.977 0.000105591
117.423 0.000102155
126.488 9.53532e-05
124.819 0.000106595
115.328 0.000101943
130.539 1.17768e-06
126.276 0.000106514
123.517 0.000104408
127.231 0.000101493
124.62 0.000108256
125.873 0.000111659
124.461 9.96103e-05
122.523 0.000109517
121.533 0.000103815
120.701 9.92335e-05
122.641 9.26929e-05
122.529 0.000100091
125.615 0.000107109
126.173 9.84378e-05
126.194 0.000102928
124.746 0.000103182
121.941 0.000101666
126.199 0.000100537
125.729 0.000102856
122.672 1.15647e-06
125.911 0.000101721
122.201 0.000108277
125.534 9.88343e-05
127.062 3.83887e-05
126.01 0.000100766
121.656 0.000107317
127.416 8.02189e-05
125.689 9.64031e-05
123.594 0.000100523
135.155 9.15841e-05
123.514 9.79337e-05
124.54 0.000108948
125.596 9.93045e-05
122.708 0.000105767
143.287 9.56135e-05
125.522 9.06043e-05
124.907 9.90427e-05
123.259 0.000104002
125.094 0.000100324
127.676 5.85411e-05
130.19 8.89239e-05
126.241 2.15918e-05
124.059 3.74114e-05
120.094 0.000101112
125.088 0.000103973
124.607 0.000107055
128.135 1.13817e-05
126.012 2.18021e-05
115.548 0.000108466
125.785 0.000100853
125.4 9.50577e-05
125.583 0.000100582
126.036 9.9272e-05
124.66 0.000114388
126.966 0.000104913
124.33 0.000102248
121.212 9.95774e-05
124.056 0.000115909
124.877 8.54355e-05
124.108 7.73792e-05
123.073 0.000100926
123.749 9.90335e-05
120.9 8.49845e-05
151.157 0.000105799
124.001 0.000105053
125.181 0.000102325
126.397 0.000101601
124.986 0.000100622
124.675 0.0001207
125.113 0.000100234
126.512 0.000104805
126.912 0.000106186
123.054 0.000111371
122.825 9.86916e-05
128.424 9.99974e-05
132.007 0.000105954
123.751 0.00010076
127.604 9.97524e-05
123.79 9.86711e-05
126.749 0.000109142
123.383 0.000114093
124.093 0.000102797
125.929 0.000107604
119.153 0.000107714
125.563 9.82817e-05
123.209 0.000105265
125.583 0.000107869
128.112 0.000114969
124.879 9.81299e-05
116.786 0.000100678
124.61 0.000101102
122.732 0.000100572
135.75 0.000103467
127.866 0.000105673
123.539 9.97382e-05
119.899 7.31952e-06
126.703 0.000110793
125.935 9.94156e-05
123.931 0.000111022
122.873 0.000116371
123.853 0.000100229
120.547 9.91406e-05
124.085 4.62011e-05
119.532 0.000108421
125.486 8.34627e-05
123.433 9.9363e-05
124.936 9.48781e-05
128.233 9.91149e-05
121.437 9.65501e-05
122.765 0.00010193
124.276 0.000100303
122.541 0.000103939
127.004 2.97521e-06
120.901 9.987e-05
131.974 0.000101355
124.15 9.94608e-05
123.659 0.000104301
124.357 9.97665e-05
125.765 0.000105481
123.347 0.000112306
123.673 0.00010309
125.11 0.000104647
124.824 2.96393e-05
124.481 0.000104435
122.682 9.98329e-05
126.08 0.000115051
125.037 0.000112406
127.146 9.74487e-05
121.966 0.000104839
131.028 0.000106019
125.014 0.000112938
124.713 0.000103311
124.725 0.000105707
127.315 8.82548e-05
125.569 0.000108048
123.879 9.74986e-05
123.247 9.88572e-05
124.268 0.000114466
123.84 8.83477e-05
122.687 9.91238e-05
123.441 0.000103923
123.803 0.000100642
124.875 0.000106817
125.143 6.86486e-05
126.796 0.000107585
161.906 0.000103152
116.733 9.97736e-05
124.275 -0.000108344
125.651 0.000104757
122.251 9.03342e-05
124.042 1.88678e-06
132.978 6.80428e-05
124.052 9.74161e-05
123.5 0.000100379
125.491 9.84921e-05
124.289 9.98597e-05
124.211 9.83643e-05
125.268 4.71932e-05
125.943 0.000101359
124.178 9.99755e-05
121.756 9.54079e-05
125.865 0.000100109
126.739 3.84245e-05
123.027 0.000101785
122.018 9.81782e-05
123.536 9.90295e-06
124.986 0.000106253
125.677 0.000102886
115.652 0.000114499
124.74 0.000103023
123.904 0.000101606
125.317 0.000108279
127.315 4.69064e-05
123.696 0.000103987
124.064 9.92195e-05
126.855 0.000109813
123.69 9.75959e-05
120.219 9.28899e-05
124.544 2.99827e-06
123.693 0.000100319
125.914 8.41618e-05
124.635 0.000103585
121.494 0.00010087
125.041 8.97946e-05
124.294 0.000111919
124.772 9.73793e-05
121.721 6.15957e-05
122.488 9.89992e-05
124.595 0.000113304
124.258 0.000109669
124.974 9.69025e-05
126.308 0.000104335
126.188 0.000102836
129.449 0.000106376
125.136 0.000107298
126.268 0.000116874
126.401 0.000110975
158.366 0.000102794
122.89 9.90027e-05
128.137 0.000102162
124.102 8.03656e-05
125.665 0.000112383
124.658 0.000114166
124.964 9.99121e-05
130.219 4.80292e-05
125.162 0.000114
123.891 0.000103683
124.285 9.20513e-05
126.061 4.3687e-05
125.143 0.000113861
119.716 0.000102948
121.821 0.000113921
124.344 0.000100983
124.893 9.9376e-05
125.273 0.000106897
123.517 0.000102529
122.425 9.1218e-05
125.182 0.000103554
124.652 7.9958e-05
126.018 0.00011393
126.265 0.000103864
125.949 9.92044e-05
125.939 7.86285e-05
119.439 0.000100893
121.237 0.000114225
123.782 0.000105086
123.121 9.77903e-05
121.585 0.000101423
124.827 0.000106005
125.17 9.99991e-05
125.088 9.94293e-05
122.535 4.17801e-05
124.595 0.000100072
121.704 6.71573e-05
135.628 0.000101442
133.624 0.000104352
126.855 0.00010874
124.508 0.000106753
124.769 0.000114287
123.608 0.000113682
124.335 0.000107097
124.384 0.000100436
123.327 0.000100913
123.912 0.000104204
123.909 1.93934e-06
138.922 4.99121e-05
122.636 0.000105022
120.273 0.00010409
125.156 0.000115219
125.91 0.000112906
124.136 5.81199e-05
124.546 0.000104433
125.632 0.000101719
123.471 0.000104926
125.593 0.000100367
123.697 0.000100668
125.316 0.000100991
125.198 0.000101034
126.195 9.37037e-05
125.212 9.99345e-05
123.448 0.000101407
125.124 0.000104204
121.881 0.000110242
127.472 0.000103028
123.318 0.000100413
125.198 0.000100604
125.398 4.80158e-05
125.833 0.000114046
124.945 0.000101023
116.965 0.000104852
125.833 5.7509e-05
123.856 0.000105598
124.405 9.9554e-05
123.37 0.00010221
123.165 0.00011097
127.203 0.000114159
124.471 0.000104159
126.86 0.00010319
132.205 0.000104937
125.777 9.94594e-05
123.947 0.000100317
125.533 0.000103879
124.318 9.68625e-05
125.568 0.000111748
126.573 3.84616e-05
123.747 0.000115395
124.264 0.000104056
126.202 0.000109123
122.676 0.000105091
126.066 9.80663e-05
124.262 0.000105556
124.921 0.000112242
124.604 9.98838e-05
118.52 0.000101003
123.244 0.000101369
153.705 9.60274e-05
124.656 0.00010247
126.563 0.000106448
123.352 0.000102344
128.328 0.000117163
124.299 9.96696e-05
123.812 0.000108511
127.423 0.000109413
125.791 0.000105641
122.01 0.000101675
122.289 0.000103224
123.958 7.72809e-05
121.844 0.000107906
124.945 9.98628e-05
123.917 0.0001029
122.624 0.00010639
122.773 -1.46936e-07
168.148 0.000102319
128.377 0.000106255
123.109 0.000109188
124.559 0.000110595
119.599 0.000110919
124.752 0.000101537
118.059 9.54231e-05
123.719 0.000103528
126.444 2.91403e-05
127.049 2.51682e-07
124.079 9.71976e-05
124.84 9.78636e-05
124.583 9.95542e-05
125.725 8.49322e-05
125.437 0.000108868
117.263 -9.68565e-05
123.023 0.00010821
127.674 0.000100134
125.051 0.000100647
124.358 9.48027e-05
123.962 0.000102199
125.893 0.000102771
126.289 9.91058e-05
124.982 0.000116158
126.077 0.000103054
126.485 0.00010544
123.412 0.000103915
123.55 0.000114114
125.038 0.000114013
117.798 0.000102331
115.827 0.000104611
124.243 0.000104218
133.47 0.000105166
125.555 0.000102511
125.779 0.000102961
124.051 0.00010258
122.508 9.88989e-05
124.201 0.000102542
124.892 0.000104458
126.332 9.97977e-05
120.164 9.92871e-05
131.306 0.000114281
123.968 0.000115139
146.91 0.000103406
125.075 0.000101231
119.097 0.000106163
124.296 9.94589e-05
124.092 0.000103205
124.633 0.000105819
124.577 0.000101561
125.723 -0.000100188
132.312 9.35843e-05
122.319 0.000107478
126.041 0.000104692
124.478 0.000101451
124.496 0.000113507
125.228 6.77708e-05
124.835 0.000100804
125.848 0.000106079
121.417 0.000107233
128.188 9.79213e-05
119.042 0.000104479
125.312 0.000100809
121.649 0.000118068
123.467 0.000102873
129.16 0.000105083
123.749 0.000106738
125.436 0.000114236
116.459 0.000111343
123.006 9.50392e-05
124.44 0.000109284
124.752 0.00010518
125.683 9.56502e-05
124.733 0.00011545
140.331 0.00011034
123.718 9.94741e-05
123.815 3.86582e-05
128.682 9.9369e-05
124.659 9.89528e-05
125.319 9.71125e-05
123.384 9.86249e-05
123.616 0.000102002
124.739 0.000101874
126.071 0.000102176
124.191 0.000112842
118.897 5.78887e-05
121.956 0.000101563
121.026 0.00010194
125.381 0.000100871
126.551 0.00011437
124.407 0.000106198
125.765 0.00010369
124.311 0.000103235
119.132 9.68314e-05
123.575 1.12649e-05
125.906 0.00011028
118.427 0.000110817
125.61 0.000100638
124.357 9.72213e-05
124.049 0.000115505
126.136 0.000108826
121.873 9.83785e-05
124.346 0.000112176
122.615 0.00011541
125.167 0.000113902
124.206 0.000100966
123.801 0.000100642
123.964 9.9735e-05
125.663 8.62483e-05
127.767 9.68857e-05
125.18 0.000113863
118.506 0.000104579
122.442 9.86103e-05
123.197 0.000110707
124.821 9.84432e-05
126.085 9.758e-05
123.825 9.80166e-05
123.096 2.16102e-05
125.442 9.15373e-05
122.477 3.77914e-05
125.825 0.000102613
125.168 9.44242e-05
125.3 -8.6525e-05
125.593 0.000100192
121.597 0.000108979
124.501 0.000104453
123.186 0.00010676
124.675 9.9236e-05
125.349 0.000102331
123.976 0.000109266
123.505 9.95902e-05
123.983 0.000113224
123.86 0.000119328
125.215 9.63449e-05
126.798 0.000108153
124.961 0.000116501
124.159 2.17678e-05
124.968 0.000101053
124.889 9.80313e-05
125.498 0.000100738
128.016 9.72327e-05
128.2 9.94804e-05
125.947 0.000104081
127.387 9.73384e-05
122.207 0.000101443
124.351 0.000102759
122.154 9.35435e-05
125.997 7.40906e-06
128.48 0.000101333
123.614 9.94252e-05
127.042 -0.000104593
122.714 0.000115293
123.555 0.000100055
118.322 0.000103854
126.048 0.000100127
121.311 7.47713e-06
125.863 0.000100627
120.216 9.60094e-05
123.957 9.95104e-05
122.409 9.96039e-05
126.524 6.92576e-08
122.684 0.000100493
120.375 8.50834e-05
126.577 9.6523e-05
125.892 9.95721e-05
123.908 9.84376e-05
124.529 0.00011072
124.971 0.000100809
124.62 0.000104124
125.699 9.87401e-05
146.007 0.000107686
124.212 9.37977e-05
120.02 0.000102586
124.063 -9.99078e-05
132.802 0.000114592
121.258 9.74511e-05
120.242 0.000109385
127.284 7.46418e-05
153.118 0.000115512
124.447 0.000111707
125.583 0.000102085
128.279 0.000109562
126.583 8.56715e-05
124.408 9.97311e-05
124.565 0.000109193
125.661 0.000101412
124.958 0.000155743
127.946 0.000182768
121.902 0.000160947
124.253 0.000156371
122.931 0.000154142
123.841 1.80912e-06
124.421 0.000159652
121.987 0.000150032
123.057 0.000155657
127.119 0.000160797
125.238 0.00017429
130.45 0.000166911
122.826 0.000165602
118.045 0.000161839
123.643 0.000105115
120.033 0.000152397
123.325 0.000164873
126.576 0.000151977
125.344 8.84041e-05
125.19 0.000161647
124.945 0.000170264
124.674 0.00015291
123.414 0.000160036
128.223 4.58468e-06
125.148 0.000163276
144.248 0.000158051
124.619 0.00016956
124.354 0.000179288
125.96 0.000156244
126.264 0.000118594
115.283 0.000156132
126.44 0.000156602
123.722 0.00014455
123.878 0.00015732
126.17 0.000156053
124.812 8.82297e-05
125.19 0.000151004
124.13 0.000153893
123.424 0.000161742
125.911 0.000158889
127.616 0.000134121
126.835 2.33333e-05
126.253 0.000164893
122.626 0.000159772
122.357 0.000149085
125.3 0.000156589
122.287 0.000153261
126.521 0.000156133
125.171 0.000149017
140.519 0.000164807
125.352 0.000151606
126.141 0.000156766
125.081 0.000160826
125.002 2.96703e-06
118.388 0.000160862
124.548 0.000146529
125.689 0.000160229
124.496 0.000176504
117.913 0.000175344
124.337 0.00016249
125.465 5.86312e-05
119.145 0.000153116
125.685 1.69233e-05
123.75 0.000142622
124.197 0.000152612
126.316 0.000151657
125.929 0.000159497
123.836 0.000155844
128.169 0.000153739
124.418 0.000157127
126.366 0.00015443
127.735 0.00016702
125.186 0.000162021
122.651 0.000155981
128.368 0.000158757
124.323 2.39799e-05
125.463 0.000159029
124.802 0.000162255
126.354 0.000124522
123.96 0.000162061
124.48 0.000176738
128.016 0.000154994
122.696 0.00017381
122.774 0.00017835
123.661 0.000144176
150.948 0.000157105
124.272 0.000157126
125.892 0.000152946
125.999 0.000171709
127.097 0.000174932
120.251 0.000143615
128.06 0.000167888
126.622 0.0001421
123.255 0.000164095
125.783 0.000141482
125.79 0.000154167
124.887 0.000157384
123.209 0.00017599
124.304 0.000158088
125.019 0.000157772
125.232 0.000156698
121.166 0.000152742
124.04 0.000153838
123.194 8.08382e-06
121.903 0.000163535
122.857 0.000150142
126.639 9.19134e-05
123.574 0.000152284
123.787 0.000156428
120.805 0.000169492
120.113 0.000162029
123.604 0.000161927
125.977 0.000175912
125.984 0.000161622
123.136 0.00015739
125.201 7.35342e-05
126.906 4.60046e-05
123.858 0.000177432
126.095 0.000143549
125.145 0.000104698
124.01 0.000172173
127.475 0.000156115
128.905 0.000171282
124.289 0.000158901
121.577 0.000145043
118.486 0.000168504
130.487 0.000154382
124.953 0.000157486
124.612 0.00016947
127.056 1.06834e-05
124.39 0.000132585
121.427 0.000154523
125.647 9.08673e-05
125.249 0.000152156
122.551 0.000142285
125.518 0.000162068
123.193 0.000155968
126.533 0.000158399
127.841 0.000151062
123.476 0.000157333
122.196 0.000159192
121.586 0.000159003
125.233 0.000170802
125.124 0.000164405
126.797 0.000157549
126.541 0.00010629
124.356 0.000159518
124.976 0.000163996
124.928 0.000157576
122.123 0.000160144
125.126 0.000151476
124.846 0.000153211
126.237 0.000156757
127.26 0.000152631
115.168 3.28621e-05
125.183 0.000160288
123.512 0.000175584
119.917 0.000168894
116.088 7.62649e-06
124.741 0.000158149
125.101 0.000153716
126.428 0.00016524
125.648 0.000163674
126.695 0.000169457
125.163 0.000172663
124.729 0.000124756
120.683 0.000145019
125.672 0.000159008
124.863 0.000171462
124.67 0.000155763
129.971 0.000155173
125.047 0.000158935
126.102 0.000156802
126.791 0.000153624
123.856 0.000175312
122.6 0.00015453
127.491 0.000170792
124.509 0.00016234
126.828 0.000158855
122.486 0.000151764
124.824 0.000155019
126.049 0.000160975
126.184 -8.44605e-05
124.104 0.000155073
125.696 0.000154551
124.927 0.000159324
124.431 0.000154658
126.663 0.00017585
120.992 0.000157334
121.062 0.000146942
123.866 0.000171047
117.777 0.000165108
124.894 0.000165182
123.176 0.000158591
122.218 0.000159401
129.745 0.000163335
122.588 0.000157469
122.791 7.42303e-06
124.903 -0.00015338
122.006 0.00014702
124.86 0.000164571
122.217 0.000173638
125.42 0.000174012
126.783 0.000120387
126.69 0.00015225
123.741 0.000155316
128.551 0.000151039
124.246 0.000142118
122.033 0.000139906
128.104 0.000157849
128.266 0.000154752
159.286 0.000162211
150.307 0.000152534
126.389 9.01544e-05
123.647 0.000159401
124.827 0.000167139
122.386 0.000150638
122.001 0.000175037
124.157 0.000153578
126.844 0.000175147
123.592 0.000153582
126.124 0.000154006
125.493 0.000176314
125.277 0.000153723
129.851 0.000150947
124.856 0.000141291
126.074 0.000160943
124.713 -0.000120815
118.707 0.000151054
128.103 0.000136196
126.115 0.000152283
124.756 7.01951e-05
126.332 0.000154711
125.588 0.000150716
125.515 0.000154872
119.765 0.000165473
128.012 1.67654e-05
126.04 0.000153699
117.128 0.000172964
123.619 0.000149076
120.313 0.000155116
124.651 0.000145874
137.137 0.000157296
124.972 0.000144871
126.799 0.000178838
126.365 0.000169491
124.13 0.000160004
124.4 0.000179259
123.756 0.00015386
123.599 0.000153311
122.966 -0.000158553
121.403 0.000157178
117.628 0.000178593
116.754 9.35586e-05
125.483 0.000165548
120.722 0.00016145
121.771 0.000153217
125.287 0.000153591
126.285 0.00014895
126.484 0.000153535
124.974 4.54112e-05
119.549 0.000156052
123.813 -0.000155036
125.907 0.000146578
125.184 4.54532e-05
120.957 -0.000167172
123.09 0.000154675
125.194 0.000155153
120.377 0.000162505
126.884 0.000164247
124.66 0.000143705
125.851 0.000176947
124.519 0.00015926
127.511 0.000162842
143.781 8.96369e-05
124.076 0.000152604
125.46 0.000162322
124.499 0.000160466
124.102 0.000157522
125.943 0.000163352
124.888 0.000150926
122.651 0.000154225
123.098 0.000167813
123.271 0.000160427
124.046 0.000162842
122.245 0.000159238
123.905 0.000161365
125.72 0.00016346
123.926 0.000175455
123.859 0.000165869
126.59 5.72568e-05
123.308 0.000164753
128.374 0.000151365
123.811 0.000183136
131.338 0.000149883
125.345 0.000157834
125.387 0.000156464
124.869 9.04463e-05
124.917 0.000176358
122.877 0.000176268
124.295 0.000167243
124.961 0.000150124
124.118 0.000153635
121.037 0.000158532
123.564 0.000165844
123.888 0.000173192
122.697 0.000182463
122.435 0.000151501
119.609 1.27234e-07
126.752 0.000151222
124.775 0.000156716
123 7.46043e-06
125.137 0.000153123
118.557 0.000176222
125.022 0.000154087
119.21 0.000163359
126.68 -0.000155435
124.729 0.000160304
125.3 0.000149951
126.002 0.000157085
120.638 0.000152884
122.283 7.33735e-05
126.987 1.78664e-06
124.449 0.000154752
123.592 0.000172242
124.768 0.000179352
124.031 8.57683e-05
124.557 0.000161047
125.502 0.0001561
130.551 0.000143923
125.674 0.000168136
125.07 0.000155021
125.607 0.000155203
129.584 0.00015327
126.324 0.000152775
125.594 0.00015818
121.756 0.000173227
122.571 0.00015706
123.702 0.000178205
125.784 0.000154243
117.505 0.000153456
124.414 0.000161827
123.317 0.000173206
123.558 0.000174042
125.153 0.000161526
116.646 0.000156563
126.244 0.000175654
119.522 0.000162811
126.137 0.000157984
124.736 0.000159213
126.936 7.41358e-05
125.396 0.000120702
126.046 0.000152702
125.611 0.000159744
161.979 0.000171284
124.585 0.000155645
121.777 0.00013691
124.185 0.000153882
122.435 0.00018241
123.898 0.000159579
125.832 0.000150503
123.37 0.00016405
123.544 0.000154489
125.032 0.00015856
124.676 1.63587e-05
124.111 0.00017657
125.793 0.000175759
126.272 0.000172044
123.051 0.000158454
123.37 0.000151314
124.055 0.000155583
125.654 0.000155288
126.086 0.000152648
124.399 0.000164763
125.816 0.000157415
123.926 0.000163575
125.513 0.000154686
115.161 0.000160766
126.263 7.43312e-06
125.878 0.000178815
123.971 0.000157718
124.288 0.000155244
124.549 0.00015587
121.925 0.000175963
115.993 0.00017739
128.318 0.000150526
127.104 0.000162051
123.487 0.000152698
123.537 7.48351e-06
124.361 0.000154904
115.543 0.000136177
126.436 0.000105082
125.666 0.000141081
122.5 0.000148636
123.392 0.000174331
126.28 0.000167402
125.252 0.000152397
124.503 0.000180257
125.836 0.000154312
122.31 0.000156576
124.71 0.000181175
125.014 0.000171829
132.116 0.000176509
127.198 -0.000170948
126.489 1.66127e-06
123.137 0.000155789
126.733 0.000153192
116.533 0.00016055
124.557 0.000175139
125.681 0.00014379
124.157 0.00015572
123.202 0.000143238
124.155 0.000158728
125.084 0.000171643
124.217 0.000176815
123.974 0.000160622
126.891 0.000154611
151.192 0.000167625
126.024 0.000160962
127.572 0.000158557
126.175 -0.000174233
124.055 0.000169111
123.584 0.000161994
122.341 0.000152718
125.596 0.000154479
123.958 0.000147325
125.116 0.000175227
123.655 0.000163081
124.58 0.000131645
124.671 0.000154462
123.887 0.000157172
122.838 0.00017549
125.831 1.14739e-05
120.964 0.000153662
123.059 0.00016667
155.402 0.000153557
125.908 0.000125125
125.259 0.000165541
147.966 0.000158269
123.826 0.000156183
122.214 0.000159987
131.078 0.000139823
121.823 0.00015993
125.024 0.000147441
123.898 0.000180689
126.428 0.000145227
125.453 0.000154064
159.934 0.000168383
154.053 0.000153803
126.935 0.000154046
128.729 0.000170184
121.92 0.000149309
123.86 0.000158675
126.236 0.000175159
124.571 2.95657e-06
125.999 0.00016237
125.069 0.000159136
124.107 1.10533e-05
125.23 0.000155486
124.341 0.000171363
129.78 -0.000170217
125.036 0.000152072
121.65 0.000135102
125.923 0.000156936
121.669 3.37699e-05
126.808 0.000144802
118.335 0.000172223
125.448 0.000164401
124.785 0.000153988
124.263 6.75266e-05
125.047 3.37628e-05
122.271 0.000153807
123.877 0.000146276
146.345 -0.000149211
124.467 0.00016831
124.803 3.38444e-05
125.539 0.000159995
125.608 0.000151448
126.383 0.000169245
126.65 0.000165684
123.621 0.00015638
126.524 4.5771e-05
124.322 0.000147333
127.837 0.000146577
125.184 0.000163266
123.556 0.000154784
127.826 0.000146779
128.268 4.51948e-05
124.266 0.0001425
126.308 0.000142315
129.566 0.000151705
126.721 0.000166844
125.099 0.000154983
122.082 0.000164432
