120.521 0.000250503
120.313 0.000235404
121.633 0.000247544
115.21 0.000292399
118.097 0.000254078
119.932 1.8079e-05
118.403 0.000250573
119.606 0.000246982
125.596 7.52394e-06
121.803 0.000240251
116.603 0.00027576
121.815 0.00024195
117.6 0.000285671
119.756 0.000246496
118.606 9.7287e-05
121.288 0.000259407
120.313 0.000210387
119.783 0.000285107
117.203 0.000287704
119.893 0.00025134
119.588 0.000253798
118.138 0.000237505
123.435 0.000253214
115.981 0.000279371
116.866 0.000275587
119.475 0.000283082
120.037 0.000263405
118.533 0.000249474
121.642 0.000256587
116.257 0.00023631
116.144 1.69118e-05
122.789 0.0002831
119.927 0.000250253
117.282 0.00025123
119.961 9.46831e-05
118.479 0.000267768
117.558 0.000249919
120.029 0.000255907
117.002 0.000251327
119.238 0.000251534
119.955 0.000236036
117.191 0.000261989
116.38 0.000262937
119.752 0.000251059
122.598 0.000285878
117.576 0.000258552
121.87 0.000285492
118.35 0.00024496
120.461 0.000279544
123.528 0.000193802
134.696 -0.000253448
119.549 0.000254725
120.425 0.00026261
116.588 0.000253041
116.101 0.000247123
119.232 0.000243345
120.804 0.000285098
116.662 0.000246864
118.889 0.000275016
115.66 0.000279026
121.893 7.43429e-05
119.667 0.000260662
119.282 0.000286779
117.461 0.000276715
121.822 0.000278197
119.046 0.00022595
116.418 0.000251302
118.759 0.000295164
117.427 0.000259887
116.869 0.000277546
124.867 0.000238806
118.814 0.000249687
119.054 0.000163151
121.263 7.3606e-05
122.078 0.000248219
119.207 0.000244996
117.295 0.000289622
118.473 0.000249155
120.66 0.000270905
121.038 0.000269172
120.191 0.00019567
119.983 0.000273319
119.829 0.00026703
120.015 0.000251048
119.837 -0.000147455
119.072 0.000249373
122.02 0.000119158
119.762 0.000264864
116.396 0.000278647
115.609 0.000241905
120.508 0.000233741
121.417 0.000246102
115.397 0.000254414
116.67 0.000249846
118.93 0.000246991
118.133 0.000252749
120.33 0.000252686
119.725 0.000258984
118.739 0.000249473
128.052 0.00025002
119.395 0.00026101
116.806 0.000213266
120.508 0.000263016
116.989 0.000252619
123.34 0.000143091
120.228 9.54211e-05
120.141 7.36128e-05
119.084 0.000266814
120.194 0.000250088
115.668 0.000220915
116.416 0.000259468
120.26 0.000261471
120.416 5.43187e-05
119.622 0.000277689
119.098 0.000283588
120.947 0.000238191
116.646 0.000264694
120.928 0.00026313
117.269 0.00025027
123.188 0.00024132
118.05 0.00024823
119.889 0.000262834
118.899 -0.000253043
117.986 0.00025087
117.919 0.000244551
118.999 0.000284721
120.395 0.000249633
122.71 0.000118993
118.059 2.93961e-06
118.17 0.00026347
118.727 1.74764e-06
117.021 0.000249813
115.679 0.000305724
120.155 0.000248992
117.501 7.47446e-06
122.747 0.000121914
117.636 0.000278524
118.275 0.000251153
119.707 0.000244355
120.115 0.000265181
121.037 0.000266723
119.843 0.00024817
119.748 0.000292305
128.617 0.000253848
119.486 0.000255162
120.28 0.000253075
119.672 0.000247482
118.674 0.000250161
121.917 0.0002592
120.521 0.000247878
118.998 0.000254699
117.127 0.000251382
123.59 0.000256875
117.956 0.000251591
120.574 0.00036681
116.329 0.000403754
122.579 0.000393136
119.728 0.000361088
120.216 0.000376086
119.362 0.000384586
118.083 0.000367472
119.442 0.000364856
117.853 0.000369992
118.529 0.000402143
120.89 0.000332987
115.32 0.000436887
118.225 0.000392194
121.978 0.000381138
118.209 0.000370149
118.882 0.000376467
117.238 0.000364688
118.962 7.0767e-06
119.989 0.000411378
119.976 0.000382577
120.172 0.000389126
117.61 0.000435207
120.621 0.000370697
119.755 0.00037164
120.959 0.000378904
115.517 0.000361794
118.269 0.000409206
120.767 0.000374741
118.714 0.000374251
119.397 0.000370557
122.162 0.000373216
119.932 0.000373001
117.635 0.000393495
120.23 0.000361914
119.836 0.000211342
118.001 0.000420523
119.146 0.000378693
118.589 0.000422163
120.014 0.000387198
122.641 0.000397724
119.94 0.000413777
119.985 0.000393084
121.501 0.000387816
118.464 0.000417677
119.434 0.000398668
122.102 3.95239e-05
118.722 0.00038592
121.836 0.000390715
122.736 4.26538e-05
118.385 0.000420621
115.76 0.000372025
120.341 0.000384015
118.843 0.000425618
121.057 0.000363809
122.382 0.000177791
116.934 0.000427085
121.534 7.13579e-06
120.784 0.000374634
121.739 0.000340345
116.967 0.000376024
121.597 0.000317623
116.299 0.000370764
121.1 0.000365648
119.071 0.00036694
121.478 0.000420418
123.705 0.000371895
121.573 0.000392397
123.332 0.000382078
121.221 0.000417044
122.933 0.000377538
122.249 0.000342876
120.046 0.000426985
117.579 0.000378475
121.35 0.000380032
124.917 0.000369612
120.547 0.000423621
118.886 0.000371494
121.113 0.000325457
121.846 0.000347018
115.78 0.000373993
119.532 0.000370216
117.665 0.000372285
122.536 0.000406943
121.019 8.44342e-07
118.111 0.000372341
117.113 0.000381808
117.933 0.000362577
120.542 0.00038457
115.486 0.000368107
119.318 0.000363277
119.17 0.000365617
123.571 0.000312208
117.296 0.000367156
118.515 0.000368766
120.335 0.000369161
118.142 7.8923e-05
121.91 0.000367123
120.931 0.000385723
118.471 0.000371257
117.727 0.000348112
122.225 0.000412731
122.544 0.000281453
118.408 0.000369695
117.944 0.000415596
119.916 0.000367404
115.873 0.000394963
119.293 0.000366661
123.479 0.000394971
118.069 0.000410796
119.48 0.000422393
132.289 0.000361752
119.288 0.000385293
119.306 -0.000320364
117.496 0.000374043
118.969 0.000363452
118.514 0.000384664
117.979 0.000372798
118.772 0.000383443
122.525 0.000367872
120.626 0.000423146
126.393 0.000399713
118.265 0.000403182
118.768 0.0003868
119.53 0.000381739
118.685 0.000373448
119.214 0.000370403
120.295 0.000379747
120.992 0.000377835
117.83 0.000380553
120.195 0.000391353
118.343 0.000140283
121.836 0.000363413
119.875 0.000387343
119.215 0.000373104
123.199 0.000375426
126.372 0.000365151
117.732 0.000363283
122.863 0.000376038
121.483 0.000367632
116.239 0.000401738
116.767 0.00035256
119.198 0.000360774
123.127 0.000360164
126.443 0.000385466
115.908 0.000423755
119.686 0.000363671
120.045 0.000405522
117.547 0.000423143
119.307 0.000386993
119.297 0.000400846
121.024 0.000365881
119.719 0.000384561
122.928 0.000409776
119.614 0.00037945
