117.368 0.000266257
119.237 0.000262996
124.061 0.000240901
119.053 0.00026757
119.458 0.000248553
119.928 0.00023916
122.106 0.000285384
126.533 0.000253368
120.369 0.000237526
118.5 0.000253232
125.482 0.00020734
118.495 0.000283995
122.687 0.000258593
123.395 0.000238083
121.365 0.000262828
120.921 0.000166817
165.752 2.82674e-06
118.345 0.000245692
146.669 0.00028359
118.289 0.000247357
115.174 0.000242613
116.272 0.000258713
118.627 0.00025358
120.568 0.000146389
115.629 5.49565e-05
118.937 0.000247655
118.537 0.000264299
119.848 0.000228899
117.728 0.000283343
119.727 0.000250642
148.976 0.000249883
122.654 0.000287907
119.3 0.000404464
115.361 0.00023728
118.202 0.00043685
121.19 0.000350931
119.618 0.000424933
119.662 0.000364397
118.052 0.00043541
120.241 0.000375751
123.294 0.00035227
122.473 0.000394759
121.072 0.000400116
117.957 0.000356967
121.595 0.000343894
116.135 0.000108104
118.852 0.00025103
118.758 0.000407983
118.385 0.000404868
122.001 0.000417266
118.145 1.5616e-06
119.643 0.000396174
117.318 0.000382929
121.501 0.000418798
118.46 -0.000363095
119.143 0.000378833
119.947 0.000408039
117.536 0.000370409
119.876 0.000379076
125.973 0.000371078
119.157 0.00039485
118.233 0.000432601
119.135 0.00043181
118.872 0.000394524
