123.199 9.48424e-05
124.871 0.000104573
122.739 0.000111058
125.146 9.55108e-05
124.961 9.46586e-05
126.677 9.81111e-05
122.878 0.000107495
124.565 9.31479e-05
121.335 9.86132e-05
121.981 0.000104663
124.134 9.94373e-05
125.896 4.8954e-06
126.29 9.76988e-05
124.874 9.51234e-05
125.886 9.63388e-05
126.241 9.51357e-05
117.57 0.000108458
120.662 9.53541e-05
126.279 9.89724e-05
119.111 9.44082e-05
128.876 0.000109755
120.049 9.7172e-05
126.528 0.000100006
122.18 9.5849e-05
126.354 0.000109471
117.805 9.49237e-05
125.891 0.000107997
125.933 0.000101143
125.456 0.000100482
124.451 9.43901e-05
125.314 0.000109567
124.818 0.000104667
123.227 8.18936e-05
116.909 9.5139e-05
124.177 0.000104287
116.245 0.000105702
128.149 9.83866e-05
125.759 9.53253e-05
122.174 9.68788e-05
121.467 0.000100286
128.634 9.81794e-05
122.399 9.66785e-05
124.117 9.65012e-05
127.908 9.98404e-05
116.729 9.75999e-05
124.653 0.000110707
123.852 9.62149e-05
128.139 9.92066e-05
121.771 0.000105874
127.148 9.65973e-05
122.42 0.000108681
126.09 0.000110001
125.924 9.53821e-05
120.585 0.000102897
124.028 1.45117e-05
126.313 7.4597e-05
123.853 9.98241e-05
120.892 4.6521e-06
124.636 0.000100258
126.443 0.00010657
122.929 0.000104407
123.598 2.4348e-07
125.059 0.000110227
125.453 9.59879e-05
122.649 0.00010065
125.054 9.6087e-05
124.898 9.56132e-05
125.706 7.00699e-06
128.103 9.74019e-05
125.863 0.000110296
124.316 9.98625e-05
117.477 9.59314e-05
125.21 9.75878e-05
123.94 9.07855e-05
124.15 0.000108533
124.891 9.59395e-05
124.511 0.000110029
125.834 9.47304e-05
124.117 0.000108636
124.253 0.000109662
123.677 9.83252e-05
118.332 9.87964e-05
126.99 9.25958e-05
122.314 9.52483e-05
120.275 9.92546e-05
124.309 0.000108252
118.841 9.74131e-05
