115.995 0.000249779
118.385 0.00026223
118.559 0.000286169
120.634 0.00025072
120.404 0.00026692
115.693 5.58261e-05
121.442 0.000249106
121.668 0.000251803
118.423 0.000281686
118.504 0.000244658
117.358 0.000267705
122.413 0.000267424
120.015 0.000197006
137.298 0.000258879
118.379 0.000263783
119.319 0.000288924
119.116 0.000261579
117.866 0.000232116
117.825 0.000257499
119.888 0.000293619
120.265 0.000287705
136.643 0.000257749
118.527 0.000258332
118.089 0.000170005
119.756 0.000262291
121.642 0.000271824
119.345 0.000271652
116.344 0.000244765
120.925 0.000252398
117.933 0.00022703
116.195 0.000167641
121.253 0.000167742
121.138 0.000241624
120.409 0.00024707
120.848 0.000241749
120.267 0.000247945
116.118 -9.89372e-05
118.309 0.000265518
119.561 0.000256438
120.419 3.90921e-05
119.95 0.000142168
121.373 0.000257294
120.905 0.000252461
121.84 0.000275631
116.989 0.000251502
123.568 0.000312991
119.275 0.000233142
116.03 0.000270477
117.43 0.00024872
119.175 0.000248482
117.55 0.000250685
115.136 0.000289124
119.68 0.000270173
124.607 0.000279977
119.729 0.000247575
119.824 0.000230728
117.531 0.000278073
119.99 0.000250443
119.323 0.000247004
121.772 9.57144e-05
118.694 0.000255398
121.326 0.000245463
116.937 0.000229303
117.068 0.000257205
118.262 0.0002545
116.613 0.000261568
119.591 0.000257915
138.882 0.000250248
119.368 0.000243109
116.515 0.000224422
119.349 0.000269168
118.641 0.000245897
115.852 -0.00024077
119.283 0.000287941
118.441 0.000252538
120.052 0.000289619
120.548 0.000244849
117.993 2.87975e-06
120.839 -0.000237375
121.027 0.000275577
119.141 0.000259034
116.075 0.000283749
117.075 0.00029023
116.429 0.000251804
120.934 0.000251375
116.503 0.000266595
116.587 0.000164803
118.988 0.000206409
121.846 0.000244815
120.064 0.000258381
116.254 0.000248375
120.61 -0.000258617
117.771 0.000258431
119.506 0.000260225
120.551 0.000281232
120.149 0.000251504
123.136 2.82671e-06
119.964 0.00025194
118.396 0.000383066
116.752 0.000380611
115.467 0.000372397
116.649 0.000387202
121.48 0.000388366
118.207 0.000398157
116.976 0.000375289
117.041 0.000343475
121.091 8.11036e-05
117.8 0.000365367
121.013 0.000412877
120.978 0.000403325
117.031 0.000386151
118.205 0.000370097
118.964 0.000375562
119.948 0.000285226
121.21 0.000393773
120.058 0.000396202
119.885 0.000368744
123.259 0.000381248
117.849 0.000174603
120.108 0.000378856
119.408 0.000383265
123.076 0.000332887
118.112 0.000407111
118.278 0.000337936
121.021 0.000379901
117.113 0.000423728
119.048 0.000408753
115.485 0.000358896
119.836 0.000362867
118.746 0.000384092
119.799 0.000416843
118.165 0.00041126
118.654 0.000366105
119.53 0.000365771
117.116 0.00037067
118.398 0.0003674
119.42 0.000419293
119.406 0.000363167
118.135 0.000413753
119.252 0.000429949
119.792 0.000388665
123.939 0.000350774
118.593 0.000392066
121.29 0.000370673
115.041 0.000380632
120.167 0.000386116
122.701 0.000365062
117.155 0.000363106
121.558 4.02786e-05
116.11 0.000213459
117.926 0.000377957
118.719 0.000369147
118.347 0.000340437
119.449 0.000110811
115.098 0.000251208
119.437 4.24727e-06
117.952 0.000397936
120.81 0.000394678
115.334 0.000365671
123.304 -2.66789e-06
119.251 0.000398396
122.771 -0.000417916
121.59 0.000400807
117.899 0.000362429
118.864 0.000421487
116.005 7.06589e-06
118.832 0.000383149
117.864 0.000397386
118.814 0.000348933
117.148 0.000370097
119.591 0.000412403
116.241 0.000412264
119.782 0.000419921
119.209 0.000315268
126.458 0.000396044
