132.546 0.00042272
118.228 0.000223216
119.194 0.000391149
145.45 0.000382568
125.577 0.000439979
150.588 0.000292415
123.661 0.000353326
117.209 0.000417889
164.31 0.000392035
119.14 0.000374509
123.932 0.000379848
130.748 0.000465811
125.892 0.000290468
117.757 0.000400223
116.613 0.000406156
122.427 0.000366222
119.467 0.000386974
117.69 0.000358031
116.735 0.000381495
124.772 0.000441684
119.939 0.000388918
156.695 0.000110394
118.979 0.000390152
117.988 0.000407474
122.576 0.000386215
121.425 0.000391243
118.829 0.000408459
138.311 0.000421125
131.646 0.000374517
117.714 0.000411412
139.707 0.000373679
147.382 0.000313878
120.87 0.000434647
118.92 0.000439638
124.33 0.000378134
116.847 0.000390981
117.843 0.000383222
139.861 0.00037905
118.764 5.93315e-05
142.241 0.000294544
131.071 0.000401331
135.654 0.000414966
129.065 0.000393659
134.02 0.000356705
123.439 0.000399986
119.483 0.000435227
132.484 0.000410928
139.029 0.000381712
140.078 0.000572636
137.221 0.00039273
119.535 0.000356415
120.498 0.000384317
156.36 0.000384052
117.634 0.000376263
151.506 0.000327737
120.331 8.07149e-05
120.68 0.0003723
117.176 0.000384839
115.727 0.000352747
127.7 1.90999e-05
124.06 0.000415165
129.105 0.00038897
122.117 0.000432236
118.529 0.00042718
122.279 0.000402839
135.206 0.000439415
133.209 0.000441927
120.569 1.19138e-05
123.155 0.000435041
139.698 0.000379188
122.229 0.000391473
131.549 0.000436172
117.471 0.000378585
120.77 0.000373027
138.298 0.000431048
149.571 0.000147399
120.422 0.000349677
118.381 0.00042968
118.481 0.000387681
156.135 0.000380103
149.161 0.000379353
118.649 0.000376601
116.8 0.000397075
119.815 0.000267209
117.996 0.00037656
122.107 0.000382569
129.621 0.000373355
119.909 0.000345276
120.352 0.000327376
137.801 7.34667e-06
123.24 5.79389e-05
131.096 0.00010334
