124.729 0.000179217
139.051 1.73128e-06
124.217 0.000159674
150.498 0.000164244
126.158 0.000159207
168.88 0.000158781
119.158 0.000154221
129.884 0.000161097
124.104 0.000175546
142.072 0.000179505
159.712 0.000153458
120.69 0.000180429
161.291 0.000172847
124.149 0.000148202
124.861 0.00018029
126.006 4.66825e-05
123.602 0.000157643
142.003 0.000172276
118.992 0.000158419
124.108 0.000165541
117.073 0.000170289
120.968 0.000169212
128.227 0.000187383
130.777 0.000173816
119.127 0.000162018
130.413 0.000161431
126.388 0.00016409
118.473 9.16639e-05
125.44 0.000162025
122.317 0.000162597
132.129 0.000166049
118.992 0.000188895
120.627 0.00018141
123.002 0.000136671
142.072 0.000158549
142.205 0.000165543
124.873 0.000172109
115.843 9.53171e-05
135.964 0.00016242
125.846 0.000159097
129.172 1.49725e-07
130.418 0.000171261
125.434 0.000173175
126.051 0.000159293
120.409 0.000166967
121.786 0.000162364
123.372 0.000173099
126.999 0.000161851
121.078 -0.000208486
151.857 0.000183412
119.655 0.000172363
123.348 0.000131982
126.591 0.000179718
143.597 0.000173561
126.033 0.000171402
143.701 0.000150542
126.236 1.02615e-07
120.758 0.000171777
124.579 0.000136604
128.678 0.000160626
125.094 3.11809e-06
127.117 0.000172449
125.061 -0.000186085
127.778 0.000150865
128.837 0.000160973
124.809 0.000147012
124.86 7.59191e-05
123.635 0.000164084
118.99 0.00016545
123.495 0.000163634
117.402 0.000137675
120.138 8.91096e-05
116.616 0.000160397
163.566 0.000155758
157.935 0.000157289
118.386 0.000184463
123.471 0.000174754
121.633 0.000159916
126.093 0.000165482
124.016 0.000152381
125.388 0.000184266
158.259 0.000156047
164.149 0.000160615
157.725 0.000167164
122.481 0.000168638
133.528 0.000180722
124.17 0.000159662
123.673 0.000155013
143.733 0.000158082
169.084 0.000156497
152.663 0.000158947
126.943 0.00015895
121.695 4.67833e-05
129.852 0.000158715
151.335 0.000158517
125.8 0.000172686
168.868 0.000181345
124.573 0.000124956
127.097 0.00016437
125.829 0.000167515
117.119 0.000164413
120.745 0.000174389
132.48 0.000165251
147.909 6.13984e-05
124.457 0.000155425
128.411 0.000157421
118.129 0.000145426
137.821 0.000128418
126.244 0.000149835
124.982 0.000167751
131.9 0.000161055
169.611 0.000145505
123.251 0.000161029
133.516 7.4804e-06
134.175 0.000164713
150.819 0.000188663
126.705 0.000156568
121.876 0.000167661
125.289 2.85886e-06
126.016 0.000164895
127.049 -0.000179278
157.706 0.000159854
124.075 0.000162391
121.889 7.83127e-05
124.25 0.000164283
133.365 0.000143909
128.352 0.000152538
125.378 0.000159505
125.821 0.000150696
127.675 7.0198e-07
122.972 0.000150291
155.59 0.000160175
123.827 0.000182644
120.966 0.0001674
122.136 0.000161799
124.072 0.000164661
121.568 0.000163995
126.929 0.000165776
124.773 0.00016558
117.296 0.000157081
119.132 0.000168647
124.935 0.000160707
139.486 1.19722e-05
115.907 0.000164035
125.841 0.00015664
122.849 0.000161855
123.876 0.000154395
123.875 0.000164953
126.801 0.000137325
125.258 0.000164632
124.951 1.17497e-05
134.523 0.000133564
127.82 0.000181317
124.733 0.0001569
122.831 2.4872e-05
125.419 0.000157513
125.732 0.000150212
127.177 0.000161259
124.867 0.000150719
149.452 0.000170532
122.331 0.000159474
122.801 0.000171547
155.179 0.000165598
122.412 0.00015629
167.393 0.000158574
124.84 0.000159216
125.557 0.000166076
124.261 0.000162627
167.942 0.000160253
123.342 0.000182639
147.427 0.000122514
122.291 1.12421e-07
124.323 0.0001639
124.107 0.000165035
126.013 -0.00017065
138.373 0.000167146
120.945 0.000184664
125.927 0.00015828
138.644 0.000150384
125.697 0.000171562
123.321 0.000164057
122.481 0.000160377
125.722 0.000154417
164.346 0.000170846
145.688 4.01428e-07
126.506 0.000166173
125.5 0.000159577
125.114 0.000169214
121.677 0.000167008
122.204 3.46698e-05
134.073 0.000167853
119.101 0.00012381
146.887 1.74573e-05
123.025 0.000108831
119.337 0.000179664
124.099 0.00016024
123.222 0.00018067
127.395 0.000162099
122.707 0.000166609
139.842 0.000148362
123.042 0.000161047
125.745 0.000163821
123.18 0.00016145
128.974 0.000176949
141.044 4.83733e-06
127.618 0.000165886
124.13 0.000168192
153.026 0.000178002
126.288 0.000161582
124.07 0.000160076
127.051 0.000159922
163.031 0.000187421
143.176 0.000178928
142.23 8.16992e-05
121.731 0.00018218
125.492 0.000153197
124.961 0.000154637
123.699 0.000170062
152.451 0.000160666
149.196 0.00018163
168.545 0.000157826
125.876 0.000158976
124.723 -0.000177653
121.076 2.43772e-05
122.638 0.000170691
140.774 0.000165942
125.454 0.000159483
122.633 0.00018272
126.028 0.000160297
124.711 0.000156437
124.397 0.000157249
151.635 0.000162314
125.922 0.000153214
119.121 0.000162324
124.928 0.000157038
123.922 0.000160242
158.358 0.00016704
115.58 0.000175524
128.571 0.000163788
139.131 0.000161145
122.843 2.48723e-05
157.916 9.33124e-05
124.166 0.000164115
151.474 0.000161964
123.374 0.00016198
167.395 9.46748e-05
123.556 0.000150883
125.353 0.000159989
121.433 -0.000164689
135.44 6.31979e-05
116.572 0.000165294
167.132 0.000180463
122.644 0.000127966
128.173 0.000155536
124.958 0.00016056
123.513 0.000183773
119.363 0.000187577
123.19 0.0001631
121.115 0.000136743
143.249 0.000153263
122.883 0.000154845
169.298 0.000164809
127.723 0.000155937
123.142 0.000159495
155.226 0.000161066
120.082 0.000160398
138.711 0.000168236
120.395 0.000162889
124.252 0.000158117
119.92 0.000168551
167.883 0.000160365
127.449 0.000166269
125.752 9.43647e-05
130.836 0.000164851
129.054 0.000160945
125.38 0.000160542
166.348 0.000160865
128.316 0.000168171
154.941 0.000150988
153.871 0.000154873
149.339 0.000163671
123.357 7.36596e-06
126.982 0.000165736
123.785 0.000159652
133.143 0.000155842
122.992 0.000159713
134.217 0.000173027
163.833 0.000163546
125.601 0.00019037
125.436 0.00015838
119.559 0.000154769
153.803 0.000163593
125.431 0.000168565
123.014 0.000165442
122.085 0.000170025
118.671 0.000169436
120.105 0.000166292
120.796 0.000159614
156.117 0.000175661
124.63 0.000161974
147.992 0.00016048
164.545 0.000155449
134.523 0.000145453
140.063 0.000165098
124.898 0.000185153
124.893 -0.000167903
125.171 0.000158275
148.37 0.000167007
125.104 -1.73837e-05
166.619 0.000154678
125.092 -0.000167634
120.549 0.000155845
149.526 0.000164758
116.143 0.000165762
125.155 0.000166464
118.432 3.52145e-05
141.407 0.000157234
128.409 0.000170964
169.581 0.000165576
125.597 0.00016886
126.256 0.000141026
123.757 0.000163907
124.487 0.000180551
124.015 0.000153734
119.565 0.000173351
151.907 0.000167089
165.401 0.000160937
126.063 0.000167961
125.334 3.4597e-05
125.514 0.000186012
124.919 0.000182377
126.927 0.000169484
126.079 0.000184916
123.678 0.000164384
126.206 0.000146422
128.337 0.000158436
123.656 0.000157894
146.401 0.000159356
127.802 1.83087e-05
123.232 0.000109751
169.963 0.000173852
122.771 0.000156405
118.139 0.000169158
120.332 0.000185423
116.695 0.000182832
118.362 4.61983e-05
117.962 0.000148086
123.804 0.00016122
123.954 0.000182451
161.631 0.000160635
157.434 0.000162047
126.279 0.00015707
124.434 0.000156929
123.194 0.000166382
123.761 0.000175719
130.686 0.000174991
166.737 0.00016482
122.775 0.00018905
140.684 -0.000177433
123.384 0.000168801
128.791 0.000156391
162.648 0.000149751
117.736 0.000165706
125.137 0.000178833
126.902 9.50592e-05
117.228 0.000165843
120.292 0.000162636
125.046 0.000162155
121.44 0.000160259
126.532 0.000165163
117.782 0.00015464
117.402 -0.000166564
161.367 0.000163313
120.454 0.000187408
124.973 0.000107744
124.426 0.000180394
117.968 0.000167301
128.742 0.000165475
125.703 3.50911e-05
124.07 0.000107485
118.233 0.0001594
121.77 0.000159818
127.685 0.00016092
163.261 0.000172357
133.147 0.000107385
124.513 0.000175337
121.049 0.000107692
136.567 0.00016465
121.48 0.000165936
151.964 0.000165128
143.782 0.000160078
121.49 0.000178774
130.985 0.000181192
121.62 0.000152941
126.132 0.000174663
124.878 0.000158789
126.161 0.000131848
121.912 0.000165321
119.529 0.000156694
134.818 -0.000155581
123.728 0.000182516
118.717 0.00012558
126.043 0.000183465
137.453 0.00017871
121.843 0.000167629
160.465 0.000138652
139.512 0.00018182
126.005 0.000164389
124.331 0.000149104
139.572 0.000156979
123.694 0.000165674
124.665 0.00016747
169.939 0.000161623
131.49 0.000165253
122.023 0.000186941
125.5 0.000158919
123.841 0.000166969
122.817 0.000139571
120.175 -0.000175175
125.031 0.000164344
124.78 0.000182213
123.074 0.000158532
126.025 0.00016506
121.243 0.000174418
142.798 0.000148999
121.474 0.000152513
159.246 0.000163889
123.312 0.000177214
124.389 0.000158651
126.348 0.00018699
125.981 0.000164605
118.838 1.16989e-05
164.04 0.000169658
151.262 0.000157061
122.467 0.000159146
123.007 0.000154161
167.704 0.000141405
124.841 0.00017813
153.535 0.000182949
124.596 0.00012194
137.232 0.00016401
127.438 0.000163032
168.181 0.000161198
155.739 0.000178102
126.93 0.00015751
132.905 0.000158171
121.687 0.000164135
121.334 0.000170083
124.595 0.00018264
166.221 0.000123752
124.874 0.00015824
118.243 0.000169048
126.284 0.000157007
151.013 0.000108278
124.025 0.000172059
126.655 0.000160506
123.36 0.000173076
122.693 0.000165106
120.051 0.000181367
121.463 3.45718e-05
123.522 0.000157212
125.372 0.000163152
140.561 0.000179739
123.262 0.000172274
116.498 0.000148228
124.297 0.000165405
118.384 0.000169106
122.944 0.000166285
125.256 0.000166755
122.96 0.000170039
137.689 0.000184018
124.122 0.000164942
164.006 0.000184298
138.167 0.00015838
120.666 0.000163557
124.451 0.000171393
148.938 0.000160133
130.136 4.83138e-06
128.39 0.000151944
163.116 0.000158139
142.351 7.8766e-05
123.448 0.000160402
127.103 0.000158946
122.677 7.64089e-06
124.748 0.000178995
156.286 0.000180928
164.193 0.000183925
121.756 0.000162316
159.839 0.000185428
124.683 0.00018837
124.16 0.000167051
126.537 0.000110656
124.497 0.000165495
122.499 0.00021379
139.852 0.000168804
156.612 0.000156384
127.659 0.000166205
120.595 0.000160506
169.319 0.000168635
124.377 0.000162739
126.075 0.000183644
121.451 0.000122622
143.997 0.000136031
125.562 0.000181896
154.887 0.000147677
124.114 0.000166034
135.219 0.000181888
122.354 0.000183355
124.769 0.000139204
118.339 0.000160785
117.558 0.000159483
121.218 0.000169828
141.332 1.64104e-05
142.991 9.14494e-05
120.48 0.000166398
124.63 0.000178297
159.809 0.000156653
121.804 0.000167875
125.903 0.000137829
122.4 0.000166082
125.981 0.000162001
125.625 0.000160843
154.251 0.00017741
130.109 0.000160336
126.13 0.000169805
147.73 0.000170758
128.256 0.000163528
122.044 0.000177414
125.183 0.000153424
125.364 0.000170973
120.802 0.000181249
124.415 0.00017846
141.915 0.000160013
123.582 0.00018368
123.14 0.000183385
156.298 0.000160522
127.688 0.000151559
115.905 0.000165873
117.255 0.000183599
124.702 0.000157497
123.65 0.000163851
124.286 0.000181343
138.366 0.00016958
125.328 0.000168997
124.154 0.00016247
118.115 0.000163674
137.817 0.0001621
125.628 0.000161086
169.202 0.000161043
122.78 0.000185418
127.442 0.000135141
122.159 8.29267e-05
134.614 -0.000172694
120.819 0.000156385
121.313 0.000158229
124.501 4.87378e-05
168.747 0.000165905
163.725 0.000168034
122.764 0.000185504
128.368 0.00018098
124.486 0.000173911
120.588 0.000153687
127.828 0.000184403
118.123 0.000178487
124.32 0.000166177
166.258 0.000172504
125.244 -0.000161692
124.836 0.00015511
125.491 0.000169316
142.574 0.000162117
117.173 0.000168682
125.778 0.000156654
121.339 0.000179765
122.883 0.00015879
126.996 0.000161124
151.286 0.000151935
127.003 0.000154739
118.503 0.000181173
120.324 0.000158613
124.128 0.000155309
119.956 0.000160952
122.861 0.000152426
126.078 0.000155289
116.59 -0.0001758
125.41 0.000179119
126.002 0.000162244
131.458 0.000159081
126.512 0.000186375
120.048 0.000182654
117.66 0.000160102
121.75 0.000185125
124.191 4.8249e-05
134.789 0.00015924
143.465 0.000172479
126.899 0.000161119
150.269 0.000159326
121.175 0.000180154
124.245 0.000147943
122.594 0.000164233
126.49 0.000178851
121.204 0.000173547
134.654 0.000169922
123.515 0.000161106
123.172 0.000169723
124.962 0.000151238
153.222 0.000182193
119.376 0.000180641
155.237 0.00015824
125.817 0.000182575
125.464 0.000162127
125.339 0.000175549
127.009 0.000158866
116.626 0.000158296
123.692 0.000154628
124.037 0.00016274
124.948 0.000166941
132.442 0.000160441
153.264 0.000160892
118.819 0.000168251
122.813 0.000173448
121.858 0.000162045
126.963 -0.000174181
123.489 0.000166558
154.096 0.000164355
123.308 0.000158934
130.588 0.000165864
156.808 0.000184098
126.019 0.000173984
118.701 0.000158684
125.709 0.000161478
122.131 0.000158247
123.744 0.000162187
125.856 0.000138102
161.552 0.00017423
125.462 0.000158701
128.429 0.000186312
115.011 0.000183516
122.076 0.00016659
151.214 0.00018184
119.099 0.000164457
138.633 0.000163727
127.966 -0.000168625
120.045 0.000165542
125.637 0.000157448
119.597 0.000129434
159.013 7.76472e-06
122.306 0.000157441
125.834 0.000136442
120.871 0.00016357
158.84 0.000153647
124.112 9.21621e-05
129.283 0.00017847
121.78 0.00016568
123.349 0.000157156
156.385 0.000181817
122.25 0.00017923
121.131 0.000163814
123.68 0.000158084
124.665 0.000182796
159.723 -0.000165189
129.609 0.000163607
124.536 0.000158084
120.157 0.000158521
117.429 0.000176032
126.457 7.74133e-05
151.636 0.000159284
125.382 0.00016593
124.924 0.000137215
169.531 3.07035e-06
121.296 0.000162019
152.1 0.000164083
123.313 0.000180327
126.04 2.45481e-05
130.823 0.000191336
129.106 0.0001674
124.808 0.000155221
126.335 1.7096e-05
159.055 0.000164198
124.864 0.000175537
146.934 0.000159404
126.794 0.000157016
120.751 0.000168448
133.919 0.000178053
129.724 0.000164149
123.528 0.00016755
129.928 0.000179161
153.023 1.85929e-06
146.281 0.000160308
121.852 0.000160128
123.549 0.000171593
125.35 0.000159357
122.352 0.000170307
123.83 0.000181682
161.188 0.000180278
122.339 0.00016466
117.491 0.000178052
126.3 0.000178619
121.521 4.96993e-06
124.17 0.000159418
119.253 0.000159778
125.154 0.000156527
116.703 0.000161158
165.789 0.00017168
126.715 0.000173442
148.225 0.000166456
147.061 0.000186411
116.14 0.000160329
126.265 0.000179208
124.939 0.000159879
154.775 0.000163832
122.458 0.000160658
125.48 0.000180305
123.845 0.000125338
134.812 0.000136619
141.045 0.000158287
140.974 0.000180651
121.993 0.000156922
131.053 0.000159764
122.339 0.000163978
123.066 0.000170719
125.833 0.000172724
125.683 9.41553e-05
125.697 0.00016134
121.925 0.000157752
126.72 6.16547e-05
121.587 0.000148416
124.994 0.000180367
126.483 0.00015886
124.541 0.000162689
121.904 0.000171931
126.308 1.16634e-05
124.396 0.000161814
125.314 0.000162057
124.792 0.00015868
129.413 0.000171587
121.144 8.20654e-05
125.739 0.000168719
157.631 4.70038e-05
118.189 2.46335e-05
163.53 0.000159848
126.09 0.000163093
130.986 0.000161622
143.029 0.000163238
121.202 0.00016219
127.923 0.000152221
119.989 0.000158916
140.152 0.000157831
127.38 4.45643e-05
127.495 0.000154526
142.106 0.000169283
153.88 0.000163237
124.546 0.000157286
159.775 0.000173634
123.588 0.000165874
121.219 0.000158209
124.706 0.000184292
119.366 0.000164936
126.496 0.000160754
153.893 0.000174942
116.519 0.000161114
123.089 0.000159292
124.412 0.00016205
127.336 0.000156236
122.018 0.000166791
116.564 0.000189116
124.651 0.000159227
117.153 0.000181009
127.647 0.00017193
125.568 0.000165373
158.989 0.000160787
135.901 0.000165189
124.33 0.00015868
163.471 4.85358e-06
120.989 0.000159062
129.087 0.000147744
136.813 0.000156764
160.525 0.000167763
156.984 0.000169486
164.027 0.000161042
126.316 1.48963e-07
125.686 9.28647e-05
144.578 0.000158656
124.609 0.000181299
163.19 0.000164299
164.481 0.000162984
127.919 4.51963e-05
163.863 0.000118991
124.241 0.000160565
123.623 0.000166952
116.909 0.000172552
146.722 3.81954e-07
127.541 1.74582e-05
124.945 0.00016708
125.026 0.000154463
123.329 0.000138259
134.024 2.47476e-05
126.574 0.000159315
122.599 3.04484e-06
162.353 0.000153497
122.289 0.000157274
124.03 0.000162624
141.008 0.000158315
120.108 0.000173774
123.681 0.00015692
129.005 0.000186799
144.42 0.000158001
124.651 0.000159084
116.046 0.000144365
128.341 0.000171257
122.673 0.000164465
122.846 0.000180813
141.183 0.000162104
130.113 0.000191304
119.237 0.000164789
124.665 0.000160591
157.741 0.00016313
121.724 0.000166084
121.967 0.000166738
146.041 0.000158192
129.918 0.000179661
122.735 0.00016453
124.105 0.000162519
118.029 0.000165016
154.934 0.000188751
125.922 0.000167609
148.975 0.000182644
123.742 0.000176264
115.149 0.000164945
115.718 0.000162743
124.591 0.000168654
125.134 0.000180383
126.905 0.000144343
125.387 0.000157229
163.925 0.000181993
121.557 0.000150091
121.529 0.000161234
124.075 0.000164215
149.896 0.000165711
125.726 8.39787e-05
126.292 7.96621e-06
122.953 0.000175024
121.072 0.000186702
125.468 0.000166073
166.871 0.000162632
125.43 0.000171988
123.622 3.41194e-05
144.492 7.78049e-06
124.707 0.000194326
127.494 0.000170613
131.628 0.000164835
166.812 0.000148704
123.785 0.000161703
123.097 0.000174319
164.725 0.000158547
124.482 0.000190238
126.558 0.000159357
152.486 0.00015731
127.061 0.000160647
127.339 0.000169376
123.812 0.00018281
125.273 0.000180828
124.56 0.000159988
125.967 6.8114e-05
125.809 0.000170509
124.027 0.000169671
124.242 0.000165929
123.165 0.000158491
128.177 -0.000179222
122.283 0.000142218
137.265 0.000180619
162.806 0.000181386
135.63 0.000173631
152.317 -0.000169469
125.22 0.000161814
166.652 -0.000168982
140.217 5.61557e-05
126.501 1.84035e-06
144.948 0.000165343
143.337 2.45279e-05
116.147 0.000162229
124.052 0.000154733
115.711 0.000159381
126.312 0.000164249
133.686 0.000164862
126.335 0.000159354
124.609 0.000158393
125.192 0.000167606
148.457 0.000169385
154.661 0.000165883
126.563 0.000165247
119.094 7.27098e-05
120.334 0.000123905
124.387 0.000158781
124.649 0.000167289
155.047 -0.000177641
159.969 0.000170571
125.518 0.000159107
124.68 0.000187039
151.538 0.000163953
125.727 0.000172798
125.085 0.000161525
124.68 0.000165791
124.967 0.000113148
127.676 0.000163952
162.009 0.00015831
148.815 0.000163056
141.813 0.000163854
121.693 0.000184642
124.629 0.000158114
123.783 6.76051e-07
167.168 0.000166574
125.781 0.000149648
131.485 0.000158667
123.531 0.000182773
115.775 0.000157177
122.043 0.000190064
125.406 0.000161224
147.52 0.000159686
128.275 0.00016918
127.833 0.000150359
117.358 0.00015382
138.997 0.000151075
135.98 0.000166589
124.691 0.000164457
145.911 0.000159497
125.534 0.000170125
123.711 0.000167864
117.099 0.000173606
168.528 0.000165474
154.554 0.000164498
119.746 0.000164995
137.616 0.00016149
135.127 0.000160638
132.633 0.000159387
155.123 0.0001394
125.762 0.000148557
124.449 0.000172023
162.017 0.000152009
122.918 0.000151299
168.774 0.000147216
123.605 0.000162448
125.029 0.000147835
152.091 0.000167524
122.628 0.000180779
125.729 3.44495e-05
127.547 0.00015991
161.638 -0.000163753
124.257 0.000157304
125.38 0.000160144
131.73 0.000170537
147.188 0.000160297
126.727 0.000171098
124.363 -0.000181103
127.042 0.000170199
124.813 0.000161416
142.544 0.000173661
124.107 0.000189121
151.314 0.000159996
135.641 6.70705e-07
124.926 0.000180388
122.389 0.000162347
122.234 3.48179e-05
144.056 0.000179274
122.947 0.000124048
127.82 0.000168347
117.679 0.000166847
138.605 0.000166887
117.65 0.000158223
143.079 0.000167275
124.981 0.000162528
121.371 0.000163966
142.469 0.000158829
123.584 1.7389e-05
124.968 7.55831e-05
127.09 0.000166432
123.824 0.00018117
124.893 6.45377e-05
123.775 0.000158324
123.879 -0.00010673
126.449 0.0001826
162.377 0.000165493
126.235 0.000127889
129.581 0.000179982
116.224 0.000175784
118.635 0.000160124
125.797 0.000172372
148.943 0.000160123
133.139 0.000178113
122.532 0.000150653
125.303 -0.00016482
119.188 0.000192411
123.107 0.000158191
129.695 0.000182685
127.917 1.69494e-05
121.451 0.000164778
119.391 0.000164773
146.471 0.000149083
128.887 0.000161777
126.151 0.000178205
121.8 0.000161794
127.315 0.00016599
123.852 0.000148003
133.692 0.000156407
125.492 0.000173576
123.907 0.000159112
115.362 0.000161636
125.185 0.000139509
144.153 -0.00017226
139.546 0.000172156
129.507 0.000167074
143.188 0.000159177
119.573 0.00015809
155.497 0.000183479
123.612 0.000159978
125.756 2.44645e-05
123.231 0.000167815
128.596 0.00016559
145.584 0.00018246
125.904 0.00015657
126.275 0.000156215
160.87 0.000166307
123.497 0.000108723
167.692 0.000179157
129.307 0.000141317
124.748 0.000158565
140.124 4.67456e-05
