130.164 0.000242639
126.975 0.000236728
130.14 0.000232875
131.729 0.000233753
125.666 0.00024441
131.789 0.000231282
130.093 0.000252222
129.613 0.000261794
126.294 0.000252824
124.713 0.000183177
129.342 0.000232073
131.227 3.64948e-05
131.96 0.000232858
118.531 0.000256306
131.185 0.000237604
126.755 0.000247459
125.586 0.000277662
129.962 3.59243e-05
127.432 0.00023396
127.172 0.000244902
129.754 6.999e-06
130.318 0.000225411
131.956 0.000234246
129.608 0.000236092
130.167 0.000233346
129.96 0.000239242
129.093 8.97847e-05
131.289 0.000236913
126.248 0.000235185
129.601 0.000232086
128.611 0.000241296
129.099 0.000240697
127.746 0.000180381
128.562 0.000206909
127.005 0.000248999
128.948 0.00023075
128.248 0.000268697
129.867 0.000266259
133.5 4.50496e-06
117.927 9.02944e-05
120.796 0.000240923
130.953 0.00024666
129.691 0.000236137
118.409 0.000246377
124.235 0.000272745
126.936 0.000234355
122.364 0.000232816
132.923 0.000230297
130.481 2.54622e-05
125.727 0.000232221
131.505 0.000230303
134.973 0.000233172
125.17 0.000245405
130.901 -0.000233048
132.241 0.000250025
128.589 0.000251128
127.729 0.000251501
126.22 0.000249958
130.663 0.000258729
127.539 0.000227028
122.557 0.00020395
129.594 0.000199077
128.655 0.000237812
129.756 0.000237836
130.954 0.00024029
129.539 0.000164743
129.514 0.000243483
131.356 0.000237826
126.992 9.07355e-05
130.102 0.00024238
120.93 0.000235697
131.45 0.000239753
116.835 0.000243199
132.02 0.000256254
127.934 0.000230017
125.701 0.000227602
128.969 0.000234726
127.964 0.000247599
129.516 0.000267966
129.486 0.000240804
131.653 0.000257871
129.405 0.000255565
125.76 0.000234406
127.324 0.000248078
128.219 0.000235987
127.575 0.000233923
123.627 0.000239158
128.625 0.000269453
126.94 0.000234047
129.418 5.02448e-05
126.368 0.000256703
128.235 0.000253899
127.614 0.000236617
131.232 0.000232159
129.447 0.000267933
128.652 0.000261294
127.327 0.000247592
128.998 0.000248248
129.96 0.000242148
128.565 0.000221137
129.096 3.61703e-05
120.607 0.000243752
135.377 0.000222977
129.317 0.000228735
128.52 0.000231728
129.753 0.000242505
129.949 0.000232993
127.403 0.000249366
131.196 0.000248006
130.958 0.000232825
128.466 0.000230425
127.897 0.000217917
123.476 0.000260339
127.804 0.000262224
127.59 0.000266607
128.52 0.000262291
131.133 0.000252742
127.867 0.000253549
128.12 0.000232795
131.682 0.000237469
126.576 0.000233184
128.728 6.8978e-05
129.913 0.000257171
128.83 0.00023604
131.132 0.000263365
130.73 0.000263164
128.21 0.000231224
127.985 0.000227057
129.326 0.000234666
128.386 0.000132723
129.296 0.000234003
130.42 0.000149123
129.712 0.000271285
128.719 0.000241192
130.67 0.000238221
124.189 0.000260342
132.113 0.000234045
124.626 0.000257385
130.25 0.000229365
128.125 0.000229814
131.587 0.000247736
129.688 0.000136017
130.478 0.000276409
129.109 0.000240235
131.843 0.000235106
137.925 0.000264
130.704 2.61943e-05
121.694 0.000251866
130.873 0.000238718
130.224 0.000250143
130.312 0.000241808
127.197 0.000266687
134.89 0.000255374
125.816 0.000272538
126.586 0.000231116
127.979 0.000236517
124.648 0.000241085
128.641 0.000230514
129.291 0.000232677
129.708 0.000248535
126.986 0.000255035
130.871 0.000236683
124.104 0.000235803
131.2 0.000254649
132.381 0.000253096
133.32 0.00023294
126.262 0.000278943
124.24 3.60887e-05
130.145 0.000257367
131.117 9.02214e-05
132.265 0.000251315
130.599 0.000234474
129.784 4.46365e-06
133.338 0.000225112
128.54 0.000246017
128.902 0.000231019
115.859 0.000247226
127.528 0.000231997
127.579 0.000233243
130.325 0.000248459
129.062 0.000240625
125.313 8.85064e-05
128.571 0.000246248
126.55 0.00025256
129.715 0.000240588
130.458 0.000217077
130.909 0.000237322
130.714 0.00022243
129.401 0.000238676
131.17 0.00023153
124.82 0.00024229
130.302 0.000205584
129.269 0.000227733
129.934 0.000240809
126.349 0.000236802
133.522 0.000213852
126.17 0.000233834
130.673 0.000259347
130.471 0.000117344
126.748 0.000236161
125.334 0.000247093
131.274 0.000244841
134.364 0.000221212
129.617 0.000241126
130.175 0.000224988
129.686 0.000280088
127.751 0.00018474
133.799 0.00023955
135.035 0.000159748
127.86 0.000135018
133.519 0.000239003
131.773 5.14586e-05
124.944 0.000271737
128.494 0.000242117
128.029 0.000241102
128.861 0.00023876
129.803 0.000255513
128.488 0.000233984
126.699 0.000236438
130.813 0.000245912
131.686 0.000231004
123.631 0.000241527
123.526 0.000246361
130.47 0.000236732
128.929 0.000234864
130.125 0.000231736
131.772 0.000234777
129.645 0.000274815
132.029 0.000261988
128.402 0.000266501
126.745 0.000236642
131.32 0.000237559
125.976 0.000270554
132.684 0.000238577
125.075 0.00024266
130.172 0.000266106
126.859 0.000242611
132.145 0.000231805
126.235 0.000270771
130.635 5.04536e-05
132.93 0.000222698
132.127 0.000241561
131.626 0.000233363
130.064 0.000125381
126.589 0.000243294
130.257 0.00025722
124.828 0.000248396
123.986 0.000213201
128.37 0.000234462
130.321 0.000260782
124.415 0.000243315
130.71 0.000235394
129.837 0.000253682
131.918 0.00021193
130.936 0.00024246
126.444 0.000216932
128.802 0.000248708
130.083 0.000243803
129.537 0.000238058
132.192 0.000251108
126.767 0.000236192
136.029 0.000233718
115.348 0.000261999
132.102 0.000239127
126.893 0.000233759
130.135 0.000241823
130.321 -0.000233189
131.188 0.000242645
127.248 0.000241117
129.36 0.000266614
130.143 0.000277039
132.084 0.000234349
137.589 0.000113425
135.853 0.000107751
131.486 0.00022022
126.727 6.97351e-05
130.258 0.000235284
133.442 0.000197572
126.474 0.000233618
132.564 0.000248237
129.402 0.000237079
125.383 0.000185641
136.463 5.04361e-05
132.443 0.00026839
134.697 0.00024397
123.33 7.53658e-06
122.744 0.000275228
121.37 0.000237999
126.973 0.000252315
130.572 0.000236174
130.679 0.000246133
129.302 0.000213107
124.842 0.000272516
125.846 0.000232095
128.909 0.000333031
126.401 0.000243656
130.922 0.000133268
127.718 0.000251225
129.027 0.000241277
129.69 0.000242959
127.043 0.000243602
129.673 0.000259077
127.062 0.000240879
124.488 0.000248676
126.595 0.000242128
131.899 0.000241343
128.985 0.000244633
126.868 0.0002322
129.19 0.000268441
127.53 -0.000230982
166.701 0.000221001
118.145 0.000261884
129.965 0.000244488
125.941 0.000237579
128.444 0.000270862
130.99 0.000221255
118.731 0.000274692
129.332 0.000225553
126.174 0.000258371
127.669 0.000269216
129.012 0.00023474
123.606 0.000234762
127.972 0.000229896
131.155 0.000269879
121.455 0.000255339
120.586 0.00023927
127.297 0.000227298
130.262 0.00025932
127.781 0.000259167
130.139 0.000238238
126.548 0.000266171
130.915 0.000259252
126.292 0.000235246
129.35 0.000246525
129.168 0.000235243
130.786 0.000246931
130.134 0.000262435
128.174 4.49835e-06
127.516 0.00025656
129.768 0.000267019
129.267 0.000253008
127.716 0.000233207
130.591 0.000234735
134.482 0.000221815
126.684 0.000258601
126.563 0.000257793
128.694 0.000254072
124.056 0.000272598
131.373 0.000234355
129.757 0.000248138
128.884 0.00015137
129.613 0.000233202
131.378 0.000233999
129.419 0.000256279
129.964 0.00024888
125.489 0.000244163
127.637 0.000237836
132.434 0.000233738
122.648 0.000231453
129.505 0.000269167
132.499 0.000224693
126.429 0.000217197
125.781 0.000241945
130.377 0.000235073
130.934 0.000222117
131.408 0.000231838
128.246 0.000220004
129.438 0.000256015
116.712 0.000241646
127.419 0.000236891
126.071 9.41584e-05
164.912 0.000220381
129.59 0.00022759
130.537 0.000236583
126.942 0.000257327
124.982 1.66154e-05
129.739 0.000240699
131.113 7.03494e-06
129.805 0.000136026
129.509 0.000239535
125.957 0.000247726
131.597 0.000246474
131.511 0.000231219
128.305 0.000256927
129.729 0.000252579
130.547 0.000265331
131.984 0.000248199
126.924 0.000241116
124.939 0.000116031
127.241 0.000255631
130.488 0.000239274
130.345 0.000217592
126.145 0.000245102
129.73 0.000179579
132.379 0.000244337
120.293 0.000233034
132.92 0.000243313
130.246 0.000259691
130.525 0.000264331
122.148 0.000234711
119.58 0.000258145
130.575 0.000188758
127.049 0.000249487
130.365 0.000234566
124.406 0.000240994
130.25 0.00023183
130.84 0.000261406
130.911 0.000238761
120.315 0.000267971
127.837 0.000231073
132.834 0.000246166
125.12 0.000235221
130.945 0.000233743
131.098 0.000265751
128.873 0.000237279
129.371 0.000237784
133.452 0.000256849
128.658 0.000260627
128.593 0.000244091
126.31 4.2067e-06
122.326 0.000276406
127.589 0.000212528
130.307 0.000234323
130.744 0.000233308
131.262 0.000233104
126.062 0.000247325
131.971 0.000270677
128.724 0.000225662
128.215 0.000258475
130.336 0.000235024
131.087 0.000261833
130.447 0.000243654
127.273 0.000200288
130.215 0.000259889
128.646 0.000233674
128.441 0.000262039
128.64 0.000268616
123.762 0.000268951
127.682 0.000247682
125.461 0.000266163
129.774 0.000262388
131.529 0.000245506
137.519 0.000260697
130.053 0.000234593
130.436 0.000243668
127.954 0.000237647
125.322 0.000233888
128.544 0.000233663
128.683 0.000231851
131.315 5.08201e-05
125.915 0.000236382
130.744 0.000241881
131.385 0.000245054
127.846 0.000243768
125.423 0.000226452
130.977 0.00022016
130.566 0.000239285
123.721 0.000243752
131.664 0.000242429
126.161 0.000234659
128.414 0.000233
127.772 0.000232666
128.509 0.000250323
125.629 0.000238715
131.276 0.000236086
128.964 0.000234975
123.383 0.000244526
126.142 0.000236128
130.265 0.000238653
131.333 4.4808e-06
130.931 0.00025465
127.205 0.00023341
130.121 0.000234222
131.399 0.000242277
130.863 0.000186044
124.507 0.00021498
129.857 0.00026969
132.589 0.000248775
128.968 0.000250484
125.543 0.000262599
131.149 0.000242439
131.072 0.000233734
129.767 6.87779e-05
129.604 0.00023585
129.218 0.000247686
125.319 0.000223594
128.907 0.000232175
130.203 0.000231539
129.128 0.000231582
127.14 0.000246459
127.842 0.000242622
117.344 0.000221885
127.88 0.000243277
129.52 0.000267531
122.143 0.000237476
129.2 0.000235626
129.35 0.000235298
131.669 0.000232397
129.972 0.000220783
123.734 0.000226192
129.721 0.000234945
130.658 0.000243069
134.443 0.000215073
133.61 0.000231145
128.336 0.000196251
132.925 0.0002354
116.829 3.66638e-07
127.083 0.000261539
118.585 0.000243233
129.393 0.000246541
130.242 0.000246227
130.904 0.000247559
116.53 0.000260326
129.076 0.000248198
126.062 0.000236725
134.065 0.00023178
128.065 0.000229829
117.692 0.000268913
132.26 0.000247551
128.46 0.000249565
130.361 0.00023252
129.621 0.000247432
130.023 0.000258645
133.595 0.000240615
131.687 0.000239622
127.223 1.66081e-07
132.224 0.000237315
127.654 0.000239955
129.562 0.000262215
131.104 0.000233946
130.133 0.000240569
129.383 0.000236096
126.012 0.000202644
129.145 0.000244158
128.219 0.000284456
126.908 0.00023076
127.658 0.000240135
130.941 0.000233842
128.942 0.00023222
128.228 0.000232439
134.978 0.000238544
122.257 1.62255e-05
128.748 0.000237606
126.743 0.00023575
129.771 0.000242497
118.644 0.000242282
129.412 0.000242642
131.733 0.000246249
130.355 0.000255081
132.832 0.000238417
129.855 0.000238776
125.844 0.000248428
125.204 0.0002262
128.031 0.000237261
127.848 0.000239412
136.121 0.000246856
128.547 0.000234348
125.103 0.000239453
125.256 0.000228051
126.26 0.000245057
126.682 0.000238137
129.059 0.000246571
128.334 0.000232675
123.788 0.000246045
126.377 0.000218898
128.763 0.000242131
131.584 0.000253248
130.306 0.000246491
125.033 0.000258426
127.537 0.000229403
130.45 0.00025894
130.729 0.000270528
129.081 0.00022294
128.091 0.000273158
128.187 0.000261183
128.052 0.00021022
127.194 1.1819e-05
128.157 0.000218899
131.548 0.000244797
129.364 0.000268015
130.867 0.000248021
129.627 0.000235051
124.3 0.0002181
130.403 0.000202942
129.938 0.000237062
132.723 0.000212596
129.586 0.000252139
139.318 0.000162646
131.446 0.000261821
127.26 3.43448e-05
130.546 0.00023371
134.09 0.000258313
128.227 0.000110524
128.665 0.000254554
128.735 0.000239014
128.201 0.000252666
127.877 0.000251575
121.136 0.000232287
129.541 0.000259634
129.263 0.000268453
123.188 0.000216326
129.911 0.000234917
125.72 0.00024777
125.442 0.000257923
134.428 0.000231774
126.468 0.00024008
127.723 0.000235422
129.661 0.000241425
135.268 0.000160711
130.647 1.14787e-05
125.908 0.000232073
129.452 0.000244189
134.988 0.000258451
129.386 0.000271985
130.888 0.000255732
128.57 0.000245121
126.041 0.00024421
128.82 0.000270341
129.226 0.00027124
127.446 0.000249189
120.107 0.000185917
126.067 0.000244705
129.253 0.000258957
128.426 0.000112638
133.01 0.000246838
130.472 0.000233476
127.987 0.00025568
130.376 0.000252615
123.39 0.000112636
132.223 0.000235977
128.585 0.000230883
129.503 4.9679e-05
128.883 1.70661e-05
131.616 0.000239803
129.611 0.00026451
127.557 1.13186e-05
127.446 0.000249319
130.553 0.000239658
132.01 0.000242614
128.911 0.000227875
130.339 0.000260591
130.3 2.73685e-06
130.192 0.000266479
130.086 0.000134714
133.767 0.000264214
127.977 0.000250424
131.118 0.000231234
130.715 0.000266076
124.257 0.00023302
128.82 0.000226914
128.792 6.93245e-06
130.504 1.71212e-05
128.674 0.000232747
131.949 0.000230813
131.301 0.000260186
130.401 0.000240362
128.916 0.000261348
131.979 0.000234952
129.004 0.000248498
125.046 0.000262379
128.803 0.000238272
131.138 0.000266952
131.015 0.000253028
131.755 0.000234053
126.614 0.000235326
131.543 0.000240713
128.778 0.000270111
129.274 0.000231787
129.172 0.000257055
132.901 0.000244862
128.726 0.000233824
128.106 0.000262932
129.158 0.000243332
128.08 0.000232727
125.179 0.000243091
133.805 0.0002431
125.331 0.000239991
133.674 0.000238854
134.835 0.00023384
124.311 0.00027645
125.476 0.000259018
128.937 0.000264881
129.092 0.000234642
128.362 5.03255e-05
127.182 0.000264348
129.495 0.000247535
125.542 0.000241798
127.409 0.000236676
127.975 0.000263236
127.952 0.000268873
131.263 0.000246615
133.654 0.000244835
125.98 0.000266198
131.431 0.000238712
130.366 0.000243849
128.507 0.00023607
132.768 0.000195518
130.139 0.000182578
123.875 0.000256071
129.093 0.000249411
131.563 0.000271213
128.592 0.000257686
132.371 0.000200897
130.449 0.000263299
130.436 0.000232177
130.968 9.06072e-05
129.817 0.000268066
124.557 0.000211308
125.856 0.000238524
127.638 0.000257547
128.148 0.000245422
130.321 0.000236071
132.965 0.000228763
128.735 0.000232308
130.704 0.000237615
129.735 4.49094e-06
127.687 0.000200234
129.736 0.000271542
130.371 0.000269951
130.05 0.000269106
134.802 0.00023568
127.668 0.000224595
132.205 0.000240261
132.354 0.000231011
125.569 0.000225635
131.981 0.000234105
130.483 1.15764e-05
129.566 0.000254051
122.801 0.000236936
124.221 0.000253549
129.004 3.61905e-05
123.885 0.00025491
132.539 0.0002352
129.918 0.000231377
122.303 0.000236134
133.709 0.000268483
130.972 0.000269917
130.649 0.000195686
126.313 0.000250779
130.326 0.000250169
128.224 0.000268467
131.163 0.000231648
122.035 0.000252205
125.344 0.000242761
132.001 0.000230825
133.732 5.16205e-05
133.084 0.000246039
131.043 0.000244185
129.017 0.000230539
123.745 0.000231773
131.832 0.000249972
132.695 0.000217242
130.122 7.08881e-06
130.538 0.000244769
135.013 0.000232909
130.712 0.000247246
127.863 0.000226723
127.689 0.000260289
127.966 0.000236309
130.98 0.000233296
129.91 0.000236701
126.559 0.000245885
130.703 0.000239002
129.953 0.000232479
130.43 0.00026161
130.82 0.000255475
129.251 0.000234709
131.704 9.74034e-07
127.737 6.9379e-05
130.752 0.000234274
130.722 0.000234003
128.917 0.000236988
134.405 0.000235212
128.642 0.000172106
126.387 0.000238498
129.238 0.000245074
132.051 0.000232858
129.916 0.000240858
127.572 2.50664e-05
127.661 0.000230318
128.831 0.000202554
126.419 0.000286831
128.421 0.000252274
126.308 0.0002787
129.898 0.00023851
129.554 0.000266859
132.597 0.000222623
131.701 4.48544e-06
126.488 0.000260136
124.388 0.00022309
127.971 0.000254483
129.225 0.000139153
126.291 0.000238837
131.321 0.000238696
128.429 0.00023476
126.46 0.000250453
127.316 0.000221352
131.033 0.000243973
130.935 0.000238067
125.039 0.000231564
129.137 0.000243607
129.806 0.000224523
131.039 0.000253711
128.633 0.000232984
128.205 0.000216012
126.245 0.000167166
131.588 0.000237753
129.401 0.000224385
129.525 0.000236417
128.492 0.000232998
121.865 0.000233528
131.716 0.00024622
130.55 0.000182303
128.771 0.000237315
127.861 0.000248324
135.087 0.00023986
125.045 0.000235761
120.896 0.000253293
129.143 0.000240418
126.709 0.00026676
132.899 0.000267602
131.148 0.000244639
125.411 0.000271711
126.764 0.000217422
131.926 0.000184931
129.646 0.000214947
128.185 0.000238511
130.354 0.000219424
120.143 0.000237969
120.596 0.000239342
116.279 0.000234396
130.031 2.6818e-06
136.453 0.000267038
132.84 0.0002432
133.217 6.28395e-05
125.164 0.000248129
130.005 6.74688e-06
130.431 0.000231984
129.829 0.000241306
130.595 0.00026249
130.39 0.000263474
127.726 0.000232948
128.59 0.000235273
129.671 0.000226868
125.285 0.00028695
122.524 0.000220636
129.14 0.000241307
129.45 0.000191427
129.138 0.000254429
123.807 0.000245231
133.116 2.33184e-07
130.536 0.000256403
128.962 0.000224918
130.446 0.000233524
127.914 0.000253862
129.032 0.000157213
136.278 0.000231813
127.947 0.000229747
133.537 0.000267282
127.792 0.000270331
122.724 0.000232956
131.109 0.00023316
123.287 0.000245736
129.449 0.000237225
130.982 0.000228287
127.736 0.000230886
131.186 5.08811e-05
127.552 0.000237992
131.047 0.000215371
125.676 0.000228467
129.102 0.00023629
129.896 0.000247484
128.879 0.000268195
127.022 0.000229015
131.982 -0.000269155
129.985 0.000132097
128.302 0.000264509
126.779 0.000232262
129.956 0.000232342
129.107 0.000159636
129.562 0.000246847
138.501 0.000254032
129.95 0.000251595
127.881 0.000244332
129.999 0.000244561
115.111 0.000258177
131.214 0.000239095
117.841 0.000239606
128.761 0.000230415
128.136 0.000237147
126.061 0.000235743
127.965 0.000238871
129.537 0.000256655
122.113 0.000246443
117.914 0.000233823
132.064 0.000241922
127.752 0.000260099
125.435 0.000258675
126.222 0.000210127
121.117 0.000276409
130.607 0.000231707
129.296 0.00024364
128.59 0.000230689
130.867 0.000233498
126.765 0.000241601
130.321 0.000224018
127.287 8.69834e-05
128.384 0.000262523
129.097 0.000234021
128.477 0.000247001
128.083 0.000263439
130.546 0.000223076
128.048 0.000205535
128.887 0.000238671
135.383 0.000238215
132.716 0.000249629
125.593 0.00023921
129.439 0.000230306
123.446 0.000242458
126.419 0.000252112
131.882 0.000239056
128.693 0.000230345
129.973 0.000219658
126.247 0.000249659
130.528 0.000260649
129.782 0.000277666
130.078 0.000246077
126.097 0.000240328
127.527 2.5347e-05
131.667 0.00025276
129.212 0.000244279
130.708 0.000243245
125.514 3.76619e-05
132.061 0.000240218
129.195 0.000228785
131.63 0.000268259
130.634 1.13034e-05
121.577 0.000237974
129.461 0.000241712
128.847 0.000237954
127.637 0.000240086
130.957 0.000265413
132.147 0.000249766
130.401 0.000260199
130.39 0.00027696
131.335 0.000235166
124.513 0.000229503
129.674 8.94902e-05
131.106 0.000231176
121.969 0.000247291
129.543 0.000271128
131.557 0.000232883
125.376 0.000264073
130.259 0.000260201
132.048 0.000265172
126.07 0.000267345
129.667 0.0001583
131.004 6.73678e-06
129.325 0.000238101
129.138 0.000236909
132.876 1.63767e-06
127.889 0.000220152
133.555 0.000135408
126.129 0.000225362
134.614 3.66887e-05
126.538 0.000247351
132.077 0.000229709
130.16 6.7936e-05
132.362 0.000236977
129.537 0.000269599
130.192 0.000180325
130.329 0.000242359
124.967 1.7091e-05
128.494 0.000232981
127.617 0.000243392
129.568 0.000243229
125.485 0.000104207
125.477 0.000203919
129.031 0.000243932
130.219 0.000241849
126.894 0.000242061
131.601 0.000238235
117.69 0.000226906
129.549 0.000242663
131.232 0.000237888
132.902 0.000135743
128.922 0.000242736
130.079 0.00024461
124.694 0.000248528
129.586 0.000234085
129.354 0.000240879
129.882 0.000213939
130.71 0.000235245
129.423 0.000243962
127.581 0.000237967
129.5 0.000239724
129.436 0.000238458
132.958 0.000243776
127.671 0.000217782
124.174 0.000235896
130.467 0.000268704
125.628 0.00013734
130.883 0.000242898
127.591 0.000238238
129.476 0.000158806
130.96 0.000265937
127.342 0.000269702
130.071 0.000236549
132.684 0.000218079
140.238 0.000190427
126.684 0.000231941
132.818 0.000224389
130.588 0.00023122
127.101 0.000235276
129.075 0.000244866
130.431 6.90127e-05
125.802 0.000277613
126.718 0.000256981
129.913 0.000238574
125.854 0.000233581
130.236 0.000254884
127.793 0.000268835
132.607 0.000266938
131.382 0.000233976
129.008 0.000237637
129.727 6.90064e-05
127.089 0.000228276
127.832 0.000231167
116.642 0.000245091
132.113 0.000238173
124.559 0.000242853
129.614 0.000256385
126.644 0.000225177
128.34 0.000202858
124.166 0.000244915
128.311 0.000267968
129.772 0.000262929
133.749 0.000234299
131.12 0.000136163
137.604 0.000244294
129.526 0.000268343
131.689 0.000232328
130.592 0.00022855
132.082 0.000229263
130.878 0.000261913
127.959 0.000270649
130.649 0.000239179
127.891 0.000260884
122.941 0.000148697
122.444 0.000238684
129.302 0.000234978
130.782 0.000248041
129.351 0.000234925
131.057 0.000248706
116.946 0.000242115
126.597 0.00022711
127.901 0.00025798
126.121 0.000245062
127.633 1.7099e-05
129.166 0.000232051
131.957 0.000237939
131.817 0.000280454
129.323 1.72461e-05
125.081 0.000237443
126.106 0.000241225
131.087 0.000246374
126.322 0.000243221
129.855 0.0002606
129.63 0.000264099
126.809 0.000113367
127.418 0.000218237
123.467 0.000257601
130.735 0.000238151
132.025 0.000249625
132.011 0.00023559
122.197 1.71923e-05
131.061 0.000233122
128.814 0.000135034
123.593 0.000241334
128.882 0.000233881
132.276 0.000217014
129.426 0.000237898
130.562 0.000243792
132.774 0.000231108
128.27 9.31819e-05
123.923 0.000241402
122.743 0.000243079
128.992 0.000244335
126.65 0.000182987
128.98 0.00024015
129.603 0.000233883
129.684 0.000246845
123.63 0.000255206
129.786 3.49316e-07
125.256 0.000244109
128.679 0.000267617
130.69 0.000243479
130.46 0.000250667
124.772 0.000232688
122.575 0.000215505
133.501 0.000238345
120.506 0.000229836
131.624 0.000268724
128.676 0.000226768
128.648 0.000266739
127.849 0.000263594
123.006 6.90951e-05
132.825 0.000233657
135.685 0.000222408
127.519 0.000241261
127.169 0.000234546
130.329 0.00026057
129.019 0.000271002
128.427 0.000239583
125.292 0.000264279
124.954 0.000253992
129.57 0.000233327
126.004 6.91322e-05
127.224 0.000272144
131.081 0.000268568
127.862 0.000267636
123.419 0.00026076
131.312 0.000266242
119.725 0.000263775
128.929 1.62715e-07
115.542 0.000261133
131.395 0.000252783
123.123 0.000237284
131.154 0.000232361
120.786 6.67529e-06
128.752 0.000268173
130.074 0.000243285
123.442 0.000227933
130.299 0.000212322
134.011 0.000230248
128.258 0.000244334
127.06 0.000231524
134.111 0.000219965
129.509 0.000269439
127.571 0.000234806
131.648 0.000267761
128.649 0.000224788
140.875 0.000242363
131.421 0.000116483
131.041 0.000247621
127.9 0.000264378
127.005 0.000235594
129.572 0.000227862
130.095 0.000237112
133.234 1.72258e-05
128.36 0.000257928
126.521 0.000239036
130.91 0.000238697
130.909 0.000233877
128.953 0.000137469
125.321 0.000277504
128.51 6.9787e-05
133.17 0.000233542
130.086 0.000242577
131.041 0.00026868
129.455 0.000235633
131.062 0.000222646
127.068 0.000236769
128.443 0.000239923
124.628 0.000266823
130.672 2.55188e-05
129.041 0.000225506
131.903 0.000231336
135.604 0.000224485
128.678 0.000234362
131.905 0.000241578
130.347 0.000270782
132.659 0.000179571
132.644 0.000236617
128.847 0.000235839
128.438 0.000246477
130.764 3.65201e-05
129.655 0.000239147
131.016 0.000110528
128.923 0.000231707
128.329 0.000271886
127.861 0.000230787
116.649 0.000247495
129.292 1.00691e-06
128.509 0.000230887
127.831 0.00025493
136.567 0.000234136
128.238 3.6535e-05
120.802 0.000281643
127.383 0.000272073
130.19 0.000236391
129.269 0.000239263
128.514 0.000226679
132.091 0.000233634
130.34 0.000267161
124.488 0.000238134
128.855 0.000249583
130.147 0.000231955
129.442 0.000246972
130.911 0.000196693
130.293 0.000251732
126.72 0.000243744
130.448 0.000221386
129.917 0.000245744
127.352 0.000241085
124.054 0.000274556
128.453 0.000262463
130.692 0.000134976
127.938 0.000231733
131.87 0.000241177
130.899 0.000264764
127.236 0.000159756
128.971 0.000237106
129.482 0.000234509
124.702 0.000249242
128.98 0.000225958
126.396 0.000250959
117.036 0.000234061
126.327 0.000231047
130.38 0.000111388
132.068 0.00023092
126.465 0.000247361
124.652 0.000243962
131.042 0.000235638
132.786 0.000232486
129.381 0.000216675
131.212 0.000234915
126.419 0.000245712
131.125 0.000265965
131.501 0.000287609
126.466 0.000260476
129.49 0.000233037
133.415 0.000234424
129.928 0.000227699
125.309 0.00023804
118.704 0.000233013
115.919 0.000223434
128.391 0.000269213
128.593 0.0002597
128.597 0.000231337
127.303 0.000100745
126.06 0.000223991
125.363 0.000245405
129.409 0.000260937
131.005 0.00026441
133.258 0.000256472
131.625 0.000269934
126.936 0.000234643
127.746 0.000274419
128.699 0.000262796
131.351 0.000237836
124.826 0.00021345
131.064 0.000237699
124.961 0.000263887
130.507 0.000242681
127.137 0.000250182
126.988 0.000220127
128.626 0.000252487
129.224 0.000281131
129.282 0.000275262
126.747 0.000240705
131.367 0.000241364
129.801 0.000243618
130.315 6.93691e-05
128.098 0.000221199
131.089 0.000241486
126.331 0.000239915
129.675 0.000231763
126.701 4.71729e-05
128.348 0.000261024
130.054 0.00015983
130.155 0.000240563
124.927 0.000238018
130.051 0.000236033
131.938 0.000246542
127.744 0.000233226
130.069 0.000156995
129.501 0.000235235
127.585 0.000236026
129.909 0.00024867
126.06 0.000263321
125.186 0.000233047
132.345 0.000239161
130.317 0.000182125
127.085 0.000241721
132.149 0.000242408
120.997 0.000273159
130.01 0.000198141
132.117 0.000242097
123.495 0.000225878
127.548 0.000268828
115.84 0.000242938
130.344 0.000231268
129.2 2.48979e-05
128.111 0.00022973
131.124 0.000224285
128.991 0.00020637
129.359 0.000230155
131.091 0.000235563
124.84 0.000223405
128.891 0.000262171
129.765 0.000242101
122.662 0.000260317
126.855 0.000233958
128.078 0.000241475
128.97 0.000243341
124.571 0.000236716
129.044 0.000238719
130.228 0.000231818
127.393 8.94166e-05
130.959 0.000247556
128.414 0.000271502
136.605 0.000226144
133.438 0.0001356
131.006 0.000234389
128.46 0.000262858
132.752 0.000235212
127.171 0.000130973
169.446 0.00025114
118.131 0.000238176
123.088 0.000236501
127.611 0.000239486
124.381 0.000260399
130.602 0.000219229
128.749 0.000262345
128.715 0.000190241
131.21 0.000229737
131.093 0.00024145
129.803 0.000247607
124.732 0.000246913
126.923 0.000200117
130.026 0.000264757
127.99 0.000245602
132.591 0.000241216
125.17 0.000253166
129.384 0.000255041
127.512 0.000255311
130.233 0.000238897
131.939 0.00023852
129.377 0.00027005
123.96 0.000233112
128.101 0.000241983
133.148 0.000248042
130.827 0.000239758
126.273 0.000190215
128.104 0.000247378
127.954 0.000239668
127.039 0.000228211
124.284 0.000241839
127.766 0.000240956
127.45 0.000267012
130.421 0.000160312
128.884 0.000245547
128.746 0.0002496
130.636 0.000232751
129.527 0.00024007
127.758 0.000232918
124.552 0.00016063
129.999 0.000134553
129.737 0.000157186
129.793 0.000270565
130.139 0.000242267
129.164 0.00023565
128.665 0.000237713
116.151 0.000266526
119.403 0.000241837
131.599 0.000234351
133.177 0.000235691
128.374 0.000246104
125.878 0.000243345
133.832 0.00024658
131.206 0.000253184
129.723 0.000233303
129.341 5.11344e-05
129.503 6.81782e-05
134.184 0.000234154
127.606 0.000250154
127.962 0.000272388
130.269 0.000273985
129.355 0.000260744
127.877 0.000230987
128.434 0.000219307
130.814 0.000136321
129.91 0.00021666
126.807 0.000279899
126.684 0.000241817
128.021 0.00027026
128.844 0.000254003
126.361 0.000243466
129.178 0.000236038
128.302 0.000239968
128.86 0.000231164
129.477 0.000217353
132.939 0.000233185
129.737 0.000246935
129.187 0.000265425
128.68 0.000240694
129.123 0.000281232
132.684 0.000113702
129.901 0.000254204
128.9 0.000108308
120.337 4.76181e-05
125.908 0.000234526
129.787 0.00026481
129.411 0.000258238
127.6 0.000244685
130.905 0.00026514
130.465 0.000243859
129.594 0.000239734
132.733 0.000238627
129.224 0.000245653
128.636 2.51915e-05
130.144 0.000228922
129.825 0.0002375
126.654 0.000246529
130.328 0.000217762
127.288 0.00023373
127.001 0.000267185
117.167 0.000249889
128.578 0.000236128
126.603 0.000264731
130.636 0.000235242
129.137 0.00022323
128.258 0.000268007
127.757 0.000241736
129.439 0.000245551
129.591 0.000243077
127.261 0.000233741
125.362 0.000218085
129.61 0.000239696
129.735 0.000244538
128.801 0.000253654
128.886 0.0002405
129.339 0.000266358
128.428 0.000264365
132.887 0.000232963
130.482 0.000241747
129.588 0.000224627
126.321 0.000238734
126.512 0.000243161
131.477 0.000244139
129.489 0.000242853
124.736 0.000223561
129.183 0.000214952
131.013 0.000225973
131.66 0.000251267
130.075 0.000242545
130.589 0.000234439
129.405 0.00023725
130.235 0.000253672
129.444 0.000238809
129.926 0.000250092
130.617 0.000239816
129.965 0.000236797
129.795 0.000242991
124.931 0.000252872
130.935 0.000261755
128.37 0.000244242
129.919 0.000266149
131.54 0.000238756
128.913 0.000246766
127.836 0.000270196
126.041 0.000251866
127.919 0.000255904
126.442 0.000212228
134.236 0.000212001
131.114 0.000262666
130.647 0.000247379
127.232 0.000269246
129.764 0.000235637
131.207 0.000262273
129.078 0.000212315
128.1 0.000237635
129.192 0.000111872
132.593 0.000236821
129.117 0.000266058
130.894 0.000219711
127.602 0.000231144
129.89 0.000227728
124.712 0.000237301
126.973 0.000247456
131.542 0.000264695
127.283 0.000232704
132.474 0.000261776
136.076 0.00026707
129.767 0.00023586
128.161 0.000242108
130.631 0.000235734
129.324 0.000259873
131.882 0.000261328
127.769 0.000187202
129.472 0.000289214
126.315 0.00023772
129.583 0.000138023
131.718 0.00023405
129.349 0.00024232
127.669 0.000280285
125.944 0.000233943
129.115 0.000263709
131.534 0.000243552
132.228 0.000244615
125.994 0.000254385
126.165 0.000234302
130.438 0.000239871
121.974 0.000234045
129.634 0.000228795
128.213 0.000216715
129.98 0.000230106
126.613 0.000234983
129.844 0.000235091
128.414 0.000202021
126.553 0.000243807
130.776 0.000253823
129.896 0.00027256
127.342 0.000236449
129.39 0.000254921
122.241 0.000252587
129.957 0.00023456
131.391 0.000230841
117.863 0.00020179
123.739 0.000213424
128.523 0.00027924
129.715 0.00023308
129.007 0.000238272
131.734 0.000251168
127.959 0.000225379
128.657 0.000243748
128.603 0.000236554
127.236 0.000240983
129.181 0.000220571
129.96 0.000218652
127.531 0.000227209
128.409 0.000263058
130.822 0.00023661
130.949 0.000240555
128.491 0.000258404
132.694 0.000114774
124.551 0.000213959
129.486 4.6619e-05
131.641 0.000250834
128.941 0.00025227
129.892 0.00023457
124.42 0.000221052
134.345 0.000234747
132.638 0.000233046
131.669 0.000242406
128.438 0.000136783
131.909 0.000236869
133.095 0.000243525
130.24 0.000165093
127.928 0.000273383
131.913 0.000235293
127.933 0.000225047
129.231 0.000224018
129.569 0.000240997
130.733 0.000264419
129.945 0.000232678
126.651 5.25671e-05
127.72 0.000244807
129.917 0.000263629
128.841 2.5263e-05
124.375 0.000241256
128.356 0.000264463
126.617 0.000220207
126.22 5.79691e-07
130.291 0.000135142
129.196 0.000263841
128.045 0.000225923
127.044 0.000235112
131.237 0.000231086
128.929 0.000238066
129.061 0.000234651
127.543 0.000240086
131.064 0.000213503
117.474 0.000225303
126.928 0.000230641
129.472 0.000224234
126.234 0.000236263
127.841 0.000233898
131.358 0.000234289
129.749 0.000256998
130.724 0.000236307
130.534 0.000254433
130.889 0.000276115
130.188 0.000236862
132.434 0.00023889
130.724 0.000220137
126.414 0.000222812
126.76 0.000242114
130.148 0.000235069
131.72 0.000248312
128.493 0.000238874
130.842 0.000232959
123.991 0.000237664
130.281 0.000214094
125.792 0.000204275
129.671 0.000111878
132.474 0.000227611
128.613 0.000234704
132.243 0.00023103
129.408 0.000202249
133.466 0.000239323
129.701 0.000233721
130.543 0.000267713
128.073 0.000233948
127.902 0.000212991
130.174 0.000253218
127.3 0.000233359
128.954 0.000232304
122.026 0.000234548
130.153 0.000242333
129.833 0.000215579
126.792 0.000235558
130.882 0.000237105
135.581 0.000233256
133.018 0.000237091
132.415 0.000238122
129.16 0.000235004
119.906 0.000256518
127.922 0.000263147
122.143 0.000246751
128.824 0.000267736
129.927 0.000232556
128.29 0.000252361
127.084 0.000235869
127.209 0.000251055
126.554 0.000261673
128.862 1.64517e-06
126.745 0.00023791
128.737 0.000237752
127.856 0.000241421
129.943 0.000276662
130.466 0.000244885
129.648 0.000234006
125.97 0.000248132
130.6 0.000231729
131.434 0.000271176
127.976 0.000234331
128.69 0.000232989
133.676 9.27016e-05
129.128 2.56934e-05
127.088 0.000248223
128.003 0.000231607
126.831 0.000230799
130.223 0.000276004
132.293 3.66922e-05
127.024 0.000242376
130.729 0.00028927
128.975 0.000240822
132.349 0.000157413
129.058 0.000243553
128.578 0.000246504
131.457 0.000232455
130.116 0.000237376
130.306 6.88452e-05
127.168 0.000278782
130.797 0.00023532
126.086 0.000195367
125.93 0.000250323
128.943 0.000235439
128.942 0.000234673
129.267 0.00025369
129.998 0.000110985
131.052 0.000242399
127.755 0.000236384
128.838 0.000243249
129.383 6.97e-05
126.256 0.000234415
128.235 0.000264353
131.071 0.000230195
130.305 0.00023636
134.667 0.000226394
131.021 0.000233618
131.146 0.00024911
128.936 0.000239791
128.965 0.00025314
131.07 0.00022175
131.729 0.000239294
131.956 0.000261126
125.886 0.000214303
125.964 0.000254291
128.671 0.000234037
125.879 0.000250685
127.376 0.000281397
128.666 0.000264082
122.743 0.0002261
125.273 0.000242913
118.869 0.000259864
129.565 0.000278486
130.255 0.000239472
130.599 0.000238802
130.973 0.000239359
129.416 0.00024407
130.014 0.000234823
132.299 0.000254993
127.115 0.000241798
131.458 0.000230801
132.868 0.000199586
130.857 0.000234993
128.666 0.000196367
130.493 0.000157255
128.844 0.000263315
130.052 0.000219517
123.83 0.000270434
126.641 0.00022061
134.232 0.000234424
132.957 0.00024667
132.049 7.03753e-06
126.885 0.000233034
125.295 0.000246012
120.44 0.000160108
126.715 0.000234947
130.629 0.00023866
130.833 0.00025993
129.011 0.000245846
129.626 0.000269331
130.158 0.000235512
132.943 0.00023226
125.839 0.000136827
129.074 0.000136088
126.592 0.000238684
128.242 0.000243116
130.613 0.000237093
127.637 0.000239232
128.05 0.000235781
132.721 0.000249922
122.069 0.000233176
123.476 0.000266014
128.801 2.52026e-05
120.864 0.000111585
128.874 0.000236978
115.354 0.000231643
122.26 0.000235974
123.599 0.000230642
128.59 0.000244416
126.153 0.000217165
130.059 0.000244896
129.518 0.000242596
127.132 0.000236248
131.847 0.000254615
133.346 0.000234759
124.006 0.000243976
129.538 0.000245587
125.67 0.000239485
130.999 0.000206553
130.007 0.000250937
131.087 0.000242854
124.89 0.000247347
123.617 0.000183238
126.241 0.000243909
128.725 0.000235185
128.823 0.000230753
130.413 0.000240075
127.966 0.000253971
129.998 0.000255574
126.732 0.000249852
130.424 0.000260894
129.373 0.00025316
129.776 0.000249154
128.879 0.000238963
130.09 0.000156774
126.02 0.000234527
129.943 0.000274723
127.718 0.000231132
128.453 0.000241233
128.288 0.000226456
128.14 0.000231947
130.015 0.000242714
125.411 0.000254603
128.888 0.000228242
130.423 0.000233145
132.896 0.000248718
128.722 0.000249101
133.07 0.000232709
130.216 0.000266843
129.498 0.00026882
127.61 0.000234833
132.161 0.000183569
131.517 0.000242677
129.06 0.000244591
127.301 0.000232915
131.042 0.000223059
131.138 0.000231996
129.365 2.69622e-06
130.7 0.000268361
128.213 0.000208405
127.126 0.000230236
117.41 0.0002464
129.441 0.000241777
130.781 0.00024254
127.842 0.000252987
129.653 0.000264856
132.053 0.000261613
128.089 0.000238586
122.339 0.00024544
130.431 1.12602e-05
130.833 0.000240614
130.043 0.000227961
130.541 0.000219981
129.931 0.000237135
123.221 0.000221463
129.848 0.000244164
130.328 0.000246308
121.921 0.000264165
130.034 0.000103541
130.085 0.00028381
130.222 0.000202989
128.809 0.00020671
133.415 0.000243578
129.527 0.000231263
130.016 5.06949e-05
133.475 0.000231139
130.853 0.000252033
127.339 0.00026675
128.613 6.90634e-05
129.393 0.000248173
132.85 0.000233477
128.428 0.0002332
128.205 0.000237478
129.78 0.00022541
128.206 0.000241451
128.523 0.00023506
127.943 0.000273013
128.413 0.000204428
125.561 0.000184564
129.124 0.000203363
129.417 0.000157668
130.019 0.000108268
128.03 0.000235504
127.368 0.000234969
127.379 0.000269565
130.854 0.000237678
130.323 0.000234744
131.025 0.000239915
118.667 0.000227745
125.274 0.000263405
130.895 0.00022263
127.514 0.000245872
130.34 0.000235257
123.064 0.000230707
132.058 0.000266162
126.721 0.000158532
115.83 0.000239574
130.024 0.000217993
132.232 0.000222858
128.266 0.000233239
127.257 0.000235847
121.763 0.000229076
133.025 0.000223598
128.983 0.000233386
124.785 0.000209414
127.343 0.000156633
132.849 0.000277533
134.903 0.000249076
122.803 1.78304e-05
125.891 0.000235952
129.952 0.000238427
130.249 0.000264719
125.307 0.000265949
128.022 0.000231439
129.692 0.000221888
132.722 0.000229964
130.65 0.000219637
132.296 0.000241401
117.849 0.000254095
118.12 0.000240959
132.996 0.000234683
127.202 0.000263211
123.028 0.000258578
119.208 0.000234643
129.147 0.000251586
127.81 0.000254927
128.959 0.000270275
130.454 0.000243473
130.447 1.6877e-05
128.7 0.000238252
129.821 0.000251297
127.114 0.000243671
129.095 0.000245873
129.245 0.000238458
131.203 0.000259005
129.237 0.000239386
127.065 0.000243328
129.713 0.000261173
129.878 0.000277734
128.43 0.000243094
128.956 0.000270388
131.447 0.000231188
129.546 0.000204282
128.206 0.000272665
129.993 0.000230127
127.765 0.000234024
129.231 0.000244219
129.318 0.000230105
133.307 0.000241115
132.094 0.000235662
128.15 0.000239363
129.384 1.21483e-05
130.922 0.000244151
127.443 0.000115447
124.469 0.000238179
133.473 0.000254567
119.498 0.000197037
127.526 0.000229192
132.167 0.000266458
126.043 0.000247485
129.371 0.00024155
124.029 0.000244278
130.668 0.000220949
130.575 0.000260987
126.517 0.000236984
128.549 0.000236969
124.24 0.000260502
120.616 0.000133
130.044 4.7391e-05
126.271 0.000273803
130.496 0.000218428
126.997 0.000234681
129.469 3.66307e-05
131.42 0.000238323
128.375 0.000263486
128.568 0.000264516
128.984 0.000242206
126.412 0.000210935
126.288 0.000247969
129.646 0.000231811
126.083 0.000265692
129.886 0.000233645
131.321 0.00011086
116.267 0.000245591
130.468 0.000259753
125.025 0.000254747
130.075 0.00023693
128.315 0.000260935
130.61 0.000265271
130.077 0.000242858
121.565 0.000237193
122.091 0.000198516
130.134 0.000220043
129.569 0.000236363
130.671 0.00021407
128.271 0.000203793
131.381 0.00023967
126.414 0.000263635
126.295 9.58111e-07
123.393 0.000267126
132.847 0.000268542
130.598 0.000246343
130.77 0.000240902
130.138 0.000187589
130.231 0.000268029
127.075 9.04125e-05
128.441 0.00022152
127.696 0.000252821
129.65 0.000244894
132.972 0.000259188
127.945 0.000257228
130.938 0.000233255
128.302 0.000226227
130.076 0.000242795
130.402 0.000239576
120.47 0.000270615
122.304 0.000218078
127.616 0.000247283
127.163 0.000225264
128.803 0.000268227
129.7 0.000263029
129.723 0.00027082
121.734 0.000119858
131.954 0.000245247
125.772 0.000235268
127.132 0.000229254
129.686 0.000248275
130.359 0.000235149
129.296 0.00023925
129.559 0.000234255
127.695 0.000235454
134.075 0.000234837
129.582 0.000248127
131.151 0.000255745
127.266 0.000230224
118.897 0.000243238
121.595 0.000254861
119.331 0.000227044
130.61 0.000261584
125.844 0.000234965
129.007 0.000242432
127.758 0.000254047
133.316 0.000244933
130.078 0.000233263
129.869 0.000218289
127.014 0.000222868
126.116 0.000234563
130.986 0.000261678
131.101 0.000230171
124.728 0.000249038
131.364 0.000235243
126.666 0.000241819
127.444 0.000262789
131.717 0.000263725
129.864 3.404e-07
119.998 1.63605e-06
126.007 0.000249061
131.585 0.000215759
129.933 0.000271505
122.65 0.000280531
127.65 0.000265152
126.883 0.000232114
127.349 0.000245265
123.597 0.000198448
128.802 0.000252649
127.374 0.000249707
130.456 0.000249688
130.275 0.000234916
129.826 0.000239274
128.683 0.000253286
130.381 0.000239113
132.127 0.0002256
128.695 0.000244683
130.215 0.000238344
131.01 0.000228475
128.464 0.000241166
134.319 0.000246041
124.901 0.000231029
129.817 0.000235404
128.522 0.00023188
130.605 0.000234885
132.777 0.000234748
130.244 0.000238622
128.144 0.000234001
127.126 0.000232354
122.528 0.000261571
127.702 0.000237811
134.426 0.000171124
127.339 0.000200538
130.031 0.000205176
130.428 0.00026183
128.343 0.000268216
131.711 0.000216985
130.263 0.000255192
120.183 0.000226457
131.129 0.000234912
131.405 0.000242271
130.256 0.000269098
128.27 0.000252368
124.172 0.000245723
130.897 0.000245026
123.436 0.000217371
130.17 0.000200067
132.216 0.000227359
130.964 0.00023323
126.609 0.00023105
131.859 0.000265653
127.051 8.90061e-05
129.676 0.000249264
128.631 0.000236525
130.918 0.000253527
132.519 0.000226517
131.25 0.00026508
123.641 0.000235838
129.629 0.000232214
124.484 0.000219408
126.386 0.000231659
131.086 7.10289e-06
128.739 0.000235495
124.052 0.000240046
130.956 0.000232236
131.64 0.000248832
129.921 0.000227458
130.103 0.000231433
130.437 0.000301955
131.043 0.000224663
128.973 0.000254314
128.864 0.000240535
127.469 0.000240972
129.091 0.000236742
134.14 0.000263737
130.764 0.00023864
127.931 0.000264662
126.1 0.000251236
126.163 0.000255133
130.06 0.000244302
130.772 0.000253441
133.251 0.000251672
128.902 0.000262106
127.371 0.000277082
129.24 0.000233928
120.755 0.000268353
119.554 0.000254754
128.319 0.000229919
129.373 0.000244888
129.011 0.000243397
129.151 0.000220989
129.973 0.000253792
123.894 0.00024702
133.96 0.000248571
133.844 0.000226222
124.894 0.000259696
128.759 0.000251134
131.109 0.000234492
115.674 0.000255474
127.811 0.000231109
126.106 8.99039e-05
124.936 0.00023777
127.702 0.000248883
126.691 0.00027698
130.694 0.0002615
132.662 0.000164638
130.667 0.000242369
130.556 0.000247982
127.54 0.000111391
128.964 0.000244853
129.656 0.000110539
133.724 0.000250117
128.277 0.000265676
130.119 0.000236059
130.847 0.000248541
133.124 0.00011083
129.948 4.80669e-05
125.967 0.000221065
130.531 0.000252669
126.759 0.000252024
131.308 0.00023014
130.23 0.000232598
