129.938 0.000659821
134.97 0.00057874
129.952 0.000512344
123.577 0.0006384
132.252 0.000609824
125.559 0.000588646
121.347 6.44992e-06
126.594 0.000549716
165.915 0.000546393
143.044 0.000663127
123.006 0.00013182
145.702 0.000603053
132.254 0.000573699
122.327 0.000568718
120.937 0.000572851
131.434 0.000523088
134.362 0.000161975
127.372 0.000606264
125.55 0.000647628
140.829 0.0005546
128.452 0.00055094
130.127 0.000580973
127.921 8.4572e-05
132.89 0.000554141
146.78 0.000611461
130.166 0.000630239
130.913 0.00086981
129.241 0.000111824
132.042 0.000565836
129.717 0.00062589
127.295 0.000569571
132.868 0.000636865
130.337 0.000585571
130.13 0.000635477
130.024 0.00059813
125.096 -0.00059553
124.769 0.000598014
128.01 0.000559488
127.163 0.000580529
116.214 0.00065508
128.635 0.000585365
129.031 0.000557634
125.891 0.000554807
118.223 0.000637264
132.559 0.000565848
129.565 0.000588407
146.17 0.000636364
127.473 0.000625762
156.042 0.00048957
126.786 0.000575544
126.505 0.000583093
132.17 0.000577591
128.653 0.00057989
132.256 -0.000415677
128.274 0.00062691
132.608 0.000493015
128.369 0.0006422
132.716 0.000623098
134.188 0.000535105
121.468 0.000560305
127.087 0.000164686
127.605 4.13027e-05
126.609 0.000547655
122.455 0.000598131
133.683 0.000561376
130.867 0.000643105
122.472 0.000560325
128.019 0.000636847
130.496 0.000565242
123.716 0.000400276
118.612 0.000657817
125.956 0.000640787
129.954 0.000564057
130.38 0.000562637
125.761 0.000586039
130.78 0.000556874
136.959 0.000566606
145.663 0.000584802
129.737 0.000614297
126.133 0.000541169
121.555 0.000125982
128.929 4.11361e-05
121.428 0.000563151
129.773 0.000552407
149.722 0.000308582
128.183 0.000581897
137.668 0.000498941
150.316 0.000572366
130.779 0.00061102
126.47 0.000638117
129.139 0.000636249
162.959 0.00057358
130.339 0.000596298
127.246 0.000598115
129.033 0.000216002
128.999 0.000572004
128.665 0.000648563
130.289 0.000558776
147.162 6.09013e-05
143.539 0.000520417
137.982 0.000556065
123.915 0.000615428
131.023 0.000570277
130.496 0.00063987
123.078 0.000583005
117.879 0.000636408
115.175 2.72895e-05
133.512 0.000617177
165.344 -0.000576603
132.104 0.000599591
128.677 0.000218532
128.17 0.00064438
130.027 0.000566506
116.948 0.000560426
130.695 0.000613441
132.147 0.000552752
130.037 0.000570829
126.596 0.000550306
122.982 0.000563851
137.361 0.000581335
126.915 0.00059205
129.974 0.000595849
126.18 0.000606871
125.143 0.000560032
128.16 0.000623173
133.668 0.000577418
128.836 0.000552479
124.868 0.000599708
126.689 0.00050587
116.638 0.000558672
141.455 0.000631571
118.475 0.000548887
130.408 0.000562677
128.016 0.000577378
125.576 0.000580336
