119.699 7.66612e-05
123.568 0.000102981
115.749 0.000110299
126.081 0.000113025
125.736 9.78002e-05
120.289 0.000102531
122.682 0.000103529
126.63 0.000105081
127.733 0.000105406
127.443 0.00011416
122.953 9.75411e-05
125.523 0.000111316
124.44 9.79285e-05
121.363 0.0001017
124.799 9.73493e-05
125.484 6.8123e-07
121.479 9.99135e-05
123.907 9.64818e-05
125.738 4.81684e-06
126.73 0.000109126
125.357 1.12925e-05
124.831 0.000102696
126.866 8.9743e-05
120.656 9.66254e-05
125.846 9.00188e-05
127.337 8.75666e-05
130.005 0.000109157
124.496 0.000100712
122.977 2.01089e-05
119.264 9.39757e-05
128.094 7.24577e-06
123.618 0.000111604
124.259 0.00011207
124.507 9.66728e-05
121.038 0.000108906
123.437 0.000106886
123.715 0.000100265
126.964 0.000115786
120.832 0.000114307
126.348 0.000100672
124.434 5.71302e-05
123.389 0.000100789
126.331 1.06216e-05
126.26 9.39844e-05
120.194 9.69014e-05
124.886 0.000110516
124.702 0.000102741
122.573 9.86235e-05
123.345 0.00010039
122.407 0.000102944
123.713 9.19292e-05
126.989 8.99391e-05
119.409 8.59681e-05
125.21 0.000108003
116.119 0.000114071
126.651 8.18134e-05
126.237 0.000111176
125.807 0.000102645
122.691 0.000101277
123.582 9.824e-05
125.104 9.94516e-05
123.993 6.68098e-05
128.4 0.000105009
123.416 5.69465e-05
124.328 6.69574e-05
126.167 9.76317e-05
126.465 9.52565e-05
123.617 0.000107874
122.915 4.74722e-06
126.201 0.000105908
124.906 8.39451e-05
125.509 9.76604e-05
125.424 0.000101708
124.115 2.64147e-05
125.017 0.000113516
126.52 9.4173e-05
124.581 0.00010144
124.409 9.59551e-05
122.93 8.76468e-05
122.124 8.9192e-05
117.642 9.86202e-05
124.955 0.000108989
126.903 0.000118291
124.95 0.000113661
124.476 0.00010147
124.975 0.000109597
124.853 0.000105882
125.496 0.000102036
123.175 0.000100691
126.565 0.000109119
121.03 0.000100127
124.992 0.000110415
118.507 9.69812e-05
125.926 0.000100589
126.954 0.000106316
122.18 0.000101564
125.368 9.9464e-05
121.621 2.10733e-05
118.635 7.51667e-05
126.969 9.92295e-05
125.804 0.000100463
125.191 4.76334e-05
124.426 0.000113178
125.083 9.71204e-05
125.728 0.000111775
123.912 0.000102317
121.601 0.000103001
122.662 9.65885e-05
125.436 9.92226e-05
123.925 9.7878e-05
126.666 7.27641e-06
123.815 9.90783e-05
124.445 4.5308e-05
120.858 0.000107724
123.788 0.000101247
126.735 0.000115055
124.204 0.000104874
128.262 9.93292e-05
121.311 0.000100969
128.178 0.000105633
121.957 5.81939e-05
126.082 0.000100232
125.129 9.59244e-05
126.545 9.63049e-05
125.527 1.58117e-05
126.996 9.78902e-05
124.741 0.000110992
120.371 9.71225e-05
123.691 9.80177e-05
123.598 9.09104e-08
125.891 9.4897e-05
123.664 9.95663e-05
127.253 8.37599e-05
123.688 9.87749e-05
124.614 0.000110485
126.072 8.27853e-05
121.991 9.90621e-05
121.669 0.000115398
123.47 3.09502e-06
123.174 0.000104403
125.685 9.16267e-05
127.311 9.69087e-05
125.964 9.66226e-05
126.095 2.90997e-05
127.984 9.72566e-05
118.966 0.000102431
124.293 0.000108925
124.829 9.75092e-05
124.68 0.000105272
123.938 0.000112097
124.731 0.000111831
127.287 0.000112248
128.508 0.000104828
126.431 2.86363e-05
124.607 0.000105068
126.319 9.98182e-05
124.009 9.81527e-05
128.324 9.68363e-05
123.829 0.000113207
120.07 9.4439e-05
126.763 1.49567e-05
125.306 9.64162e-05
124.427 4.71081e-05
124.744 0.000106191
125.432 0.000103782
122.579 5.69591e-05
125.179 0.000111236
123.341 9.37354e-05
127.692 0.000101791
127.929 4.51591e-06
125.544 9.54896e-05
125.306 9.97863e-05
125.377 0.000105967
121.011 0.000101112
126.071 0.000103654
124.07 9.70669e-05
122.526 9.89796e-05
125.403 0.000104328
115.855 9.83375e-05
123.911 6.94129e-05
124.237 9.91236e-05
124.794 9.97023e-05
124.524 9.80126e-05
125.945 2.1241e-05
134.274 9.69367e-05
123.369 0.000101043
124.275 9.90976e-05
125.925 5.79817e-05
126.156 0.000100634
127.963 9.27954e-05
126.86 0.000111021
124.637 9.77984e-05
118.574 0.000101125
124.559 0.000101575
125.71 9.62316e-05
122.481 0.000120476
122.671 9.74762e-05
125.52 0.00010623
134.973 9.07094e-05
122.528 0.000103578
118.314 5.79627e-05
125.078 9.74404e-05
117.175 0.000101506
126.071 4.88657e-05
125.404 0.000110358
127.511 0.000113265
121.937 8.75183e-05
123.962 0.000110967
125.86 9.66904e-05
118.914 0.000102784
128.568 0.000115451
122.599 9.1852e-05
128.478 0.000106254
125.644 9.09604e-05
122.431 0.000104407
124.216 0.000104288
125.894 0.000114248
126.242 0.000113492
123.55 6.84431e-06
124.217 4.75045e-06
124.751 0.000111361
121.222 0.000102007
120.171 9.91276e-05
127.228 0.000106606
123.099 0.000102343
124.385 0.000100139
125.318 0.000112778
128.261 4.64449e-05
124.205 0.0001003
124.184 9.80123e-05
123.669 0.000105963
117.262 0.00010223
125.971 0.000113594
125.52 9.7646e-05
126.169 9.94021e-05
124.391 0.000100103
124.977 0.000102216
120.95 9.73887e-05
124.818 8.35039e-05
126.008 4.39789e-06
120.306 9.11569e-05
120.578 9.55176e-05
125.239 3.79033e-05
123.426 9.42077e-05
125.542 0.000105712
124.171 7.14469e-06
124.65 9.68158e-05
117.602 9.4431e-05
124.686 9.94596e-05
125.091 9.84008e-05
125.947 0.000110478
116.59 9.55939e-05
127.004 9.77518e-05
124.835 9.64368e-05
123.822 9.5413e-05
128.586 9.32336e-05
124.691 0.000101304
125.304 9.79127e-05
124.166 9.78238e-05
125.768 9.82278e-05
125.24 9.739e-05
124.71 0.000110532
118.585 0.000111853
125.653 4.12379e-07
127.12 0.00010859
123.738 0.000100412
124.947 9.87607e-05
127.525 0.000103412
126.5 0.000113531
123.249 9.84941e-05
125.249 0.000108454
126.442 1.9415e-06
124.316 0.000103063
124.407 0.000103463
125.736 0.000112832
119.06 0.000101372
125.123 0.000117429
126.007 0.000111924
127.849 9.61749e-05
131.246 0.000108911
124.468 9.915e-05
121.304 0.000101481
122.263 9.16775e-05
126.193 9.80246e-05
120.474 3.87926e-05
124.146 0.000106476
124.555 9.92101e-05
124.819 0.000100178
124.319 9.76894e-05
124.273 9.99538e-05
119.305 9.78993e-05
122.752 0.000105455
122.549 1.60198e-05
125.071 0.000102464
123.048 0.000103041
124.341 0.000109135
121.465 9.61246e-05
124.326 6.6953e-05
124.225 0.000101922
119.095 9.74387e-05
125.269 9.04907e-05
126.842 0.00010438
127.097 9.60609e-05
123.996 5.48413e-05
134.937 2.47717e-07
126.281 0.000104202
122.868 9.95121e-05
124.859 0.000105796
125.847 9.09886e-05
122.521 9.92532e-05
119.133 9.66687e-05
125.414 9.37073e-05
127.172 9.83612e-05
126.443 8.9798e-05
124.906 9.79712e-05
124.694 0.000112108
127.673 0.000100476
126.029 9.77364e-05
123.761 0.000101707
130.89 0.000105013
121.951 7.21651e-06
124.928 0.000112106
126.723 2.91981e-05
124.638 9.86757e-05
124.705 9.80531e-05
123.336 9.93795e-05
122.266 0.00010958
125.848 0.000108944
124.366 0.000100633
124.528 0.000109671
125.71 9.9143e-05
122.951 0.000102672
122.63 9.51376e-05
123.083 0.000103869
128.739 9.48629e-05
126.504 6.58677e-05
124.167 0.000101429
128.959 0.000102437
126.755 0.000101276
120.574 9.97564e-05
125.98 0.000101927
123.157 7.36218e-05
124.742 0.000111796
127.513 9.66672e-05
122.547 1.51249e-05
125.796 0.000105423
125.36 0.000100973
126.031 9.82364e-05
124.022 9.6732e-05
126.626 1.03673e-05
127.812 0.000103022
123.259 0.000100836
124.01 0.000102236
125.774 1.53826e-05
126.076 0.000103709
125.265 0.00010357
125.465 9.87464e-05
126.726 1.56037e-05
124.151 0.000101518
125.548 9.86901e-05
124.637 7.5774e-05
127.256 0.000107117
124.111 0.000105408
116.866 9.90445e-05
122.658 9.6621e-05
124.947 0.000104774
125.337 0.000101783
167.298 9.94473e-05
125.552 9.79256e-05
126.202 0.00011111
123.505 9.80563e-05
124.424 0.000103821
126.779 9.21552e-05
123.258 0.000108309
124.792 9.89919e-05
128.734 9.19449e-05
125.47 1.86661e-06
126.932 0.000103243
123.415 7.53873e-05
124.275 0.000101221
124.842 0.000100895
124.736 0.000108689
127.128 9.24225e-05
124.5 0.000101889
126.502 9.77954e-05
126.629 9.58163e-05
123.487 9.90391e-05
123.204 9.76596e-05
118.287 0.000108302
120.567 0.000104404
125.817 0.000110221
122.098 9.79366e-05
123.175 0.000106451
125.518 0.000103247
126.437 9.79435e-05
122.235 9.68361e-05
124.212 0.000100911
124.284 0.000106567
122.114 0.000111661
124.895 9.77504e-05
127.336 0.000107964
125.707 0.000100962
122.43 1.09121e-05
124.461 9.86897e-05
124.234 9.09087e-05
128.847 2.71613e-05
124.264 9.89026e-05
122.542 0.000100943
126.31 9.92552e-05
129.518 9.78484e-05
123.705 0.000101508
126.249 2.09181e-05
124.61 0.000103857
126.646 7.30376e-06
121.73 9.73687e-05
126.461 0.000105622
124.051 0.0001039
123.902 9.98379e-05
123.519 0.000101758
123.478 9.67772e-05
125.265 0.000109701
122.949 9.60269e-05
126.666 2.4931e-07
126.485 0.000102939
127.309 9.90742e-05
124.627 4.07438e-07
125.48 1.11875e-06
124.479 0.000100424
122.268 9.98283e-05
125.131 9.71683e-05
117.448 0.000100567
124.832 0.000101348
125.457 0.000100421
125.064 3.81163e-05
125.71 9.70046e-05
129.023 9.43363e-05
126.18 0.000110317
123.082 0.000101458
124.036 0.000113709
117.877 0.00010609
121.299 0.000105199
122.833 4.70121e-06
119.996 9.47494e-05
125.611 0.000101825
123.467 0.000103745
124.762 9.83759e-05
125.003 0.000102488
125.478 0.000108312
126.638 0.000109648
124.729 9.21893e-05
121.85 9.63829e-05
123.522 9.95775e-05
120.011 9.77958e-05
124.164 0.000104665
123.145 9.84122e-05
124.859 9.90797e-05
117.14 0.000102085
126.907 5.84553e-05
125.487 2.10741e-05
118.454 0.000100621
124.616 3.80271e-05
121.032 0.000100074
123.472 9.94704e-05
126.029 9.74409e-05
129.56 9.14103e-05
124.356 0.000113488
124.426 0.000103033
116.727 0.000108553
126.342 9.82413e-05
126.666 0.000105904
125.452 9.84705e-05
125.191 9.91309e-05
125.21 9.7682e-05
124.494 0.000106574
125.172 8.06477e-05
124.107 7.17336e-06
126.12 0.000114804
120.923 2.09416e-05
125.669 0.000102292
121.153 0.000104987
123.453 0.000102704
125.456 9.58155e-05
123.791 2.91912e-05
123.879 0.000104724
123.689 9.34426e-05
124.037 9.73192e-05
123.514 9.52092e-05
124.908 0.000104948
126.921 2.88929e-05
122.946 9.74431e-05
123.765 9.64295e-05
123.741 9.71617e-05
123.771 9.20021e-05
124.345 9.68559e-05
120.737 0.000102174
126.455 0.000103478
125.736 9.95138e-05
122.856 4.83601e-05
125.726 0.000100349
123.019 9.9856e-05
121.385 0.00010419
125.293 9.73615e-05
118.503 9.79532e-05
123.676 9.82997e-05
120.207 0.000100229
124.206 9.0663e-05
123.696 9.94613e-05
124.389 9.72986e-05
125.832 9.92232e-05
127.965 6.57104e-05
118.206 9.1488e-05
126.83 9.49842e-05
127.095 9.83556e-05
125.887 4.8081e-05
118.311 0.000100142
118.27 0.000109812
124.615 0.000102106
125.924 1.51524e-05
125.377 8.45803e-05
120.003 9.85013e-05
124.322 0.000111542
119.619 0.000108884
120.82 9.6987e-05
124.014 9.30435e-05
123.565 7.41829e-05
129.485 1.87419e-06
122.671 9.87524e-05
123.832 9.97752e-05
126.476 9.79457e-05
123.586 9.94781e-05
122.747 9.70642e-05
123.935 0.000104323
124.867 0.000103591
124.472 0.000110682
125.273 0.000104095
126.705 0.000109269
128.4 9.49224e-05
117.249 0.000105861
127.544 9.54557e-05
125.237 9.97899e-05
123.912 9.75212e-05
124.855 0.000101054
121.444 9.59486e-05
124.268 9.76587e-05
122.992 9.82487e-05
125.269 0.000111377
123.102 9.74529e-05
124.6 9.73781e-05
125.056 4.66133e-06
131.349 9.315e-05
123.512 0.000101502
122.777 0.000115168
127.394 7.9079e-05
124.15 0.000102851
121.729 0.000105239
131.771 7.41456e-05
122.064 0.000104762
125.414 8.32597e-05
123.432 0.000100338
123.075 0.000104692
125.536 9.98517e-05
131.124 2.95712e-05
124.574 0.000104778
124.424 0.000106431
126.465 9.51738e-05
124.41 9.76443e-05
124.273 1.52509e-05
124.314 0.000111443
126.717 9.5475e-05
122.346 8.86511e-05
121.208 9.98002e-05
124.45 9.61176e-05
124.644 0.000105968
127.585 6.32301e-05
123.541 9.35115e-05
127.067 0.000116016
124.062 9.18477e-05
127.277 9.6843e-05
124.663 9.77502e-05
128.261 9.92894e-05
124.498 0.000102742
124.156 0.000110447
124.267 9.63619e-05
124.716 0.000101303
118.247 9.78554e-05
120.938 0.000101075
125.433 0.0001005
121.771 0.00011026
123.059 9.73293e-05
126.269 9.71347e-05
127.948 0.000105896
129.005 0.000100631
124.669 0.000111877
125.7 0.000100779
122.887 9.73428e-05
126.631 9.18596e-05
127.046 0.000105504
123.713 9.33861e-05
125.122 2.96611e-06
124.828 9.77392e-05
125.214 9.86708e-05
130.3 9.72075e-05
126.364 0.000104789
125.869 1.9023e-06
125.934 0.000102652
124.671 0.000102354
123.669 0.000109099
123.215 0.000101257
123.865 9.16779e-05
128.364 0.000101412
132.443 0.000104169
123.608 0.000111896
123.141 0.000113065
124.592 0.000102184
123.501 0.000113872
122.972 9.88948e-05
132.508 7.16098e-05
125.989 1.07973e-05
124.746 8.01421e-05
125.011 0.000113245
124.256 0.000112302
126.462 0.000104564
124.423 0.000103015
125.538 0.000100214
124.928 8.92001e-05
125.874 9.97019e-05
125.254 0.00010274
125.526 0.000102036
125.472 9.60323e-05
126.572 0.000104827
127.941 9.25851e-05
127.1 9.30481e-05
117.691 9.77008e-05
116.56 9.46567e-05
124.172 4.77661e-05
128.142 9.41647e-05
120.989 0.000101536
121.76 4.53216e-05
125.821 0.000103128
125.27 8.91834e-05
125.741 0.000100525
124.242 0.000113078
124.021 0.000101782
126.234 0.000100964
124.58 2.92039e-06
125.557 3.03989e-06
125.243 8.37679e-05
125.033 0.000108922
124.154 0.000113732
126.038 0.000100092
120.383 0.000111316
125.832 9.97895e-05
126.19 0.000100443
124.268 0.000109112
125.01 9.6022e-05
124.801 9.74272e-05
123.984 0.000103386
125.333 9.92556e-05
124.146 2.88077e-05
128.874 9.93531e-05
124.513 0.00010553
122.82 0.000108838
124.088 9.88687e-05
122.511 4.73911e-05
123.355 0.000108367
126.05 0.000113694
124.609 9.61682e-05
129.962 0.00010594
123.166 0.000106543
125.644 9.95753e-05
123.148 0.000103129
125.147 9.79199e-05
124.081 0.000109401
118.673 0.000108124
123.648 0.000108749
116.972 9.49932e-05
122.869 9.92443e-05
124.844 4.66102e-05
124.811 9.88499e-05
126.029 4.66294e-05
123.713 0.00010835
124.395 0.000100108
121.928 0.000113881
125.071 7.57183e-05
122.281 9.687e-05
123.161 9.61e-05
125.331 0.000108629
120.442 7.59006e-05
121.484 0.000110651
125.013 9.82777e-05
122.557 0.00010041
126.208 9.6643e-05
125.144 9.73073e-05
125.011 7.35834e-06
123.696 9.81632e-05
121.838 0.000111275
124.998 0.000101259
127.38 8.68274e-05
132.32 5.90487e-05
124.206 9.85645e-05
122.907 9.65515e-05
125.063 8.81649e-05
127.045 9.96349e-05
124.216 0.000113414
124.111 0.000106576
123.657 9.9968e-05
121.206 9.94667e-05
123.52 0.000108423
125.453 9.97308e-05
123.199 7.0178e-06
124.185 9.86607e-05
122.18 0.000116941
124.486 9.95511e-05
125.78 1.0592e-05
124.926 3.76785e-05
124.433 0.000100596
125.146 8.54572e-05
125.099 9.98383e-05
129.923 4.67185e-05
122.737 8.85325e-05
124.778 2.78792e-05
124.679 0.000101394
122.917 0.000101325
124.757 9.90458e-05
124.534 0.000114225
125.839 9.8069e-05
125.77 9.72188e-05
124.622 4.25744e-07
129.364 0.000100567
126.343 0.000102045
125.116 6.77257e-05
121.852 0.000110953
126.006 1.04534e-05
123.639 7.7107e-05
121.983 9.32094e-05
126.792 0.000100609
124.912 9.94728e-05
121.897 9.78224e-05
123.623 9.9887e-05
123.685 0.000105196
125.634 0.00010496
124.025 9.45746e-05
122.206 9.0742e-05
124.162 0.000100732
122.735 9.38444e-05
124.328 9.93392e-05
125.511 7.11473e-06
126.608 9.6658e-05
124.948 9.56993e-05
125.292 9.93464e-05
120.779 0.000102058
123.753 9.88186e-05
124.03 0.00010066
126.11 0.000107601
124.424 9.6884e-05
122.217 0.000101731
124.343 0.000107103
123.558 2.14143e-05
124.057 9.73662e-05
119.875 0.000102581
123.226 9.5794e-05
131.054 9.73304e-05
123.868 0.000106139
121.721 9.72131e-05
121.188 9.99978e-05
126.231 1.51878e-05
124.022 0.000101957
126.948 9.85802e-05
123.931 9.76877e-05
124.945 0.000104459
124.711 9.9133e-05
124.724 8.81657e-05
122.966 0.000104881
124.553 0.000113029
125.724 0.000100437
123.736 0.000100527
124.789 0.000114873
123.951 1.50994e-05
124.718 0.000100772
123.829 1.96505e-06
123.379 9.64275e-05
124.131 9.66465e-05
123.104 0.000100557
124.518 0.000115904
124.813 5.08038e-05
125.917 0.000107973
126.689 8.34152e-05
121.736 9.69949e-05
121.336 0.00010398
127.144 0.000100941
126.268 9.71717e-05
125.025 9.84192e-05
117.991 0.000104053
122.889 0.000109879
128.376 9.54545e-05
123.951 9.83483e-05
123.744 9.70775e-05
125.942 0.000105748
125.873 9.95277e-05
125.292 9.75551e-05
126.64 9.80528e-05
122.257 9.85881e-05
121.796 0.000109192
128.324 0.000119067
117.775 9.77775e-05
123.3 9.63646e-05
126.902 0.000116667
125.692 0.000103954
125.829 0.000112452
126.813 7.79658e-05
126.402 0.000100761
125.273 9.82262e-05
126.239 9.50794e-05
123.567 0.000112572
122.311 0.000100765
124.589 0.000109777
123.777 0.000114668
123.052 9.86893e-05
125.278 0.000101712
125.765 9.43485e-05
125.344 8.19165e-05
124.146 0.000100069
123.372 9.62844e-05
122.888 9.32757e-05
124.803 9.69135e-05
125 9.542e-05
120.871 9.67099e-05
127.869 9.89574e-05
124.878 0.00010148
124.716 9.69321e-05
123.476 0.000102543
124.915 0.000102348
124.317 0.000100532
126.68 0.000103185
120.056 0.000107302
128.529 8.98512e-05
125.963 4.63933e-05
123.299 9.78777e-05
126.455 0.00010396
125.535 9.97771e-05
122.541 0.000105607
125.293 9.62953e-05
119.622 9.67272e-05
126.6 0.000102392
125.566 9.39992e-05
124.518 9.88853e-05
123.535 0.000101067
122.513 9.55883e-05
121.151 3.67097e-05
123.958 9.6961e-05
123.325 0.000112541
125.889 9.7765e-05
118.899 1.50053e-05
123.644 1.18481e-06
121.711 0.000104457
122.554 0.000112436
123.814 0.000104082
123.974 0.000103303
122.735 0.000105918
127.552 0.000112503
123.057 9.98064e-05
126.888 0.000100693
122.783 0.000100535
123.119 0.000102549
126.698 0.00011386
124.792 9.88109e-05
123.39 0.000101538
123.474 0.000113754
118.536 1.02392e-05
130.246 9.76635e-05
123.839 0.000107157
123.766 9.88462e-05
127.591 0.000100274
122.092 9.49267e-05
124.452 9.32323e-05
122.776 9.92455e-05
125.178 9.30449e-05
124.455 0.000105655
126.22 0.00010654
124.481 1.54598e-05
120.277 0.000100694
125.854 9.92612e-05
124.302 9.27717e-05
122.547 0.000104092
124.065 4.71052e-06
126.686 9.6226e-05
126.756 9.92944e-05
117.449 9.89988e-05
125.374 9.91968e-05
125.826 0.000113036
124.611 0.000102433
125.384 0.000100136
126.849 9.03902e-05
121.747 0.000102891
124.49 9.75056e-05
119.289 1.09107e-05
124.45 0.000104572
123.809 0.000112337
126.318 9.72567e-05
128.046 9.38772e-05
124.591 9.95425e-05
120.123 0.000103588
126.111 0.000109153
125.084 0.000116735
125.638 0.00011535
123.999 9.67361e-05
126.039 9.89551e-05
131.749 0.000104067
124.628 0.000100076
122.981 8.97553e-05
124.28 9.61158e-05
121.466 1.06888e-05
144.126 8.00499e-05
119.882 0.000103257
124.416 9.96136e-05
115.595 0.000100653
124.879 4.67652e-06
125.745 0.000103471
121.038 0.000107248
128.424 2.04894e-05
123.39 0.000102065
123.011 9.70633e-05
123.093 0.000104117
123.325 9.48e-05
123.211 0.000101002
124.412 9.90978e-05
125.424 9.37959e-05
125.251 0.00010175
125.461 9.98159e-05
123.394 0.000100601
124.121 9.6055e-05
124.098 0.000104689
125.002 0.000102165
122.169 9.02029e-05
119.229 0.000110591
125.968 0.000112465
124.879 0.000105413
122.72 9.74948e-05
125.163 0.000101295
127.144 0.000114328
122.912 9.13926e-05
123.548 9.64881e-05
127.391 9.72021e-05
121.034 5.55121e-05
116.782 0.000102132
122.786 0.000105413
126.536 1.0679e-05
124.034 8.86023e-05
124.645 7.75398e-05
126.685 9.54297e-05
122.724 0.000111126
126.901 2.32146e-07
124.172 0.000106386
124.656 0.000112535
127.387 9.63304e-05
132.366 0.00011086
124.898 0.000109154
122.773 0.000101828
125.451 5.66478e-05
125.151 0.000117255
124.828 0.000102312
124.332 9.57559e-05
123.31 0.000117019
125.691 0.000102411
125.522 0.000101056
126.08 0.000108464
122.182 8.45196e-05
123.752 0.00010135
126.413 4.64692e-05
123.069 0.000104153
126.503 0.000110862
125.07 0.000100783
123.202 0.000100745
125.92 9.66473e-05
122.063 1.89875e-06
123.312 0.000105237
124.895 0.00010649
125.372 0.000112342
123.967 9.52665e-05
123.251 0.000114647
125.235 0.000100428
124.207 5.76592e-05
124.658 9.75989e-05
123.956 9.75107e-05
124.465 0.000104671
124.093 0.000106377
126.579 7.78225e-05
122.7 0.000112867
123.398 8.80508e-05
127.186 0.00010416
125.518 0.000110003
121.297 4.72664e-05
125.299 0.000111152
125.442 9.8255e-05
125.628 0.000107771
126.928 6.90569e-05
126.014 0.000106949
122.852 9.98008e-05
124.992 9.7489e-05
123.45 9.6818e-05
124.777 0.000100966
124.846 0.000105968
125.313 9.74789e-05
123.422 0.000109818
119.502 0.000116157
126.384 9.93667e-05
125.107 1.11997e-05
124.687 9.99429e-05
122.968 0.000111895
124.379 0.000109873
124.759 6.53876e-05
126.832 0.0001017
123.805 8.8009e-08
124.23 8.63843e-05
125.203 9.95683e-05
123.902 8.95385e-05
124.266 2.95695e-06
126.271 0.000112004
124.85 9.70121e-05
129.109 0.000101907
125.198 1.43303e-07
124.427 9.00882e-05
124.269 0.000111061
125.223 9.7375e-05
125.892 0.000101108
121.835 9.61252e-05
124.613 0.00010011
124.556 0.000113756
120.656 0.000103033
125.856 9.80891e-05
127.84 9.35734e-05
123.971 9.85555e-05
124.605 9.70103e-05
122.483 8.54248e-05
123.171 9.684e-05
127.011 0.000100967
125.535 0.000107641
123.012 9.85822e-05
126.001 9.928e-05
127.926 0.000104699
122.064 9.71815e-05
123.083 4.05703e-07
122.954 0.000111316
124.394 4.70542e-05
126.259 9.70546e-05
121.594 0.00010928
122.257 0.000100354
125.167 0.000104136
126.879 9.60554e-05
124.853 9.82879e-05
123.115 0.00010335
122.229 9.61981e-05
123.907 0.000103143
123.902 9.95247e-05
125.85 9.77501e-05
123.267 3.82867e-05
124.662 0.000100318
126.151 0.000100873
126.906 9.85705e-05
124.272 0.000100673
123.497 9.8476e-05
126.301 0.000103523
123.318 0.000114953
125.33 0.000111004
125.327 0.000108942
123.58 9.93836e-05
124.396 7.06671e-07
127.001 0.000104053
124.857 0.00010409
120.751 0.000111427
121.811 4.67326e-05
127.296 0.000100678
127.23 0.000100812
129.125 8.42775e-05
122.238 9.94801e-05
124.692 9.92404e-05
125.211 9.94202e-05
124.213 0.000102742
125.648 9.81409e-05
124.172 0.000105468
124.627 1.12782e-06
123.656 9.72207e-05
122.083 9.5765e-05
127.136 9.62344e-05
120.867 8.57918e-05
126.701 0.000100525
124.227 9.82463e-05
123.896 0.000103341
126.836 0.000115175
120.009 0.000111161
127.876 9.83275e-05
124 0.000101
126.463 0.000106133
124.478 0.00010313
122.066 9.41383e-05
122.355 0.000100769
123.305 0.000106258
127.135 6.622e-05
126.21 0.000109278
124.358 0.000109945
124.702 0.000102107
125.364 9.86873e-05
126.748 9.93086e-05
125.651 9.65441e-05
124.147 9.67471e-05
126.033 8.71452e-05
123.546 7.63999e-05
124.155 9.51577e-05
121.818 0.00010372
124.88 8.64557e-05
124.437 9.86442e-05
122.542 7.26486e-06
124.208 2.10063e-05
123.465 9.81784e-05
122.743 1.90484e-06
117.948 0.000107123
123.976 0.000111124
123.903 0.000101059
122.81 0.000104494
126.458 0.00010266
121.297 9.92318e-05
124.998 9.45677e-05
124.667 0.000102818
124.788 1.14309e-06
118.186 9.81494e-05
123.682 5.62783e-05
126.841 0.000100616
126.378 1.09014e-05
126.248 0.000101282
124.891 9.69937e-05
118.603 7.20182e-06
126.951 0.000105759
128.361 9.08963e-05
125.675 9.81258e-05
124.415 9.70905e-05
124.218 0.000105869
127.093 0.000100615
125.52 4.82976e-05
122.928 9.90375e-05
125.996 0.000101331
125.81 9.96724e-05
120.831 9.77325e-05
124.354 9.62414e-05
125.925 7.82243e-05
125.582 9.66565e-05
124.646 9.92858e-05
125.747 9.96193e-05
123.298 9.9779e-05
128.24 0.000100354
124.47 0.00011402
120.479 0.000103011
128.188 9.76635e-05
129.16 0.000102754
126.758 9.99671e-05
118.482 9.41184e-05
125.853 0.000105206
124.326 9.93364e-05
120.933 0.000107446
125.526 0.000108154
124.236 9.01815e-05
122.627 9.54905e-05
126.237 0.000101175
126.374 0.000104951
123.377 7.14464e-06
125.745 0.000100421
124.219 0.000100416
122.896 0.000104614
124.282 0.000112274
125.216 0.000108862
125.971 9.98117e-05
121.698 0.000102304
125.4 9.80185e-05
122.58 0.000100382
122.641 0.000105274
128.086 9.70393e-05
115.102 9.81708e-05
125.504 0.000100146
125.943 0.000107671
125.528 9.72488e-05
128.021 0.000100379
123.971 0.00010225
133.389 9.30277e-05
120.311 8.06196e-05
123.528 0.000103246
125.569 0.000101924
125.711 9.10659e-05
125.226 6.94265e-08
122.866 0.000106833
123.535 0.000108542
123.942 9.28509e-05
116.115 0.000104443
124.576 0.000102184
122.374 9.8003e-05
121.229 8.76174e-05
121.966 0.000104649
125.156 9.35214e-05
124.501 6.99188e-07
127.552 9.49802e-05
125.195 3.73216e-05
123.743 6.75206e-05
126.282 9.69889e-05
125.346 2.13583e-05
125.307 2.95468e-06
122.375 0.000100251
126.312 8.71704e-05
125.095 2.76731e-05
123.441 9.10805e-05
125.812 0.000101865
117.318 0.000111872
124.686 9.75048e-05
124.062 0.000102306
125.505 0.000100908
122.348 0.000101965
125.777 9.70972e-05
124.784 0.000113345
123.778 0.000109236
123.159 0.000104282
124.416 9.70124e-05
124.098 0.000111211
124.343 0.000107205
117.48 8.01412e-05
123.017 9.6405e-05
124.386 0.000108693
119.304 0.000101446
125.102 0.000111588
122.431 9.91391e-05
127.687 0.000102197
125.113 1.1415e-06
124.97 0.000101485
123.223 0.000108507
122.234 0.000102275
122.577 0.000100526
119.285 0.000106756
121.966 9.16786e-05
127.071 9.96381e-05
124.826 0.000102552
124.304 9.92124e-05
125.082 0.000103101
127.59 9.63677e-05
122.806 0.000109073
124.368 0.000110853
123.909 1.50588e-05
127.665 9.82271e-05
125.016 0.000109522
124.038 0.00011016
117.258 9.73456e-05
122.292 6.5751e-05
120.168 0.000111569
126.943 8.01567e-05
127.82 0.000105446
125.375 8.85604e-05
125.719 0.000113222
126.621 9.71687e-05
125.493 0.000106415
124.266 0.000101745
122.334 0.000103356
124.332 9.75508e-05
123.234 0.000106047
125.076 9.6444e-05
124.484 9.884e-05
124.437 9.25584e-05
127.074 5.30758e-05
123.72 5.71918e-05
122.805 0.000102497
119.023 0.000113588
122.678 9.6196e-05
127.578 9.8127e-05
123.184 9.5989e-05
123.615 0.000110363
129.348 9.04848e-05
125.085 0.000103345
120.385 1.93859e-06
126.252 0.000102983
126.288 9.99245e-05
125.423 9.11366e-05
124.351 9.73824e-05
128.294 9.60375e-05
125.728 1.86332e-06
122.842 5.84868e-05
125.746 9.90275e-05
125.332 0.000102227
124.349 0.000100897
124.103 0.000102381
125.58 0.000103048
126.038 0.000103027
117.694 0.000100261
126.279 0.000101117
125.617 8.35459e-05
123.274 7.90602e-05
124.735 9.83443e-05
126.563 7.81536e-05
123.6 0.00010127
125.723 0.000103614
125.987 0.000105531
120.593 9.71729e-05
125.608 7.41781e-06
121.665 0.000107215
119.411 9.34401e-05
121.809 9.66803e-05
123.618 0.000102143
124.267 0.000112153
124.068 0.000100876
122.697 9.95605e-05
125.476 4.73236e-06
127.513 0.00011004
124.217 9.34975e-05
125.111 9.64296e-05
125.432 0.000114618
125.812 9.8961e-05
124.537 0.000108359
117.506 7.57217e-05
124.006 9.98905e-05
126.086 0.000103802
124.407 0.000115517
125.287 0.000101975
125.201 9.2183e-05
126.271 0.000102894
124.69 9.87535e-05
123.715 9.727e-05
119.773 9.91101e-05
125.114 9.96002e-05
122.274 0.000104795
124.774 0.000103625
115.104 0.000103596
121.544 9.70928e-05
123.079 9.67522e-05
126.522 0.0001067
126.332 0.000108641
127.027 0.000101259
123.23 0.00010451
124.836 0.00010961
128.607 0.000108835
124.175 9.51073e-05
124.702 0.000100812
123.153 9.79574e-05
128.36 0.000101565
123.972 9.64508e-05
125.442 9.6488e-05
125.288 0.000109338
122.939 4.87036e-05
126.607 0.000114808
127.108 0.000106173
123.923 9.71902e-05
125.805 0.00011024
122.992 8.1126e-05
122.967 9.57549e-05
121.441 0.00010135
123.423 9.48485e-05
115.271 3.73053e-05
123.132 0.000101364
125.838 0.000101078
122.424 0.000100515
121.567 0.000113404
126.324 0.000114326
124.547 9.88245e-05
126.517 9.4402e-05
125.731 7.76955e-05
123.842 9.71906e-05
126.936 9.79612e-05
125.132 9.69128e-05
124.565 0.000101165
122.496 0.00010031
125.671 0.000107251
124.815 7.75067e-05
124.949 6.68084e-05
125.738 9.72191e-05
120.842 0.000105483
125.673 0.000103415
123.02 9.62631e-05
123.683 9.38708e-05
124.733 0.000111732
125.125 0.000110929
125.362 0.000107671
124.471 0.000100537
123.786 0.000105291
125.077 0.000100617
126.419 9.87373e-05
121.65 0.000101985
122.783 0.000100213
127.808 9.1235e-05
125.014 9.75353e-05
125.302 8.66768e-05
124.601 0.000104953
123.62 0.000105963
124.787 0.000108024
124.059 9.47764e-05
122.818 0.000104879
124.687 9.85765e-05
124.183 2.96287e-06
124.131 0.000109303
125.52 0.000104114
125.544 9.95453e-05
123.783 9.99768e-05
127.886 0.000102835
124.56 0.000104666
124.735 9.4186e-05
126.085 0.000114223
126.307 9.82723e-05
127.509 0.000111574
124.398 0.00010485
125.765 0.000102575
124.114 9.74686e-05
124.494 4.73186e-05
123.595 0.000101598
127.959 9.94172e-05
123.285 9.69916e-05
128.832 8.20048e-05
123.933 0.000101238
125.612 9.41577e-05
121.545 5.83587e-05
125.825 9.97555e-05
122.044 9.88681e-05
124.055 9.89049e-05
124.52 0.000102547
124.864 9.82473e-05
124.752 0.000102093
126.975 9.81898e-05
123.702 0.000105859
126.442 0.000102103
128.356 0.000101382
117.142 9.93104e-05
123.293 0.000105287
128.111 9.25759e-05
127.314 9.60225e-05
116.083 0.000102581
124.293 9.876e-05
128.384 0.000100779
123.382 9.27503e-05
124.45 0.000102581
121.036 0.000102525
124.385 0.000110958
123.495 0.00010231
125.028 9.78666e-05
126.587 0.000101594
124.886 0.000101194
126.2 9.87785e-05
129.836 0.000108486
125.17 9.74564e-05
123.227 9.77549e-05
123.891 0.000112354
124.801 0.000104752
123.347 0.00011109
123.1 9.73472e-05
124.362 7.86312e-05
121.196 4.49159e-06
123.104 1.79165e-06
122.286 0.000100774
122.889 9.74042e-05
120.066 0.000109155
126.274 9.74418e-05
124.866 9.48756e-05
126.148 9.6124e-05
125.794 9.73793e-05
131.504 0.000101445
119.981 0.00011566
122.375 0.00010586
124.238 0.000100181
122.313 9.50149e-05
125.461 9.84926e-05
126.109 0.000112076
122.143 0.000106094
125.217 9.84668e-05
122.907 9.2907e-05
127.749 0.000116697
126.364 9.88661e-05
125.067 6.82329e-05
126.407 3.91899e-05
122.726 8.51046e-05
127.054 9.817e-05
125.998 0.000115345
125.72 0.000108838
128.285 0.000101962
126.893 8.36902e-05
120.99 0.000115015
124.986 4.82784e-05
123.798 5.94935e-05
124.846 9.93396e-05
129.868 9.64694e-05
123.387 6.31986e-05
126.155 9.40472e-05
125.194 8.41322e-05
120.23 8.81638e-05
126.92 3.81094e-05
126.176 9.67771e-05
128.304 9.23725e-05
126.247 0.000100192
127.325 1.74925e-06
125.488 0.000100716
125.664 7.73066e-05
124.672 0.00011216
124.211 0.000101477
124.945 9.96104e-05
121.116 0.000108396
125.615 0.000103272
125.819 9.75691e-05
121.593 0.000115192
128.323 0.000101367
124.453 0.000101637
123.541 8.52588e-05
125.479 0.000108199
126.05 9.90926e-05
125.143 9.57377e-05
123.556 0.000103107
125.296 9.62564e-05
126.695 9.52005e-05
121.64 0.000102694
125.026 0.000102643
124.283 0.000111279
123.565 9.90723e-05
125.153 0.0001078
123.32 0.000102591
126.982 5.54124e-05
123.984 9.8523e-05
126.611 9.8077e-05
122.794 0.000113602
120.286 0.000101641
121.346 0.000100586
125.75 0.000101693
127.027 0.000103137
126.293 9.92723e-05
124.32 0.000105609
122.372 9.8717e-05
126.03 0.000108734
125.484 0.000100523
124.154 0.000112169
124.259 9.14783e-05
125.819 0.000111064
125.867 0.000100126
125.957 9.68712e-05
125.518 1.14591e-06
124.008 3.71611e-05
126.539 0.000110363
127.018 0.000107323
118.797 9.7552e-05
126.44 9.95635e-05
127.859 0.000103222
125.631 0.000111911
124.625 3.65141e-05
123.37 9.70046e-05
126.231 0.000101423
119.962 9.56565e-05
123.959 0.000110422
125.806 3.8683e-05
123.977 1.53127e-05
124.056 9.60302e-05
125.318 0.000112687
121.992 0.000106212
123.221 7.93225e-05
126.093 0.000115275
124.555 9.71569e-05
119.686 0.000106216
124.517 7.56567e-05
123.442 9.11368e-05
126.068 3.7761e-05
126.187 9.84802e-05
125.652 2.94701e-06
128.511 0.000110936
126.945 0.000104174
128.057 9.83447e-05
128.691 0.000108915
124.502 0.000116249
119.294 0.000103586
125.698 9.81776e-05
125.06 9.76446e-05
125.199 0.000101339
123.537 7.68298e-05
118.795 9.67899e-05
118.255 9.7303e-05
118.27 0.000105929
125.813 9.93776e-05
124.88 9.87551e-05
125.667 9.7602e-05
119.981 9.50428e-05
124.688 4.62719e-05
124.249 0.000106348
120.539 9.98111e-05
123.558 0.000110673
125.817 9.82124e-05
128.181 0.000100636
124.115 0.000101469
125.325 9.75803e-05
127.111 9.82096e-05
124.999 0.00010229
125.611 0.000114285
121.208 0.000110559
125.368 0.000100192
126.431 0.000108897
124.056 9.91961e-05
125.796 9.59701e-05
125.938 0.000111
122.603 0.000104064
124.301 0.00010301
124.497 0.000100238
125.653 0.00011512
126.696 0.000105222
119.403 9.84612e-05
122.244 0.000101591
125.606 0.00010511
123.646 0.000112891
125.623 0.000115479
121.236 9.318e-05
120.294 9.82124e-05
122.405 9.60272e-05
127.084 9.87814e-05
124.69 0.000102009
123.669 0.000109898
124.865 9.86841e-05
127.245 9.73578e-05
124.708 2.97729e-05
123.187 0.000102405
120.659 9.84391e-05
119.786 2.23845e-05
125.386 0.000102161
125.583 1.05821e-05
125.376 0.000102583
124.004 4.7714e-06
125.073 9.99977e-05
127.223 9.95772e-05
126.034 9.93522e-05
125.603 9.06817e-05
125.898 9.90006e-05
124.524 0.000100254
126.425 0.00010619
123.215 4.77812e-06
126.117 9.79043e-05
125.225 0.000109607
126.649 0.000117512
115.98 0.000103176
121.961 0.000113058
125.187 9.15447e-05
124.721 0.000100788
124.052 0.000106235
123.745 9.12262e-05
124.898 0.000113646
125.788 0.000110779
127.27 1.47464e-07
119.834 0.000103721
126.059 0.000103615
127.618 2.09971e-05
125.238 9.87224e-05
125.261 9.71664e-05
125.746 9.89477e-05
123.811 0.000103688
125.304 7.09156e-06
123.544 0.000104022
131.684 0.000100804
120.857 0.000109214
132.62 3.63402e-05
123.397 9.84978e-05
122.77 9.91601e-05
123.835 0.000104957
125.419 0.000111947
123.75 9.57763e-05
128.915 9.98755e-05
125.228 0.000109521
125.09 9.15357e-05
125.91 9.85287e-05
122.019 7.53785e-06
122.815 0.000104629
126.506 9.89987e-05
123.259 0.000100375
125.617 0.000103629
125.042 9.91595e-05
124.932 9.50475e-05
119.38 0.000102496
125.215 0.000101428
124.162 0.000101913
125.531 0.000109649
126.59 9.96834e-05
123.767 9.99349e-05
124.109 0.000112896
124.709 0.000103693
125.379 9.39886e-05
124.655 7.02284e-07
122.524 4.61086e-05
127.747 9.38508e-05
127.706 0.000106648
123.305 9.2538e-05
123.997 0.000101596
127.499 0.000111592
123.403 0.00010357
127.286 0.000102653
115.896 0.00010151
125.588 0.000108167
125.594 0.000111012
124.456 9.92797e-05
123.745 0.000101726
119.694 8.87148e-05
125.633 0.000103254
125.753 7.9177e-05
127.333 9.98252e-05
126.333 9.66821e-05
126.31 9.78999e-05
122.311 9.86585e-05
127.275 0.000102454
121.478 7.18744e-05
124.745 6.84801e-05
123.703 0.000110166
123.14 0.000107178
124.788 0.000101006
125.988 6.90452e-05
125.46 9.02449e-05
120.977 9.81783e-05
123.244 9.94892e-05
124.309 0.000103108
122.689 0.000101225
128.005 2.15817e-05
123.229 0.000100772
124.575 0.000102987
124.383 9.4871e-05
123.891 0.000110667
125.122 0.000109775
119.747 0.000100968
125.177 0.000109952
122.596 2.92906e-05
125.689 0.00010239
123.925 0.000103264
125.1 9.70357e-05
124.987 9.3466e-05
124.177 0.000100072
126.93 0.00011299
127.106 0.000115252
124.275 0.000106926
125.152 4.78521e-06
123.737 0.000111427
125.892 0.000108534
126.693 9.59478e-05
122.339 5.01106e-06
125.191 0.000100667
124.811 2.89073e-05
125.217 7.64271e-05
124.329 9.66423e-05
121.558 9.59387e-05
123.076 0.000106362
123.354 0.000113501
123.719 9.95543e-05
117.5 2.81892e-06
123.437 0.000104721
125.591 9.13664e-05
125.447 9.81483e-05
124.075 0.000112604
123.257 8.95759e-05
124.414 8.29953e-05
123.447 0.000104314
126.727 2.75649e-05
123.203 0.000101099
125.589 0.000103951
120.94 9.30048e-05
128.494 0.000101085
125.297 1.89807e-06
125.746 9.99673e-05
117.038 1.87611e-06
126.357 0.00010053
126.531 9.98995e-05
124.881 9.47416e-05
123.529 2.94529e-06
126.162 0.000103681
123.404 9.70903e-05
125.106 9.91189e-05
124.767 9.75198e-05
118.17 9.65703e-05
127.674 0.000106883
123.834 7.00153e-05
125.612 9.92333e-05
120.645 9.88465e-05
124.227 2.13094e-05
125.455 0.000110001
126.382 9.95201e-05
126.512 0.000112532
123.416 9.70814e-05
120.167 0.000106726
127.489 0.000102041
124.048 0.000102277
124.45 0.000107996
126.304 9.93893e-05
124.335 0.00010269
125.952 0.000111454
126.625 9.77168e-05
124.944 0.000103136
127.156 9.79181e-05
120.253 0.00011276
125.705 9.81488e-05
126.82 9.74535e-05
124.207 0.000102697
127.149 9.45163e-05
126.579 0.000101068
121.679 6.83263e-05
124.669 7.71549e-05
122.151 0.000106404
126.044 9.88973e-05
123.247 0.000109759
125.947 0.000105071
123.744 9.68583e-05
121.34 0.000101166
123.476 0.000114474
118.85 7.16597e-05
123.411 0.00010905
124.18 9.93716e-05
126.021 0.000100617
122.536 4.63777e-05
124.63 0.00011207
123.087 9.4481e-05
126.44 5.75591e-05
126.207 0.000100318
124.32 4.74733e-06
121.863 0.000107898
121.866 4.82123e-06
124.816 9.55065e-05
119.558 0.000106579
124.636 0.000104189
125.175 9.82253e-05
127.822 1.14222e-06
122.131 0.0001078
123.49 9.60451e-05
122.79 0.000102577
124.148 9.81715e-05
120.777 8.10517e-05
118.1 4.92779e-05
129.018 9.4162e-05
127.167 0.000106345
120.258 9.64615e-05
121.136 0.000111247
125.675 9.51128e-05
120.853 0.000111322
124.363 0.000101858
128.047 9.48784e-05
123.311 9.9758e-05
124.637 9.64701e-05
126.917 9.8407e-05
125.413 2.87339e-05
127.649 6.46853e-05
124.606 0.000109616
126.964 9.94594e-05
126.534 0.000106098
125.561 9.94421e-05
126.074 0.000101231
124.543 0.000113833
124.304 0.000111793
124.962 0.00010526
126.482 0.000103202
118.876 0.000106865
124.528 0.000104169
128.797 0.000100104
124.605 0.00010675
122.922 2.79463e-05
125.615 9.7914e-05
125.071 0.000102254
125.896 0.000104268
125.703 7.85377e-05
124.528 0.000101942
121.797 0.000105911
124.888 8.8314e-05
125.828 0.000102901
122.844 0.000101233
125.791 9.93897e-05
123.563 9.95503e-05
125.03 9.7874e-05
126.001 0.000103351
124.554 0.000105918
120.113 0.000114148
125.066 9.23903e-05
126.463 9.39143e-05
127.333 0.000104508
124.464 9.81946e-05
122.396 9.7303e-05
124.527 0.000101241
126.227 9.74921e-05
127.944 0.000104395
125.555 2.98887e-06
124.071 9.74028e-05
125.812 0.000105624
123.126 0.000115168
125.073 0.000101157
125.021 1.51644e-07
123.755 9.61611e-05
124.625 9.89381e-05
122.054 0.000103592
126.029 0.00011205
122.886 9.40306e-05
122.806 0.000109695
127.912 0.000105681
127.316 9.62248e-05
122.633 2.84178e-05
122.292 0.000106007
121.231 9.16351e-05
126.394 9.90948e-05
121.41 0.000105798
127.069 1.5728e-05
127.503 0.000111123
124.998 9.90652e-05
123.839 0.000113942
126.361 0.000103214
125.235 0.000104759
116.687 9.43569e-05
125.932 9.99467e-05
118.41 5.62796e-05
124.635 0.000105368
120.135 0.000100503
123.586 9.29365e-05
125.543 9.56562e-05
125.619 9.7324e-05
124.089 0.000104524
122.572 9.51441e-05
125.331 1.53209e-05
126.327 9.62768e-05
123.226 0.000100613
126.71 9.629e-05
123.174 0.000110172
124.225 0.000107013
125.827 0.000106987
122.021 9.85977e-05
123.994 0.000111787
123.477 0.000112028
124.31 0.000100488
126.35 0.000100888
124.474 9.65887e-05
123.175 9.86679e-05
121.768 2.87823e-05
123.543 0.000104303
121.48 0.000108386
124.511 9.45104e-05
125.753 0.000105441
129.797 0.000107902
119.489 0.000113619
124.597 8.91786e-05
123.636 9.79704e-05
127.161 0.000111188
116.501 9.86141e-05
122.931 6.74552e-07
127.32 0.000113354
129.386 0.000102715
122.884 0.000100464
122.359 6.30012e-05
123.544 9.71956e-05
123.222 0.000100427
123.675 0.000110552
124.822 0.000112144
125.86 7.5967e-05
124.307 9.75277e-05
126.63 1.07581e-05
117.301 0.000112318
125.545 0.000112048
124.591 0.000100587
125.343 6.24398e-05
125.722 9.56111e-05
124.806 0.00010464
125.173 0.000105651
124.962 0.000102821
124.806 4.71296e-05
120.662 9.6028e-05
125.305 9.9524e-05
125.661 0.000109463
123.773 9.16651e-05
124.912 0.000107671
125.358 9.30076e-05
124.888 0.000100483
127.619 9.74958e-05
123.817 0.000108099
128.096 0.000100367
126.803 7.32041e-06
123.816 0.000103727
123.426 9.82191e-05
124.417 0.000100883
121.456 9.26024e-05
124.497 5.73774e-05
124.484 0.000100069
124.461 0.00011206
124.838 0.000103649
124.493 9.72893e-05
124.746 0.000104248
125.978 0.000107113
121.024 8.51739e-05
124.238 0.000104979
123.346 9.03848e-05
121.322 9.94533e-05
126.326 8.59398e-05
126.684 9.40941e-05
123.889 9.8992e-05
124.552 0.000108651
124.851 0.000110106
123.632 9.66234e-05
123.951 0.000106757
121.599 9.61443e-05
122.915 0.000108203
127.607 9.92104e-05
125.098 9.50499e-05
124.289 9.14222e-05
123.635 9.95128e-05
123.897 9.16512e-05
127.293 9.75553e-05
125.247 0.000108239
122.116 9.76026e-05
128.163 1.61523e-05
120.667 3.75579e-05
122.379 2.84903e-05
125.339 6.8481e-05
122.752 8.79815e-05
125.138 9.45541e-05
120.37 9.44929e-05
119.701 9.90705e-05
123.315 9.93865e-05
125.906 0.000104728
126.665 0.000101029
123.012 9.76474e-05
123.798 0.000101326
124.075 6.78659e-05
124.424 0.00010244
124.216 0.000100149
125.741 9.89568e-05
126.548 0.00010905
125.908 5.74061e-05
123.681 0.000100068
125.595 2.1008e-05
127.897 9.9201e-05
122.208 9.96824e-05
119.248 9.9818e-05
123.693 9.85756e-05
124.046 0.00010022
124.967 0.000116199
124.828 0.000103927
125.828 9.8372e-05
123.922 0.00010432
121.21 9.19491e-05
125.957 9.6605e-05
124.487 0.000100583
122.709 9.34201e-05
125.687 9.74881e-05
124.551 0.000108765
122.2 9.23301e-05
124.907 9.88172e-05
121.347 9.17005e-05
126.294 0.000103667
117.744 0.000115802
126.192 2.14714e-05
122.396 9.14539e-05
125.969 0.000110178
122.876 9.64344e-05
125.283 0.000100776
121.003 0.000117032
124.687 0.000100497
124.471 0.000100809
127.174 0.000109938
124.49 2.83374e-05
123.667 9.97814e-05
126.588 0.000100896
124.428 3.75355e-05
121.394 7.09455e-06
121.449 9.6275e-05
125.654 5.70807e-05
123.28 0.000102522
127.821 4.82485e-06
125.953 0.000100506
125.671 0.000114069
124.002 9.65329e-05
126.925 1.52785e-05
122.843 0.000111842
125.771 0.000102035
117.402 9.79268e-05
121.095 0.000103787
123.791 0.000112496
124.363 1.13342e-06
124.799 0.000105541
122.204 9.88341e-05
124.793 3.79029e-05
123.097 0.000110104
126.448 0.000106475
125.787 9.43933e-05
127.308 0.000110449
126.355 1.88514e-06
125.274 0.000100063
119.084 0.000108434
124.362 0.000103151
122.528 0.000104925
125.805 0.000103097
125.501 9.9862e-05
122.519 9.71045e-05
125.009 9.73801e-05
120.727 0.000103008
121.919 0.000103579
120.263 4.26354e-07
126.399 9.72759e-05
124.39 9.78284e-05
116.137 0.000100468
136.138 2.10362e-05
127.287 0.000103977
122.04 9.98937e-05
124.868 0.00010876
128.148 4.61767e-05
128.522 9.7307e-05
125.241 9.74601e-05
125.541 9.95945e-05
126.737 0.000112545
124.341 0.000104098
120.658 0.000109206
123.715 0.000111887
125.144 9.69534e-05
126.189 0.000105054
124.064 0.000110077
125.12 9.89952e-05
122.183 9.71325e-05
124.504 0.000110844
126.211 0.000102549
124.234 0.000103552
120.08 9.88321e-05
126.049 9.80054e-05
123.328 9.44964e-05
122.061 0.000101811
126.363 0.000111977
126.551 9.80723e-05
126.812 0.0001021
127.204 0.000112164
124.219 9.6784e-05
127.369 9.83254e-05
124.768 0.000111212
125.012 0.000104284
126.708 9.25973e-05
121.912 0.00010021
125.702 9.85713e-05
125.655 9.99822e-05
122.807 9.94865e-05
124.945 9.62984e-05
125.153 0.000111196
121.671 0.000101713
127.558 0.000111521
126.14 0.000104447
123.507 0.000100218
125.083 0.000102955
121.086 0.000101972
126.092 9.95255e-05
124.255 0.000111152
122.9 0.000100904
121.835 0.000105389
124.429 0.000101025
123.371 0.000105189
128.014 0.000113698
116.739 9.93624e-05
121.725 0.000113015
122.579 0.000101365
124.923 1.10039e-05
125.048 6.61589e-06
125.176 9.94155e-05
118.046 9.94271e-05
124.375 0.000103101
125.172 9.72572e-05
124.651 9.85928e-05
124.35 0.000100665
128.162 0.000101091
126.238 0.00010233
123.08 0.000108725
116.333 9.57261e-05
128.102 0.00011695
124.965 9.74755e-05
128.287 0.00010363
127.604 8.31446e-05
124.11 0.000103617
123.516 0.000105386
125.079 0.000102036
122.536 0.000114008
124.609 0.000106552
121.043 0.000113696
124.604 0.00011292
153.709 5.69139e-05
123.904 0.00010324
119.371 9.4363e-05
125.898 0.00010026
125.748 0.000110357
117.911 9.90859e-05
124.609 6.67207e-05
124.399 0.00010148
121.389 0.000102986
124.04 7.61735e-05
125.049 0.000102689
124.982 0.000105459
122.597 0.000103333
126.799 9.99129e-05
124.53 0.000100221
128.438 0.000100041
125.344 0.000112156
127.13 0.000100213
126.213 0.000100647
128.758 0.00010537
123.543 9.01711e-05
126.382 9.57116e-05
124.84 0.000100573
125.158 0.000103179
122.389 2.90573e-05
127.017 0.000110726
122.92 0.000102334
125.149 8.33813e-05
125.71 5.85985e-05
126.437 0.000100811
118.714 0.000102237
122.715 0.000105551
123.997 9.99709e-05
128.213 9.90659e-05
119.796 0.000100751
126.731 6.88994e-06
123.855 8.98238e-05
122.759 8.68377e-05
125.936 0.000110317
121.536 0.000114382
128.293 0.000100889
122.024 9.90808e-05
126.598 9.61093e-05
124.581 0.000111318
124.731 6.59074e-05
124.761 0.000111277
124.557 9.94557e-05
125.087 9.85914e-05
129.799 0.000100216
123.789 0.000101821
124.576 0.000114075
124.062 9.14951e-05
126.504 0.000103388
133.983 0.000100865
123.89 9.68743e-05
125.391 0.00010064
124.913 0.000100276
121.846 3.80934e-05
126.233 0.000106117
123.101 0.000100848
126.75 0.00010654
121.767 8.39507e-05
125.165 9.91216e-05
124.614 9.75123e-05
126.074 0.000103745
126.141 0.000105516
124.754 0.000101999
126.583 0.000103737
124.077 0.000100805
122.715 9.30619e-05
119.677 0.000102526
122.838 0.000102964
121.151 0.000103709
125.109 6.81593e-08
126.385 0.000112683
123.894 9.94788e-05
127.042 9.70219e-05
125.851 9.92706e-05
124.947 0.000100957
127.237 9.73913e-05
122.51 0.000100545
120.977 9.62828e-05
128.452 1.58586e-05
124.999 9.67825e-05
124.308 9.88532e-05
115.175 9.80945e-05
125.504 6.70554e-05
121.714 8.8514e-05
126.02 9.67892e-05
122.169 9.79829e-05
124.681 9.37208e-05
119.962 0.00010663
123.322 9.99032e-05
124.412 0.000102239
124.438 0.000107888
125.674 9.99873e-05
121.73 9.94625e-05
123.955 0.000103284
124.986 0.000100045
124.689 0.00011172
126.983 5.72063e-05
123.289 9.99407e-05
127.472 9.03569e-05
124.65 0.000105257
124.575 1.06976e-05
117.506 8.87271e-05
127.642 9.71196e-05
119.41 9.85237e-05
126.772 0.000112828
124.611 0.000115905
124.875 0.00010548
125.639 0.000108069
125.809 9.92241e-05
125.819 9.82169e-05
119.751 0.000104455
124.51 0.000101224
126.158 0.000110275
119.315 9.7475e-05
122.868 1.43815e-05
128.764 9.97249e-05
125.034 8.43839e-05
125.273 0.000101023
126.744 5.64802e-05
123.666 0.000112377
127.733 9.74151e-05
126.97 0.000104141
126.06 9.69556e-05
125.46 0.000112061
119.225 0.000100514
126.493 0.000110175
124.111 0.000106398
126.277 0.000100348
123.82 0.000102916
122.196 0.000101284
121.889 0.000100474
124.868 9.07883e-05
123.25 2.10666e-05
123.798 6.71941e-05
123.645 0.000107965
126.018 0.00010086
124.387 8.41965e-05
125.707 9.8775e-05
122.995 0.000112703
124.322 9.85778e-05
120.47 9.65366e-05
124.46 8.91866e-05
120.927 0.000105696
123.038 9.72772e-05
123.738 2.87633e-05
124.225 9.69524e-05
124.722 0.000103113
119.796 9.87617e-05
122.217 5.65857e-05
122.525 0.000101615
123.96 0.00010097
126.781 0.000114095
126.769 9.78517e-05
121.818 0.000114669
125.536 9.95253e-05
125.769 0.000101013
125.278 9.59477e-05
123.036 0.000100514
121.103 9.25052e-05
125.241 9.75705e-05
125.582 0.0001126
125.492 9.94043e-05
121.222 0.000114485
127.874 0.000102353
125.464 7.08349e-06
126.306 6.63848e-05
122.162 9.60616e-05
126.24 9.9334e-05
123.965 9.72673e-05
126.925 9.31766e-05
127.523 9.75345e-05
122.009 0.000101424
120.949 6.66815e-08
124.364 9.77249e-05
124.977 9.78636e-05
123.6 1.08851e-05
122.362 9.68246e-05
125.084 9.21809e-05
126.062 9.41574e-05
128.239 0.000110734
124.091 3.0235e-06
123.234 1.9031e-06
118.421 0.00010662
125.924 9.10336e-08
123.957 9.73639e-05
127.669 2.01034e-05
125.722 9.65254e-05
125.534 9.99193e-05
121.837 9.62011e-05
115.241 0.000102203
125.037 9.80141e-05
124.083 9.71088e-05
125.316 9.99948e-05
127.926 1.84958e-06
123.399 0.000100637
124.97 0.000102572
125.919 3.90727e-07
120.606 9.33959e-05
123.897 0.000104082
123.836 6.83472e-08
123.996 7.05927e-06
123.999 8.89158e-05
124.77 9.76428e-05
124.245 9.84252e-05
123.533 0.000108051
124.552 9.69372e-05
126.187 0.000114068
124.45 9.93318e-05
125.047 0.000107715
127.97 8.31636e-05
124.209 0.000100056
125.063 9.79806e-05
125.168 9.65e-05
123.532 9.8264e-05
126.747 9.98564e-05
126.594 0.000103613
126.304 0.000100539
128.42 9.89968e-05
126.515 9.50362e-05
123.185 0.000103784
123.012 0.000101664
125.221 9.43082e-05
123.811 9.67729e-05
124.814 0.0001011
126 1.5688e-05
126.945 0.000104813
127.094 0.000109419
127.049 0.000102467
125.746 2.10459e-05
124.937 9.69167e-05
125.816 7.38696e-06
125.676 9.72985e-05
122.557 5.61512e-05
122.497 4.69935e-05
123.679 7.30377e-06
126.263 9.67659e-05
122.773 0.000110683
118.67 9.64511e-05
120.451 0.000105484
124.784 0.000104364
126.916 7.64378e-05
127.09 9.9443e-05
123.15 9.67115e-05
122.069 0.000100948
125.098 0.000112083
126.744 9.36246e-05
125.843 0.000113857
121.934 0.000104616
125.171 0.000104336
124.735 0.000100026
123.385 9.65447e-05
124.449 0.00010027
123.023 0.000113107
126.92 0.000111456
122.937 0.000100831
124.991 9.69058e-05
126.21 0.000112764
128.862 0.000108736
125.624 0.000107771
123.88 0.000100659
124.578 0.000100802
125.61 0.000100732
124.051 9.88016e-05
127.962 0.000112537
126.49 0.000109498
125.508 0.00010651
123.885 9.97906e-05
128.451 4.71502e-05
116.912 7.78553e-05
122.613 0.000104684
125.629 9.81944e-05
125.346 0.000103508
125.631 0.000110721
125.099 0.000104487
125.341 9.9706e-05
122.787 0.000108193
124.741 9.58932e-05
119.856 8.72473e-05
124.283 2.9643e-06
121.235 0.000103487
125.158 0.000107396
125.483 0.000113885
122.703 9.64743e-05
119.623 0.000100617
122.087 0.000100372
130.085 8.74381e-05
119.245 0.000111827
124.355 9.81875e-05
122.731 0.000102032
125.391 9.83172e-05
124.611 0.000103551
126.844 8.11164e-05
115.189 0.000116621
125.763 9.82577e-05
124.13 0.000104914
124.608 0.00010918
125.065 0.00010178
125.04 0.000113484
126.072 0.000104606
123.833 9.92182e-05
129.062 0.000109602
123.013 0.000100444
125.842 9.24815e-05
126.318 7.84708e-05
125.804 9.57384e-05
122.456 9.20241e-05
124.332 6.29006e-05
122.515 0.000101789
121.041 9.9709e-05
119.591 9.45777e-05
124.515 9.27578e-05
124.254 1.07487e-06
124.982 2.88375e-05
124.708 9.84224e-05
127.036 0.00010489
125.004 0.000109419
125.261 9.66538e-05
118.715 9.43484e-05
124.453 9.92464e-05
124.536 9.20766e-05
118.644 0.000102618
121.037 0.000110971
121.568 0.000114421
125.033 0.0001002
122.347 0.000105295
124.053 9.73019e-05
124 0.000102498
126.652 6.60827e-05
123.915 9.90982e-05
126.431 9.94022e-05
124.578 9.38321e-05
122.777 9.97796e-05
119.243 9.55023e-05
124.254 0.000102272
124.199 2.12283e-05
124.47 8.69967e-05
123.9 9.40775e-05
122.41 0.000104616
125.232 0.000112852
125.834 0.000100242
123.018 0.000106511
125.448 0.000107781
125.956 3.7415e-05
122.408 0.000101152
122.505 0.00011087
122.057 0.000114516
124.478 9.93709e-05
125.363 6.93786e-05
128.092 9.89688e-05
125.402 9.77042e-05
123.868 0.000100125
126.542 9.95117e-05
123.108 7.78149e-05
124.39 8.24596e-05
125.092 0.000112533
127.186 0.000111206
126.662 9.76938e-05
124.421 8.3865e-05
126.734 0.000102085
124.899 9.66429e-05
122.656 9.22893e-05
124.833 9.9827e-05
126.473 9.92375e-05
126.525 0.000107484
123.557 0.000100553
125.049 9.91185e-05
125.104 9.50726e-05
124.359 0.000103853
126.153 0.000101001
126.915 9.22932e-05
126.619 0.000102634
128.213 9.48748e-05
125.525 0.000100909
124.108 0.000104958
123.984 9.94472e-05
123.475 9.77854e-05
125.749 9.90832e-05
123.541 1.02535e-05
126.216 0.000111995
123.357 0.000108861
124.9 0.000100817
126.66 6.74626e-05
123.802 0.000103658
126.655 7.80084e-05
126.31 9.4941e-05
123.31 8.26309e-05
124.319 7.80471e-05
125.19 9.07275e-05
126.195 0.000105025
123.933 0.000106234
126.871 9.77012e-05
125.994 9.77018e-05
125.829 0.000101315
125.561 0.000112119
124.29 9.76717e-05
125.332 0.000111106
115.619 0.000100976
126.975 1.54242e-05
126.352 1.04403e-05
125.36 9.21628e-05
128.549 8.49807e-05
121.874 0.000113033
124.427 0.000101823
127.692 6.77072e-05
124.154 0.000105227
123.73 0.000104352
125.761 0.000104627
126.176 0.000103855
126.154 0.000102593
125.839 0.000105803
125.738 9.76727e-05
124.677 8.72224e-05
126.814 0.000114078
121.678 0.000101126
125.508 9.90752e-05
130.448 0.000109901
123.4 9.64583e-05
121.292 9.71289e-05
122.254 0.000105051
123.357 9.90403e-05
123.172 0.000101988
118.927 0.000103032
124.14 0.000111008
121.728 0.000104048
125.437 9.98083e-05
121.422 7.19972e-05
125.308 0.000101043
134.281 9.01097e-05
124.316 0.000101621
125.743 0.000100103
124.145 9.61704e-05
118.703 4.71235e-05
123.615 0.000100011
124.35 9.72868e-05
120.939 3.6351e-05
125.659 0.00010323
126.612 8.16911e-05
122.309 6.60275e-05
126.431 9.5254e-05
124.161 9.87945e-05
124.015 9.84916e-05
125.885 0.000104962
124.137 0.000105909
128.803 5.98361e-05
121.085 9.89987e-05
127.135 0.000104264
124.967 0.000101436
125.014 0.00010036
127.914 9.4383e-05
126.506 9.91424e-05
124.01 0.000108194
124.73 9.70023e-05
124.032 0.000101402
124.452 1.44551e-05
125.518 0.000101587
125.556 0.00011468
125.435 0.000101312
123.138 9.81401e-05
123.556 0.000101403
123.809 0.000109423
118.049 9.69744e-05
124.07 0.000102459
123.326 9.88806e-05
125.575 0.000114844
124.622 9.85452e-05
125.888 0.000112194
124.867 9.70839e-05
123.234 3.59073e-05
126.601 9.40116e-05
124.221 7.12033e-06
118.171 9.73542e-05
126.778 9.60603e-05
128.786 9.52323e-05
123.952 0.000112498
124.724 0.000101433
125.061 7.33681e-06
127.048 0.000102107
127.121 9.69093e-05
126.375 3.848e-05
128.265 8.02356e-05
126.292 8.44468e-05
126.795 0.000114323
122.812 9.37642e-05
123.659 0.000100691
125.341 0.000112869
125.539 0.000101478
124.422 0.000105184
123.48 9.89573e-05
125.435 4.72776e-05
127.215 0.000113438
125.947 8.95921e-05
122.547 9.56983e-05
127.742 0.000102975
130.228 0.000111883
125.821 9.6713e-05
123.261 9.87357e-05
123.133 9.67927e-05
140.726 9.5983e-05
122.276 0.000106847
125.418 9.98401e-05
127.79 0.000110393
123.099 9.48229e-05
125.802 0.000106839
123.348 9.95646e-05
124.711 0.000110527
122.651 9.01245e-05
126.332 9.73874e-05
127.93 9.3586e-05
125.817 0.000103055
125.135 0.000102171
126.287 4.67568e-05
124.205 9.69356e-05
124.468 0.00011538
116.26 9.41004e-05
124.707 0.000101601
123.005 9.77744e-05
127.695 9.55069e-05
126.117 0.000104901
125.89 0.000101832
124.554 9.94065e-05
126.824 0.000112518
123.469 0.000101536
117.881 2.80131e-05
121.15 9.60634e-05
123.821 9.58423e-05
119.284 0.000112573
123.604 9.75278e-05
125.31 9.62688e-05
123.97 9.64752e-05
123.332 0.000111812
117.742 0.000103964
119.997 9.9179e-05
122.816 7.64776e-05
130.368 7.52948e-05
123.739 0.000118091
125.148 9.34296e-05
123.972 7.18275e-06
124.757 0.000101137
124.854 9.75546e-05
124.906 8.45371e-05
123.124 0.000100168
131.307 9.93786e-05
117.682 9.62606e-05
125.284 9.69082e-05
124.495 0.000103354
124.754 9.68031e-05
127.28 0.000101001
125.965 0.000102204
124.029 0.000104763
124.37 9.65325e-05
116.95 2.97556e-06
128.126 0.000100162
123.117 0.000113108
120.243 9.24928e-05
124.344 1.55623e-05
124.856 0.000109322
125.319 9.51199e-05
123.604 9.62013e-05
125.75 9.9721e-05
121.145 0.000107729
124.256 9.91994e-05
129.115 9.78083e-05
123.517 0.000110932
126.9 0.000103997
121.846 0.000100606
125.408 6.69079e-05
124.417 9.88205e-05
126.113 9.79847e-05
124.071 1.93519e-06
118.914 8.62623e-05
124.686 9.97378e-05
127.791 5.19686e-06
124.618 1.05961e-05
125.181 9.90469e-05
125.523 0.000101578
127.902 0.000100618
119.697 2.9591e-05
128.437 9.75209e-05
125.671 0.000104493
117.034 9.72971e-05
124.926 9.66922e-05
124.747 0.000109201
124.526 9.8765e-05
125.173 9.17074e-05
121.381 0.00010396
126.141 0.000104511
123.861 0.000117103
121.378 6.21377e-05
119.89 6.24366e-05
124.934 0.000103537
125.855 9.58197e-05
125.794 9.8899e-05
121.413 0.000108983
126.087 9.78706e-05
122.224 9.86525e-05
127.861 0.000112906
127.933 0.000110557
123.156 9.74648e-05
126.113 9.92167e-05
122.966 9.69339e-05
122.046 9.65713e-05
125.708 9.87504e-05
125.062 0.000102187
127.536 0.000107997
126.318 0.000100155
124.125 4.63579e-06
124.954 0.000102669
118.555 0.000109429
117.774 0.000116242
125.508 5.6e-05
121.274 0.000108149
123.69 0.000114799
124.134 0.000113246
116.944 0.000100503
125.345 0.000101596
126.098 9.45488e-05
123.634 0.000107857
116.375 9.35304e-05
123.152 0.00011195
124.486 6.57681e-05
119.166 9.9127e-05
123.633 9.63418e-05
122.96 0.000102462
125.559 0.000104107
127.157 9.59353e-05
124.315 9.47965e-05
121.914 9.50323e-05
123.911 0.000103497
126.829 0.000113075
125.251 0.000111305
127.753 0.000108704
124.763 0.000102127
126.962 5.65497e-05
126.715 8.37447e-05
116.14 0.00010316
125.16 0.000109236
124.905 9.08601e-05
122.728 0.000103467
127.756 8.81042e-05
120.882 9.73903e-05
125.362 9.69808e-05
125.181 0.000104211
126.467 9.10788e-05
123.201 2.09248e-05
121.73 0.000104736
125.945 9.53665e-05
125.649 0.00010751
127.604 0.000109041
122.206 0.000108951
124.104 9.81411e-05
126.203 0.000114238
126.058 9.65892e-05
127.666 0.000111235
125.712 1.5631e-05
122.872 6.58068e-05
125.174 9.82968e-05
130.057 0.000107749
126.474 2.9561e-06
129.337 9.32252e-05
124.183 9.77044e-05
123.046 0.000102013
127.876 2.88881e-05
120.468 0.000101299
126.602 0.000104273
123.846 9.80416e-05
122.788 1.15157e-06
125.035 0.000102173
129.287 0.000106062
120.29 9.93818e-05
122.621 9.98955e-05
125.369 2.87048e-05
117.902 9.44663e-05
124.716 9.94859e-05
122.088 9.97861e-05
124.236 8.7358e-05
124.428 9.27165e-05
118.38 0.000104033
125.387 0.000100416
126.554 0.000101777
123.178 9.82931e-05
124.596 9.83384e-05
128.338 3.4763e-05
122.608 7.42205e-05
122.414 9.84798e-05
126.336 9.17223e-05
124.79 9.70975e-05
124.25 0.000109105
125.476 7.14683e-06
122.185 0.000108252
127.814 0.000113008
123.331 0.000101227
125.545 9.73269e-05
124.885 4.69051e-05
125.411 0.000104017
124.417 0.000101869
127.251 9.89768e-05
128.024 9.68808e-05
118.833 9.35487e-05
126.269 9.83487e-05
124.842 0.00010011
121.642 0.000107655
122.232 0.000109797
127.031 9.84495e-05
124.305 9.97721e-05
125.985 9.75534e-05
127.68 6.96391e-05
127.123 9.54017e-05
121.929 9.67754e-05
125.201 0.00010995
124.442 0.000101535
120.97 0.000105899
125.838 9.88377e-05
125.538 0.000100948
125.488 6.79629e-06
122.284 0.000111052
127.521 0.000102851
122.868 9.83346e-05
122.035 0.000100086
125.281 9.86624e-05
124.932 0.000100703
123.679 0.000110792
126.232 0.000111858
126.182 0.000106007
121.909 9.63285e-05
124.039 0.000112327
127.446 0.000101694
127.124 9.92339e-05
122.496 7.02511e-06
123.816 6.85954e-07
124.844 1.05243e-05
124.265 0.000113385
122.332 2.27744e-07
121.991 0.00010141
124.604 0.000114047
123.059 9.52996e-05
126.641 0.000105678
124.271 0.000102897
122 0.000104148
121.229 9.72664e-05
128.221 9.75561e-05
122.035 0.000101417
122.112 9.57376e-05
124.223 2.79402e-05
127.549 0.000104129
124.584 9.47189e-05
127.64 8.93554e-05
128.543 9.62083e-05
123.159 2.91051e-05
130.183 9.95556e-05
125.417 0.000102618
118.819 0.000110369
118.105 7.07087e-05
125.382 9.85316e-05
124.287 9.48274e-05
123.958 0.000100999
123.949 4.88112e-06
125.656 0.000101169
124.538 9.92321e-05
125.538 9.94308e-05
123.334 9.79622e-05
123.936 0.000106266
122.131 0.000100524
127.085 0.000108787
123.78 0.000108078
125.154 9.57748e-05
123.842 9.52347e-05
128.636 0.000101084
118.63 0.000104049
120.764 0.000111227
126.648 0.000103331
124.746 0.000111845
122.946 0.000101122
125.019 0.000113146
125.678 9.59423e-05
125.531 6.71043e-05
126.967 6.8505e-05
120.734 0.000101044
124.146 6.67031e-05
121.328 9.10766e-05
126.151 9.56575e-05
124.38 0.000100254
120.317 0.00010112
124.526 9.84135e-05
121.735 6.73464e-05
131.35 9.09919e-05
124.352 0.000102423
122.163 4.94823e-05
124.586 0.000109293
117.184 9.83284e-05
124.778 9.86037e-05
126.54 9.71784e-05
125.829 7.40595e-05
126.645 0.000103902
126.547 7.79472e-05
116.212 9.96258e-05
121.42 0.000105857
124.157 0.000110906
124.245 9.78438e-05
126.796 0.00010563
120.981 0.000103872
124.471 0.000107777
128.729 9.4975e-05
127.555 9.71979e-05
122.915 0.000109211
124.451 0.00011208
124.601 0.000106561
122.989 0.000102586
120.088 9.62597e-05
127.791 0.000103858
122.025 0.000105097
123.981 9.70385e-05
127.397 9.91204e-05
126.76 0.000103952
124.378 9.86196e-05
124.233 0.000101161
122.455 8.66653e-05
129.514 0.000106469
124.376 0.000106549
124.965 0.000105198
119.486 0.00011523
125.359 9.78377e-05
123.615 9.92351e-05
124.073 0.000101155
123.167 9.7978e-05
125.929 9.74459e-05
125.176 0.00010136
126.353 9.5186e-05
124.673 0.000100234
125.64 0.000108449
124.788 0.000113792
124.361 0.000101177
124.746 9.87039e-05
124.868 9.85402e-05
121.402 0.000114534
119.174 7.02779e-07
124.817 9.7078e-05
124.9 0.000102547
123.653 9.72569e-05
123.419 0.0001111
125.035 9.68827e-05
125.999 9.78006e-05
123.726 0.000109987
125.156 9.78326e-05
125.388 9.85616e-05
126.598 9.15974e-05
126.587 0.000108595
125.194 9.97316e-05
124.958 0.000103942
125.372 9.76638e-05
125.038 6.92179e-07
122.793 9.93849e-05
123.997 0.000111956
126.293 2.08975e-05
120.806 0.000112289
126.02 9.6651e-05
126.934 9.94011e-05
124.423 9.60649e-05
122.644 9.82341e-05
124.155 0.00010633
115.004 0.000109868
123.411 0.000102523
123.813 9.41133e-05
123.227 0.000101984
128.27 9.52461e-05
124.637 9.84889e-05
124.485 9.53806e-05
126.507 0.000101295
126.848 0.000100198
125.874 9.66995e-05
119.882 9.78491e-05
125.584 0.000118017
126.057 9.63358e-05
125.221 0.000105218
119.644 9.94689e-05
124.103 0.000101285
125.007 9.91954e-05
122.785 0.000100148
123.669 3.82718e-05
125.141 9.77061e-05
123.246 9.90823e-05
123.633 0.000107048
124.88 2.16494e-05
122.688 9.98181e-05
124.04 9.68263e-05
125.427 0.000110983
122.601 9.72846e-05
126.754 0.000105169
126.768 0.000115687
125.029 0.000103889
122.654 0.000104496
125.115 7.69342e-05
126.549 9.56023e-05
125.923 0.000103836
122.272 9.90473e-05
123.802 0.00010063
127.429 9.69032e-05
127.314 9.64102e-05
126.065 0.00011645
122.814 0.000102205
121.341 9.71731e-05
122.733 0.000102171
125.715 0.000111697
122.761 2.84796e-05
131.033 9.07837e-05
122.794 9.93352e-05
124.749 0.000103001
121.487 9.89624e-05
123.783 9.84955e-05
126.088 3.03425e-06
128.268 9.67562e-05
122.427 9.99875e-05
125.566 8.86189e-05
125.145 0.000105976
124.726 9.72397e-05
124.588 0.000104654
125.043 9.49177e-05
124.082 0.000112242
127.444 1.04109e-05
125.085 8.50416e-05
124.969 9.57293e-05
125.78 2.92235e-05
125.186 0.000108925
122.041 0.000102756
125.702 9.01187e-05
120.93 0.000112565
124.017 9.82265e-05
126.536 4.78517e-05
125.009 9.68641e-05
123.274 9.40298e-05
124.888 9.94706e-05
122.802 0.000111867
124.505 0.000110574
122.524 9.32105e-05
123.053 6.9889e-05
124.915 9.52935e-05
124.008 0.000112958
125.74 9.96355e-05
125.842 0.000101211
119.84 0.000102798
121.611 9.7227e-05
125.273 9.84418e-05
123.293 0.000104379
126.262 0.000102114
122.951 0.000104756
126.51 0.000112157
115.768 0.000103204
121.68 0.000100766
124.219 9.88582e-05
123.953 8.60841e-05
126.107 9.59634e-05
124.662 0.000104561
124.936 0.000108166
126.328 9.2311e-05
123.398 0.000104882
123.099 0.000106203
124.953 0.000101391
124.075 9.23835e-05
120.771 9.40062e-05
125.429 9.72432e-05
120.197 0.000103018
121.921 0.000105245
125.832 9.6079e-05
127.062 0.000102265
122.372 9.36441e-05
123.268 0.000101806
122.88 8.74823e-05
124.932 9.51348e-05
125.825 8.38052e-05
125.062 0.000102118
131.488 0.000102991
126.345 1.91541e-06
129.028 9.75072e-05
125.064 0.000103805
123.259 9.49737e-05
123.504 9.55437e-05
126.25 9.90213e-05
125.012 9.76305e-05
120.375 5.73509e-05
124.559 0.000104771
124.703 0.000104761
123.755 9.71891e-05
124.383 8.40245e-05
125.341 0.000114856
124.965 9.66204e-05
123.926 9.84355e-05
126.811 0.000100006
126.382 0.000111878
124.302 9.97663e-05
126.808 1.04235e-05
122.186 9.6663e-05
124.022 9.81406e-05
123.262 7.94563e-05
120.342 2.75296e-05
124.672 0.000112152
126.012 0.000105297
126.309 2.63487e-05
126.071 9.90982e-05
124.686 5.74058e-05
125.168 0.000114381
123.419 9.66031e-05
116.346 0.00010061
128.733 9.93284e-05
124.819 0.000100494
127.512 9.84703e-05
125.877 0.000104239
124.469 9.41007e-05
122.617 0.000104727
126.024 8.09315e-05
126.37 0.000104472
122.45 9.44571e-05
123.088 9.44954e-05
125.571 9.99502e-05
126.347 9.89973e-05
124.689 9.82791e-05
120.225 0.000102331
126.28 0.000100486
126.415 4.33358e-07
124.077 9.86223e-05
125.221 0.000112992
125.746 9.10137e-05
125.173 9.71262e-05
128.134 9.39654e-05
123.795 9.67517e-05
123.883 7.65286e-05
126.456 0.000109639
124.932 9.79047e-05
125.754 0.000103309
122.098 0.000108636
123.287 0.000101532
124.451 9.95377e-05
125.966 0.00010361
116.342 5.67978e-05
126.824 0.000101447
124.806 4.70411e-05
122.294 0.000100272
123.561 6.49049e-05
126.232 0.000103828
125.885 0.000112072
125.673 0.000100311
125.031 7.11673e-06
130.162 9.71201e-05
126.689 9.66289e-05
120.841 0.000111227
126.81 0.000113517
126.654 0.00010049
123.175 0.00010051
126.527 0.000100622
124.755 0.000102772
124.807 9.85919e-05
126.451 1.8738e-06
124.634 1.16195e-06
124.697 3.79994e-05
124.866 0.000102315
125.273 2.97973e-05
128.241 0.000106388
122.459 9.91688e-05
125.879 0.000112144
126.619 0.000109821
120.45 0.000101136
117.175 6.88897e-05
121.163 8.44755e-05
125.51 9.7561e-05
123.648 0.000100953
124.088 9.49182e-05
124.586 0.000100382
124.826 9.07723e-05
125.289 9.66934e-05
123.644 9.84142e-05
122.011 4.81749e-05
124.974 9.39243e-05
126.247 0.000101515
125.662 -0.000105735
126.604 9.52543e-05
125.501 3.8695e-05
125.269 0.000109623
124.388 9.89153e-05
127.477 9.80927e-05
124.627 9.8663e-05
125.477 0.000112288
124.647 0.000102178
124.47 9.66268e-05
122.913 9.28718e-05
126.266 0.0001016
118.322 8.87205e-05
125.977 0.000107088
125.322 0.000106329
125.389 9.34234e-05
117.363 9.34e-05
123.841 0.000100877
124.104 3.82578e-05
125.637 0.000108862
124.199 0.00010922
118.282 0.000104829
128.264 7.57577e-05
124.721 0.000101926
125.107 9.80373e-05
126.11 9.62875e-05
119.197 9.81063e-05
125.869 9.56761e-05
123.914 0.000116954
129.018 0.000100302
123.729 0.000101473
126.063 0.000100836
116.42 0.000109725
122.973 0.00010966
125.597 9.85926e-05
125.763 0.000102999
120.192 0.000111381
124.041 0.000105731
124.28 1.52846e-05
128.566 0.000100143
125.02 9.74092e-05
125.016 8.46467e-05
122.235 9.90535e-05
126.105 0.000100858
128.795 8.64125e-05
122.469 0.000102258
125.083 9.70464e-05
122.754 0.00010362
127.989 0.000102277
120.459 7.2426e-07
123.515 9.06414e-05
124.034 9.64889e-05
122.087 0.000100953
121.574 4.90787e-06
124.148 8.99883e-05
123.556 0.000108546
123.51 9.62511e-05
116.396 0.000100669
124.377 9.94943e-05
126.29 9.06209e-05
124.138 0.000103664
124.047 9.67297e-05
123.608 0.000101166
122.777 0.000103274
124.426 9.38064e-05
124.772 0.000101793
127.208 6.46216e-05
126.499 9.81561e-05
125.629 0.000102563
125.827 9.81373e-05
127.026 0.000107482
124.353 9.92119e-05
125.166 0.000104534
123.587 0.000110581
121.815 3.86789e-05
125.269 5.17813e-05
121.921 9.61834e-05
118.857 1.07031e-05
126.252 0.00010492
125.585 9.69362e-05
125.087 0.0001063
128.115 9.71894e-05
127.433 0.000109357
124.332 9.53625e-05
121.531 0.000100617
129.37 4.88637e-06
122.712 8.27458e-05
123.724 9.98243e-05
124.651 0.000111908
124.951 8.96982e-05
124.042 0.000113133
125.29 9.78441e-05
124.147 9.81719e-05
124.492 0.000113288
126.476 0.000102973
124.4 0.000107351
126.469 9.93903e-05
124.269 9.6052e-05
117.151 4.6507e-05
123.14 9.28828e-05
124.659 0.000106118
120.233 0.000107136
124.869 0.000100607
124.252 0.00010258
125.196 0.000102619
122.441 9.70687e-05
126.716 6.79951e-07
124.042 9.95936e-05
120.852 0.000113477
125.379 9.51397e-05
122.501 0.000106579
127.635 0.000109263
124.546 4.67253e-05
121.378 3.8742e-05
123.836 0.000110763
120.33 0.000111032
125.646 9.99762e-05
124.385 0.000101694
119.879 0.000111246
120.402 9.64471e-05
124.013 0.000114582
123.926 0.000109404
125.762 0.000111689
126.189 9.02251e-05
123.817 9.06931e-05
122.543 9.88932e-05
124.293 0.000105022
125.466 0.000113724
120.822 0.000100189
125.467 9.66335e-05
126.543 9.4519e-05
121.076 0.000101733
123.226 7.46773e-05
121.729 9.43615e-05
121.694 0.000109714
123.772 2.46725e-07
124.613 9.64633e-05
122.241 0.000100355
126.799 0.000111202
126.247 0.000106102
122.424 9.52527e-05
125.726 0.000101606
123.959 0.000101048
123.633 0.000104974
126.833 0.000107719
123.785 0.000101329
126.115 0.000110904
123.993 2.9798e-05
123.087 9.64435e-05
125.674 0.000111312
121.947 0.00010379
125.021 0.000100838
127.543 9.50371e-05
121.581 9.39516e-05
125.049 0.000113047
123.717 3.7577e-05
122.426 5.88003e-05
124.226 9.8722e-05
127.128 0.000100934
123.961 3.89975e-05
126.951 9.81981e-05
128.66 9.48458e-05
123.469 0.000106306
124.522 0.000100472
122.431 0.000111946
118.904 9.75272e-05
124.847 9.60357e-05
126.071 0.000103756
125.853 9.90538e-05
127.814 0.000106613
127.261 8.68843e-05
124.835 0.000101696
125.011 9.77365e-05
125.603 9.72474e-05
118.668 9.92868e-05
129.2 9.92369e-05
127.278 0.00011632
124.036 0.000104961
122.954 0.000111622
124.824 0.000100939
126.664 0.000101928
126.662 6.58792e-05
123.443 8.65304e-05
125.245 0.00010643
124.656 2.90195e-05
123.956 0.0001037
122.881 0.00010333
125.912 9.40063e-05
126.397 0.000100721
126.336 9.83163e-05
122.259 0.00010132
125.636 4.56316e-05
123.059 9.3813e-05
129.056 0.00010821
120.393 6.8657e-07
119.533 0.000109126
122.878 9.24939e-05
124.993 9.6544e-05
124.207 0.000102487
126.461 0.00010647
126.991 9.74274e-05
127.409 5.63641e-05
125.054 0.000110797
124.827 9.71123e-05
124.658 9.85989e-05
122.122 9.64943e-05
121.561 0.000105916
124.223 0.000104236
124.993 9.97684e-05
123.572 0.000102983
124.569 2.14162e-05
124.985 0.000105111
123.89 7.5936e-05
121.734 6.70718e-05
127.142 9.87281e-05
122.127 0.000100957
129.65 0.000110087
126.331 0.000100783
125.503 0.000103669
131.007 7.58322e-05
124.362 9.89895e-05
125.762 9.75483e-05
120.852 6.95431e-05
121.716 9.73424e-05
122.997 0.000113495
122.283 0.000104306
125.434 0.000102299
122.34 0.000110496
123.496 0.000102381
129.597 9.12407e-05
120.356 9.95192e-05
127.062 0.000112218
124.945 0.000112786
123.159 9.81403e-05
127.886 1.05603e-05
128.629 0.000112032
126.475 9.00757e-05
130.114 0.000101628
124.074 9.53819e-05
128.337 0.000102594
125.82 9.89282e-05
122.191 9.38204e-05
125.697 9.47176e-05
123.244 0.000109394
123.105 9.5125e-05
125.959 0.000103185
124.01 0.000101533
125.141 0.000101316
125.14 0.000112959
124.661 0.000100904
125.188 9.84282e-05
124.703 1.15712e-06
124.532 9.87834e-05
118.391 0.000104229
123.371 0.000106262
120.791 5.75245e-05
123.259 0.000116773
127.126 0.000103595
124.396 0.000100022
125.586 0.000114156
124.283 9.7493e-05
126.64 0.000100101
125.255 0.000103695
123.583 5.68472e-05
125.62 0.000102664
124.521 9.79926e-05
119.822 9.87259e-05
125.543 0.000103591
123.433 0.000101056
122.83 0.0001114
126.136 9.70103e-05
124.98 0.000110942
122.706 5.80952e-05
122.365 0.000103794
125.044 9.47409e-05
125.024 0.000113169
119.567 9.84026e-05
125.307 9.37103e-05
127.656 0.000100673
123.637 9.63223e-05
121.907 9.80955e-05
124.453 9.18306e-05
124.107 7.09139e-06
123.653 9.94544e-05
123.653 0.000113057
123.551 0.00010459
122.596 9.17287e-05
124.859 9.15108e-05
124.867 0.000100698
123.96 9.92499e-05
124.302 0.000103013
126.111 0.000101523
124.815 8.46692e-05
124.016 0.000114298
126.05 9.43859e-05
125.724 1.15936e-06
125.418 8.31159e-05
125.208 0.00010444
125.899 0.000106767
124.261 9.90782e-05
119.949 0.000110548
126.038 0.000103184
119.15 6.90176e-05
122.124 9.67302e-05
124.523 0.000110946
123.332 9.83129e-05
124.389 9.75231e-05
126.395 0.000106261
126.502 0.000103318
124.722 8.5623e-05
121.718 9.38462e-05
125.677 8.84645e-05
127.192 9.66879e-05
123.51 8.79847e-05
124.201 0.000101668
124.742 1.89008e-06
127.067 9.78904e-05
124.964 9.6827e-05
124.164 7.21376e-05
125.136 0.000107831
125.353 0.000109181
124.037 9.957e-05
123.228 9.76054e-05
125.077 9.28463e-05
125.876 0.000100881
125.498 2.08888e-05
124.743 0.000101122
118.489 9.90574e-05
123.934 9.94058e-05
126.002 0.000104332
124.696 9.71729e-05
126.719 0.000112703
125.748 9.83205e-05
124.136 0.000103449
128.719 1.39646e-07
124.876 0.000102284
119.487 8.49044e-05
125.877 9.78989e-05
125.052 5.64681e-05
124.751 9.54422e-05
126.633 9.24925e-05
122.368 9.92468e-05
127.04 9.40002e-05
124.604 9.29856e-05
124.175 9.63561e-05
125.297 3.82872e-05
115.83 0.000114543
127.052 9.61381e-05
126.077 0.00010283
125.365 2.09638e-05
119.619 9.6872e-05
126.998 9.74449e-05
125.116 9.84205e-05
121.391 9.71869e-05
122.953 9.94261e-05
125.518 0.000102714
122.363 0.000111504
125.407 9.85017e-05
122.32 0.000111273
122.623 0.000100862
126.448 0.000101078
124.949 0.000100033
125.577 0.000109375
125.664 0.000101434
123.466 0.000106558
124.831 0.000106501
119.773 0.000111329
126.811 0.000101535
124.65 9.72865e-05
122.344 9.15812e-05
121.964 0.000101664
119.583 9.84245e-05
125.72 0.000102909
124.232 6.03767e-05
123.146 0.000109599
120.716 9.25425e-05
124.561 0.00010396
126.568 1.36458e-07
125.089 0.000100593
125.48 9.89679e-05
126.317 9.88068e-05
123.687 3.86642e-05
125.664 9.79192e-05
124.794 9.27839e-05
124.783 0.000112422
125.2 0.000100459
119.846 9.47642e-05
125.944 0.000101597
121.859 9.25264e-05
123.547 0.000113292
125.798 0.000105427
124.905 0.000105567
125.96 0.000111888
122.502 7.41816e-05
124.071 7.65869e-05
124.206 0.000103123
123.853 0.000102015
121.23 9.71489e-05
127.239 9.84372e-05
125.701 0.000103132
121.388 9.66421e-05
125.1 0.000108959
126.401 9.83609e-05
126.667 6.67382e-05
123.431 0.00010324
129.305 0.00010259
127.608 9.89173e-05
126.301 9.74842e-05
125.01 0.000112101
125.31 0.000100695
126.304 9.15711e-05
125.223 0.000107521
125.733 0.000101378
124.044 0.00010483
123.066 0.000103339
123.914 9.94402e-05
124.57 6.76616e-06
126.076 9.81748e-05
124.767 9.2761e-05
123.117 9.70056e-05
124.921 9.94092e-05
125.178 2.49257e-07
122.791 9.69643e-05
124.705 9.40316e-05
124.653 0.000107964
124.766 0.000101849
123.82 9.62699e-05
125.682 0.000105696
123.487 0.000102502
122.691 9.76678e-05
126.69 9.27281e-05
124.93 9.98702e-05
123.732 0.000102465
125.056 0.000109738
126.121 0.00010021
124.548 9.39333e-05
122.872 2.91835e-06
125.39 0.000100791
124.29 8.71693e-05
124.729 2.92545e-06
120.975 9.42437e-05
125.36 9.38111e-05
127.157 0.000103717
117.116 0.00010704
123.228 1.08904e-06
121.927 9.84574e-05
123.995 9.37219e-05
124.612 0.000104851
124.891 6.59567e-05
125.289 9.24789e-05
124.376 1.05085e-05
126.835 9.78052e-05
124.439 0.000100422
126.332 9.77909e-05
125.43 0.000105124
125.064 0.000100162
121.726 0.000102005
122.054 0.000112352
124.586 0.000101725
131.338 6.82931e-06
126.98 7.03283e-05
122.363 9.8484e-05
121.968 0.000103293
121.842 5.60303e-05
127.169 0.000100226
126.332 1.87558e-06
127.097 9.47688e-05
125.932 9.86999e-05
125.477 9.99692e-05
125.866 0.00010455
125.013 0.000103756
121.594 8.375e-05
132.138 9.80977e-05
125.865 9.48125e-05
124.491 0.000102163
125.552 0.000104507
125.992 0.000102915
128.256 0.000110197
124.011 2.16098e-05
125.806 0.000111836
126.203 0.000112185
121.918 1.8571e-06
124.861 9.72663e-05
124.553 0.000100164
124.649 0.000106258
125.519 9.30294e-05
127.155 0.000102098
125.194 0.000110733
124.612 0.000102075
125.526 8.38678e-05
124.78 9.31189e-05
123.633 9.51308e-05
125.535 0.000103033
117.478 9.96068e-05
124.647 0.000109784
124.743 9.75166e-05
123.756 0.000103273
122.71 0.000104044
121.085 9.72656e-05
124.272 1.54432e-05
125.432 0.000102642
126.134 0.000102507
122.04 6.42466e-05
126.086 0.000106297
126.102 0.000118125
125.995 9.75195e-05
122.465 8.15877e-05
122.946 0.000101544
124.029 0.000109278
124.454 0.00011119
121.907 9.77098e-05
122.837 9.85531e-05
123.394 9.51652e-05
125.115 0.000105774
124.424 9.88611e-05
123.372 0.000100016
124.893 8.19252e-05
123.946 2.10706e-05
125.537 9.90068e-05
124.567 9.75753e-05
128.067 0.000104038
124.058 9.61452e-05
125.108 0.000110389
124.57 9.98506e-05
126.991 0.000100574
121.323 9.96638e-05
122.409 0.000103154
126.749 9.48148e-05
125.063 9.58342e-05
123.619 0.000102132
135.017 3.58215e-05
128.198 9.99126e-05
124.948 0.000101281
124.529 7.57479e-05
126.285 0.000100592
121.661 9.8111e-05
123.003 0.000104213
126.799 0.000102394
122.355 0.000101021
125.973 9.98965e-05
124.644 9.11507e-05
124.647 0.000108655
124.067 0.000100108
122.056 1.07922e-05
124.566 0.000101925
126.411 9.42563e-05
122.052 0.000108952
126.334 0.000100099
123.656 0.000100959
126.554 0.000112143
120.408 0.000112099
117.348 0.000100012
127.66 0.000115515
126.537 0.000111417
122.639 0.000106633
124.018 7.61141e-05
124.53 9.73794e-05
124.389 9.88135e-05
124.224 0.000110382
126.835 0.000108768
126.668 8.9735e-05
125.947 9.80777e-05
116.204 0.000100445
125.614 3.76961e-05
124.002 9.2866e-05
125.61 0.000102207
125.517 4.7391e-06
120.08 0.000100264
126.294 9.744e-05
123.656 9.6811e-05
126.808 7.63717e-05
120.998 9.40482e-05
126.748 9.94175e-05
124.404 2.87535e-05
125.606 5.66327e-05
126.103 7.7112e-05
125.158 0.000106456
122.315 1.86166e-06
123.203 9.77546e-05
130.051 0.000102653
128.97 9.65002e-05
124.988 0.000102839
126.676 9.74983e-05
130.618 0.000100207
120.694 0.000108191
126.418 1.49938e-05
120.61 8.93865e-05
125.481 7.39616e-06
125.243 9.67545e-05
124.85 9.84555e-05
125.514 8.36494e-05
123.653 0.000104285
124.856 0.000112119
130.026 9.68643e-05
126.575 9.85379e-05
123.467 9.98276e-05
120.528 9.01762e-05
128.186 0.000112758
126.167 9.72776e-05
126.448 9.975e-05
123.964 4.90092e-05
125.039 9.72115e-05
124.413 0.000111482
123.862 0.000115579
123.924 9.90054e-05
120.016 9.19931e-05
124.386 0.000111158
124.858 9.79614e-05
124.448 6.29744e-07
123.706 9.4693e-05
119.431 0.000104309
123.779 7.13912e-06
123.112 9.80046e-05
125.946 0.000101233
122.075 0.000108571
120.141 0.000108864
124.678 0.000102317
124.489 0.00011442
126.742 9.95399e-05
127.888 7.8312e-05
123.83 6.94473e-08
126.21 0.000102574
126.769 2.20311e-05
120.494 0.000101914
123.161 9.80266e-05
124.878 9.8601e-05
125.363 0.000114873
125.859 1.92905e-06
124.868 9.88819e-05
124.23 1.92023e-06
125.804 0.000110819
121.659 0.000101951
124.871 3.97341e-05
126.98 0.000100064
124.591 9.98204e-05
124.38 3.74426e-05
126.149 9.9288e-05
122.834 0.000102857
124.411 9.80641e-05
123.734 9.10473e-05
127.192 0.000108364
124.996 0.000110125
125.978 3.02903e-06
124.111 9.73999e-05
122.476 0.00011558
126.021 0.000100753
124.308 9.46148e-05
123.519 0.00010058
124.535 0.000106876
123.178 9.77917e-05
125.695 0.000100374
125.053 0.000104069
120.565 9.99595e-05
121.903 8.00985e-05
125.76 9.82821e-05
122.8 0.000106811
124.931 0.000112938
125.749 0.000100623
125.347 9.57566e-05
125.103 9.82274e-05
125.524 0.000108539
123.107 0.000111928
124.363 0.000103066
125.904 9.83155e-05
122.034 8.43571e-05
124.313 9.84643e-05
124.114 9.88889e-05
124.615 9.87822e-05
124.644 7.12789e-06
126.698 9.22384e-05
122.54 2.84874e-05
124.613 9.81784e-05
124.741 9.57084e-05
126.695 0.000113507
124.273 9.64609e-05
119.737 4.36494e-06
123.482 0.000112207
125.064 0.000105264
122.291 0.000100166
125.211 9.97971e-05
126.633 0.000100739
125.421 8.32027e-05
124.813 0.000103792
123.425 9.67982e-05
125.11 0.000101454
120.747 5.40649e-05
124.452 9.95337e-05
124.7 0.000102635
116.341 0.000100041
123.352 9.99679e-05
125.009 0.000103985
123.884 9.71672e-05
129.896 9.68257e-05
123.427 9.77752e-05
125.196 3.03319e-06
124.12 9.91085e-05
122.187 0.000101914
125.121 0.000109931
124.635 2.9267e-06
127.847 0.000111163
127.672 0.000101087
125.413 0.000110493
125.435 9.91041e-05
126.827 1.05493e-05
125.767 0.000106369
122.784 0.000114005
123.997 0.000100537
124.791 0.00011116
124.125 0.000100783
125.379 7.34171e-05
127.431 0.000111389
130.423 0.000112077
122.701 9.81062e-05
123.909 0.000109947
124.452 9.44705e-05
124.563 0.000109963
121.872 9.4045e-05
126.04 3.57396e-05
123.289 0.000107073
123.065 0.000100403
125.086 9.80573e-05
123.096 7.04073e-07
125.809 0.000109805
123.576 9.78206e-05
124.232 0.000109186
119.129 0.000111182
125.945 9.12085e-05
127.045 0.000100686
124.361 9.75044e-05
123.699 0.000109871
123.747 9.4915e-05
120.791 0.000102121
125.884 9.45446e-05
124.322 0.000108079
123.301 9.89136e-05
115.461 0.000106326
126.151 9.71347e-05
124.792 0.000100508
126.295 0.000101141
123.782 7.81964e-05
121.901 0.000111594
123.672 0.00010247
121.962 0.000104615
126.687 0.000106041
126.716 1.55138e-05
125.077 9.80398e-05
123.195 0.000101216
120.957 9.94018e-05
126.617 0.000110856
123.096 9.33373e-05
129.164 6.53352e-05
122.752 4.72879e-06
124.65 1.05391e-05
122.852 9.7475e-05
123.965 0.000103053
126.582 0.000100196
126.032 0.000117262
126.804 0.000104283
125.589 6.82534e-05
123.543 0.000102021
126.02 0.000104442
124.174 5.84197e-05
120.395 5.88831e-05
123.962 1.51792e-05
124.972 0.000106486
126.599 9.52912e-05
127.08 9.86998e-05
123.143 0.000106971
123.514 0.000110526
124.161 0.000116492
124.717 0.000115589
121.167 0.000105693
128.995 0.000103148
124.306 9.55164e-05
122.313 9.87164e-05
126.189 0.000106328
125.035 0.000100817
124.13 9.96448e-05
124.061 9.734e-05
124.497 0.000101158
123.404 0.000105164
128.52 0.000111053
124.882 0.000114553
125.792 9.15848e-05
125.373 1.53308e-05
125.894 5.68746e-05
124.13 0.000105402
125.647 2.50664e-07
125.981 9.77176e-05
125.042 0.000108401
124.962 0.000104673
125.822 0.0001066
123.173 0.000112995
123.824 0.000110486
124.727 8.98995e-05
116.78 8.35977e-05
125.344 7.12018e-06
123.825 9.32367e-05
125.094 0.000100697
124.544 0.000100526
125.096 9.69929e-05
120.177 9.46404e-05
127.442 0.000101669
123.074 9.69465e-05
125.525 9.8877e-05
122.083 3.44762e-05
122.079 0.000102957
120.821 2.15223e-05
125.137 9.77038e-05
118.434 9.27168e-05
125.026 9.50135e-05
123.059 6.5772e-05
121.862 9.7701e-05
118.896 0.00010227
125.646 0.000100977
123.265 9.60396e-05
128.637 0.000102882
125.639 7.86609e-05
122.596 9.98006e-05
123.396 9.46799e-05
124.275 0.000111973
124.955 9.31636e-05
124.86 9.97776e-05
125.072 9.78229e-05
124.63 9.47432e-05
124.147 8.33929e-05
122.651 0.000115612
125.467 0.000103549
124.813 9.00774e-05
126.353 5.72142e-05
125.649 0.0001021
125.989 9.27658e-05
128.452 0.000100225
125.026 9.6849e-05
126.028 0.000104504
123.977 9.90689e-05
123.383 0.000110617
125.709 0.000110745
125.286 9.69925e-05
125.737 0.000102754
126.884 9.7059e-05
125.714 1.51994e-05
122.864 0.000115542
125.331 0.000106306
128.119 9.09979e-05
126.099 0.00010198
115.698 9.85728e-05
121.737 9.9926e-05
124.061 8.91674e-05
123.586 9.77268e-05
125.946 9.90173e-05
124.348 9.94872e-05
122.375 5.78749e-05
127.552 3.0128e-06
116.107 0.000101152
124.458 0.000117052
124.615 0.000105705
124.617 9.83837e-05
127.747 7.48582e-06
123.54 0.000102203
125.447 9.76904e-05
115.437 9.55187e-05
125.258 0.000109305
122.42 8.86858e-05
125.07 9.70122e-05
124.968 9.8113e-05
126.123 9.77484e-05
118.803 9.8577e-05
124.799 0.000111417
124.906 9.63901e-05
127.122 9.85893e-05
124.275 0.000102449
116.345 9.35069e-05
124.45 0.0001019
125.497 0.000100897
116.448 3.78518e-05
124.431 9.67599e-05
124.616 0.000103545
125.643 8.41127e-05
125.67 0.000113196
125.562 9.80465e-05
122.27 0.000103114
126.188 9.75806e-05
124.804 0.000100566
127.811 8.89371e-05
124.279 9.08944e-05
120.229 9.98499e-05
126.281 0.000105369
