123.647 0.000101255
124.759 3.79999e-05
126.355 0.000104074
125.564 0.000103458
124.253 9.18819e-05
123.259 9.48051e-05
124.813 0.000103771
123.238 0.000101328
127.335 2.99277e-06
124.308 0.000100206
124.814 0.000100023
122.83 0.000104138
121.719 9.6963e-05
123.226 9.30231e-05
126.218 0.00010651
124.299 0.000103566
126.234 0.000117158
125.263 9.19918e-05
122.8 9.84444e-05
124.429 0.000102726
124.844 8.73529e-05
124.568 0.000104441
123.555 9.98578e-05
122.503 0.000108465
127.303 0.000113186
123.382 0.00010177
125.716 0.00011119
135.687 0.000117354
123.297 0.00010111
123.682 0.000100017
121.79 0.000102194
125.739 9.60067e-05
128.752 0.000108716
125.048 0.000101246
125.243 9.80496e-05
123.956 9.91499e-05
125.651 0.000102936
117.609 0.000105874
128.174 9.92407e-05
124.276 0.000109955
123.854 0.000104147
125.147 9.93093e-05
125.937 0.000101051
124.791 8.86857e-05
124.234 9.25482e-05
117.406 0.000100082
125.47 0.00010221
125.701 9.94723e-05
124.887 0.000102902
122.973 0.000102141
123.112 9.89718e-05
125.296 9.8813e-05
123.126 0.000106234
125.498 0.000104689
126.759 0.000105497
124.552 0.00011654
126.729 0.000111819
121.186 0.000107369
124.313 6.7608e-05
124.664 0.000103251
125.94 0.00010059
123.563 9.99913e-05
126.035 0.000102264
125.989 0.000101485
127.737 9.87195e-05
124.894 0.000106873
122.202 0.000101437
124.908 9.81717e-05
127.128 9.17769e-05
123.142 0.000100369
124.211 0.000104553
122.518 0.000112442
125.159 0.000102791
119.189 9.37109e-05
123.829 0.000104406
124.572 0.00010313
123.962 0.000104191
125.168 5.68623e-05
123.948 0.000101939
122.081 0.000105106
127.388 0.000114732
124.612 0.000101952
125.881 9.26572e-05
125.709 0.000102614
117.96 0.000100711
124.239 0.000100549
124.126 0.000113154
125.57 0.000114026
121.114 9.91614e-05
126.731 0.000103399
123.967 0.000101609
123.484 0.000105254
124.862 0.000100773
124.109 0.000104755
126.955 0.000101308
129.097 5.30388e-05
124.05 0.000101123
125.149 9.49078e-05
124.094 0.000106751
123.141 0.000107019
125.184 9.81883e-05
125.797 0.000102801
125.525 0.00010305
120.965 0.000102869
123.398 9.75164e-05
123.422 0.000100575
125.834 0.000103984
118.886 0.00010974
123.314 0.000110575
120.631 0.000104164
126.51 9.7503e-05
122.429 0.000101323
124.853 4.74089e-05
115.551 9.96107e-05
126.122 0.000103896
122.991 0.000104178
125.401 0.000110814
124.295 0.000110677
122.916 2.14729e-05
127.268 0.000102127
122.502 0.000107516
124.857 9.99603e-05
122.659 2.86704e-06
123.961 0.000101281
126.714 9.11758e-05
125.032 9.75646e-05
123.214 0.0001073
120.908 3.71184e-05
124.352 0.000110744
124.712 0.00011055
121.26 0.000100538
127.326 0.000107742
124.091 9.97402e-05
126.504 0.000115395
126.422 0.000109877
123.471 0.000101933
123.978 9.4399e-05
126.397 0.000103229
123.884 0.000113676
124.945 9.96984e-05
124.389 9.65134e-05
124.201 0.000101827
124.581 9.82126e-05
124.567 9.91748e-05
121.791 0.000108535
125.497 9.98558e-05
145.086 3.78227e-05
127.269 0.000101097
124.319 9.92885e-05
123.832 0.000103155
129.008 0.000102087
121.285 9.83553e-05
122.006 9.76683e-05
127.464 0.000106192
122.475 9.36345e-05
125.376 0.000101686
125.078 0.000103039
124.073 0.000101517
123.278 0.000105374
124.661 0.000118132
123.469 0.000101196
118.693 9.68211e-05
123.657 0.000103363
126.515 1.0949e-05
127.041 4.87029e-06
124.464 0.000102168
121.599 9.82851e-05
126.188 0.000100792
125.117 0.000107689
120.524 0.000114053
116.942 0.000108782
116.756 0.000100185
128.398 0.000111597
124.735 6.71155e-05
125.905 6.90926e-05
126.106 9.73221e-05
126.216 0.000104495
124.21 0.000101708
124.961 0.000101872
126.416 9.50499e-05
121.767 9.5854e-05
126.168 0.000100863
116.86 0.000102292
119.821 9.60109e-05
122.099 0.000105031
125.879 -0.00010694
123.698 0.000100737
121.249 0.000107015
124.265 9.89891e-05
122.464 9.4375e-05
125.951 0.000106097
123.571 9.85657e-05
127.27 9.34173e-05
126.483 2.19742e-05
122.205 0.000105218
129.312 9.49022e-05
128.245 0.000103832
124.14 9.99733e-05
127.351 0.000105638
124.659 9.58173e-05
118.639 0.000101806
122.871 0.000116303
125.737 9.97497e-05
125.435 0.000102993
125.628 9.91138e-05
126.228 0.000119502
124.377 9.86124e-05
125.013 7.82175e-05
124.814 0.000115545
118.469 9.94186e-05
124.449 0.000100945
121.561 0.000103802
124.221 0.000104076
123.451 9.95135e-05
124.523 0.000100685
125.194 0.000105262
124.135 0.000102448
123.137 0.000102003
124.661 3.76366e-05
122.035 9.75089e-05
122.751 7.32498e-06
124.471 0.000113813
119.858 0.000106555
116.481 0.000104314
122.87 0.000113058
123.862 0.000101112
121.74 0.00010296
123.813 9.88502e-05
123.646 0.000100316
120.889 9.22705e-05
126.589 0.000109589
121.878 9.19663e-05
122.3 0.000113378
127.196 0.000115304
125.52 9.84152e-05
125.339 0.000112937
122.359 0.000108057
123.741 9.95494e-05
120.887 0.000101896
117.053 0.000100667
124.517 9.8108e-05
123.372 6.85154e-05
127.869 0.000102321
124.791 0.000101464
126.727 0.000100799
125.343 0.000104116
125.98 9.98185e-05
125.784 0.000110952
123.206 0.000116255
125.445 9.94121e-05
124.021 3.7912e-05
125.871 0.00011144
124.255 0.000100266
124.679 2.50132e-07
124.825 9.80169e-05
125.371 0.000112366
125.822 8.77719e-05
118.758 3.75305e-05
126.477 0.000102244
125.299 0.000116038
124.712 9.88228e-05
125.719 9.88822e-05
124.271 0.000100123
125.337 3.88052e-05
126.192 1.53168e-05
122.735 0.000103738
124.792 1.94116e-06
133.497 0.000100615
124.991 0.000103055
123.698 0.000116188
123.661 0.000115118
126.482 9.90876e-05
123.608 0.000101076
127.162 0.000101518
125.345 9.97395e-05
122.911 0.000103853
124.356 0.000102577
125.714 9.97459e-05
122.797 5.71609e-05
124.686 0.000106069
125.454 9.91206e-05
123.823 2.14748e-05
125.801 0.000101226
126.116 0.000100993
124.055 0.000113643
124.482 0.000112875
124.538 6.32822e-08
122.959 4.22947e-07
125.81 0.000102664
126.397 6.02667e-05
135.671 6.0839e-05
122.317 0.000109331
119.647 5.3685e-05
124.049 9.544e-05
126.219 0.000100011
124.023 0.000103538
124.368 0.000101357
125.718 0.000102695
124.046 0.000100841
122.6 0.00010222
124.246 9.74023e-05
126.315 0.000101691
125.033 4.73074e-05
124.886 9.43876e-05
124.782 0.000101589
122.882 2.02287e-05
124.959 0.000101545
117.876 9.72347e-05
125.046 0.000107767
119.758 0.000109631
124.928 0.000120582
124.067 0.000103022
123.414 0.000101327
123.25 7.73358e-05
122.027 9.78949e-05
127.719 0.000105206
120.148 0.000105496
120.676 1.03485e-05
123.488 9.78343e-05
130.035 9.01211e-05
127.611 0.000108103
123.987 3.83668e-05
126.712 0.000101254
123.176 0.000104165
124.179 4.86627e-05
124.179 9.92804e-05
125.4 0.000103456
124.033 0.000100614
122.578 0.000105209
125.324 0.000101531
124.513 0.000115532
125.829 -0.000105163
169.005 9.95053e-05
125.247 4.84374e-05
125.072 0.000101105
127.49 9.3145e-05
125.233 0.000115149
124.313 0.000107946
127.74 0.000104819
118.581 -0.000101183
120.349 0.000103733
115.106 0.00010724
125.258 0.000103927
136.007 0.000101258
125.685 0.000111501
126.912 5.89904e-05
125.483 0.000105185
124.933 3.80959e-05
127.778 4.92271e-05
124.269 0.00010091
125.024 0.000110083
125.256 0.00010281
130.341 0.00010562
124.073 0.000105527
122.411 0.000104658
120.312 0.000105595
122.238 9.89838e-05
122.818 1.20844e-06
125.265 0.000104258
126.09 2.10326e-05
124.145 0.000109788
123.63 0.00011115
128.195 9.85408e-05
123.981 0.000104918
122.324 9.97821e-05
124.939 0.000107777
115.006 7.04096e-05
124.879 0.00010775
126.315 9.25599e-05
122.688 0.000102299
122.755 7.57901e-05
123.064 0.000110916
124.187 0.000105775
124.846 0.000108147
124.199 0.000100231
122.234 0.000112959
120.261 9.87849e-05
121.721 1.1399e-06
125.481 8.71241e-05
124.621 0.000114239
126.864 0.000101365
121.309 2.12197e-05
124.501 0.000101509
125.828 9.8505e-05
123.714 0.000106719
125.352 0.000110325
125.827 0.000109671
125.22 9.78068e-05
124.294 0.000101491
123.137 0.000111958
124.701 0.000103471
153.089 0.000105783
125.218 0.000104235
125.788 0.00010543
125.625 9.7739e-05
124.585 9.99828e-05
130.854 9.79009e-05
124.15 0.000100618
120.301 0.000103043
122.293 1.45165e-07
123.881 0.000115951
124.059 9.496e-05
123.994 0.000109321
125.23 0.000106608
126.364 0.000101517
124.098 9.93558e-05
123.499 0.000100056
124.804 0.000104639
122.398 2.90422e-05
122.23 0.000114409
125.619 9.72551e-05
125.705 7.21228e-06
126.307 0.000103362
125.165 9.85785e-05
125.352 0.000102709
128.078 9.76469e-05
127.187 0.000110632
124.445 9.90264e-05
124.179 9.99946e-05
122.078 0.000107283
126.647 4.68933e-05
126.762 0.000102516
125.169 9.89397e-05
125.654 4.72512e-05
125.343 0.000100878
123.363 0.000102382
126.086 0.000106806
124.917 1.58312e-05
125.498 -0.000102514
120.571 0.000108968
123.641 9.78473e-05
123.792 9.92058e-05
126.078 0.000113235
120.632 9.8518e-05
122.106 0.000101546
123.519 9.72978e-05
126.255 0.000108631
124.409 9.90471e-05
116.131 0.000105459
121.813 0.00011318
125.44 9.75816e-05
123.65 0.000104057
125.617 9.7871e-05
122.99 9.93754e-05
124.026 0.000116816
124.981 0.000103262
124.412 0.000109362
126.028 1.5618e-05
124.059 7.29107e-07
127.708 0.000101806
121.958 0.000101522
125.633 0.000102437
127.83 9.78706e-05
120.354 4.00526e-05
127.753 0.000110539
124.81 0.000110836
125.698 0.000103691
127.642 9.84342e-05
122.487 0.000100054
128.315 9.82214e-05
124.487 0.000101897
126.959 1.45912e-05
124.731 9.80738e-05
124.404 0.000111167
125.033 0.000103774
125.517 4.71629e-05
120.339 9.40578e-05
123.311 0.000115042
124.972 9.92595e-05
124.792 9.97418e-05
125.903 6.91082e-05
123.361 0.000107683
124.089 0.00010707
124.452 0.000100934
120.685 0.000101812
126.929 0.000104328
130.67 9.64662e-05
122.842 0.000114154
127.442 9.68779e-05
124.554 0.000100644
124.181 0.000110455
124.774 9.43896e-05
125.156 -9.89958e-05
125.292 9.93991e-05
125.398 0.000109865
125.342 9.2344e-05
121.296 9.93945e-05
125.721 -0.00011408
122.987 0.00010202
123.788 5.03306e-06
124.979 0.000106289
124.732 9.91421e-05
123.488 0.000112758
122.052 9.78081e-05
125.282 9.67696e-05
122.571 0.000116764
121.412 9.18547e-05
123.67 0.000100863
122.007 0.000103066
124.558 0.00010239
126.335 0.000114484
119.739 0.000114652
121.942 9.91069e-05
123.937 9.30868e-05
124.754 9.80871e-05
124.451 0.000104751
123.731 0.000102351
124.733 0.000104389
126.536 0.000102017
127.26 0.000110348
123.046 0.000112331
118.947 9.6199e-05
125.33 7.73149e-05
126.738 0.000103649
123.409 9.65157e-05
123.286 0.000114038
123.096 0.000115137
125.515 3.86794e-05
122.586 9.82035e-05
126.098 0.00010142
123.852 9.53673e-05
124.731 0.000112009
120.059 9.47998e-05
125.34 9.08176e-05
123.921 7.12824e-06
125.505 0.000116408
132.027 8.87907e-05
124.755 0.000105489
124.284 0.000110685
124.151 7.77074e-05
127.927 9.92079e-05
123.876 0.000107641
125.541 3.88882e-05
126.145 9.95637e-05
125.246 9.47418e-05
122.82 7.93478e-05
124.524 7.7199e-05
122.894 0.000101823
125.092 9.91958e-05
124.373 9.96783e-05
124.834 0.000103219
122.7 0.000102567
122.174 2.83685e-05
124.339 9.56056e-05
123.65 0.000100282
125.738 1.53837e-05
125.086 0.00010113
122.76 4.78033e-05
126.917 0.000104396
127.599 9.97605e-05
125.319 2.98977e-06
125.301 0.000102741
125.656 0.00011721
125.006 9.4186e-05
125.516 0.000106669
119.375 9.3501e-05
126.145 0.000109967
123.735 5.70918e-05
126.381 9.30843e-05
125.353 7.94329e-05
126.977 0.000108449
125.152 2.89384e-05
126.204 7.78809e-05
123.201 0.000100509
125.002 0.000112873
125.488 0.000101225
126.043 9.95117e-05
125.58 9.83796e-05
124.077 0.000104683
122.384 0.000118143
124.091 0.00010586
125.728 3.21633e-06
125.522 0.000104372
125.718 0.000101509
124.287 9.88541e-05
125.084 0.000112648
123.638 9.90681e-05
127.401 9.77176e-05
130.89 0.000105297
124.854 0.000104349
125.415 0.000105707
124.283 0.000103262
126.29 9.91486e-05
123.29 0.00010786
120.489 0.000100272
125.18 7.8502e-05
119.535 0.000107505
126.156 9.8038e-05
125.671 0.000100074
119.016 0.000110259
123.659 9.82891e-05
124.712 0.000103152
124.195 0.000105626
123.874 0.000101514
124.037 0.000115158
122.714 0.000116335
122.15 9.84694e-05
126.481 9.44908e-05
123.778 9.96209e-05
124.709 0.000111845
123.17 0.000103298
125.404 9.79517e-05
126.324 0.00010255
124.96 9.58819e-05
123.213 8.67509e-05
125.049 0.000107941
122.678 0.000116231
125.138 1.90261e-06
124.655 0.000104327
124.526 0.000108595
124.72 9.9684e-05
121.441 0.000107069
122.533 9.28623e-05
122.864 9.52623e-05
126.401 0.000114237
124.467 7.7203e-05
122.701 0.000100974
120.245 0.000105728
125.628 0.000100577
125.784 5.59104e-05
122.301 9.99189e-05
123.738 9.24686e-05
118.266 0.000100659
124.122 1.10395e-05
124.042 0.000102446
125.253 0.000107318
126.249 0.000109354
123.781 9.83047e-05
124.648 2.34451e-07
125.983 0.000100811
122.609 0.000100875
126.092 0.000111518
119.8 0.00010268
127.411 0.000110491
124.346 0.000112903
124.264 0.000103205
124.305 9.8275e-05
126.054 0.000111732
125.295 0.000103151
124.775 9.99755e-05
123.471 9.80424e-05
124.286 9.91354e-05
118.948 0.000107955
124.949 9.93224e-05
126.085 0.00010302
124.318 0.000111317
126.018 0.000115414
124.695 1.56948e-05
125.136 4.84744e-05
125.323 0.000102834
122.312 0.000100616
124.909 0.000112309
124.688 0.000100675
128.267 9.94561e-05
124.795 0.000102522
128.171 3.59206e-05
124.944 -8.70906e-05
122.602 0.000103646
127.449 0.000115768
128.368 0.000109515
124.741 0.000101993
119.356 0.00010094
124.28 7.57285e-05
125.955 0.000100338
125.855 0.000110933
124.439 0.000112482
117.062 0.000113864
124.257 9.92969e-05
115.693 0.000115657
125.731 9.8538e-05
118.859 5.02135e-05
120.621 -9.5994e-05
125.783 0.000104154
124.129 0.000103665
124.852 9.84014e-05
125.904 0.00010415
124.362 0.000107962
126.114 0.000111612
124.71 0.000119409
130.154 4.4554e-05
125.923 5.77156e-05
127.979 1.08743e-05
122.808 0.000105001
126.62 0.000104844
126.398 0.000100267
121.241 9.83487e-05
125.341 0.00010843
122.274 0.000102218
123.964 0.000107531
124.041 9.97928e-05
125.511 0.000102438
125.052 0.00011333
123.28 9.62445e-05
123.195 0.000101522
126.224 0.000121248
121.264 0.000102883
125.23 9.88884e-05
125.372 9.02698e-05
126.093 0.000166775
125.378 0.000160489
127.229 0.000184089
124.965 0.000153761
126.517 0.000157113
128.914 0.000164514
124.669 0.000162068
125.718 0.00010544
126.069 0.000158102
124.259 9.14205e-05
119.318 0.000176922
126.058 0.000177026
124.593 0.000160147
125.165 0.000175707
122.383 0.000161844
124.652 0.00017223
123.063 5.90269e-05
126.598 0.000174633
127.399 0.000162225
119.359 0.000157164
124.751 0.000161845
123.561 7.23078e-05
124.73 0.000172552
125.601 0.000149332
118.238 0.000160898
118.499 0.000123446
126.194 0.000144343
124.357 0.000152647
124.817 0.000150566
125.678 0.000174591
124.047 0.000158208
123.835 0.000153945
126.122 0.000151561
129.498 0.000151891
126.159 0.000150465
128.989 0.000145461
117.726 0.000137987
124.599 0.000159205
128.108 0.000159132
124.374 0.000154969
121.436 0.000144794
123.979 0.000126909
124.95 0.000158554
126.16 0.000177608
124.663 0.000167259
119.274 2.36486e-05
125.397 0.000157039
124.228 0.000158452
125.608 0.000156238
126.968 0.000130009
126.09 0.000159569
124.658 0.000151992
126.603 0.000150172
125.305 0.000152341
123.313 3.25943e-05
124.757 -7.2984e-05
126.75 0.0001561
123.711 0.000152006
125.711 1.66971e-05
122.938 0.000151854
124.026 0.000156038
123.706 0.000162973
123.426 0.000178719
121.541 0.0001618
125.323 0.000154731
123.548 0.000155861
126.673 0.000150983
121.653 0.000161555
125.372 0.000162221
127.828 0.00016823
123.164 1.65983e-05
119.577 4.25168e-05
126.403 0.000162644
123.265 1.51539e-05
149.184 0.000154863
123.729 0.000155238
125.222 0.00015464
123.195 -0.000153116
124.81 0.000158296
124.128 0.000173116
123.292 0.000101336
123.882 0.000161306
124.413 0.000158013
124.218 0.00015777
124.849 0.000161013
122.048 0.000155031
125.227 0.000156935
127.298 0.000149926
125.023 0.000150386
125.155 2.3978e-05
123.51 0.000150915
125.764 0.000175588
123.85 0.000151604
121.654 0.000154995
124.577 0.000112106
123.109 5.38108e-05
125.065 0.000155366
117.25 0.000170102
125.53 1.76654e-06
123.53 0.000159366
125.082 0.00012734
124.665 0.000170077
124.783 0.000150821
123.577 0.000172493
125.32 0.000162618
122.657 0.000130962
123.672 0.000159528
123.886 0.000166956
123.857 0.000150276
126.953 0.000177623
124.86 0.000164225
129.944 0.000151856
125.671 4.6056e-06
124 0.000159448
125.689 0.000175204
123.806 2.47594e-05
125.01 3.96605e-07
124.064 0.000161629
126.726 7.45231e-05
126.335 0.00016511
121.003 0.000123827
123.843 0.000159369
123.365 0.000166706
124.04 0.000183815
120.62 0.000177176
123.574 0.000157602
130.653 0.000163396
127.201 0.000152465
121.469 0.000157828
122.119 0.000152954
123.075 0.00015502
122.794 0.000152244
123.355 0.000171985
127.62 0.000146618
124.7 0.000158206
125.44 0.000154034
125.763 0.000174409
124.802 0.000150884
122.957 0.000164373
124.16 0.000134216
123.955 0.00013109
126.824 0.000155782
122.918 0.000159661
124.656 0.000160559
125.036 0.00015625
124.921 0.000158442
124.492 0.000156981
127.16 0.000130631
125.314 0.000157198
123.443 0.000158204
125.775 0.000138269
124.508 0.000159521
124.761 0.000149562
126.372 0.000160524
120.598 0.000158857
121.775 0.000153349
121.347 0.000153123
121.175 0.000164026
124.837 0.000156515
123.57 0.000159027
124.272 0.000162037
120.963 0.000171538
124.412 0.000153837
123.447 0.00014695
122.895 0.000145457
124.808 0.000150459
124.904 0.000169925
122.951 0.000120975
125.592 0.000155677
126.913 0.000156977
127.104 0.000159929
124.877 0.000149258
125.582 0.000154683
123.918 0.000175326
125.71 0.000144253
125.319 0.000156043
124.107 0.000160447
125.303 0.000177466
127.031 0.00015108
124.932 0.000104912
125.331 0.0001538
125.471 -0.000153697
126.093 0.000161586
125.121 0.000161449
125.306 0.000156512
125.71 6.31816e-07
126.664 0.000160294
124.709 0.000154172
123.97 0.000159195
125.408 0.000162283
126.052 0.000161278
121.086 0.00015243
125.239 5.75783e-05
122.722 0.000158093
121.279 0.000102698
150.247 0.000163679
123.943 0.000157169
122.024 0.000155043
122.409 -0.000139722
121.041 7.37697e-05
124.511 0.000155557
126.099 0.000159484
122.802 0.00016371
124.439 1.65665e-05
125.806 0.000154868
126.797 0.000141902
120.422 0.000176127
126.283 0.000146667
122.325 0.000152036
123.712 0.000173187
125.282 0.000175406
128.462 0.000171971
122.667 0.000157471
129.78 3.23226e-05
121.873 0.000159223
119.358 0.000176174
122.155 6.50639e-07
125.466 0.000147827
126.311 0.000174726
124.568 0.000173264
124.024 0.000144849
128.114 0.000157982
127.863 0.00015919
122.47 0.000154357
125.785 0.000104792
124.11 0.000178844
126.654 2.38875e-05
125.924 -0.000155908
124.748 0.000158754
125.72 4.43295e-05
124.974 1.81364e-06
125.541 0.000169859
125.101 0.000156519
123.108 0.000153067
125.263 0.00015665
125.792 0.000158881
123.714 0.00016519
123.425 0.000156757
123.517 4.46788e-05
123.358 0.000169157
128.341 0.000131131
125.935 0.000135032
125.582 0.000136792
128.085 0.000146386
123.364 9.21327e-05
120.827 0.000149284
118.419 0.000170174
134.947 0.000169324
119.818 0.000163392
123.543 0.000147058
125.024 0.000105938
121.37 0.000159234
124.702 1.13871e-05
124.713 0.000161427
127.45 0.00015406
126.979 0.000168771
127.147 0.000150016
124.743 0.000153975
118.999 0.000149543
123.224 0.000144504
120.033 0.000174689
125.309 2.41441e-05
126.424 0.000156865
124.601 0.000154104
125.415 0.000154651
124.627 0.000145993
124.883 0.000163795
128.001 0.000182241
124.454 0.000174849
125.808 0.000153612
124.427 0.000172946
122.975 0.000141488
125.505 0.000153089
121.624 0.000144924
124.652 0.000145861
125.206 0.000134501
124.188 0.000173176
125.289 0.000171338
122.387 0.000145094
125.416 0.000158015
126.18 0.00016571
118.689 0.000157821
125.123 0.000162953
125.563 0.000175058
126.313 0.000162659
120.69 0.000152494
115.039 0.000121725
119.674 0.000176841
124.081 0.000177544
123.957 4.65793e-06
129.075 0.000162031
125.496 3.01183e-06
125.831 0.000153969
123.609 0.000173449
125.434 0.000126097
116.559 0.00016779
124.773 0.000155952
124.673 -0.000176013
123.393 0.000154393
126.647 0.000173892
125.843 -7.24058e-05
126.958 0.000166667
123.664 0.000167957
123.951 1.09748e-05
125.476 6.49638e-07
123.553 0.000176959
123.944 0.000156083
126.047 0.000158671
127.965 0.000157925
125.004 2.46994e-05
116.472 0.000156389
123.386 0.000154063
125.389 0.000170023
121.218 0.000151013
125.306 0.000154185
124.127 0.00015232
124.205 0.000145488
122.482 0.00015925
124.196 0.000165555
125.444 0.000174582
125.008 0.000153673
121.841 0.000175527
125.885 0.000175441
126.355 0.000146043
125.194 0.000159925
125.655 0.000157816
118.227 0.000166953
122.21 0.000162395
126.73 0.000166854
124.873 0.000165843
122.761 0.000158967
125.063 0.000159341
123.5 0.00017894
122.55 0.000164535
120.688 0.000151617
122.871 0.000168414
125.302 0.000158203
121.439 0.000148897
122.639 0.000158789
123.044 0.000151863
123.735 1.08996e-05
125.656 0.000155176
148.384 0.000166482
126.442 0.000151376
125.087 0.000154404
124.664 3.2834e-05
124.657 0.00016416
124.781 5.98442e-05
123.781 0.000157097
124.796 0.000157938
122.478 0.000168823
123.168 0.000157114
123.73 7.36933e-06
124.743 5.37499e-05
126.042 0.000153471
125.611 0.00017264
124.167 0.000173968
122.37 0.000129685
123.078 0.000152055
125.848 0.000151674
125.545 0.000156011
123.995 0.000155254
124.778 0.000105363
123.852 0.00015404
123.709 0.000153167
154.761 0.000162204
127.912 5.80031e-05
124.562 0.000152651
122.981 6.2024e-05
125.067 0.000162044
124.492 0.000171766
127.393 0.000153953
128.552 0.000175634
122.991 0.000154796
126.483 0.000172633
125.973 0.000155948
127.752 2.97878e-06
120.418 0.000159794
156.25 0.000160385
118.697 0.000163861
124.325 9.01055e-05
124.328 0.000148364
128.085 6.09558e-05
124.284 0.000167885
124.065 0.000158065
123.663 0.000155957
125.133 0.000130899
123.551 0.000171512
120.86 0.000165368
125.957 0.000154433
115.962 0.00015401
125.374 0.000157183
126.612 0.00015947
125.935 0.000153954
125.409 6.20314e-07
126.004 0.000167718
125.852 1.1131e-05
124.023 0.000151753
124.856 0.000156675
124.086 0.000147273
125.441 0.000167646
121.109 0.000158476
122.691 0.000104325
124.534 0.000159329
126.046 0.000153879
121.966 0.000103382
124.065 0.000177394
125.001 0.000155068
125.213 0.000160968
124.597 0.000156173
124.937 0.000161023
128.416 0.000146786
124.718 0.000171707
125.72 0.000144463
127.254 6.22254e-07
128.11 0.000148388
121.588 0.0001488
123.468 0.000147027
125.794 0.000176611
125.431 0.000152688
126.45 0.000158742
122.902 0.0001614
126.393 0.00015541
127.601 0.000156936
125.482 0.000165253
127.479 0.00014963
126.4 0.000149925
125.062 0.00016313
123.128 0.000160129
125.901 0.000162152
124.12 0.000173567
125.809 0.000159907
125.444 0.000146146
126.116 5.81117e-05
125.424 0.000157062
122.199 0.000159902
130.198 0.000149556
119.02 0.000159021
121.771 0.0001611
118.697 0.000147858
128.077 1.59608e-06
121.426 0.000165891
124.158 0.000174439
125.281 0.000151235
118.701 8.65834e-05
125.748 0.000159252
125.528 0.000153623
124.789 0.00016474
127.659 0.000153143
122.257 0.000158477
131.955 6.8513e-05
127.006 0.000160773
125.952 0.000154728
123.111 2.46253e-05
124.144 0.000163601
127.45 0.000160886
124.001 0.000158325
122.52 0.000159721
127.372 0.000151293
125.03 0.000156492
124.053 0.000169929
125.602 0.000178635
124.3 0.000169009
124.499 0.000156229
130.303 0.000169018
117.299 0.00015193
129.611 0.000152643
125.624 0.000120409
124.036 0.000179524
125.237 0.000159757
126.908 0.000152479
125.549 0.000151672
124.032 9.45839e-05
117.474 0.000185006
118.938 0.000156088
126.201 0.000162142
124.131 0.000143652
119.35 4.39277e-05
125.773 0.000159793
126.433 0.000164334
122.253 -0.000140861
121.965 0.000171454
119.981 0.000155808
123.472 0.000160205
123.411 0.00016011
123.093 0.000153223
115.162 0.000171481
126.634 0.000160133
125.226 0.000163128
122.408 0.000148953
123.968 0.000160791
123.382 0.000127434
116.274 0.000161286
126.638 0.000161616
126.898 0.000157165
121.865 0.000165989
121.55 0.000148093
122.643 0.000161318
126.977 0.00015566
123.001 0.000144896
124.089 0.00014875
127.461 0.000152205
126.387 0.00015825
118.698 0.000150733
124.548 0.000169798
126.598 0.000172209
127.285 0.000163077
124.483 0.000155088
125.516 0.000153768
115.734 0.000155527
125.462 0.000146689
126.194 0.000117995
124.559 0.000152614
122.361 0.000153984
127.168 0.000172632
124.087 0.000103501
120.995 0.000175845
125.603 0.00017487
122.557 0.000162989
124.628 0.000152801
117.871 0.000155063
125.432 0.000159664
125.794 6.53405e-07
127.584 0.000156347
123.041 0.000178733
125.88 0.000160894
132.571 2.35111e-05
124.432 0.000177571
124.87 0.000159507
127.381 1.61562e-05
125.519 0.000180647
122.825 0.000157015
124.466 0.000157332
123.886 0.000118198
123.11 0.000169664
123.776 0.000142669
129.012 0.00015017
125.202 0.000167874
123.803 1.75849e-06
126.827 0.000151802
125.906 0.000152646
125.548 0.000150286
123.295 0.000157344
124.325 0.000170557
123.355 0.000144273
126.02 0.000179066
124.807 0.00015563
122.22 0.000156545
124.4 0.000148963
123.487 0.000170614
124.766 0.000177482
127.368 0.000155965
127.454 0.000179151
127.059 0.00016437
125.228 0.000151666
126.421 0.00015883
125.575 0.000171904
124.458 0.000151981
127.38 0.0001485
125.449 4.53274e-05
125.212 0.000164907
123.426 0.000176192
128.514 0.000161735
124.297 0.000161314
123.951 0.000108753
123.507 2.88534e-06
121.639 0.000167256
130.815 0.000153544
120.722 0.000147216
122.806 0.000162017
125.967 0.00016399
126.224 0.000178676
124.998 0.00015891
126.612 0.00013234
125.326 0.000161561
124.294 0.000160133
125.568 0.000155075
123.434 0.000183366
126.669 0.000156933
127.081 1.78548e-06
124.507 0.000172664
122.89 0.000145839
123.569 0.000177724
128.721 0.000150629
122.136 0.000159992
123.091 0.000153796
125.329 0.000165245
125.554 0.000175577
118.86 0.000153097
123.816 0.000173975
121.949 0.000152862
125.286 0.000157745
126.252 0.000156053
124.489 0.000151415
124.95 6.04088e-07
126.96 0.000157815
125.502 0.000150441
123.524 0.000125892
123.074 0.00015786
124.555 0.000157358
125.504 0.000161806
119.065 0.000160066
124.669 0.000158089
123.091 0.000161
123.904 0.00016598
128.859 0.00016944
127.514 6.32176e-07
127.933 0.000142217
130.781 0.00015532
124.677 0.000163572
124.994 2.90937e-06
126.352 0.000162623
121.909 0.000155807
124.677 8.83665e-05
123.075 0.000168462
120.302 0.000121461
127.158 0.000154933
124.761 5.89667e-05
123.272 0.000138943
125.397 0.000155706
125.621 1.40937e-07
125.96 0.000143985
125.345 0.000162513
124.463 0.000168866
123.606 0.000122403
126.436 0.000121515
123.244 0.000159837
125.49 0.000136951
123.741 0.000177603
123.551 0.000151059
125.186 0.000166329
119.45 0.000141397
125.836 0.000158448
125.752 4.1549e-05
125.695 9.00746e-07
117.556 0.000106766
125.054 0.000155883
124.051 0.000152704
123.118 2.36708e-05
123.736 0.000176289
124.183 0.000159261
126.89 0.000173141
124.8 0.000164582
126.923 0.000142947
124.994 0.000165897
124.224 0.000132673
115.944 0.000175728
124.175 0.000159569
126.805 0.000149593
128.348 0.000158925
125.45 0.000167129
123.634 0.000154603
124.613 0.000157684
126.415 0.000166389
127.509 0.000106267
126.287 0.000143624
123.369 0.000154778
122.105 0.000156102
124.34 0.000153875
121.769 8.8657e-05
125.497 0.000153195
123.559 0.000169642
122.542 0.000160575
124.475 4.75382e-05
128.033 0.000161235
121.66 5.60912e-05
123.782 0.000160225
124.932 0.000155633
126.066 0.000153755
125.754 0.000169959
125.113 0.000155055
120.483 0.000172289
126.647 0.000144736
126.025 0.000153885
123.597 0.00012152
124.214 7.81811e-06
124.646 -0.000157031
124.44 0.000160573
123.1 0.00016127
122.885 0.000156273
126.034 0.000153104
124.245 0.000171586
123.476 -0.000176691
126.287 7.57109e-06
125.455 0.000162066
