125.974 4.40416e-05
124.219 2.85471e-05
138.25 9.73886e-05
118.886 9.31558e-05
123.613 9.86936e-05
126.095 9.83835e-05
125.318 9.89658e-05
126.732 3.80127e-05
122.885 9.72627e-05
119.666 9.51429e-05
120.764 9.2979e-05
125.636 0.000100195
124.102 9.90652e-05
125.343 0.000102305
125.621 9.48856e-05
124.5 9.96608e-05
119.891 9.99258e-05
125.861 0.000101707
126.841 7.05011e-05
124.921 0.000108718
126.913 0.000109315
126.209 2.93163e-06
124.016 9.61706e-05
123.52 9.268e-05
126.725 9.941e-05
126.808 0.000101174
123.319 0.000106207
146.463 9.68836e-05
122.38 0.000102234
132.034 0.000110796
126.955 9.931e-05
126.066 0.000100099
125.551 0.00010235
123.235 4.08588e-07
119.883 0.000112304
124.473 9.76317e-05
117.389 0
121.326 0.000103597
124.477 0.00010049
125.26 9.81745e-05
124.504 0.000102185
115.251 9.98592e-05
121.64 0.000112838
124.499 0.000100526
155.868 0.000111091
124.313 0.000106333
123.696 5.88554e-05
125.333 0.000100485
122.936 0.000103651
128.197 9.47048e-05
126.164 9.72846e-05
124.672 9.973e-05
123.432 7.48145e-05
124.658 9.85087e-05
124.345 9.99506e-05
124.074 9.8068e-05
126.174 9.79774e-05
122.479 9.86362e-05
124.578 0.000101534
119.653 0.000103446
123.335 9.85989e-05
126.306 9.25134e-05
124.25 1.0019e-05
124.729 0.000100632
124.96 0.000102024
121.222 0.000105308
125.976 0.000100387
125.797 0.000109362
125.816 0.000101686
123.979 0.000108228
125.679 0.000115514
125.451 9.45125e-05
124.353 0.000103412
123.903 0.00010071
125.444 0.000102183
125.689 9.9607e-05
123.659 9.80613e-05
122.224 9.92137e-05
123.037 0.000108753
125.338 0.000106626
122.835 0.000101921
126.032 7.35273e-05
125.273 0.000109676
124.184 0.000102109
125.065 9.93477e-05
123.33 0.000105807
126.936 9.50479e-05
127.162 9.95878e-05
122.759 0.000101527
123.134 0.000100566
124.657 9.89419e-05
126.896 9.87613e-05
123.942 9.71421e-05
