131.825 0.000346051
130.9 0.000339889
128.485 0.000307333
130.269 0.000306248
128.677 0.000342609
127.756 0.000326697
131.586 0.00034407
129.092 0.000336179
128.535 2.28961e-06
128.215 0.000368025
130.082 -0.000323666
134.243 0.000320485
131.037 0.000336055
127.138 0.000308726
126.854 0.000381007
157.691 0.000384116
129.183 0.000316217
130.292 2.30311e-05
129.159 0.000319451
129.75 0.000331852
125.922 0.000327023
129.937 0.000365235
129.096 0.000338939
131.477 0.000305639
132.189 0.000315588
129.696 0.000315663
128.326 0.000354223
125.932 0.000363244
130.083 0.000324819
127.682 0.000225957
121.786 0.000348466
128.262 0.000331103
130.158 0.000184358
129.562 0.000333112
129.745 0.000343979
127.557 0.000324667
130.858 0.00032262
129.619 0.000343696
130.637 0.000336043
129.928 0.00019188
129.618 0.000340583
129.436 0.000339346
125.716 0.000333595
132.642 0.000329936
128.772 0.000330338
128.345 0.000316987
132.52 0.000377607
132.324 0.000328547
124.979 0.00032407
131.949 0.000324511
126.58 0.000365406
129.805 0.000337886
128.004 0.000314289
128.632 0.00033349
129.938 0.000336536
129.73 0.000341542
124.065 0.000311452
126.823 0.000359932
129.976 0.00026609
127.076 0.000336651
128.413 0.000385408
128.024 0.000157477
130.101 0.0003294
130.344 0.000322581
127.176 0.000335207
127.751 0.000342853
131.022 0.000359474
132.801 0.000322755
130.81 0.000332586
126.789 0.000310493
127.802 0.000367951
128.335 0.000365591
128.984 0.000331634
126.633 0.000341805
130.457 0.000324873
128.432 0.000337069
126.448 0.00035983
128.546 0.000218151
131.586 0.000311944
130.572 0.000347745
129.86 0.000324967
128.989 0.000321194
132.19 0.000330321
128.186 0.000365166
128.527 0.000329328
128.851 0.000323158
131.449 0.000211923
125.485 0.000324597
132.924 0.000322277
131.976 0.00038054
128.719 0.000338405
131.051 0.000282782
130.735 0.000325857
130.589 0.000361506
134.12 0.00031484
122.504 0.000295754
127.874 0.000312951
128.435 0.000322339
132.755 0.000318808
123.138 0.000325309
129.823 0.000209858
126 0.00022655
129.528 0.000333121
117.994 0.000312479
130.319 0.000335456
129.722 7.15339e-05
129.75 0.000340407
130.686 0.000326835
126.158 0.000368796
117.37 0.000126756
127.58 0.00031017
129.568 0.000337387
135.523 0.000336499
131.179 0.000338393
134.615 0.0003511
130.03 0.000326717
129.351 0.000353989
130.04 0.000363088
128.719 0.000360706
130.817 0.000326797
128.67 0.000329831
129.493 0.000328761
131.247 5.05208e-05
129.86 0.000333497
133.831 0.000338403
130.47 3.17004e-05
128.159 0.000323742
131.633 0.000287109
129.596 2.18159e-06
127.978 0.000333607
131.928 0.000321238
131.212 0.00034816
120.421 0.000367264
128.971 0.000328332
130.236 0.000329047
131.194 0.000323782
130.715 0.000372325
128.377 0.000366385
128.246 0.000339018
130.497 0.000346714
127.12 0.000371852
126.973 0.000313504
130.976 0.000338968
128.772 0.000311806
127.976 0.000346167
129.496 0.000331365
132.51 0.000126692
129.167 0.000151736
129.652 0.000328089
131.151 0.000326063
128.497 0.000321818
129.423 0.000347724
131.067 0.000325635
127.564 0.000339317
131.857 0.000352749
130.869 0.000328526
128.222 0.000202382
131.997 0.000365892
128.062 0.000352985
128.012 5.07554e-05
129.92 0.000323716
127.383 0.000360198
128.388 0.000341922
133.211 0.000316957
134.825 5.13932e-05
130.806 0.000340421
133.134 0.000357502
126.329 0.000324576
132.069 4.98621e-05
128.311 0.000320924
130.176 0.000320642
128.295 0.000322479
125.925 0.000318719
130.305 7.05607e-05
127.513 0.000383384
130.433 0.000317548
125.425 0.000384057
129.945 0.000346003
129.076 0.000314107
122.41 0.000309828
130.17 0.000379864
126.761 0.000303846
128.281 0.000323748
129.117 0.000340724
130.709 0.000336122
131.486 0.000331971
130.111 5.01516e-05
133.229 0.00014842
128.128 0.000296233
130.399 0.000345518
130.098 0.000180487
128.27 0.000299635
129.899 0.00034789
119.425 0.000271076
132.431 0.00037626
129.363 0.000333818
128.307 0.000329725
126.577 0.00033848
126.095 9.5148e-05
129.712 0.000345374
130.689 0.000330106
132.337 0.000321132
118.186 0.000152364
133.31 0.000308139
128.932 0.000321158
129.229 0.000313593
123.179 6.95535e-05
128.376 0.000349302
131.275 0.000322306
131.326 0.000270195
129.942 0.000323194
130.197 4.95532e-05
127.923 0.000346702
123.236 0.000330837
128.567 0.000326289
133.816 0.000348498
130.935 0.000321218
120.087 0.000327633
129.789 0.000334649
128.302 0.000330869
119.501 0.000301005
130.587 0.000184891
131.388 0.000125587
128.463 0.000323498
129.899 0.00018867
129.751 0.000359308
130.452 7.97993e-07
131.287 0.000325174
128.85 0.000335601
130.522 0.000320265
128.41 0.000331343
128.078 0.000342011
128.421 0.00037089
130.517 0.000325644
129.879 0.000314073
132.622 3.28485e-05
130.454 0.000555181
131.867 0.000418038
129.08 0.000608261
129.154 0.000616275
128.026 0.00055722
130.132 0.000548312
129.61 0.000543401
126.935 0.000527161
129.386 0.000501083
130.449 0.000611004
134.252 0.000364537
129.506 5.00919e-07
128.598 0.000566163
131.069 0.00054837
127.008 0.000529578
128.029 0.000523277
127.875 0.000511705
129.805 0.000558727
125.216 0.000568032
130.544 0.000536261
132.58 0.000546374
124.213 0.000416906
127.937 0.000562563
130.517 0.000597708
129.753 4.98593e-07
129.961 0.000531606
128.996 5.58551e-05
130.134 0.000415472
131.854 0.000545199
129.442 0.000525115
129.727 0.000608129
128.863 0.000630494
128.606 0.00052906
132.32 0.000260842
125.58 0.000538632
125.121 0.000542109
128.228 0.000592989
130.094 0.000548352
132.42 0.000539444
132.721 0.000561806
121.862 0.000601657
129.27 0.000525973
132.185 0.000600177
129.92 0.000618585
131.415 3.95073e-05
129.546 0.000505006
130.109 0.000566999
125.348 0.000190786
134.297 0.000519656
128.364 0.000534166
125.478 0.000491905
128.653 0.000525981
127.57 0.000252163
131.845 0.000545915
128.009 0.000595859
127.853 0.000555352
129.327 0.000558073
128.491 0.000619727
128.614 0.00053688
128.742 0.000560577
131.281 0.000458943
128.16 0.0005788
131.273 0.000524907
132.713 0.000545129
130.303 0.000238333
129.624 0.000610871
130.215 0.000614821
125.121 0.000523105
128.919 0.000541707
131.419 0.000600299
130.32 0.000359634
125.445 0.000544288
126.139 0.000526453
129.277 0.000581077
130.341 0.000586572
128.187 0.000408585
128.982 0.000416718
129.633 0.000569763
130.619 0.000615166
128.447 0.000616192
156.3 0.000557689
124.369 0.000518944
127.649 0.000602755
129.667 0.000547098
128.993 0.000615166
131.969 0.000585585
131.856 0.000513697
133.597 0.000583837
132.689 0.000517092
128.509 0.00054601
128.096 0.000609176
132.125 0.000552021
131.064 0.000620952
119.602 0.000115862
133.639 -0.000510617
130.648 0.000494055
165.633 0.000575922
130.002 0.000507603
127.534 0.000541831
120.641 0.000613315
128.634 0.000527282
123.977 0.000567891
129.853 0.000578382
126.363 0.000147638
130.826 0.000589702
128.699 0.000523038
127.821 0.000543165
137.965 0.000526446
130.129 0.00052692
131.134 0.000568643
129.904 0.000500425
129.468 0.000535078
130.385 0.000547481
130.211 0.000525625
127.655 0.000150953
128.707 0.000614239
129.428 0.000536516
129.152 0.000539236
131.802 0.000544226
130.492 0.000530142
126.234 0.000556653
129.397 0.000579154
128.676 0.000539256
130.647 0.000568104
129.298 0.000531604
134.232 0.000510278
129.352 0.000545634
130.193 0.000557762
130.971 0.000546633
132.022 0.00058266
130.651 0.00053369
128.475 0.000600277
126.684 0.00053453
130.716 0.000307716
124.79 3.90977e-07
126.528 0.000368006
130.708 0.000533441
130.289 0.000529585
127.546 0.000533959
129.65 0.000538596
129.773 0.000487657
127.791 0.000617433
124.464 0.00056033
128.335 0.00059725
129.277 0.000606825
128.6 0.000553737
131.006 0.000608432
128.232 0.000533668
130.48 0.000559694
125.206 0.00055848
129.695 0.000542222
128.58 0.000542858
127.942 0.000205871
126.988 0.000594135
126.06 0.000544297
129.989 0.000159402
129.986 0.000559362
130.072 0.000530414
133.312 0.000541418
128.312 0.000555754
129.532 0.000536402
133.051 0.000516846
128.127 0.000551602
129.657 0.000604007
124.502 0.000521443
128.5 0.000629069
131.743 0.000619037
115.318 0.000524461
127.795 0.000548575
127.656 0.000558933
132.448 0.00055605
131.664 0.00054055
129.682 0.000524636
129.224 0.000469525
124.997 0.000217157
131.97 0.000557014
131.044 0.000548848
131.496 0.000552719
131.185 0.000538688
130.335 0.000311109
123.524 0.000550821
129.246 0.000540681
134.674 0.000578101
128.683 0.000559505
130.318 0.000541606
129.387 0.000598073
128.505 0.000535449
