121.318 0.000249604
118.653 0.000244609
120.859 0.00025514
120.459 0.000251991
118.917 0.000124313
123.577 0.000251527
127.15 0.000262071
117.376 5.49588e-05
117.558 0.000260428
119.947 0.00027785
116.851 0.0003635
119.495 3.94288e-05
119.356 0.000316902
120.149 0.000415659
119.495 0.000395709
120.86 0.000379352
117.54 0.000369382
125.817 0.000384836
115.936 0.000373267
119.834 7.31128e-06
122.168 0.000410725
117.842 0.000377035
119.507 0.000388792
121.518 0.000378381
121.285 0.00036593
120.515 0.000416536
116.94 0.000377151
