130.031 0.000342331
129.99 0.000317732
132.584 0.000318054
130.32 0.000310456
129.768 0.000322315
129.53 0.000182371
130.581 0.000337514
130.555 0.000298869
141.59 0.000347906
129.952 0.000336143
128.231 0.000111736
127.923 0.000302459
130.121 0.000324711
129.65 0.000305311
136.566 0.00030696
129.973 0.000312166
140.736 0.000312456
129.571 0.000278992
131.682 0.000347454
129.791 0.00031914
129.804 0.00030564
141.779 0.000320796
133.208 0.000326619
130.5 0.000327957
139.833 0.000347639
129.594 0.000354837
127.418 0.000319889
128.474 0.000303153
125.6 0.000366836
130.192 0.000345551
131.601 0.000318868
128.814 0.000318575
132.268 0.000297085
132.286 0.000325088
128.63 -0.00028171
130.691 0.000312206
130.158 0.000309558
128.482 0.000314282
129.742 0.000310047
126.49 0.000308295
131.089 0.000332067
162.268 0.000289452
130.792 0.000301913
126.17 0.000334606
132.78 0.000308703
125.963 0.00027921
130.317 0.000337193
126.855 0.000315406
129.034 0.000353242
130.552 0.000316644
127.413 0.000199199
126.592 0.000345579
127.543 0.000205289
130.22 0.000349188
129.432 0.000290572
130.19 0.000323451
126.888 0.000305255
130.842 0.000351493
129.431 0.0001432
132.111 0.000310321
132.388 0.000316565
130.577 0.00034361
129.937 0.000322948
130.856 0.000299172
130.35 0.000312518
128.311 0.000324476
130.16 -0.000285998
132.695 0.000351597
129.054 4.47052e-07
134.423 0.000304174
121.967 0.000342015
126.371 2.23966e-05
127.988 0.000309838
130.05 0.000312608
130.226 0.000347269
130.244 0.000326335
128.278 0.000352008
130.344 0.000322528
130.663 0.000299367
126.712 0.000241662
128.874 0.000328834
131.668 0.000357664
127.991 0.000309564
129.269 0.000179117
125.874 0.000351055
128.35 0.0003419
128.176 0.000319364
131.097 0.000348868
141.564 0.000348358
121.892 0.000326885
130.722 0.000304481
129.501 0.000323336
133.032 -0.000323237
130.852 0.000351627
130.199 0.00030722
165.634 0.000116599
130.485 0.000359313
127.981 -0.000344388
133.887 0.000242288
130.92 0.000303615
130.335 0.000347959
119.257 0.000319188
129.712 0.000317667
126.511 0.000343398
129.868 0.000308406
124.632 0.000344898
131.776 0.000307363
129.867 0.000341105
129.276 0.00031396
127.827 0.000309151
131.759 0.000313739
129.94 -0.000335884
132.002 -0.000342464
133.534 0.000203864
131.393 0.000320484
131.696 0.000306145
131.8 0.000350602
120.585 0.000325356
133.606 0.000311638
126 0.000361308
120.269 0.000305317
131.691 0.000333338
126.905 0.000312917
129.026 0.000344219
130.63 0.000365257
130.228 0.000305561
153.175 0.000312304
124.278 0.00028756
129.6 0.000312243
132.505 0.000312428
123.994 0.000325591
130.726 1.5046e-05
129.641 0.000116615
160.64 0.000265224
129.273 0.000308114
129.167 0.000120223
124.05 0.000319756
130.281 0.000321215
129.897 0.000301669
119.145 0.000320375
129.099 0.000308581
129.136 0.0003153
130.864 0.000307577
129.866 0.000315098
131.183 0.000347906
130.128 0.000307462
131.25 0.000307073
129.352 0.000313419
126.497 0.000323865
128.79 0.000356038
129.786 0.000291604
129.036 0.000354923
128.006 0.000322167
130.226 0.000312432
128.729 0.000350687
130.076 0.000316849
123.434 0.000312406
121.942 0.000316869
132.412 0.000235351
129.167 0.000353231
132.965 0.000357044
131.815 0.000314694
130.637 1.48844e-05
128.815 0.000307282
130.818 0.000326927
128.95 0.000336557
130.368 3.41158e-05
130.745 0.000301962
128.615 0.000305193
128.128 0.000330578
129.354 0.000320312
130.297 0.000177798
129.639 0.000309827
130.443 0.000287885
126.265 0.000359276
129.638 0.000179148
127.548 0.00032141
129.911 0.000240246
126.645 0.00032688
129.499 0.000304743
130.935 2.31447e-05
120.742 0.000284777
130.675 0.000277222
130.082 0.000308513
128.423 0.000324271
129.72 9.5049e-05
130.027 0.000327043
130.134 4.72449e-05
133.196 0.000320016
128.756 0.000336233
145.434 0.000315978
128.603 0.000313718
127.064 0.000307746
129.297 0.000308133
127.166 0.000271748
129.632 0.000323274
119.309 0.000318463
129.733 0.000315162
120.846 0.000326191
128.312 0.000360404
128.835 0.000301458
128.851 0.000299489
127.58 0.00033571
133.324 0.000305562
129.278 0.000306911
130.356 0.000330608
130.586 0.000349573
131.209 0.000322489
128.214 0.000325673
132.019 0.000321008
129.155 0.000301295
130.057 0.000309857
130.443 0.000252474
130.147 0.00030821
130.747 0.000286339
130.507 0.000315317
129.833 0.000322769
150.689 0.000331822
127.672 0.000355351
129.049 0.000320769
128.389 0.000305232
128.975 0.000322067
131.617 0.000330006
128.441 0.000325541
127.537 0.000351403
129.27 0.000325912
132.124 0.000307674
127.16 0.000303423
127.618 0.000309192
127.599 0.000285503
120.966 0.000312752
129.112 0.000326875
131.333 0.000319159
130.954 0.000353327
130.156 0.000356878
130.486 0.000321114
131.377 0.000313986
128.316 0.000308779
126.042 0.000312377
132.09 0.000306123
127.757 0.000327049
128.368 3.30226e-05
127.379 0.000350654
130.088 0.000341256
126.65 0.000333093
130.432 0.000307493
158.684 0.00028963
123.99 0.000352181
132.018 0.000350464
135.685 0.000350533
128.237 0.000317056
128.554 0.000310991
149.488 0.000137614
142.673 0.000316773
130.708 0.000320675
128.597 0.000320658
121.701 0.000370665
126.838 0.000306551
129.028 0.000177496
129.606 0.000252853
131.448 0.000321762
130.124 0.000313057
129.701 0.000304778
131.526 0.000306036
132.423 0.000299307
129.424 0.000309007
130.525 0.000350072
130.121 0.000305885
131.059 0.000323734
130.871 0.000304648
127.9 0.000297589
126.442 4.68743e-05
145.927 0.000311594
126.837 0.00030139
129.97 0.000289121
129.722 0.000332488
129.333 0.000352164
127.758 0.000325594
131.135 0.000304629
129.269 9.16031e-06
166.909 0.000324096
157.016 0.000312763
124.749 0.000349555
130.007 0.000331743
125.648 0.000318043
125.943 8.6392e-05
130.303 0.000301641
130.371 0.000301619
134.03 0.000296074
132.455 -0.000312857
139.325 0.000307294
127.99 0.000340361
130.502 0.00030214
130.116 0.000310948
128.925 0.000286795
128.278 0.000306187
130.96 -0.000308111
129.339 0.000366379
127.902 0.000311366
129.928 0.000339773
127.392 0.000305026
158.181 0.000303853
131.176 0.00030357
134.535 0.000300614
129.809 0.000303197
118.631 0.000318937
128.03 0.000317158
129.836 0.000335486
129.38 0.000271902
131.439 0.00030747
131.155 0.000297756
130.256 0.000348024
129.751 0.000313195
129.249 0.000314401
143.246 0.000312301
123.432 0.000318602
128.672 0.000319479
127.511 0.000341411
127.993 0.000237839
126.134 0.000324145
130.661 0.000373595
126.369 0.000346605
128.963 0.000351107
160.971 0.000323676
128.223 0.000302363
128.328 0.000350552
129.176 0.000305732
131.713 0.000361121
121.12 0.000297474
129.297 0.000147008
132.425 0.000369447
129.783 0.00030664
132.189 0.000303304
129.588 0.000319894
128.098 0.000303974
130.958 0.000303925
145.374 0.00030891
131.249 0.000305829
131.218 0.000267679
126.964 0.000306081
129.435 0.000329577
129.542 0.000301751
128.208 0.000318327
128.545 0.000312847
168.701 0.00030901
129.039 0.000350464
128.132 0.000302856
129.558 0.000305602
127.968 2.86603e-07
130.185 0.000169436
152.836 0.000302747
129.109 3.32915e-05
132.399 0.000311153
132.509 0.000321452
128.796 0.000310371
132.776 0.000301473
129.874 0.000307207
165.577 0.000315367
130.281 0.000169038
131.468 0.000311514
130.994 0.000315199
130.783 0.000307692
128.932 0.000319966
130.932 0.000312838
131.334 0.000322496
130.436 2.25331e-05
127.797 0.000347877
130.641 0.000348434
127.159 9.13657e-06
120.064 0.000301661
130.546 0.000353528
131.334 6.07002e-06
129.761 0.00032767
131.518 0.000322153
118.209 0.000316128
130.992 -0.000310204
132.185 0.000287715
127.286 0.000340418
129.572 0.000347157
130.661 0.000322933
125.22 0.000294334
131.599 0.00031727
120.424 0.000347867
126.509 0.000148092
121.636 0.000319157
126.294 0.000329499
130.025 0.000341487
129.896 0.000308755
127.291 0.000307019
130.954 0.00031773
130.034 0.000301639
136.096 0.000363939
130.773 0.000236663
129.912 0.000261992
130.292 0.000319815
131.192 0.000362799
126.451 0.000319088
129.258 0.000310389
128.768 2.2424e-05
126.267 0.000343282
129.856 0.000321526
127.173 0.000297883
121.5 0.000314685
132.892 0.000357265
129.247 0.000311592
131.553 0.000329586
115.48 0.000323712
129.038 0.000301716
128.811 -0.000246154
131.814 0.000205724
