134.48 0.000183076
121.51 0.000165562
120.953 0.000162686
149.392 0.000174523
115.175 0.000187253
130.648 0.000110723
117.878 0.000166483
125.49 0.000158604
126.579 -0.000158117
159.667 0.000169409
148.783 0.000168756
152.205 0.000188304
120.892 0.000167515
130.41 0.000165841
124.541 0.000161379
121.607 0.000173621
127.271 4.80958e-05
134.846 0.000137849
125.21 0.000173068
122.32 0.000166228
120.382 0.000176253
121.823 0.000165951
126.224 0.000166817
123.302 0.000178859
137.6 0.000157653
163.591 0.00016873
125.267 0.000178404
137.531 0.00016317
123.499 0.000164555
123.59 0.000152535
124.986 0.000189414
135.094 0.00017564
127.199 0.000159187
129.835 0.00016235
117.072 -0.00019223
125.59 0.000189516
120.773 3.72054e-05
123.078 0.000177047
139.994 0.00016138
128.747 0.000157267
125.178 0.000178403
120.958 0.000164355
125.324 0.000187371
142.664 -0.000167957
125.507 0.000131165
124.926 0.000147266
149.476 0.000181389
127.692 5.04716e-06
131.962 0.000157001
125.451 0.000188879
124.304 0.000168706
123.361 0.000171851
125.112 0.000158804
125.314 0.000164206
124.018 0.000179669
127.916 0.000171977
121.138 0.000175962
124.916 6.86543e-07
124.414 0.000168685
127.194 0.000157167
137.985 0.000169845
127.914 0.000160549
125.528 0.000162804
126.619 0.000167724
121.967 0.000187442
130.046 0.000186327
123.923 1.23273e-05
126.58 0.000157762
125.862 0.000168655
128.501 3.4403e-05
122.621 0.000171743
125.088 0.000167714
122.814 0.000171793
122.75 0.000159015
125.346 0.00016886
128.431 0.000162675
124.647 0.000167956
136.388 0.000182292
128.963 0.000163739
164.953 0.000161608
127.365 0.00018607
123.546 0.000184372
118.217 0.000194318
129.519 0.000167423
143.614 0.00016277
146.034 0.000184904
128.123 0.000174783
133.953 0.000160329
131.748 0.000191696
119.846 0.000181693
139.848 0.000165208
131.071 0.000165968
115.837 0.000173058
133.746 0.000182565
125.307 0.000153322
136.701 0.000111215
123.268 0.000157859
160.962 0.000165907
119.585 0.000178971
150.059 0.000168261
125.822 0.000167089
137.471 0.000169823
117.938 0.0001577
165.09 0.00015509
121.981 0.000114491
127.151 0.000174946
157.089 0.000156162
121.654 0.000166113
124.791 0.000173962
118.049 0.000164335
142.607 0.000167511
148.626 0.000183301
123.12 0.00015346
156.041 0.000166322
126.431 4.66043e-05
139.717 0.000164748
127.027 0.00017491
138.206 0.00018869
126.705 0.000164834
144.422 0.000157021
121.526 0.000144809
117.156 0.000165571
118.004 0.000168616
123.244 0.000189786
125.012 0.000163111
125.617 0.000172483
128.668 0.000159028
124.182 0.000166562
132.797 0.000191745
126.611 0.000103562
140.933 0.000169127
123.098 0.00016185
129.374 1.87925e-06
144.999 0.00016136
148.404 2.21501e-07
115.657 0.000130524
151.045 0.00016294
131.029 0.000162173
126.67 7.72355e-05
123.386 0.000158849
125.042 0.000162274
124.376 4.73426e-05
116.592 0.00017969
136.975 0.000187613
132.829 0.00017508
124.904 0.000160483
147.305 0.000163121
128.109 0.000184311
124.183 4.88459e-05
123.053 0.000194143
137.226 0.00013951
130.313 0.000168743
127.231 0.000166622
126.932 3.72691e-05
141.772 0.000170933
156.83 2.57935e-05
122.226 0.000150559
122.728 0.000172374
124.304 0.000167912
136.116 0.000172708
122.765 4.97117e-06
126.767 0.000169904
118.567 0.000179312
123.341 0.000180661
126.505 4.64334e-05
122.557 0.000171131
140.697 0.000185796
124.695 -0.000162075
132.387 0.000179938
120.16 0.000174629
123.961 0.000165986
129.651 0.000171404
123.614 0.000175693
117.425 0.000148242
125.713 0.000184502
123.538 -0.000169043
125.373 0.000162465
138.271 0.000161474
145.988 0.000158298
115.833 0.000175134
127.381 7.52668e-06
124.345 0.000166922
126.816 0.000174366
156.302 0.000144316
141.929 0.000177101
140.641 0.000164008
124.904 0.000183991
132.232 0.000161527
136.008 0.000186872
123.467 0.000171985
131.763 6.77626e-07
145.173 0.000129044
123.888 0.000188633
125.75 0.000165842
117.394 0.000110912
116.83 0.000178951
137.962 0.000157113
126.231 0.000171612
121.405 0.000162458
121.472 0.000166122
115.504 0.000168816
127.353 0.000155877
122.331 0.000169338
123.683 0.000168712
117.923 0.000171702
126.705 0.000156773
123.132 0.000176513
124.324 0.000162324
151.395 0.000169982
120.78 0.000175133
119.263 0.000173629
120.854 0.000171144
124.618 0.000169439
135.191 0.000171302
120.016 0.000158535
131.416 -0.00016242
124.766 0.00016464
157.76 0.00016597
124.393 0.000163532
156.326 0.000177005
148.624 0.000166999
145.863 0.000116505
148.088 0.000184384
118.734 0.00016673
120.328 0.000187484
148.619 0.000165184
127.548 0.000156295
147.833 0.000165616
115.605 0.000160857
117.857 0.000174492
160.212 0.000179968
155.33 0.000167393
123.237 0.00018443
123.201 0.000169955
117.236 6.30455e-05
124.787 0.000145327
136.675 0.000164034
124.686 0.000168419
127.794 0.000171116
125.383 0.00016514
121.522 0.000170141
124.916 0.000167315
152.649 0.000153833
169.373 -0.000165427
116.156 0.00016701
119.198 0.000182583
121.214 0.00014915
115.712 0.000188255
125.008 0.000167533
124.724 0.00019175
121.142 0.000166996
120.34 0.000179168
145.806 0.000158202
133.413 0.000166924
121.496 0.000188299
124.847 0.000166194
143.147 0.000162455
121.37 0.000175868
136.976 3.54256e-05
123.016 0.000163811
124.204 0.000173783
123.025 0.000164281
119.943 0.000188423
133.487 0.000184367
117.408 0.000167188
130.397 0.000152594
119.031 0.00019115
124.563 0.000149617
116.973 0.000195506
135.26 0.000169298
130.365 1.78008e-05
144.117 0.000161726
145.158 1.09043e-05
119.172 0.000160878
159.919 0.000178087
139.975 0.000172444
118.682 0.000158506
123.593 0.000167027
119.576 0.000160427
141.335 0.000172226
142.088 0.00016566
124.92 0.000165417
125.268 9.56478e-05
126.272 0.000196517
123.523 0.000180262
121.534 0.00018726
135.289 0.000173874
125.902 0.000164726
120.442 0.000178441
136.205 0.000185095
125.324 0.000176512
126.159 -0.000183298
167.172 0.000151244
125.984 0.000166665
120.259 0.00016311
115.986 0.000149059
146.536 0.000159985
125.596 0.000174042
136.828 1.15338e-05
124.333 0.00016534
124.869 0.000156116
123.892 0.000183565
125.611 0.000163577
134.41 0.000173188
121.675 0.000181152
127.567 0.000179699
122.12 0.0001684
126.44 0.000183268
142.989 0.000185783
127.773 0.000157526
131.714 0.000154214
125.836 0.000160497
128.184 0.00016499
120.861 0.000160852
126.261 0.000180539
136.202 0.000175681
126.985 -0.000163824
126.329 0.000151619
125.13 0.000137457
122.481 0.000109677
127.724 9.44263e-05
120.097 0.000175668
123.996 0.000165948
142.671 0.000190212
132.934 4.4974e-05
127.284 0.000147405
123.681 0.000173535
126.089 0.000156303
124.762 8.14849e-06
122.548 0.000139437
142.073 0.000168139
124.834 0.000173224
164.183 0.000168629
124.104 0.000146436
124.098 0.000168944
133.609 0.000187021
123.168 0.00017185
138.309 -8.98917e-05
123.621 0.000156115
119.759 0.000169513
157.713 0.000169626
138.678 0.000163668
123.624 0.000159908
120.221 0.000177456
140.38 0.000167512
126.557 0.000156305
119.391 0.000163773
125.699 0.000176217
145.568 0.000166103
124.797 0.000150102
134.624 0.000184027
120.06 0.000187272
126.651 0.000176485
130.314 0.000160429
125.809 0.000161293
123.217 0.00017003
118.763 0.000174639
126.653 0.000172492
125.826 0.000159151
126.234 0.000173231
124.122 0.000141955
153.483 0.000161568
123.87 -0.000175913
158.766 -0.000159867
124.359 0.000146127
127.807 0.000153957
126.973 9.17351e-05
115.689 0.000149567
136.966 0.000168672
141.602 0.000178956
155.268 0.000189044
128.065 0.000178609
141.878 0.0001884
137.02 0.000163674
168.354 0.000165698
126.343 2.10115e-07
123.45 9.52238e-05
148.142 0.000162836
121.697 0.000168169
120.822 0.00016216
132.719 0.000169087
131.558 0.000172851
123.234 0.000163638
146.431 0.000162685
125.006 0.000155414
129.073 0.000174338
137.067 9.94261e-05
142.57 0.000164541
