119.213 0.000870511
118.356 0.00111549
115.057 6.61578e-07
119.867 0.00105906
119.637 0.00109373
119.122 0.0010846
119.181 0.00104298
119.919 0.000955751
121.237 0.00108243
119.379 0.00109744
118.987 0.000946232
119.569 0.00100658
119.029 0.000949694
119.666 0.000963686
118.504 0.000986968
123.231 0.000464144
120.594 0.000967424
121.576 0.000957327
119.433 0.00107044
120.351 0.000986775
116.45 0.000981262
115.219 0.00109314
121.976 0.00104648
118.411 0.000982885
115.961 0.000979411
119.421 0.000993186
117.505 0.000991163
117.079 0.00093249
117.678 0.000979061
121.031 0.000950127
118 0.00101449
121.477 0.000990051
119.959 0.00102645
120.248 0.0010636
118.124 0.000738457
118.786 0.000284192
119.39 0.000944799
121.835 0.000456153
116.177 0.000988252
117.237 0.000952059
118.558 0.000951729
120.005 0.000977987
123.688 0.000943948
119.934 0.00101202
120.129 0.000983335
117.454 0.00104959
117.664 0.00104527
118.318 0.000941774
122.517 0.000975422
117.463 0.000966057
120.011 0.000976795
116.986 0.00107168
118.169 0.00103329
117.673 0.000978601
119.734 0.000974342
119.138 0.000943606
119.276 0.000908257
117.649 0.00110485
118.347 0.000967973
116.948 0.000370706
120.272 0.000950662
124.566 0.00109524
121.554 0.0011064
119.919 0.000994706
119.372 0.00104015
119.094 0.000978156
120.729 0.00111704
119.763 0.000279143
118.668 0.000998253
121.819 0.00100705
119.462 0.000827081
118.91 0.000950476
116.964 0.000942478
119.629 0.000980215
116.774 0.000799332
116.641 0.000958107
119.277 0.000980205
115.692 0.00100815
120.382 0.0009893
118.645 0.000221917
118.702 0.00094483
120.456 0.00101301
116.715 0.000824495
121.777 0.000383845
120.146 0.000457241
122.831 0.000964797
120.548 0.000918163
115.807 0.000199257
117.82 0.00102941
121.499 0.00103084
119.813 0.00101566
121.234 0.000955642
118.11 0.000952697
120.498 0.000938039
118.244 0.0011514
122.967 0.00094327
119.245 0.00100865
118.465 0.000963756
120.413 0.00107936
122.499 0.00112846
120.073 0.000967348
119.476 0.00108586
120.141 0.00110356
120.589 4.8638e-05
115.813 0.00100015
115.621 0.000987058
118.791 0.000941204
120.221 0.000970164
121.154 0.00101067
124.393 0.00100624
123.326 0.000948469
117.035 0.000991019
117.227 0.000280037
119.098 0.0009427
121.112 0.000957487
119.131 0.00107339
122.06 0.000953239
119.991 0.000825237
118.783 0.00112389
121.134 0.000959342
119.922 0.000974556
123.364 0.000957173
118.443 0.00080847
121.326 0.000976942
116.92 0.000962258
119.092 0.00106677
119.66 0.00104134
119.088 0.00103703
115.332 0.0010031
119.752 0.00100801
116.622 0.000949157
117.593 0.000948975
115.587 0.0011119
122.413 9.73577e-05
122.897 0.000957506
119.298 0.00108677
118.821 0.000888754
119.033 0.00105013
116.022 4.55165e-05
115.714 0.000820842
120.543 0.000938333
120.804 0.000951537
118.106 0.000987274
121.199 0.000961543
119.78 0.00107445
118.563 0.000950133
120.186 0.0010445
119.402 0.000961431
122.38 0.000460087
120.663 0.00110134
118.085 0.000992333
123.427 0.00109135
119.274 0.000961115
121.081 0.000975636
121.12 0.000959849
121.461 0.0009785
119.347 0.000989094
119.249 0.000940426
117.85 0.00107646
118.844 0.000961943
119.681 0.00095499
123.269 0.000998195
120.304 0.00109524
119.919 0.000993147
121.514 0.000906535
126.55 0.00105346
121.49 0.000940922
118.865 0.000975257
117.077 0.00110428
119.723 0.00109961
120.124 0.000947241
119.893 0.000951116
118.698 0.00095094
116.097 0.000966213
119.709 0.000984143
118.865 0.00102804
117.952 0.000997914
121.773 0.00110466
119.806 0.000977933
119.716 0.00108208
119.596 0.000963388
119.685 0.00100246
121.329 0.000972879
119.149 0.000997038
120.629 0.00113594
116.57 4.66396e-05
120.676 0.00107195
119.971 0.00103753
119.569 0.000824337
120.368 0.000953549
123.777 0.000956058
116.663 0.00102768
118.976 0.00101225
118.256 0.000947596
117.324 0.000980427
119.915 0.00108387
121.727 0.000936036
122.232 0.000948147
119.928 0.00101078
119.142 0.00101787
120.656 0.000371803
119.616 0.000955851
119.343 0.000541326
123.409 0.00100127
120.802 0.000964587
119.9 0.000940831
116.496 0.00108539
118.593 0.00101636
121.395 0.000983019
119.894 0.000998168
120.06 0.000940037
118.419 0.0010285
121.778 0.000991585
115.926 0.00106986
118.585 0.00100637
120.948 0.000974015
119.978 0.000916702
121.524 0.00108425
117.868 0.00105209
122.957 0.00105098
118.387 0.000948196
120.069 0.000975141
119.478 0.000948973
115.759 0.000935474
117.998 0.000950377
118.299 0.000994651
116.793 0.000461602
116.314 1.10317e-05
118.776 0.00097599
115.931 0.000969513
122.429 0.000981236
121.022 0.00110032
119.142 0.00110801
117.135 0.00103718
115.67 0.000937986
121.063 0.00103518
119.927 0.000953321
119.415 0.00098522
120.015 0.00104964
121.325 0.000977495
120.407 0.000965413
119.225 0.0010546
118.365 0.000968267
118.15 0.000800815
120.127 0.000969981
118.933 0.000102986
120.551 0.000887867
120.177 0.000996039
123.044 0.00109034
119.072 0.000102247
119.188 0.00109751
119.495 0.00108886
121.573 0.00100081
123.548 7.06764e-05
119.494 0.00096513
121.28 0.00110872
116.43 0.00103273
121.562 0.00110639
116.904 0.0011024
117.302 0.000985019
122.977 0.000963992
115.082 0.000961392
117.718 0.000969662
119.152 0.00109435
118.149 0.000983419
119.62 0.000912649
117.162 0.00107622
120.589 0.000902157
120.555 1.85921e-05
118.565 0.000953783
120.426 0.000899927
118.675 0.00095398
117.275 0.000988328
119.166 0.000154358
119.311 0.00098948
118.561 0.000986484
123.21 0.000978438
119.603 0.00101277
118.85 0.000981086
117.733 0.00108438
120.783 0.00106297
118.767 0.00103504
118.953 0.000958552
122.396 0.000948157
119.328 0.000991674
119.575 0.000966463
120.2 0.000956747
119.584 0.00100077
121.681 0.000944569
121.396 0.00102885
120.658 0.000954012
118.652 0.000955241
118.93 0.000922997
118.821 0.00101348
119.339 0.000208795
120.061 0.000947861
121.062 0.00100483
119.462 0.000996629
120.576 0.000967818
119.329 0.00107615
119.173 0.00103616
119.917 0.00100222
118.362 0.000980825
122.436 0.000742042
121.765 0.000952289
116.719 0.000960565
119.986 0.00102541
121.29 0.00100188
123.764 0.000938151
118.849 0.000989121
119.976 0.000985595
116.461 0.00102064
116.347 7.44628e-05
115.186 0.00106179
119.786 0.000104406
120.995 0.000987677
117.294 0.000874918
120.475 0.000931498
119.125 0.000964893
119.022 0.00100999
120.41 0.000208433
117.76 0.00104485
118.744 0.000989187
119.664 0.000960549
119.413 0.000202137
119.751 0.000562569
119.966 0.00101728
120.488 0.000864968
118.987 0.000899705
118.807 0.000905176
121.443 0.000963541
119.43 0.000893697
119.009 0.000988261
119.593 0.000954839
119.103 0.00102878
119.326 0.00101281
120.931 0.000369623
119.432 0.00094812
116.213 0.000961843
122.372 0.000944732
118.14 0.000984394
121.591 0.00107923
117.336 0.00108755
117.313 0.000965448
119.146 0.000965358
120.677 0.000954923
120.358 0.00108976
120.256 0.000966827
117.501 0.00092673
120.46 0.000949933
122.057 0.000957696
117.882 0.000958097
117.359 0.000945504
121.198 0.000941058
121.017 0.00108986
121.413 0.000954986
120.007 0.000958475
120.644 0.000886119
119.844 0.0009313
120.311 0.00100016
118.35 0.00102019
122.783 0.000940619
120.009 0.00101493
116.412 0.000952927
118.369 0.000982813
121.018 0.00101264
118.622 0.000950163
118.049 0.000974654
119.471 0.000988371
117.007 0.000986475
