118.526 0.00013882
126.266 5.13018e-05
126.541 0.000136527
128.849 0.000150012
127.094 3.91072e-05
149.036 0.000145401
122.972 6.09362e-05
120.639 0.000141328
124.965 0.000132928
124.891 0.00015109
123.596 0.000142426
123.424 0.000130457
125.335 0.000131343
125.95 0.000143649
163.854 0.000142235
144.695 0.000130572
125.249 0.000128114
119.589 0.000131274
160.975 0.000131817
122.185 0.000129247
126.079 0.000161201
123.105 0.000135963
128.744 0.000121691
123.572 0.000132424
125.12 0.000129622
125.951 0.000135417
125.385 0.000135214
127.959 0.000102551
130.498 0.000147436
128.694 0.000130755
122.989 0.000112356
120.246 0.00013355
124.112 0.000151539
124.312 0.000113896
124.394 0.00012837
