125.49 8.63477e-05
126.651 7.63292e-05
120.049 8.94824e-05
119.546 -9.84868e-05
124.482 0.000111863
122.015 5.62266e-05
129.374 9.6755e-05
123.356 9.75585e-05
122.929 8.18715e-05
150.01 2.86257e-05
121.232 0.000109581
127.286 9.62113e-05
124.323 0.000107748
127.165 0.000110523
122.469 9.82697e-05
126.123 9.83436e-05
125.865 0.000100552
123.842 4.64385e-05
117.878 9.68821e-05
123.38 9.08533e-05
118.137 9.9883e-05
124.92 9.77927e-05
123.22 0.000111536
129.86 9.68833e-05
124.825 0.000111829
124.043 0.000102657
122.109 9.36152e-05
119.625 0.000100836
124.608 0.00010076
160.264 9.64562e-05
123.747 9.97164e-05
122.207 0.000100894
124.984 9.85525e-05
121.458 0.000110439
125.021 0.000101119
124.849 9.79548e-05
128.806 6.49345e-05
132.112 9.97894e-05
124.86 9.75372e-05
121.754 0.000101712
126.084 -9.29714e-05
120.502 9.71077e-05
121.074 9.82152e-05
126.567 9.29185e-05
121.376 0.000100579
127.212 9.33485e-05
117.404 9.52709e-05
128.001 9.54569e-05
119.83 0.000100121
120.887 0.000107411
122.979 9.44125e-05
115.563 0.0001065
124.606 5.63215e-05
122.894 0.000102563
124.91 0.00010443
121.757 9.32954e-05
123.346 0.000102287
117.505 0.000103926
124.438 0.00010053
154.289 4.09702e-07
124.811 9.77622e-05
122.74 1.10665e-05
125.798 0.00010193
124.76 9.96605e-05
124.859 0.000100955
129.07 0.000102129
123.562 0.000108924
122.004 9.05171e-05
128.056 0.000101398
126.834 0.000104712
124.571 2.93453e-06
125.975 0.000102178
125.952 9.79056e-05
125.187 9.60898e-05
121.989 0.000107683
143.407 -0.000109125
122.177 0.000108742
125.331 9.61307e-05
120.703 9.62859e-05
123.379 0.000109172
120.297 9.48772e-05
130.625 9.6779e-05
121.249 9.2951e-05
123.562 9.59564e-05
125.465 6.65012e-05
120.922 0.000113276
150.248 0.000112732
124.1 6.83192e-05
120.404 0.00010487
124.569 0.000100551
127.703 0.000110999
124.353 -9.95197e-05
125.613 9.5477e-05
125.303 8.90062e-05
119.809 9.81719e-05
124.854 9.3113e-05
123.601 0.000101143
121.278 -9.94009e-05
129.523 9.87163e-05
118.914 9.39912e-05
126.378 0.000112679
126.417 5.61887e-05
123.902 0.000106452
134.015 0.000101767
120.688 0.000111002
124.696 0.00010112
129.15 9.62119e-05
126.181 9.77212e-05
117.662 9.8676e-05
116.354 0.000109235
122.961 9.82796e-05
125.723 0.000100885
123.319 9.0455e-05
122.264 9.55889e-05
117.864 0.000103546
124.703 0.000105246
122.125 6.58713e-05
124.255 9.75203e-05
123.147 9.67387e-05
119.328 9.69249e-05
124.733 0.000101685
120.833 9.55837e-05
125.391 0.000110812
165.505 1.54089e-05
125.199 9.68465e-05
124.308 9.76974e-05
123.903 8.78136e-05
120.598 0.000109546
127.819 -0.000102702
119.089 6.96222e-05
120.629 0.000100281
126.481 0.000100386
116.629 9.99469e-05
124.142 0.000104298
116.443 9.37976e-05
122.424 0.00011302
124.129 9.95668e-05
123.522 9.69359e-05
119.89 9.79413e-05
118.227 -0.000100857
123.279 9.6406e-05
121.519 0.000101423
121.848 9.65037e-05
123.093 0.000107343
125.938 9.65424e-05
124.638 0.000106096
126.193 0.000100966
120.786 0.000103704
115.82 7.42978e-05
124.782 2.40963e-07
123.182 9.42729e-05
125.334 9.91624e-05
119.471 0.000102071
141.64 9.64337e-05
124.505 9.02801e-05
115.135 0.000100411
126.039 0.000102442
137.808 0.000109739
126.65 9.59126e-05
121.3 0.000106424
125.502 9.72737e-05
123.309 9.8704e-05
126.411 0.000106558
118.963 8.39735e-05
121.121 0.000106307
138.163 0.00010205
127.948 0.000104179
120.933 0.000101842
115.701 2.92042e-06
124.655 9.95043e-05
121.597 0.000107891
124.375 9.94109e-05
123.735 7.67741e-05
126.772 9.60595e-05
120.581 9.79718e-05
125.108 8.84517e-05
121.707 9.67143e-05
124.725 9.59408e-05
123.134 9.90412e-05
121.742 0.000108712
123.549 9.90983e-05
124.365 0.000101568
122.759 9.8954e-05
122.686 0.000109986
125.079 1.49881e-05
128.325 0.00010183
127.286 9.15243e-05
125.018 0.000121783
125.63 8.49389e-05
123.841 4.77186e-06
127.893 9.7375e-05
124.638 8.52202e-05
123.286 6.5343e-05
125.999 1.49836e-05
126.008 9.31367e-05
124.51 0.000100896
123.561 0.000108962
124.436 0.000101722
118.96 9.88826e-05
122.244 9.76486e-05
123.921 9.6948e-05
121.588 8.37339e-05
123.566 9.68076e-05
126.108 9.59716e-05
125.897 9.96531e-05
124.986 9.38731e-05
124.772 0.000107877
119.007 0.000102013
126.254 0.000110337
125.244 9.88254e-05
127.607 5.59234e-05
120.878 9.86549e-05
126.328 0.000104482
124.573 -9.86807e-05
149.771 0.000111025
126.607 9.01011e-05
129.962 0.000104632
121.027 0.000112732
117.916 9.77848e-05
124.735 0.000104279
123.519 9.60418e-05
127.142 0.0001028
123.638 8.61227e-05
117.094 9.56463e-05
121.162 0.000110387
122.112 9.71393e-05
121.733 0.000113559
121.689 9.88545e-05
150.756 7.08317e-05
123.448 9.74058e-05
124.184 9.06604e-05
122.922 0.000110354
122.8 9.68381e-05
127.551 9.67088e-05
125.899 9.77256e-05
123.271 9.99348e-05
129.827 2.82141e-05
123.776 9.2782e-05
124.605 0.000101655
126.208 8.97548e-05
122.55 9.68156e-05
124.266 9.82478e-05
125.72 0.0001113
124.247 9.70525e-05
121.422 0.000100166
130.042 9.55648e-05
124.388 0.000101347
126.748 1.51216e-05
129.325 3.87212e-05
125.31 0.000108875
125.71 0.000102569
146.776 0.000111421
121.958 9.39563e-05
127.737 0.000105794
122.295 0.000100601
121.136 9.78687e-05
123.08 9.77314e-05
126.996 0.0001013
122.258 0.000101735
123.597 0.000107434
118.232 9.64525e-05
125.479 9.81852e-05
127.484 7.63206e-05
121.029 0.00010999
134.053 0.000105227
123.118 9.34982e-05
121.246 0.00010862
121.391 9.78274e-05
126.422 9.94875e-05
144.882 9.97896e-05
123.808 0.000107668
124.172 0.000108075
129.513 9.38733e-05
120.531 8.9883e-05
122.222 9.06303e-05
119.224 9.9416e-05
127.01 -2.13055e-05
125.599 0.000101514
124.309 9.62285e-05
121.522 -0.000102018
122.83 0.000102267
125.387 9.6535e-05
129.707 9.61214e-05
124.227 9.68055e-05
124.685 0.00011217
124.033 9.69647e-05
125.92 9.71783e-05
115.529 9.77414e-05
120.389 9.95796e-05
160.098 9.0484e-05
117.661 0.000107716
129.153 9.87562e-05
129.735 0.000110456
125.101 9.56319e-05
121.255 9.59882e-05
120.609 9.60974e-05
130.751 0.000101574
125.083 0.000148224
119.743 5.77666e-05
124.492 0.000158137
122.667 0.000160451
123.802 0.000147123
124.338 0.000166184
125.175 1.61756e-05
126.109 0.000152701
126.823 0.00014954
121.169 0.000172452
123.791 4.39595e-05
121.018 0.000151561
127.882 0.000170274
123.903 0.00015507
128.034 0.000162683
124.646 0.000146777
124.396 1.63793e-05
123.463 0.000161937
125.61 8.66402e-05
125.457 0.000146094
125.613 0.000150052
124.348 0.000148777
121.966 0.000159939
126.729 0.000148947
125.008 0.000168672
125.307 0.000149982
121.373 0.000155661
122.573 0.000121397
128.939 0.000153008
127.431 0.000170424
125.169 0.000143887
125.222 0.000152293
169.641 0.000145026
125.115 0.000157003
128.423 0.000138425
127.471 0.000169112
120.909 0.000147828
118.35 0.000145083
124.203 0.000169892
123.359 0.000147913
124.785 7.24769e-05
123.572 0.000149462
123.895 0.000152298
123.042 0.000148432
124.552 0.000147876
117.322 0.000141848
120.66 0.000149469
124.443 0.0001567
124.92 1.79041e-06
117.901 0.000167463
128.365 0.000144435
126.053 0.000149572
116.128 0.000168282
125.051 0.000147867
128.118 0.000146813
121.593 0.000151678
124.843 0.0001534
126.003 0.000171255
125.5 0.000168292
122.11 0.000147438
122.806 0.00015477
125.598 0.000153521
127.259 1.10759e-05
122.904 0.000170201
127.928 0.000154857
129.007 2.79792e-06
124.759 0.000165585
125.965 0.00017007
121.426 0.000108773
127.398 0.000162239
122.67 0.00015435
126.29 0.000158372
123.798 0.000168574
122.933 0.000160034
127.084 0.000174315
117.888 0.000159487
123.596 0.000168023
124.645 0.000168758
126.18 0.000162138
122.473 0.000121235
121.061 0.000142993
128.106 4.29966e-06
118.369 0.000147837
126.689 -0.000155296
118.667 0.000167615
123.36 0.000156234
124.142 0.000149844
159.404 9.59088e-05
124.901 0.000159809
120.023 6.25213e-07
120.384 0.000161546
120.737 3.26455e-05
126.081 0.00014854
117.065 0.000177127
125.429 0.000145229
127.055 0.00014889
124.843 0.000153942
126.757 0.000151733
121.129 0.000138402
117.033 0.00015014
132.777 0.000152726
121.33 0.000145441
126.689 8.41071e-05
125.862 0.000169426
123.689 0.000157526
129.059 0.000157661
127.602 0.00015263
144.796 0.000147192
124.514 1.69746e-05
126.86 0.000167622
123.529 0.000172474
123.033 0.000148941
120.593 0.000162383
128.711 0.000151749
125.061 -0.000156854
119.347 0.000125719
123.276 0.000152499
125.305 0.000157394
127.371 0.00013868
123.286 0.000141674
125.552 0.000128728
120.989 0.000149408
118.402 0.000150448
122.968 0.000164244
123.863 0.000150542
124.433 8.91944e-05
126.854 0.0001617
124.503 0.000149008
121.803 0.000163515
124.776 0.000147582
126.966 0.000157236
124.574 0.000148541
121.474 0.000155677
126.249 0.000159341
127.33 0.000151256
127.506 0.000167182
126.254 0.000154255
123.593 0.00015034
118.969 0.000163532
124.324 0.00014867
127.302 0.000129349
121.021 -0.000159725
119.153 0.000149279
128.537 0.00016148
127.111 0.000151824
123.638 0.000153513
122.201 4.34601e-06
126.239 0.000159412
120.956 0.000117396
120.076 3.09997e-05
122.832 0.000150953
119.735 0.00014865
125.258 0.000164125
121.453 0.000151049
149.863 0.000151341
124.748 0.000148724
118.886 0.000159385
120.871 0.000149937
126.932 0.000170549
127.167 0.00015443
127.329 0.000153791
124.116 0.000149099
123.263 0.000146353
122.325 0.000159968
124.609 0.00017107
121.11 0.000185745
125.215 0.00015578
127.557 0.000144989
124.926 0.000156144
125.507 0.00014926
125.051 0.000146346
122.414 0.000153471
157.063 0.000141658
125.119 0.000145379
122.901 0.000177268
115.035 0.000153569
124.143 8.68609e-05
135.303 0.000138676
123.066 0.000140833
124.898 0.000148267
125.357 0.000153405
124.976 0.00016472
122.9 0.000169475
127.139 0.000164292
124.375 0.000155132
147.682 0.000150467
126.508 7.17292e-05
150.252 0.000159588
124.254 0.000117775
124.269 0.000152278
121.572 0.000154529
125.727 0.000163368
126.243 0.000143901
124.259 0.000151963
162.402 0.000154452
126.093 0.000152526
122.996 0.000151285
125.01 1.74244e-06
124.125 0.000168078
120.324 3.20624e-05
124.066 0.000153721
123.51 0.000149859
127.67 0.000137056
124.053 0.000146099
123.684 0.000149785
119.932 0.00011134
124.666 0.000120071
122.642 0.000147136
126.13 -0.000158751
124.717 0.000155568
131.146 0.000153806
121.873 0.00015871
125.692 0.000155279
123.789 0.0001485
121.105 0.000149454
