154.323 0.000123593
127.493 0.000158222
122.66 0.000137754
152.422 0.000141408
166.461 1.47896e-05
124.148 0.000156414
125.07 0.000130614
143.491 0.000141695
154.675 0.000130099
136.9 0.000153679
146.508 0.000141601
134.771 0.000133592
123.427 0.000115641
156.177 0.000154595
125.046 0.000134338
138.025 0.000142962
124.167 0.000153458
166.064 0.000133743
124.867 2.10755e-05
154.554 0.000147444
124.068 0.000126026
150.625 0.000150183
124.356 0.000134525
135.98 0.000140589
132.983 -0.000148028
122.846 -0.000147071
154.584 0.000140814
131.43 0.000139273
126.083 0.00015556
124.255 6.59562e-05
152.873 7.47202e-05
122.58 0.000143147
124.664 0.000139905
123.172 0.000135518
126.425 6.5411e-05
169.229 0.000138073
124.207 0.000154416
119.714 0.000130906
130.13 0.000139722
125.815 7.88407e-05
124.695 0.000142214
118.777 0.000150367
151.607 0.000152398
127.539 0.000138811
125.882 0.000138057
125.871 0.000135429
167.97 0.000138521
122.376 0.000130397
160.699 0.0001381
124.248 0.000137979
123.922 9.88984e-06
168.106 0.00014705
126.815 0.00013898
125.302 0.000138179
123.685 0.000136775
126.732 0.000132879
122.262 0.000138681
122.832 0.000134589
124.761 0.00014891
168.306 2.69577e-05
167.669 0.000134144
124.17 0.000149575
163.053 0.000138006
124.494 0.000133737
125.78 0.000142061
155.063 0.000141985
150.212 0.000142573
164.591 0.000155457
124.693 0.000151976
142.97 0.000133485
138.732 0.000145495
134.053 0.000132517
125.652 0.000135504
126.031 0.000140949
122.745 0.000156682
164.065 0.000148099
122.511 0.000134976
144.154 0.000148959
126.601 0.000129739
149.706 0.000132827
126.706 0.00013467
146.973 0.000140072
127.063 0.000136252
162.648 0.000139198
135.109 0.000136061
162.017 0.000123598
123.068 0.000138868
152.205 0.000141692
124.467 0.000154639
123.09 0.000154845
146.621 0.000149532
123.685 0.000134668
123.104 0.000159205
119.973 0.00013089
118.754 0.000132616
124.248 0.000136025
143.174 0.000132254
132.212 0.000138985
153.943 0.000135098
156.979 0.000134192
140.099 0.000135252
119.739 0.000133642
120.336 0.000136862
125.902 0.000140491
123.921 0.00015017
122.727 0.000113423
145.149 0.000139181
125.094 0.000137526
124.876 0.000139074
133.588 0.000136152
126.84 0.00014667
125.095 0.000146432
126.411 1.47253e-05
123.417 1.38565e-05
124.366 0.00014181
123.209 0.000134589
130.156 0.000155781
156.293 0.000140916
121.575 0.000148943
132.809 0.000142845
140.607 2.24185e-05
152.343 0.000152421
117.584 0.000154663
127.532 9.67719e-06
124.037 0.000142175
127.291 0.000134267
126.275 0.000143587
157.558 0.000154051
160.471 2.41859e-06
142.814 0.000156543
125.725 0.000151671
148.681 0.000133323
124.364 0.000141245
125.253 0.00013103
123.363 0.000152701
127.024 0.000153028
139.995 4.18471e-05
150.773 0.000131596
131.54 1.44373e-05
137.233 0.000133096
128.233 0.000141734
127.902 0.000154696
123.213 0.000156888
121.328 0.000143091
126.664 0.00015431
124.866 0.000153471
137.073 0.000136363
140.07 0.000126157
126.257 0.000138723
125.203 0.000104415
127.983 0.000146688
125.031 4.04156e-05
133.312 0.000144617
125.074 0.000142763
123.883 0.000137138
124.079 0.00015024
122.734 0.000145618
125.913 0.000127147
163.522 0.000141086
157.753 0.0001349
163.018 0.000139143
134.624 0.000117261
125.735 5.08311e-05
128.484 5.26922e-05
130.961 0.000151137
125.959 0.000141716
125.061 0.000138436
151.178 0.000135712
128.542 0.000139522
121.983 0.000141429
123.678 0.00014784
127.124 0.000136338
121.275 0.000157071
142.581 0.000141097
157.049 0.000136339
117.436 0.00014005
145.389 0.000134655
137.842 0.000138208
124.114 0.000132371
125.683 0.000137939
124.712 0.000149909
122.899 0.000139884
143.486 0.000138219
