126.36 0.000306572
130.46 0.000304
123.376 0.000299183
129.09 0.000339451
128.859 0.000308284
126.28 0.000342355
128.757 0.000306819
161.529 0.000360627
129.752 0.000296481
129.864 0.000297174
132.309 0.00031524
128.641 0.00031088
131.223 0.000323748
133.256 0.000336274
126.784 0.000343891
129.282 0.000334156
130.743 0.000311943
135.305 0.000296227
126.905 0.000329181
126.405 0.000317408
125.368 0.00030521
127.807 0.000305798
129.764 0.000296004
127.819 0.000305251
126.453 0.000306079
125.961 0.000297215
129.437 0.00030517
122.316 0.000319344
127.404 0.00029732
138.384 0.000313703
125.889 0.0003177
126.457 0.000284004
133.938 0.000286266
130.169 0.000302627
131.928 0.000312941
130.166 0.000298747
130.567 0.000234396
119.006 0.000284031
127.165 0.000143687
127.895 0.000326775
165.787 0.000344681
129.506 0.000294261
159.162 0.000351738
130.979 0.000303135
129.555 0.000318717
129.816 0.000274354
129.887 0.000351915
129.713 0.000285034
124.855 0.000309364
127.647 0.000295855
127.907 0.000317396
128.627 0.000309429
131.041 0.000339844
132.547 0.00030925
131.59 0.000342508
128.009 0.000143028
128.821 0.000328173
133.314 0.000306286
131.487 0.000303435
128.284 0.000337412
129.543 0.000300964
126.324 0.000304481
124.676 0.000348588
128.704 0.000200344
126.893 0.000280847
129.617 0.000301934
132.868 0.000296431
128.299 0.000293864
126.386 0.000304778
130.166 0.000310541
126.132 0.000309439
129.652 0.000299134
126.868 0.000295587
131.358 0.000334171
131.897 0.000301604
162.268 0.000328708
132.189 0.000320658
129.25 4.64356e-05
128.775 0.000311411
127.825 0.000302187
125.632 0.000307624
132.311 0.00029584
129.17 0.000172804
129.897 0.000332758
131.755 0.00032886
130.7 8.92619e-06
151.411 0.000276501
130.156 0.00034901
128.629 0.000322632
131.272 0.000348044
129.729 0.000312403
129.411 0.000303411
130.442 0.000306182
129.547 0.000349608
129.806 0.000299584
129.259 8.83178e-05
133.19 0.00023772
127.385 0.000299252
129.277 0.000333447
131.547 0.000282948
133.118 0.000290345
129.729 0.000344879
128.246 0.000343084
128.886 0.000308868
127.567 0.000304123
134.531 0.000298779
127.705 0.000309242
129.894 0.000316036
127.65 0.000306799
129.729 0.000432829
129.83 0.000311082
129.239 0.000303006
130.851 0.000335468
130.032 0.000320738
130.38 0.000296748
122.749 0.000116084
130.595 0.000330357
125.151 0.000302091
125.286 -0.000208733
129.848 0.000340789
128.703 0.000308049
131.457 0.000318893
127.431 0.000303371
131.002 0.000298124
130.125 0.000331805
127.781 0.000348801
126.423 1.26097e-06
127.508 0.00031614
129.939 0.000335399
130.807 0.00029478
130.325 0.000324631
128.515 0.000299925
130.695 3.25548e-05
127.147 0.000311077
129.771 0.000311444
161.332 0.000297938
129.565 0.000316968
131.794 0.000117067
128.151 0.00031317
129.399 0.000259618
129.401 0.000310087
129.809 0.000300791
136.177 0.000293385
143.577 0.000324309
122.767 0.000288415
137.934 0.000281218
127.91 0.000302302
128.704 0.000294138
122.092 0.000242661
123.145 0.000300066
156.916 0.000300522
130.142 0.000323883
137.486 0.000313619
122.554 0.000339705
128.398 0.000287786
116.094 0.00033953
119.691 0.000302984
133.864 0.000313597
128.495 0.000304556
117.168 0.000315807
159.603 0.00034226
126.706 0.0003101
131.934 0.00030105
131.688 0.00030984
125.611 0.00011551
130.704 0.000332172
129.842 0.000338199
153.693 0.000331554
120.228 0.000302707
131.193 0.000305747
129.8 0.000307443
125.43 0.000201052
128.24 0.00030275
117.005 0.000320086
129.038 0.000298425
128.91 0.000304978
128.794 0.000343738
128.684 0.000281095
131.948 0.000325324
151.596 0.00030142
132.434 1.51995e-05
126.908 0.000310765
130.293 0.000303277
128.907 0.000337521
128.528 0.000307011
131.823 0.00029754
122.142 0.000454022
128.044 0.000302127
128.904 0.000280765
129.642 0.000299121
130.089 0.000338072
129.475 0.000298852
130.064 0.000283358
130.063 0.000301675
125.922 0.000314388
147.034 0.000330148
117.646 0.000305425
129.634 0.000309992
129.529 0.000306033
121.946 0.000251485
147.087 0.000306675
130.891 0.000335528
130.077 0.000325182
137.764 2.20105e-05
126.437 0.000317515
127.407 0.000302295
128.667 0.000300542
131.785 0.000355799
125.919 0.000292082
127.768 0.000322996
122.523 0.000300586
122.683 0.000283184
130.073 0.000297446
128.578 0.000315308
165.531 0.000260907
131.137 0.000317798
131.484 0.000347234
122.527 0.000354612
135.502 0.000302172
124.507 0.000321187
148.527 0.000303425
155.216 0.000343284
129.041 0.000321939
129.407 0.000266062
142.62 0.000336338
123.148 0.000304372
129.946 0.000327557
129.398 0.000311857
131.904 0.000298893
129.816 0.000310284
130.402 0.000298031
145.797 0.000288651
124.612 0.000290782
129.932 0.000116937
152.572 0.000294602
161.718 0.000303127
128.969 0.000302401
123.38 0.000303625
129.772 0.000306516
131.183 0.00033031
124.636 0.000142035
121.347 0.000207324
127.521 0.000349324
118.723 0.000114963
127.372 0.00029765
133.258 0.000338596
125.884 0.000311449
127.947 -0.000338142
131.33 0.000308777
132.56 0.000287111
131.647 0.000321537
130.649 -0.000301908
128.218 0.000203236
131.196 0.000216681
126.989 0.000345949
129.663 0.000346818
131.347 0.000298517
133.003 0.000248643
127.345 0.000294539
127.388 0.000312193
130.049 0.000294631
129.559 0.000300905
129.911 0.000234448
129.773 0.00034598
128.585 0.000315136
124.91 0.000286571
130.241 0.000310432
127.585 0.000300049
127.155 0.000328208
144.935 0.000307343
129.013 0.000302631
131.261 3.26863e-05
127.11 0.000305047
129.654 3.23639e-05
133.925 0.000337609
129.686 0.000299538
125.108 0.000306499
129.978 0.000302004
127.949 0.000315924
122.029 0.000328047
129.928 0.000399583
127.603 0.000299893
132.539 0.000313634
134.222 0.000322776
128.854 0.000301659
132.558 0.000299258
127.323 0.000345426
131.129 0.00032948
159.488 0.000294192
