128.78 0.000611027
130.121 0.000592193
133.799 0.000599452
144.532 0.000575577
135.09 0.000395064
119.251 0.000591465
124.468 0.00062134
131.834 0.000580943
132.098 0.000655289
129.601 0.00028053
123.134 -0.00059063
143.715 0.000568178
129.94 -0.00057772
129.316 0.00056403
118.777 0.00063594
126.779 0.000597494
122.184 1.08297e-05
130.83 0.000562054
131.17 8.45694e-05
129.578 0.000170268
130.595 0.000590461
129.716 0.000595254
125.717 0.000587261
128.65 -0.0004393
125.469 0.000599221
122.591 0.000663063
126.419 0.000546807
129.269 0.000168101
125.216 0.000595029
136.551 0.000606858
129.064 0.000496583
128.951 0.00044583
132.263 0.000552807
128.635 0.000548268
115.378 0.000633629
135.338 0.000413036
128.792 0.00057268
121.945 0.000649485
128.103 0.000606524
131.126 0.000653565
126.569 0.000124975
128.842 0.000589309
134.652 0.000664276
129.865 0.000635208
122.156 1.09756e-05
128.228 0.000609897
155.918 0.000615875
130.65 0.00054382
129.061 0.000443743
128.907 0.000573543
128.233 0.000548388
129.675 0.000624012
129.805 0.000569218
119.647 0.000594318
124.969 0.000118273
115.148 0.000646032
143.622 0.000571102
126.767 0.00056337
131.813 0.000649726
119.717 0.000590857
122.231 0.000597475
120.51 0.000564772
137.382 0.000646804
129.619 0.000584874
128.556 0.00057291
118.051 0.000585802
125.82 0.000594398
152.15 0.000606009
128.41 0.000389251
130.995 0.00057507
117.63 6.11396e-05
122.223 0.000218245
134.619 0.000587168
126.811 0.000566791
130.544 -0.000570851
163.189 0.000635597
121.373 0.000615215
130.677 0.000568071
129.677 0.000588202
130.551 0.000618112
123.22 0.000624157
132.153 0.000568336
130.457 0.000521312
128.074 0.000477729
123.445 0.000602414
128.466 0.000584056
129.88 0.000649677
131.897 0.000600369
119.715 0.000599176
133.352 0.000574287
125.011 0.00056974
128.426 0.000662967
127.872 0.000634138
132.313 0.000460613
125.595 0.000578735
128.263 0.00057268
136.265 0.000568554
130.384 0.000633789
132.967 0.0005399
129.693 0.000553429
117.778 0.000561827
123.697 0.000218392
133.386 0.000607662
131.197 0.000590107
126.963 0.000591433
131.334 0.000632022
135.85 0.000538726
126.292 0.00056285
127.139 0.000649208
129.453 0.000591903
128.356 0.000647933
116.009 0.000619203
128.343 0.000664665
132.138 0.000612525
115.871 0.000636694
120.54 0.00052998
129.404 0.000607524
131.313 0.0005745
121.53 0.000591271
131.794 0.000693319
129.059 0.000580377
125.538 0.000622725
131.206 0.000619738
130.592 0.000597105
128.383 0.00063351
125.243 0.000626064
138.413 0.000582211
128.426 0.000631761
119.742 0.000543815
150.364 0.000550918
129.381 0.000617976
155.276 0.000522947
133.456 0.000611581
128.796 0.000531588
129.67 0.000604575
132.608 0.000629796
120.803 0.000636247
141.038 0.000647861
150.524 0.000397509
128.057 2.52881e-06
130.491 -8.68062e-05
149.482 -0.000579202
127.676 0.000602353
149.271 0.000587751
131.366 0.000623159
129.772 8.96265e-05
131.42 0.000635261
156.45 0.000123278
130.67 0.000595383
154.272 0.000587095
130.621 0.000585863
130.874 0.000569112
130.055 0.000576355
139.472 0.000523197
127.038 2.77146e-05
132.877 0.000644317
130.801 1.11801e-05
130.158 0.000599005
130.303 0.000568173
128.64 0.000604025
130.642 0.000123652
137.502 0.000642065
130.9 0.000594613
116.671 0.000569831
121.582 0.000586588
137.967 0.000597982
130.644 0.000578685
127.83 0.000576641
132.961 0.000582322
132.57 0.000588241
128.044 0.000582308
127.446 0.000583214
115.917 0.00058239
121.542 0.000613012
117.953 0.000582226
129.818 0.000642667
150.868 0.000597009
