124.364 9.78545e-05
125.183 2.1692e-05
123.974 0.000102836
127.461 9.71414e-05
123.204 9.9539e-05
122.853 0.00010343
124.491 9.11565e-05
125.977 9.81156e-05
123.593 0.000101246
123.204 0.00011388
123.577 0.000112882
124.89 7.63619e-05
122.043 0.00010347
126.501 9.6822e-05
125.661 0.000100018
117.128 0.000100002
125.22 6.57036e-05
118.336 9.87152e-05
124.542 9.79577e-05
124.752 3.75632e-05
125.06 5.33174e-05
119.648 3.04461e-06
124.267 9.69867e-05
124.186 9.20368e-05
127.122 0.000101094
121.325 7.06908e-06
124.291 4.69147e-05
125.542 2.92391e-05
125.178 0.000103679
124.435 0.000110392
119.971 9.85012e-05
123.294 0.000112462
124.235 2.92422e-06
124.643 9.61796e-05
124.611 0.000101054
121.86 9.68517e-05
126.166 9.6799e-05
123.714 0.000102742
126.363 0.000101451
120.512 9.67337e-05
127.256 0.00010338
127.247 9.87127e-05
123.554 9.74575e-05
125.278 0.000108456
123.43 9.85319e-05
125.349 0.000109991
126.036 9.91084e-05
127.013 9.47473e-05
118.879 9.47354e-05
122.459 0.000101952
125.323 9.66492e-05
121.84 2.90592e-05
124.201 0.000112976
121.078 9.83807e-05
123.71 9.66608e-05
124.93 9.86838e-05
122.703 9.95575e-05
128.03 1.04366e-05
122.702 9.73165e-05
128.773 4.70624e-05
126.546 9.7407e-05
124.531 9.84178e-05
122.874 0.000105328
124.306 0.000101188
124.646 0.000100433
120.674 9.99142e-05
124.995 0.000111777
124.597 9.66875e-05
123.616 1.52598e-05
125.781 0.000106409
125.628 0.000101131
123.216 9.77089e-05
125.326 0.00010764
125.751 0.000102692
126.019 9.99455e-05
125.978 0.00010832
124.852 0.000109354
123.205 0.000111228
120.159 9.87745e-05
123.518 9.97315e-05
124.106 0.000104249
123.014 9.71378e-05
121.96 0.000111002
122.62 0.000104615
123.78 0.000112561
121.928 0.00011561
126.511 9.92008e-05
124.89 0.000111813
119.154 0.000111017
120.909 9.97929e-05
122.138 0.000102385
123.31 5.52188e-05
125.199 9.77306e-05
124.101 0.000109984
125.565 0.000102526
124.215 3.03243e-06
124.469 9.88949e-05
121.468 9.89436e-05
124.9 9.28275e-05
125.281 0.000113399
124.369 9.83097e-05
125.679 9.9316e-05
124.529 0.000113976
125.158 9.888e-05
124.505 0.00011018
124.382 9.74398e-05
126.48 0.000107315
120.872 1.54473e-05
125.526 0.000108347
123.077 0.000114221
126.377 9.68445e-05
124.675 9.83919e-05
126.186 9.81321e-05
123.954 0.000100681
122.683 0.000110902
125.676 0.000103732
125.575 0.000100263
121.432 9.48421e-05
125.662 0.000112177
124.533 0.000100686
124.132 0.000100523
122.732 0.000109587
124.815 0.000105964
126.892 0.00010465
124.32 0.000109975
123.287 9.91577e-05
125.536 9.68786e-05
121.596 9.98864e-05
123.834 0.000100509
125.552 6.72333e-05
125.322 7.68432e-05
121.015 0.00010683
127.067 3.8497e-05
116.882 9.77357e-05
125.064 0.000110812
119.725 0.000102334
123.767 9.74811e-05
125.3 9.68857e-05
124.584 9.9433e-05
124.372 0.000107872
124.727 0.000101072
125.016 9.66226e-05
129.996 0.000113647
122.654 0.000110769
124.482 0.000100574
123.89 0.000102385
123.3 9.85579e-05
126.25 0.000101145
118.923 5.03825e-06
124.812 9.68588e-05
123.481 9.55774e-05
123.197 9.99663e-05
124.534 9.55318e-05
124.568 9.88582e-05
126.277 0.000113587
125.121 0.000103997
124.608 3.72362e-05
124.641 0.000110836
126.47 0.000111427
126.386 0.000106646
118.842 0.000110806
123.239 0.000102612
125.123 0.00011092
125.166 9.88155e-05
121.167 9.82126e-05
123.882 0.000114661
118.495 0.000100696
126.73 0.000107854
122.692 9.81083e-05
128.824 1.51252e-05
122.147 9.73438e-05
126.246 0.000102109
128.268 9.81284e-05
122.688 0.000108448
123.939 9.58447e-05
124.533 9.92874e-05
123.262 9.94613e-05
125.284 5.7207e-05
126.711 9.95392e-05
126.236 0.000104347
123.874 0.000113552
125.451 9.83303e-05
120.541 9.68514e-05
126.579 0.000110718
117.094 0.000110019
124.731 0.000106156
124.833 4.87209e-05
122.083 9.65944e-05
124.81 9.82026e-05
123.574 5.62597e-05
124.925 0.000104581
123.074 6.62028e-05
125.182 0.000101302
122.769 9.63953e-05
124.407 9.75146e-05
125.311 0.000100367
120.415 9.82197e-05
125.209 1.14632e-06
126.206 9.73732e-05
125.741 9.77371e-05
123.272 9.77617e-05
121.584 9.90115e-05
125.153 9.13348e-05
123.013 0.000104939
124.047 0.000103729
125.22 0.000101193
125.609 0.00010123
125.469 9.93854e-05
124.481 9.0695e-05
124.465 9.96689e-05
126.496 1.08956e-05
125.575 9.77336e-05
124.148 0.000104056
126.012 0.000109588
125.68 0.000102145
124.54 9.72365e-05
124.521 0.000100204
124.407 1.55912e-05
123.861 8.93271e-05
125.625 0.000108751
124.69 9.14034e-05
127.2 5.81735e-05
124.253 0.000112765
120.651 0.000101826
123.87 9.97997e-05
126.372 3.73747e-05
123.133 0.000110062
124.184 9.8332e-05
126.968 0.000102793
124.803 9.65965e-05
123.933 9.6612e-05
118.599 9.13314e-05
123.859 0.000101271
125.179 2.84621e-05
122.885 0.000101832
127.355 9.98625e-05
124.849 0.000113923
120.983 9.56092e-05
123.741 0.000101087
126.034 0.000100503
123.478 0.00010518
118.887 9.25446e-05
127.007 0.000100508
115.863 0.000102131
122.755 0.000104905
127.043 9.85555e-05
127.358 7.71508e-05
126.034 0.000100702
126.007 9.81414e-05
122.893 9.81183e-05
124.456 0.00010369
123.817 0.000100703
123.552 9.98873e-05
122.344 2.95019e-06
125.528 0.000114165
121.783 0.000108517
121.134 9.21551e-05
115.233 9.73596e-05
125.502 0.000103711
123.816 0.000101147
124.099 0.000109069
125.875 9.14877e-05
124.103 9.7038e-05
126.652 0.000111317
124.708 0.000106918
124.841 0.000112153
127.351 7.88355e-05
123.769 9.93098e-05
134.369 9.43035e-05
124.947 0.000104303
123.665 0.000103373
122.275 0.000100613
125.78 0.000100626
125.14 9.66455e-05
124.734 9.73516e-05
125.57 9.34401e-05
124.388 2.93149e-06
123.866 0.000102409
124.921 9.1408e-05
119.718 9.97073e-05
125.374 0.000103187
121.852 9.65445e-05
124.564 3.69986e-05
125.546 9.67771e-05
124.922 0.00010144
124.048 0.000116233
126.526 0.000104375
126.645 9.86845e-05
125.294 0.00011077
124.998 0.000106139
125.815 0.000103763
126.533 0.000102842
123.301 9.99613e-05
120.288 0.000107972
127.9 0.000103618
121.376 3.8731e-05
121.674 9.66826e-05
123.253 9.74403e-05
126.024 0.000102537
125.97 9.60796e-05
125.438 1.14038e-06
124.95 0.00010965
125.747 9.7863e-05
122.983 9.18616e-05
127.294 0.000102261
123.773 0.000114142
124.077 9.72447e-05
120.905 9.91698e-05
126.351 4.74794e-06
124.286 6.66058e-05
126.323 9.9259e-05
125.806 8.78051e-05
124.71 0.000101731
126.661 9.7891e-05
124.691 8.36519e-05
125.612 9.40048e-05
122.824 9.7195e-05
124.962 9.73824e-05
124.204 0.000112671
121.217 9.5059e-05
125.209 0.000100509
128.832 9.61599e-05
122.463 9.58909e-05
124.311 9.85592e-05
124.553 9.74225e-05
121.786 0.000112338
126.944 0.000101109
123.524 9.50958e-05
126.038 0.000104666
124.338 0.000102351
119.834 0.000105892
122.199 9.67055e-05
118.661 0.000104534
124.953 9.78725e-05
124.268 7.61774e-05
123.254 0.000100095
126.625 0.000101887
126.792 8.26765e-05
124.98 9.72754e-05
123.437 6.61733e-05
124.65 6.72543e-07
123.269 0.000109719
123.93 0.000103683
126.377 0.000104645
124.007 0.000102581
124.1 0.000102897
123.639 9.56221e-05
123.762 9.96177e-05
122.083 0.000100159
125.037 0.000100028
126.923 0.000102607
123.538 9.68318e-05
122.286 0.000103305
124.889 0.000101813
123.348 9.68564e-05
126.962 0.000104356
123.806 1.56269e-05
126.065 9.86895e-05
124.947 0.000103017
125.177 0.000109629
125.155 0.000101333
124.28 0.000110613
125.011 0.000108623
128.049 0.000103589
127.097 9.36081e-05
118.798 0.000100606
123.607 9.50889e-05
122.998 0.000100406
119.455 9.82874e-05
124.751 9.80115e-05
123.123 0.000102541
124.599 1.10878e-05
120.392 0.000106422
124.811 2.11193e-05
124.521 0.000115474
123.089 0.00011001
126.163 9.7891e-05
126.21 0.000110092
126.453 0.000101688
123.845 0.000110721
122.487 8.31904e-05
122.083 9.78946e-05
123.846 8.92636e-05
125.606 9.66604e-05
115.779 0.000100168
123.001 0.000102095
123.599 0.000110694
125.687 9.94445e-05
126.601 9.88117e-05
122.458 0.000108576
125.407 0.000105146
126.045 9.87074e-05
125.179 0.000100637
121.231 0.00010852
127.965 7.52564e-05
124.077 1.88542e-06
125.252 9.38232e-05
126.327 9.67545e-05
127.022 9.72947e-05
125.015 9.53412e-05
125.521 0.000103367
124.268 5.67845e-05
125.984 2.13361e-05
124.095 9.6363e-05
122.744 0.000101201
126.079 9.72452e-05
125.536 7.58656e-05
124.145 9.1146e-05
128.151 0.000111018
125.216 9.7708e-05
125.942 0.000111526
123.674 2.0869e-05
127.421 3.58887e-05
120.053 9.85594e-05
125.426 9.82268e-05
125.735 0.000101853
123.606 2.11451e-05
124.876 0.00010573
126.838 0.000103765
118.563 9.99414e-05
123.642 9.95497e-05
125.78 6.75792e-05
117.251 0.000111027
124.807 0.000100361
126.309 9.90609e-05
122.299 9.64711e-05
123.505 0.000107739
123.786 0.000114309
122.295 9.93889e-05
122.039 0.00010712
125.201 8.42206e-05
124.624 5.79922e-05
126.701 0.000100931
121.842 0.000101407
121.627 0.000111648
126.63 0.00010051
125.893 0.000108234
121.368 9.78918e-05
128.144 8.5503e-05
126.89 0.000100495
125.475 0.000109275
123.019 8.74689e-05
126.372 0.000107023
125.406 0.000103108
123.747 9.86822e-05
125.628 7.50263e-05
124.116 9.87439e-05
124.306 9.77047e-05
125.058 0.000103033
125.719 9.65407e-05
125.427 0.00010718
123.968 9.70437e-05
124.56 9.54485e-05
123.596 0.000104677
124.728 0.00010256
129.622 0.000100874
122.808 0.000113576
121.89 6.60741e-05
125.295 4.75014e-06
125.742 9.82601e-05
121.428 9.84355e-05
124.124 0.000104168
127.392 0.000104854
123.675 9.48308e-05
121.901 0.000103412
129.758 9.76418e-05
125.216 0.000101208
130.358 9.41336e-05
116.624 9.88593e-05
120.388 0.000109257
123.76 8.96278e-05
126.481 0.000101375
126.296 0.000102359
124.844 9.45384e-05
125.04 9.93895e-05
124.689 9.86762e-05
124.405 0.0001136
125.579 0.000100222
126.71 0.000111284
123.923 9.36798e-05
122.343 6.71513e-05
125.388 1.51606e-05
122.373 0.000102903
123.99 0.000101292
124.086 0.000107972
120.029 0.00011029
124.793 0.000112487
124.615 9.99359e-05
127.885 0.000107712
125.041 0.000114319
124.77 0.00010278
124.428 9.86296e-05
127.887 9.04903e-05
124.632 9.77082e-05
124.762 9.72704e-05
126.865 0.000102272
126.457 4.65263e-05
125.793 0.000111711
121.857 7.55268e-05
116.765 0.000101621
124.672 9.79848e-05
125.839 0.000101748
123.711 0.0001115
125.422 9.61295e-05
117.627 0.000109322
124.456 0.00010119
123.817 0.000113254
123.645 0.000108781
129.373 9.75264e-05
124.815 9.53749e-05
120.364 9.54946e-05
119.968 0.00010225
121.197 0.000106442
123.341 1.044e-05
120.355 0.000110934
123.254 0.00010267
127.385 6.80334e-05
124.586 3.76419e-05
125.492 0.000108029
122.265 9.97998e-05
125.157 9.75399e-05
122.552 9.29432e-05
125.338 0.000100875
121.497 9.13599e-05
122.389 0.000103542
123.368 0.000111002
122.964 9.99667e-05
125.976 0.000104744
125.744 9.4423e-05
121.565 6.6373e-05
124.783 9.66402e-05
125.883 5.5828e-05
124.489 9.77385e-05
127.216 9.98338e-05
125.929 9.97603e-05
124.995 0.000101575
126.762 7.16905e-05
125.44 0.000104101
125.382 0.000111086
118.624 9.83551e-05
125.472 0.000104584
128.653 4.82848e-05
128.129 5.7483e-05
124.942 9.89586e-05
124.857 9.92737e-05
125.224 9.70781e-05
119.876 9.53073e-05
123.378 9.84436e-05
126.171 9.94452e-05
117.382 8.38355e-05
125.27 0.000114077
122.265 0.000110046
132.874 5.62614e-05
127.606 9.9401e-05
123.899 9.84251e-05
122.012 9.94438e-05
124.105 0.000116402
124.234 4.62467e-05
122.619 0.000101778
125.506 9.93392e-05
125.168 9.61033e-05
125.491 9.88215e-05
124.063 0.000103177
125.417 9.9646e-05
127.324 0.000100355
123.045 0.000101815
125.662 5.77794e-05
119.428 0.000100018
121.348 0.000102262
126.156 9.592e-05
123.6 7.72064e-05
125.67 9.87141e-05
125.578 0.000113176
121.032 0.00010661
118.83 9.73828e-05
124.187 9.62439e-05
122.377 0.00010554
126.547 0.000104981
125.866 0.00011109
115.201 0.000111484
126.067 0.000101688
125.215 9.70742e-05
125.85 7.60613e-05
126.14 0.000111277
122.713 9.70554e-05
125.858 9.81369e-05
124.198 9.07877e-05
121.936 0.000103764
125.328 9.72596e-05
124.637 0.000110716
126.237 3.71507e-05
124.966 9.73263e-05
123.658 0.000101186
123.573 9.92867e-05
123.872 9.8586e-05
123.773 9.95254e-05
123.866 0.000101044
125.851 4.69785e-06
124.319 0.000110762
127.131 4.69658e-06
126.012 9.67548e-05
124.578 9.55097e-05
123.997 0.000107201
124.442 7.34574e-06
123.326 9.74291e-05
123.8 8.42352e-05
126.892 0.000113285
126.069 0.000103788
121.767 9.46257e-05
125.778 0.000110363
125.173 0.000112454
119.431 0.000109466
126.614 0.000116515
124.061 0.000117379
126.329 9.91119e-05
123.014 0.000111821
124.07 9.18774e-05
126.854 9.71711e-05
119.021 3.0108e-06
124.67 0.000110423
126.436 9.89023e-05
125.876 0.000102089
127.331 0.000114371
127.5 0.000100193
124.026 9.86108e-05
122.659 2.95504e-05
123.874 0.000100368
125.116 9.67227e-05
122.092 9.96702e-05
123.233 3.08567e-06
125.235 0.000101894
125.071 0.000110222
125.63 0.000103308
126.537 0.000100606
125.456 9.60879e-05
124.664 0.000101034
124.68 4.17331e-07
125.974 0.000100681
124.896 9.73293e-05
122.697 0.000100863
125.084 0.000101948
125.226 9.90736e-05
124.053 7.8001e-05
126.376 0.000101447
121.993 0.000103354
125.016 0.000102453
126.149 1.05316e-05
126.973 6.88934e-08
125.792 0.000111025
124.66 0.000100692
122.79 9.86497e-05
124.942 0.000102315
127.933 9.96037e-05
123.85 2.12017e-05
125.175 0.000104977
122.629 0.000100664
121.7 0.000100218
125.767 0.000106413
127.657 9.85695e-05
118.333 6.27061e-08
125.101 9.66425e-05
124.232 0.000100045
123.822 9.86327e-05
124.458 8.52855e-05
126.591 9.88443e-05
117.947 0.000109941
125.056 0.000104375
124.714 9.79482e-05
123.347 0.000101481
122.786 9.89562e-05
125.66 9.87216e-05
124.431 9.8346e-05
125.506 0.000101301
123.433 0.000111245
127.115 9.65536e-05
125.069 0.000100705
123.252 9.73832e-05
123.512 0.000102244
125.704 7.31648e-06
126.282 9.85624e-05
126.208 9.6339e-05
120.619 9.9778e-05
123.63 0.000109631
126.82 0.000105964
123.995 9.66859e-05
123.956 9.66254e-05
128.061 0.000102781
121.611 0.000110929
124.012 0.000107259
123.76 0.000100275
124.941 9.94075e-05
125.409 2.95112e-05
125.122 0.000106001
124.906 0.000114287
122.827 4.32109e-07
122.555 9.42259e-05
124.216 6.79887e-05
126.487 9.73524e-05
128.588 9.85223e-05
126.019 4.74169e-05
122.932 0.000101467
121.694 9.41191e-05
126.428 4.03909e-07
125.371 0.000100555
124.367 0.000111789
124.986 0.000106846
120.418 9.66692e-05
123.717 9.71514e-05
124.774 0.000100041
124.627 8.91067e-05
123.178 9.9212e-05
125.189 6.77557e-07
119.961 3.77738e-05
121.513 9.02049e-05
127.616 6.54602e-05
126.528 4.76487e-05
124.416 6.61104e-05
125.51 9.72769e-05
120.157 0.000114391
126.65 0.000103168
125.969 6.81638e-05
125.035 0.000107032
125.031 9.76195e-05
122.735 0.000100501
125.188 0.000103202
126.21 9.69645e-05
124.438 9.33985e-05
119.906 9.75397e-05
125.706 6.78928e-05
124.977 9.79182e-05
125.653 9.5596e-05
124.607 0.000104897
126.272 9.33498e-05
127.876 0.000111656
116.12 9.8178e-05
127.422 9.56823e-05
124.209 0.000110061
125.999 1.40595e-05
129.492 9.58341e-05
119.931 0.000111996
123.144 0.000104056
123.656 4.65001e-05
125.158 0.000108012
123.185 0.000100883
123.326 9.69615e-05
124.452 8.72767e-05
121.139 8.91439e-05
124.951 0.000101434
125.867 9.98181e-05
124.867 9.97405e-05
126.968 0.000104817
121.265 0.000102165
127.758 0.000112825
124.525 9.73205e-05
122.844 0.000111364
123.639 9.54961e-05
125.361 7.06925e-06
124.669 9.91432e-05
125.79 9.20631e-05
127.819 0.000113424
120.006 0.000106942
123.995 0.000111666
124.553 0.000107484
124.666 9.6807e-05
125.657 0.000102388
126.462 9.91521e-05
122.503 9.90905e-05
123.781 0.000107101
125.047 0.000110223
126.568 9.36148e-05
125.923 9.96047e-05
127.889 6.5087e-08
125.464 9.84293e-05
125.328 9.97958e-05
124.788 8.44887e-05
119.895 0.000110467
119.04 0.00010205
124.269 0.000102644
126.514 9.62047e-05
124.769 9.85613e-05
123.302 0.00011198
125.478 8.66613e-05
123.757 9.90799e-05
125.401 0.000112023
125.359 9.92453e-05
125.939 0.000103219
120.122 9.92479e-06
116.191 0.000101057
124.297 0.000100489
124.145 0.000107648
125.883 5.58343e-05
126.98 6.57255e-05
122.494 0.00011336
126.313 9.67535e-05
124.183 0.000101875
124.602 0.000100514
123.896 9.62629e-05
124.622 5.6856e-05
126.04 0.000108877
124.943 0.000112553
124.38 9.87665e-05
121.532 9.68363e-05
125.972 0.000102576
124.039 0.000104939
119.465 7.54065e-05
124.174 9.71722e-05
125.175 0.000100545
125.123 0.000100103
119.605 0.000101256
125.284 9.64064e-05
124.751 2.43898e-07
124.636 0.000106915
118.906 9.72215e-05
125.074 9.76021e-05
127.407 0.000101968
124.553 9.93808e-05
120.957 0.000110835
123.242 6.71427e-05
121.642 9.84723e-05
123.859 8.57233e-05
125.322 0.000101393
125.193 0.000111642
123.315 9.98678e-05
125.227 9.71139e-05
127.119 9.45077e-05
123.863 0.000113385
123.35 9.6618e-05
123.552 0.000108812
125.195 0.000104056
125.757 0.000106674
126.131 0.000102401
125.962 0.000102992
125.061 0.000110903
124.333 0.000101804
125.788 9.87837e-05
124.521 3.78213e-05
124.322 0.000111481
127.183 0.000110098
123.875 8.18422e-05
124.726 0.000110998
125.908 0.000111896
130.152 0.000104098
126.583 9.89672e-05
127.195 2.95013e-05
123.783 0.000101846
123.018 0.000102261
125.911 9.706e-05
124.245 9.97663e-05
124.862 0.000111907
126.005 0.000102262
126.363 0.000107304
118.75 9.79995e-05
124.538 9.98121e-05
125.436 0.000100705
123.933 9.84471e-05
121.186 0.000110972
126.564 0.000100344
121.139 9.25723e-05
129.291 9.73166e-05
127.748 9.74202e-05
125.492 0.000100583
123.527 9.97862e-05
124.248 9.63327e-05
124.364 5.69505e-05
120.028 9.64231e-05
124.99 9.75646e-05
124.528 9.92239e-05
125.007 0.000111199
125.312 9.81528e-05
124.96 0.000105892
123.923 0.000103778
119.047 9.50069e-05
125.647 0.000112352
124.842 0.000103626
123.078 9.70965e-05
118.027 9.76064e-05
124.973 8.93891e-05
124.805 9.65167e-05
124.963 0.000106431
124.226 0.000110163
123.32 0.000103153
125.24 9.91651e-05
125.323 0.000111904
124.976 1.07505e-05
123.518 9.77811e-05
124.417 9.97955e-05
121.818 9.87108e-05
117.222 0.000102105
123.568 0.000103412
125.351 0.000104717
123.775 0.000101409
124.652 9.61557e-05
126.111 0.000113084
123.592 0.000111273
125.624 9.65683e-05
124.618 0.000101363
125.769 0.000102238
125.496 2.09857e-05
127.24 0.000103179
125.97 0.000106169
118.898 0.000103373
124.682 0.000102339
123.548 2.7068e-05
124.46 9.88613e-05
123.306 0.000113708
122.664 5.33797e-05
124.25 4.31891e-05
123.175 0.000111343
121.217 7.11022e-05
123.781 0.000101617
125.207 0.00010192
120.45 0.000112491
125.871 9.82158e-05
125.036 0.000108006
123.585 9.99144e-05
125.232 6.59021e-05
125.507 0.000111431
127.328 4.23245e-07
127.417 9.83882e-05
124.246 0.000101969
119.864 9.64361e-05
127.912 6.29209e-07
123.584 0.000100977
126.028 9.76304e-05
121.858 0.000101862
124.457 0.000108625
128.758 3.95056e-05
123.963 9.87116e-05
126.894 0.000100846
123.266 0.000112359
123.864 9.92087e-05
125.28 0.000102068
124.288 9.59562e-05
123.942 0.000108924
120.939 0.000110917
126.871 0.000110938
125.203 9.99047e-05
120.303 0.000115233
122.748 9.83141e-05
125.423 9.88814e-05
122.812 9.72026e-05
125.658 7.50301e-05
126.5 7.5967e-05
124.281 0.000101429
127.058 2.91457e-05
123.506 0.000106964
123.767 0.000100246
120.118 9.88732e-05
125.174 9.55449e-05
125.628 0.000103818
126.358 0.000115671
125.589 0.000112365
126.73 9.124e-05
124.754 0.000102687
125.222 0.000100374
126.08 0.000109847
125.794 8.8094e-05
126.887 9.81495e-05
129.957 1.78914e-06
126.104 0.000103651
123.08 0.000108713
