120.612 0.000266064
118.702 0.000100796
119.394 0.00026329
118.964 0.000266973
119.543 0.000263968
119.811 0.000121309
118.621 0.000262626
120.811 5.59357e-05
122.179 0.000271479
119.161 2.84751e-06
119.562 0.000282845
120.169 0.000261527
116.442 0.000255296
117.999 2.81608e-05
122.865 0.000301328
119.704 0.000175677
118.349 0.00028263
119.456 0.000237829
120.615 0.0002643
120.377 0.000250149
122.498 0.00023943
118.095 0.00025854
120.185 0.000246171
120.618 0.000214239
119.903 0.000250201
120.812 0.000281197
117.924 0.000264954
117.138 0.000296824
118.706 0.000264501
120.874 2.91753e-05
119.833 0.000292278
115.57 4.74321e-06
119.517 0.000298555
119.807 0.000202702
117.612 0.000292493
118.357 0.000242387
118.397 0.000248028
121.067 0.000260114
120.962 7.25195e-06
120.415 0.000253441
118.767 1.08662e-06
119.757 0.000263706
121.704 0.000298677
119.817 0.000218219
119.983 0.000259218
119.975 0.000261978
123.385 0.000227684
120.144 0.000251509
121.594 0.000272184
118.891 0.000236402
119.555 0.000259902
120.378 0.000282547
119.408 0.000288111
117.388 3.97652e-05
118.423 0.000288558
119.008 0.0002649
119.989 0.000251613
121.572 0.000287934
119.484 0.000279816
116.842 0.000257135
120.551 0.000266281
119.379 0.000259792
116.718 0.000283171
118.375 0.000284246
116.941 0.000293654
120.358 0.000261085
120.804 0.000303591
118.341 0.000265419
119.176 0.000106843
121.169 0.000219071
121.395 0.000253967
122.145 0.000266907
123.498 0.000261047
121.3 0.00020312
120.615 0.000252687
120.93 0.000288298
119.278 0.000259997
120.085 0.00027558
120.442 0.000243669
119.02 0.000267084
118.509 0.000270034
119.11 0.000265678
118.865 0.000224026
121.539 0.000218608
117.263 0.000253268
122.215 0.000259987
119.092 0.000266672
139.613 0.000242801
119.872 0.0002502
117.307 0.000231376
120.605 -0.00036586
118.506 0.000392349
120.392 0.000436831
119.74 0.000389981
117.332 0.000378005
118.56 -0.000387359
115.239 0.000356951
120.582 0.000375413
117.729 0.000259005
124.691 0.000373417
120.456 0.000420938
121.239 0.000400262
119.157 0.000390653
119.586 -0.000388176
123.418 0.000431956
116.078 0.000379392
119.044 0.000370849
117.582 0.000430345
117.198 0.000373526
119.427 0.000376463
120.181 0.000350956
121.214 0.000352487
117.51 -0.000402205
117.914 0.000386842
118.997 0.000413178
118.275 0.000372252
130.943 0.000362633
119.656 0.000370297
122.105 0.00036164
117.789 0.000334154
127.983 0.000420682
119.366 0.00037137
119.093 0.000378924
120.079 0.000378313
120.247 0.000442871
121.932 0.000384915
123.025 0.000388611
121.381 0.00043342
116.5 0.000367636
118.364 0.000410538
115.17 0.000364024
118.804 0.000374706
119.241 0.000380582
121.066 0.000415135
116.156 0.000404145
121.15 0.000427483
120.933 0.000368191
121.691 0.000373086
116.292 0.000378514
116.21 0.000385821
118.427 0.000373618
120.526 0.000387847
120.598 5.79289e-05
125.972 0.000339756
118.885 0.000344886
119.591 0.000401243
119.089 0.000404371
118.701 0.000381035
119.475 0.000406171
120.737 0.000395232
119.545 0.000397291
118.9 0.000382071
117.018 0.000401889
119.362 0.000396776
119.004 0.000368667
117.984 0.000391983
121.537 0.00040302
116.789 0.000396032
121.919 0.000379513
117.731 0.000178824
120.68 0.000181115
116.167 0.000421769
119.354 0.000383021
118.895 0.000377511
118.95 0.000419112
119.332 0.000405889
122.969 0.000376704
118.507 0.000397723
122.228 0.000352383
119.2 0.000389208
119.563 0.00037832
119.788 0.000394089
118.794 0.00035735
118.675 0.000399807
117.473 0.000383703
119.872 0.000428526
118.743 8.13929e-05
119.309 0.000355645
120.8 0.00044312
120.047 0.000386868
119.428 0.000359926
120.153 0.000362844
121.261 0.000403972
116.944 -0.000249965
120.141 0.000406688
118.407 0.000397245
117.257 0.00040704
118.861 0.000384485
116.568 0.000398406
121.529 0.000350081
120.218 0.000373654
118.568 0.000142741
119.717 0.000424234
120.574 0.000384504
