119.909 0.000414035
120.838 0.0003675
126.173 0.000431821
120.045 0.000397656
118.364 6.74241e-06
142.072 0.000389025
119.591 0.000379416
119.426 0.000409653
118.501 0.000367888
118.777 0.000436809
119.026 0.000372219
120.41 0.000150751
120.648 6.3999e-05
119.602 0.000397673
118.428 0.000390655
120.624 4.1459e-05
119.474 0.000462054
120.523 0.000402879
121.579 0.000403043
120.916 0.000456969
117.945 -0.00015285
119.724 0.000182771
119.406 0.000387551
120.747 0.000386886
117.792 0.00036335
120.215 0.000437134
120.789 0.00041977
120.761 0.000404285
117.358 0.000389979
120.386 0.00041762
118.133 0.000407487
118.328 0.000346846
120.229 0.000389978
119.034 0.000363005
119.079 0.000311473
116.569 0.000275147
117.507 0.000411531
121.975 0.000329572
128.371 9.83761e-07
120.331 0.000335119
139.514 0.000401972
128.141 0.000404387
118.346 0.000418331
117.841 0.000410829
120.202 0.000458328
121.074 0.000410854
119.825 0.000402276
119.016 0.000413962
117.054 0.000406184
130.345 0.000383052
120.322 0.000448863
126.419 0.000427963
121.807 0.000230952
118.162 0.00043164
121.363 0.000420602
120.838 0.000429678
119.77 0.000356355
129.586 0.00015181
129.87 0.000455554
124.195 0.000387252
118.137 0.000383817
120.321 0.000389462
120.276 0.00040138
118.742 6.12122e-05
148.064 0.000392134
118.511 0.00039799
120.279 0.000388466
119.53 0.000385509
122.759 0.000405723
137.912 0.000389742
119.939 0.000400305
124.388 1.11429e-05
122.697 0.000383303
122.042 0.000396861
118.908 0.000454974
119.747 0.000399639
129.978 0.000437649
119.361 0.000364831
118.584 0.000430118
120.246 0.000439596
116.264 0.000406078
148.64 4.61304e-06
118.571 2.69898e-06
125.316 0.000374176
118.642 0.000416501
118.719 0.000395496
120.011 0.000399026
141.592 0.000417358
117.162 0.000399912
120.326 0.000393634
119.913 0.000187784
117.948 0.00039499
120.369 0.000437331
120.492 0.000391904
119.449 0.00023413
123.438 0.000362948
120.671 0.000364948
122.87 0.000389666
117.889 0.000443172
119.486 0.000416358
146.31 0.000388913
121.874 0.000416546
146.86 0.000151119
120.638 4.26146e-05
120.004 0.000392055
119.02 0.000396392
120.882 0.000421561
121.855 0.000324432
120.105 0.000224563
119.007 0.000384829
116.838 0.000401864
124.158 0.000387563
120.509 0.000397105
122.455 0.000393878
118.328 0.000404987
120.625 0.000398977
118.333 0.000414741
121.361 0.000390492
121.333 0.000385448
120.796 0.000421821
119.064 0.000403824
122.552 0.000433835
126.405 0.00037207
119.725 0.000395516
119.625 0.000399693
128.579 0.000412804
120.856 0.000414598
120.746 0.000116063
120.145 0.000398139
138.046 0.000387518
119.839 0.000389764
159.892 0.00039851
120.754 0.00039751
121.996 0.000387409
124.549 0.00038205
120.718 0.000442818
119.399 0.000404285
118.999 0.000404248
118.962 1.85707e-05
118.982 0.000390421
119.254 0.000404655
119.701 0.000384518
120.135 0.000404453
120.532 0.000400923
119.948 0.000393627
133.388 0.000420541
120.159 0.0003528
119.295 0.000448131
118.583 0.000397907
115.821 0.000438774
120.878 0.000385844
120.489 0.000384092
123.331 0.000396304
125.002 0.00042012
119.006 0.000388552
116.767 0.000384302
120.936 0.000419147
125.849 0.000393776
119.722 0.000404
120.528 0.0004434
142.508 0.000386708
128.243 0.000408788
119.091 0.000390857
118.306 -0.000382172
140.412 0.000400287
119.392 0.000398579
120.864 0.0004094
127.106 0.000389963
119.602 0.000393843
120.91 0.000391227
130.278 0.000388599
120.518 0.000380644
118.167 0.000328246
118.847 0.000401885
121.182 0.000394097
119.49 0.000443787
124.885 0.000424948
120.592 0.000371317
121.274 0.000396982
118.494 0.000361605
120.136 4.26977e-05
119.355 0.000399629
119.743 0.000402393
117.253 0.000385502
118.651 0.000404897
115.508 -0.000424501
117.509 0.000309237
121.478 0.000369526
121.5 1.21266e-05
145.678 1.21809e-05
122.288 0.000390981
118.805 0.000395749
117.564 0.000390711
118.682 0.000414496
120.442 0.000392749
117.254 0.000401467
122.145 0.000374092
119.877 0.000405813
118.564 0.000405888
115.399 0.000410643
120.855 1.00043e-06
123.061 0.000397273
117.389 0.000397992
118.432 0.000386739
118.318 0.00040807
139.148 0.000274854
124.423 0.000382775
121.905 0.000455578
121.122 0.000407185
123.279 0.000382071
116.321 0.000383432
119.664 0.000456124
161.869 0.000443649
120.283 0.00038724
120.297 0.00040802
118.728 0.000371532
118.448 0.000419282
142.118 0.00044823
121.071 0.00040529
120.871 0.000386891
118.219 0.000371474
123.006 0.000410366
121.636 0.000393561
119.128 0.000369076
146.634 0.000400456
120.459 0.000389245
118.621 0.000367651
124.115 0.000379898
121.078 0.000400823
117.584 0.000396242
118.844 1.89529e-05
131.326 0.000447339
127.59 -0.00041346
121.945 0.000398267
121.22 0.000401759
119.264 0.000407293
118.742 0.000389899
119.133 0.000415989
120.238 0.000405236
117.614 0.000376428
119.937 0.000449878
116.34 0.000434294
126.062 0.000388695
120.749 0.000369126
117.621 0.000430426
119.992 0.000457277
118.565 0.000456107
119.684 0.000420195
119.4 0.000397341
121.055 0.000227402
143.117 0.000409025
119.364 0.000394744
128.302 0.000448048
118.355 0.000238651
118.371 0.000374492
120.605 0.000388816
142.026 0.00039929
117.98 0.000413116
116.144 0.000418026
135.185 0.000391357
122.415 0.000408539
118.244 0.000461017
120.1 0.000389041
120.257 1.19292e-05
118.554 0.00040572
124.543 0.000366318
119.68 0.000386843
120.526 0.000445137
118.761 0.000441527
119.362 0.000408439
118.356 0.00040841
117.464 0.000394697
120.707 0.000382388
117.865 0.000402243
