124.872 0.000624232
120.173 0.000621381
125.096 0.000705643
124.78 0.000665985
124.654 0.000243957
126.404 0.00063398
125.22 0.000708542
122.157 0.000633876
125.226 0.000601952
118.41 0.000657962
124.027 0.000715561
121.39 1.86973e-05
125.461 0.000666208
123.919 0.000615779
123.483 0.000733867
121.072 0.000623917
124.29 0.000696967
123.661 0.000644749
121.561 0.0006267
124.85 0.000706454
122.629 0.00018245
126.431 0.000625288
126.474 0.000630597
125.042 0.000657589
126.672 0.000646426
122.543 0.00070948
123.345 0.000674766
124.206 0.000693012
124.27 0.000712711
128.438 0.000608625
124.402 0.000642208
123.071 0.000658626
122.909 0.000633904
122.615 0.000621059
124.751 0.000632772
121.17 0.000638493
124.926 0.000645404
126.463 0.000713377
124.502 0.000714569
124.204 0.00063983
124.302 0.000699893
124.772 0.000617418
120.742 0.00074218
125.319 0.000662573
125.41 0.000543798
120.79 0.000697454
119.725 0.000615893
121.422 0.000626562
123.839 0.00070663
124.779 0.000620626
124.469 0.000653928
124.626 0.000645151
122.332 0.000640745
125.338 0.000677485
128.191 0.000721051
126.316 0.000670321
125.782 0.000659218
122.534 0.000183564
116.912 0.000691494
126.157 0.000646832
123.367 0.000622031
130.885 0.000705558
124.179 0.000638047
122.782 0.000659394
131.863 0.000635467
122.679 0.000674965
123.034 0.000718625
120.343 0.000633559
125.9 0.000704065
122.216 0.000619973
123.503 0.000645871
122.932 0.000623765
126.694 0.00061619
124.383 0.000644534
123.513 0.000611285
127.759 0.00071297
125.582 0.000619416
129.36 1.82587e-05
122.098 0.00062336
126.398 0.000676902
123.517 0.000617555
124.97 0.00053569
126.387 0.000696205
123.785 0.000631825
124.409 0.000135054
124.306 0.000641563
122.681 0.000673082
124.698 0.000623187
125.081 0.000632083
126.267 0.000627827
115.398 0.000619629
121.925 0.000647364
125.277 0.000616395
123.777 0.000655494
123.425 0.000623025
128.221 0.00062275
127.891 0.000647901
124.258 0.000717414
127.186 0.000681951
125.499 0.000615246
128.617 4.21156e-05
126.981 0.000627984
128.696 1.90748e-05
121.933 0.00043696
124.595 0.000709541
124.589 0.00062891
135.075 0.000633551
122.154 0.00061661
117.106 0.000632445
125.411 0.000627445
126.383 0.000618665
118.812 0.000630264
118.751 0.000658938
125.746 0.000634955
126.3 0.000721672
125.536 0.000709862
126.321 0.000629204
124.362 0.000531073
124.261 0.000365086
125.562 0.000655659
123.248 0.000724459
126.174 0.000619529
119.978 0.000428052
125.114 0.000707753
123.855 0.000647098
125.376 0.000627552
125.32 0.000654825
116.34 0.000659259
122.205 0.000620484
124.4 0.000618532
124.417 4.34176e-06
123.448 0.000663095
121.827 0.000612013
123.925 0.000630897
122.592 0.000613567
125.247 0.000618112
123.811 0.000616446
120.407 0.00071697
125.988 0.000647353
126.617 0.000618935
126.119 0.000483058
123.571 0.000713817
124.899 0.000620154
126.055 0.000572095
124.555 0.000668011
125.601 0.000637939
123.881 0.000680461
125.405 0.000616481
123.041 0.000709613
124.246 0.000611953
124.896 0.000663787
123.417 0.000710482
119.658 0.0004244
125.662 0.000644343
125.721 0.000695051
127.203 0.000657301
126.82 0.00061759
123.734 0.000613203
125.192 0.000629208
125.431 0.000658637
120.92 0.000580428
125.513 0.000673803
122.953 0.000627821
123.101 0.000656462
124.262 0.000641656
126.601 0.000695591
120.957 0.000535178
125.512 0.000560368
127.855 0.00069479
126.29 0.000635002
126.041 0.000617441
122.537 0.000468447
124.165 0.000679724
123.018 0.000624589
123.753 0.000653898
126.983 0.000651744
125.722 0.000611255
119.084 0.000242724
125.758 0.000695189
126.796 0.000624715
125.824 0.00063144
125.02 0.000535134
120.903 0.000608303
118.103 0.000611902
117.626 0.000644766
124.336 0.000690569
124.082 0.000633074
124.952 0.000630215
124.817 0.000704269
124.02 0.000629258
125.132 0.000626602
125.786 3.03051e-05
127.501 0.000621471
125.146 0.000713308
124.151 0.000648904
121.517 0.000422402
122.937 0.000671435
122.322 0.000691452
126.078 0.000629844
126.654 0.000650852
127.462 0.000676212
122.804 0.000428796
125.036 0.000628337
122.414 0.00063103
125.496 0.000628792
124.479 0.00068006
123.577 0.000643567
125.721 0.000682333
123.413 0.000626055
124.805 0.000709987
126.259 0.000622951
123.621 0.000699883
123.372 0.000642233
119.779 0.000677704
120.254 0.000703525
123.775 0.000617641
124.771 0.000628853
119.833 0.000605784
126.567 0.000713069
123.418 0.00062909
122.196 0.00064097
122.783 9.68537e-05
119.597 0.000617355
125.302 4.56182e-05
122.834 0.000625578
120.315 0.000623935
121.025 0.000622883
125.094 0.000620287
123.206 0.000677734
125.152 0.000614892
131.748 0.000616627
123.782 0.000621042
124.823 0.00064527
123.391 0.000626739
118.943 0.000698414
125.988 0.000681588
125.803 0.000649629
122.12 0.000580612
124.124 0.000710683
124.662 0.000615597
126.144 0.00061952
126.638 0.00066908
125.827 0.000626328
124.524 0.000643771
128.735 0.000633079
124.587 0.000641129
127.122 0.000618775
122.619 0.000419782
124.063 0.000361704
125.323 0.000633603
124.855 0.000652241
127.626 0.000643873
119.678 4.5682e-05
126.128 0.000689998
124.497 0.000661898
124.556 0.000620434
121.804 0.000627528
123.563 0.000620735
118.808 0.000638198
124.151 0.000301094
125.394 0.000617485
124.6 0.000614957
125.879 0.000623701
119.547 0.000704016
119.03 0.000635984
124.256 0.000636552
124.865 0.000692191
125.208 0.000689193
124.875 0.000673866
126.235 0.000614516
125.068 0.000631909
126.162 0.000616573
123.919 0.00068243
115.218 0.000617015
123.864 0.000182269
124.131 0.000681677
123.08 0.000622856
122.756 0.000691348
126.698 0.000626931
126.796 0.00061969
125.243 0.000674081
125.141 0.000699899
123.309 0.000642258
120.457 0.000653041
121.89 0.000704465
126.263 0.000635201
125.543 0.000629928
124.154 0.000602664
125.916 0.000712351
122.391 0.000677678
121.915 0.000625726
122.312 0.00069889
124.004 0.000612314
122.92 0.000636051
124.468 0.000646187
125.068 0.000626265
123.997 0.000707345
126.981 0.000627787
124.163 0.000612753
126.904 0.000647793
126.523 0.000622561
123.153 0.000622245
122.038 0.000646524
121.337 0.000519505
124.466 0.000707395
122.562 0.000630279
123.905 0.000711211
124.937 0.000644312
124.016 0.000648506
121.967 0.000710279
129.421 0.000660878
125.007 4.56601e-05
125.818 0.000626251
123.362 1.21021e-05
123.9 0.00062823
122.817 0.000738761
123.476 0.000613087
124.101 0.000618008
124.491 0.000607107
125.45 0.000654367
122.568 0.000652314
126.205 0.000620007
125.833 0.000670936
124.506 0.000629337
126.185 0.00068573
122.848 0.000711711
125.014 0.000622035
119.411 0.000675883
125.07 0.000626386
119.594 0.00062008
119.227 0.000675724
122.228 0.00069541
125.581 0.000623601
124.372 0.000625875
124.688 0.000644589
129.369 0.000671411
124.354 0.000622524
119.5 0.000628058
125.66 0.000641489
122.646 0.000642684
126.083 0.000630895
124.595 0.000679812
124.115 0.00062574
123.538 0.000627572
121.632 0.000711126
120.595 0.000705942
122.367 0.000711103
125.477 0.000641637
124.846 0.000489376
125.815 0.000623335
126.387 0.000696133
126.612 0.000631413
125.727 0.000626272
122.848 0.000292996
124.275 0.000639417
121.49 0.000136213
124.529 0.00062869
124.46 0.000663781
125.674 0.000625472
125.311 0.000622949
125.307 0.000539563
125.389 0.000632703
123.282 5.72472e-07
120.272 0.000649261
122.49 0.000619796
128.755 0.000710393
126.807 0.000572135
124.561 0.000637519
127.4 0.000137031
116.595 0.000620951
124.179 0.000618217
125.379 0.000650846
120.671 0.000639342
123.201 0.000628361
121.419 4.53726e-05
123.067 0.000714368
122.791 0.000628342
123.377 0.00064995
123.13 0.000645115
120.809 0.000643965
124.834 0.000639892
127.195 0.000624543
123.276 0.000617683
124.732 0.000652868
123.148 0.000653895
124.435 0.000625459
120.89 0.000711631
125.295 0.000571481
128.471 0.000697815
121.798 0.000619732
123.669 0.00064859
122.715 0.000623841
126.547 0.000616987
126.896 0.000623293
124.915 0.00062439
126.412 0.000677757
126.174 0.000684664
126.025 0.000566064
126.946 0.000609583
126.303 0.000641417
125.15 0.000702646
129.241 0.000614002
121.341 0.000706844
123.481 0.000703468
124.07 0.000627925
124.77 0.000685306
122.093 0.000620176
123.347 0.000711392
117.453 0.000652631
122.924 0.000644261
121.817 0.000677497
125.345 0.000626482
125.878 0.000620162
120.081 0.000642556
122.388 0.000715032
122.38 0.000630871
126.089 0.000300833
121.689 0.00063316
125.71 0.000716544
124.679 0.000634396
124.138 0.00063433
122.384 0.000615404
124.443 0.000705789
128.616 0.000622663
127.215 0.000713806
123.68 0.000535033
124.527 0.000615932
124.051 0.000635535
125.317 0.000632276
123.207 0.000653177
123.738 0.000645428
125.539 0.000709519
125.218 0.000662514
123.374 0.000620581
121.669 0.000640878
122.648 0.000623639
123.658 0.000716411
121.979 0.00061983
125.731 0.000618118
122.813 0.000628272
124.893 0.00067794
125.518 0.000649149
125.232 0.000637263
115.112 4.58317e-05
127.568 0.000609487
125.987 0.000653251
115.056 0.000641423
124.416 0.000640629
122.122 0.000626481
124.803 0.000616902
116.728 0.00062473
125.167 0.000294481
123.308 0.000695131
128.432 0.000637214
124.928 0.000646536
123.513 0.000630906
122.763 0.000708798
125.907 0.000664655
