117.121 0.000266257
118.825 0.000262996
123.958 0.000240901
118.816 0.00026757
119.538 0.000248553
120.115 0.00023916
121.563 0.000285384
126.648 0.000253368
115.406 0.000259354
120.704 0.000237526
118.633 0.000253232
125.392 0.00020734
117.918 0.00022835
118.862 0.000283995
122.811 0.000258593
115.503 0.000250297
121.917 0.000238083
121.616 0.000262828
119.843 0.000256084
120.681 0.000166817
163.982 2.82674e-06
116.806 0.00024872
118.396 0.000245692
147.307 0.00028359
118.249 0.000247357
115.121 0.000242613
115.787 0.000258713
118.487 0.00025358
120.103 0.000146389
115.823 5.49565e-05
118.758 0.000247655
117.551 0.000264299
119.521 0.000228899
117.918 0.000283343
120.075 0.000250642
148.341 0.000249883
122.748 0.000287907
119.204 0.000404464
115.882 0.00023728
118.819 0.00043685
121.576 0.000350931
119.265 0.000424933
119.216 0.000364397
117.372 0.00043541
119.699 0.000375751
118.375 0.00041126
122.091 0.00035227
123.056 0.000394759
120.521 0.000400116
117.867 0.000356967
123.102 0.000343894
116.461 0.000108104
119.274 0.00025103
118.523 0.000407983
117.447 0.000404868
121.195 0.000417266
118.398 1.5616e-06
117.379 0.000382929
121.464 0.000418798
119.356 -0.000363095
119.517 0.000378833
120.259 0.000408039
116.819 0.000370409
119.381 0.000379076
126.199 0.000371078
119.433 0.00039485
119.318 0.00043181
118.098 0.000394524
