124.605 0.000630644
124.1 0.000742693
123.929 0.000676967
126.023 0.000695602
122.496 0.00062483
124.707 0.000683096
128.375 0.000709653
123.551 0.000665068
125.752 0.000649091
124.75 0.000641569
118.796 0.000658323
123.293 0.000600478
125.609 0.000622219
123.831 0.000242643
123.793 0.000350299
127.721 0.000583589
126.25 0.000622628
124.057 0.000694707
126.594 0.000625976
125.566 0.00071888
123.964 0.000614912
128.64 0.000700045
120.845 0.000619565
123.009 0.000678239
124.054 0.000603873
120.147 0.000617061
124.065 0.000480561
129.086 0.000657739
127.662 0.000722325
126.797 0.000633567
123.39 0.000241707
123.276 0.000604953
120.556 0.00062642
125.984 0.000617519
126.787 0.000619879
126.894 9.60067e-05
126.072 0.000617312
122.833 0.000650015
124.38 0.00064065
121.466 0.000672672
119.564 0.000655634
118.808 0.000610104
124.667 0.000627164
128.448 0.000653715
124.309 0.000680546
122.234 0.000520636
124.603 0.000680465
126.697 0.000686905
125.553 0.000622727
123.752 0.000689871
123.689 0.000618601
129.494 0.000655318
122.878 0.000617806
122.622 0.000610544
121.327 0.000629826
125.018 0.000715012
124.177 0.000629265
122.982 0.000631894
123.908 0.000482714
119.879 0.000642974
125.106 0.000629213
124.441 0.00062193
118.559 0.000617754
127.045 0.000646039
128.719 0.000655726
125.246 0.000695445
124.065 0.000652416
124.674 0.000715084
123.668 0.000642253
124.794 0.000628199
130.789 0.000628909
124.456 0.000665815
124.1 0.000625675
117.99 0.000180004
120.264 0.0004698
120.529 0.000642777
127.397 0.000614626
120.052 0.000601387
126.657 0.000620065
125.745 0.000601282
123.041 0.000625668
123.617 0.000646106
124.674 0.000674707
122.753 0.000704294
125.082 0.000627907
125.467 0.000634757
126.454 0.000602922
125.119 0.000627538
122.053 0.000581421
127.786 0.000704888
124.196 0.000700875
123.44 0.000627741
122.215 0.000671187
121.72 0.000634453
125.956 0.000632712
125.853 0.00062793
118.829 4.50524e-06
121.875 0.000531413
124.686 0.000635029
124.947 0.000615365
124.093 0.00053984
122.763 0.000655156
124.076 0.000620966
126.374 0.000647617
125.256 0.000675566
129.178 0.000674039
120.765 0.000629586
125.346 0.000608856
123.623 0.000597065
125.677 0.000672019
125.032 0.000647079
125.282 0.000621678
123.274 0.000584493
128.531 0.00049278
127.48 0.000423013
130.101 0.000661058
124.173 0.00063504
117.65 0.000633255
124.935 0.000630257
124.315 0.000597568
125.646 0.00070816
150.773 0.000659804
123.146 0.000627158
125.625 0.000641916
126.6 0.0007088
125.303 0.000639451
125.599 0.000633881
124.96 0.000642388
125.22 0.000279726
122.884 0.000628514
119.914 0.000709205
118.16 0.000670263
124.983 0.000700604
123.876 0.000639308
121.812 0.000616577
122.744 0.000613457
125.002 0.000595319
121.007 0.000613789
123.154 0.000644742
125.537 0.000588242
126.901 0.000744198
119.939 0.000676969
122.889 0.000242161
123.132 0.000641182
125.291 0.000617749
120.263 0.000543287
122.632 0.000631984
125.354 0.000533203
129.042 0.000539443
123.833 0.000632098
126.566 0.000635359
125.311 0.000665147
125.564 0.000665841
125.569 0.000575884
120.794 0.000588918
119.794 0.000612914
125.374 0.000536723
124.315 0.000710217
123.846 0.000654783
124.839 9.65661e-05
127.289 0.000695779
125.527 4.39371e-06
121.311 0.000655894
123.908 0.000635841
126.141 0.000697987
124.022 0.000636151
124.197 0.000719189
123.59 0.000649488
124.949 0.000580837
124.551 0.000703621
125.468 0.000633279
126.981 0.000623778
116.055 0.000638287
123.106 0.000626251
125.001 0.000637262
132.596 0.000617085
124.189 0.000623861
127.517 0.000668755
125.75 9.71134e-05
126.25 0.000136639
125.442 0.000660375
124.054 0.000617641
123.595 0.000638493
122.174 0.000628261
121.216 0.000701111
123.239 0.000653852
126.095 0.000641628
126.898 0.00068302
122.445 0.000594531
124.673 0.000644689
121.167 0.000640131
127.865 0.000620665
122.146 0.000679703
120.195 0.000684097
126.149 0.000612661
125.227 0.000673256
120.672 0.000724561
125.425 0.000657327
124.643 0.000632451
116.413 0.000709176
125.913 0.000590068
118.078 0.000560874
127.699 0.00071156
126.984 0.000682388
120.669 0.000645198
127.938 0.00013439
116.695 0.00070426
123.74 0.00071301
123.534 0.000678559
126.769 0.000634389
117.86 0.00063619
122.206 0.00063551
119.635 0.00036027
127.304 0.000576017
125.455 0.000621493
124.393 0.000705104
126.88 0.000626404
124.985 0.00063403
123.697 0.000609224
123.679 0.000721599
123.081 0.00067804
124.39 0.000608511
126.514 0.000632894
121.747 0.000610349
125.574 0.000623272
126.88 0.000658636
127.37 0.000646303
126.274 0.00060326
122.198 0.000624022
125.451 0.000498359
123.922 0.000738559
121.767 0.000598077
124.859 0.000679031
124.542 0.000598387
122.694 0.00063041
123.213 0.00066062
128.545 0.000654796
121.243 0.000602189
122.923 0.000622953
125.474 0.000701075
124.839 0.000635279
124.434 0.000652938
124.217 0.000316453
129.436 0.000725671
124.604 0.00071889
123.914 0.000703473
116.565 0.000710135
131.786 0.000669988
130.17 0.000629583
125.065 0.000626517
124.633 0.000706535
125.994 0.000724273
126.665 0.000709321
126.297 0.000684983
124.895 0.000634129
121.085 0.000660566
128.763 0.000717343
125.314 0.000642037
126.107 7.22941e-06
124.678 0.000651867
122.029 0.000665509
123.246 0.000623581
125.817 0.000646574
123.042 0.000716972
123.856 0.000605501
120.112 0.000672907
118.942 0.000605376
124.529 0.000664469
124.201 0.000702488
123.356 0.000182859
125.715 1.45658e-06
120.669 0.000633198
123.73 0.000697173
124.739 0.00069504
123.066 0.000641388
128.967 0.000621189
120.093 0.000603758
127.615 0.000630404
121.445 4.54307e-05
127.1 0.000641036
123.901 0.000667602
127.681 0.000640741
121.871 0.000629424
122.774 0.000630501
119.394 0.000716188
127.895 0.000684554
121.914 0.000279181
122.574 0.000726
130.191 0.000664008
124.148 0.000719124
123.354 0.000421462
130.529 0.000639644
121.311 0.000622529
124.647 0.000651427
126.046 0.000657659
127.515 0.000662899
127.85 0.000625296
123.32 0.000638854
129.856 0.000297069
122.344 0.000646637
122.931 0.000634324
119.678 0.000380471
123.619 0.000614117
118.092 0.000706927
124.095 0.000674806
126.246 0.000658552
122.068 0.000631359
123.876 0.000637859
123.49 0.000493629
122.016 0.000683741
128.614 0.00071042
124.103 0.000638196
124.004 0.000722965
122.362 0.000616018
125.366 0.000667728
124.344 0.000699923
125.424 0.000543379
122.251 0.000636613
125.562 0.000359594
124.646 0.0006279
126.365 0.000673524
121.467 0.000467705
124.68 7.37981e-06
121.573 0.000643952
125.457 0.000612593
124.172 0.000605131
120.28 0.000713078
124.954 0.00061373
124.886 0.000619793
129.298 0.00064762
124.782 0.000717691
124.424 0.000621147
124.848 0.000700258
126.692 0.00065866
123.153 0.000719329
125.765 0.00056579
126.888 0.000639713
123.772 0.000622437
119.821 0.000670818
129.705 0.000616189
128.425 0.000444717
120.359 0.000652766
126.438 0.000472756
125.144 0.000648605
125.416 0.000705489
124.505 0.000370405
121.848 6.80511e-05
123.196 0.000716581
120.913 0.000630019
124.095 0.000734336
126.599 0.00013451
122.243 0.000638498
121.119 0.000134621
127.997 0.000632852
121.89 0.000645083
123.523 0.000704461
126.679 0.000601057
121.998 0.000704649
123.961 0.000703767
125.523 0.000696868
125.454 0.000725672
128.352 0.000632892
122.216 0.000746478
124.695 0.000617447
121.569 0.000644452
128.061 0.00063958
122.729 0.000701373
126.515 0.000614778
125.19 0.00062436
122.364 0.000697496
125.157 0.000621145
125.205 0.000631122
119.361 0.000718392
129.068 0.000703424
124.059 0.000670921
123.856 0.00065303
122.358 0.000654801
125.247 0.000622178
127.661 0.000651376
122.615 0.000589096
131.95 0.000686744
124.665 0.000663804
123.321 0.000629855
122.032 0.000683533
123.558 6.87092e-05
126.034 0.000671471
123.566 0.000526738
121.055 0.000616603
120.837 0.000612123
125.254 0.000655915
122.356 0.000621165
121.976 0.000635351
126.473 0.000633774
122.519 0.000614339
118.708 0.000647963
125.261 0.000629579
123.672 0.000616223
125.176 0.000647241
124.882 0.00061769
124.586 0.000647414
125.556 0.000566071
121.258 0.0006439
125.861 0.00055673
126.334 0.000638774
123.743 0.000641409
124.302 0.00062727
118.68 0.000716479
130.03 0.000661188
125.999 0.000703223
126.529 0.000650453
127.56 0.000703718
121.144 0.000632349
125.765 0.000679903
123.473 0.000656427
124.542 0.000619352
126.881 0.00069902
126.365 0.000639669
125.721 0.000621766
119.095 0.000623826
123.169 0.00068897
128.451 0.000648842
126.488 0.000625298
125.543 0.00063836
122.365 0.000683807
124.92 0.000574527
127.879 0.000705806
125.668 0.000586098
125.236 0.000634862
123.877 0.00072032
124.047 0.000618196
125.962 0.000425483
124.931 0.000638035
123.883 0.000679032
131.619 0.000620771
126.189 0.000637489
120.055 0.000438916
125.595 0.000619274
125.334 0.000605956
126.081 0.000351285
122.532 0.000617763
125.404 0.000650929
124.721 0.000617275
121.715 0.000528246
119.509 0.000625872
122.708 0.000689529
121.747 0.000610689
124.614 0.000185487
125.751 0.000596327
121.251 0.000646069
126.306 0.000676887
123.964 0.000631412
122.508 0.000622913
124.228 0.000709805
127.7 0.000599641
126.47 0.000664418
119.45 0.000637231
125.474 0.000626064
127.715 0.000737363
125.599 0.000637304
122.306 0.000698932
124.113 0.000485176
123.35 0.000675238
128.66 0.000488121
127.037 0.000678085
122.011 4.32214e-06
125.264 0.000624366
121.824 0.000709552
123.567 0.00066128
126.472 0.000713071
126.691 0.000424532
126.083 0.000629664
124.891 0.000642809
123.922 0.000627976
125.485 0.000666815
121.034 0.000721548
125.007 0.000623906
119.697 0.000720456
122.232 0.000677484
124.78 0.000647465
119.465 0.000646657
126.296 0.000607363
123.656 0.000307806
122.741 0.000623472
125.565 0.000644816
124.078 0.000592621
127.567 0.000296237
125.297 0.000632073
124.268 0.000719871
124.435 0.000690719
125.486 0.00064685
125.442 0.000635744
126.116 0.000655451
125.508 0.000706515
120.487 0.000561058
119.764 0.000637227
120.068 0.000675577
120.163 0.000677289
127.175 0.000670326
127.754 6.29995e-05
117.746 0.000701258
123.375 0.000621628
126.757 1.90674e-05
125.621 0.000632915
125.736 0.000623131
123.277 0.000796343
123.042 0.0006349
128.178 0.000674699
121.89 0.000624509
124.79 0.000302184
125.484 0.000629189
125.013 9.90961e-05
126.811 0.000666079
117.229 0.000634704
124.551 0.000240315
126.194 0.000705198
121.092 0.000135263
124.234 0.000654355
127.905 0.000627881
123.745 0.000674674
125.894 0.000409599
125.785 0.000622027
116.003 0.000654828
125.535 0.000637607
124.665 0.000186685
130.295 0.000627142
127.479 0.000651774
124.358 0.000623707
125.292 0.000135389
125.308 0.000679009
123.821 0.000591647
123.512 0.000641646
125.153 0.000629424
124.976 0.000588794
132.035 0.00067363
123.591 0.000488538
124.431 0.0006816
117.133 0.000625622
128.422 0.000688429
119.066 0.000625931
124.951 0.000647608
123.4 0.00067678
128.043 0.000620854
119.955 0.000689449
123.748 0.000613508
121.546 0.000627545
124.643 0.000666889
122.133 0.000590496
126.042 0.00063042
125.645 0.000428558
126.368 0.000682729
120.692 0.000619934
126.36 0.000618564
125.436 0.000686605
123.162 0.000717447
126.186 0.000722389
124.558 0.000632438
117.37 0.000771888
126.205 0.000628921
126.663 0.000581803
129.456 0.000646603
135.25 0.000436841
124.375 0.000646558
126.244 0.000640057
123.321 0.000622835
124.137 0.000285396
125.868 0.000595118
127.562 0.000642117
122.611 0.000630444
125.29 0.000702007
126.748 0.000623419
127.826 0.000651843
115.303 0.000620296
123.144 0.000650078
122.31 0.000629473
124.843 0.000641315
125.252 0.000627028
124.642 0.000671031
124.622 0.000662742
124.659 0.000703223
124.273 0.000592882
123.29 0.000649842
119.461 0.00064328
124.44 0.00059227
126.371 0.000665475
124.388 0.000642894
117.675 0.000633573
127.504 0.000680214
126.83 0.000713792
125.231 0.000639746
116.021 3.12338e-05
120.906 0.000678243
118.037 0.000649751
124.829 0.000663607
123.835 0.00062598
126.001 0.000657581
123.084 0.000616376
125.729 0.000641097
122.014 2.6361e-06
122.257 0.000692241
131.283 0.000684566
125.02 0.000713923
124.531 0.000663099
125.257 0.000645145
123.566 0.000634122
117.497 0.000652978
126.105 0.000627978
124.262 0.000616624
126.152 0.000649414
124.012 0.000687289
123.018 0.000605917
125.237 0.000678821
124.807 0.000643775
122.849 0.000361214
122.686 0.000623951
126.401 0.000604578
122.272 0.000720731
122.234 0.00042566
125.812 0.000660027
127.233 4.33779e-06
123.236 0.000624399
124.095 0.000694872
122.85 0.000709091
120.891 0.000608686
125.232 0.000634369
122.703 0.000696486
122.97 0.000604077
121.915 0.000647375
125.575 0.000616525
124.929 0.0006699
119.817 0.000583176
124.442 0.000702785
125.635 0.000632881
123.791 0.000642169
123.52 0.000610355
126.401 9.77358e-05
124.64 0.000623039
123.913 0.000719146
121.59 0.0007044
129.265 0.0006236
123.681 0.000650396
126.073 0.000604115
126.296 0.000622984
124.034 0.000699523
120.048 0.000619799
117.981 0.000695236
124.075 0.000635239
124.041 0.000592049
125.334 0.000680677
122.952 0.000617919
124.113 0.000622029
122.068 0.000632897
125.08 0.000575574
121.252 0.000678066
121.734 0.000713221
122.05 0.000697273
126.481 0.000621259
124.243 0.000646482
123.002 0.000622798
127.39 0.000649522
125.349 0.000718074
127.645 0.000641155
124.721 0.000619843
119.833 0.000667878
122.903 0.000709181
123.705 0.000708186
119.327 0.000664499
120.392 0.000651803
123.882 0.000629982
125.017 0.000638406
124.768 0.000673571
126.41 0.000621872
125.312 0.000630233
126.362 0.000625541
123.795 0.000626323
124.015 0.000625446
126.719 0.000657165
123.893 0.000644064
127.547 0.000702145
123.812 0.000637541
126.165 0.000608917
124.643 0.00062664
127.094 0.00059664
121.006 0.000624653
123.586 0.000663536
130.773 0.000672675
123.787 0.000627946
121.291 0.000491569
127.555 0.00064288
124.847 0.000628821
123.398 0.000649429
120.233 0.000593538
123.028 0.000543351
124.709 0.0005965
124.188 0.000584848
122.846 0.000650866
121.667 0.000528461
118.023 0.000691666
123.466 0.000645598
121.683 0.000619784
117.308 0.000663309
122.805 0.000712684
125.933 0.000642101
122.27 0.000637743
124.791 0.000638545
126.003 0.000672006
123.936 0.000616986
127.646 0.000655412
115.071 0.000674502
115.387 2.50499e-06
125.656 0.000624938
124.482 0.000613248
121.591 0.000636274
126.355 0.000705583
118.227 0.000693522
125.963 0.00061518
123.531 1.18306e-05
123.922 0.000702539
124.662 0.000657599
124.969 0.000706806
121.847 0.000602218
121.906 0.000641923
124.68 0.000676892
125.914 0.000639636
125.198 0.000662288
128.212 0.000624322
127.43 0.000716589
116.163 0.000699011
124.345 0.000659511
122.43 0.000620263
122.952 0.00018249
128.76 0.000668655
126.457 0.000586437
121.912 0.000621716
123.68 0.000617538
126.65 6.78937e-05
122.608 0.000597826
121.957 6.73368e-05
124.52 0.000647125
128.965 0.000590222
126.028 0.000597432
125.736 0.000185067
116.139 0.000626055
123.27 0.000416344
126.118 0.000608878
125.698 0.000634171
123.245 0.00061898
125.046 0.00065582
130.11 0.000576764
125.049 0.000626712
123.281 0.000640718
119.333 0.000617854
125.021 0.000407576
126.102 0.000627814
132.721 0.000698402
121.251 0.000627671
122.313 0.000666121
121.943 0.000588456
124.221 0.000717726
125.887 0.000644125
122.472 0.000603635
120.496 0.000650015
124.466 0.000629785
118.177 0.000614679
126.031 0.000662559
125.436 0.000535777
122.109 0.000652748
125.202 0.000642298
115.549 0.000701529
117.105 0.000632249
125.878 0.000629616
124.814 0.000731702
125.946 0.000658451
124.798 0.000635498
125.995 6.61489e-05
118.83 0.000692214
126.872 0.000236534
124.805 4.67014e-05
127.961 0.000615332
123.809 0.000630311
123.847 0.000715686
128.482 0.000573166
124.805 0.000638736
122.105 0.000677963
121.026 0.000629543
126.762 0.000668549
125.982 0.000670807
123.864 0.000703576
119.502 0.000626881
124.655 0.000632305
122.342 0.000133914
124.106 0.000576046
125.318 0.000715388
120.253 0.000677698
123.993 0.000304759
125.59 0.000588655
126.945 0.00066296
125.406 0.000134955
125.604 0.000636196
122.265 0.000641114
125.318 0.000482227
122.542 0.00070196
123.992 0.00064511
125.191 0.000659607
115.267 0.000634815
127.113 0.000653375
131.252 0.00065422
122.083 0.00067301
123.007 0.000684758
120.443 0.000610401
125.158 0.000630807
124.538 0.000608929
117.399 0.000675071
124.609 0.000618766
125.742 0.000615494
115.718 0.000641892
123.15 0.00064999
119.042 0.000635501
124.401 0.000591273
123.316 0.000625443
121.906 0.000631347
124.125 0.000676803
118.404 0.000678362
124.191 0.00070661
124.174 0.000667641
118.995 0.000368385
126.616 0.000746664
124.352 0.000624328
123.945 0.000671282
122.213 0.000633589
121.434 0.000660081
122.069 0.000666847
121.606 0.000660801
123.065 0.000622884
125.06 0.000716627
123.95 0.00062648
127.277 0.0010366
124.9 0.000354246
122.758 0.000655455
128.592 0.000697218
127.055 0.000642824
127.784 0.000655312
126.572 0.000628176
127.65 0.000689474
127.593 0.000644921
124.872 0.000612887
126.493 0.000641289
126.261 4.73329e-05
126.84 0.000630967
122.155 0.000673507
123.996 3.02014e-05
126.792 0.000705237
117.032 0.000682556
125.751 0.000635248
126.852 0.000574419
125.305 0.000490504
116.977 0.000596065
116.579 0.000759251
129.388 0.000637962
118.32 0.000663874
127.173 0.000644047
127.281 0.000637996
129.796 0.000591649
127.476 0.000646742
122.59 0.00062036
121.423 0.000625383
122.657 0.000699152
123.974 0.000669773
123.253 0.000642496
118.002 0.00062308
123.242 0.000587227
121.189 0.000708187
123.797 0.000596065
115.345 0.000658741
124.745 0.000625721
123.995 0.000625885
124.901 0.000692177
123.047 0.000630141
123.356 0.000710015
123.709 0.000639285
127.054 0.000736074
122.63 0.000641079
128.418 0.000631173
122.572 0.000707464
123.579 0.000728047
124.075 0.000674947
118.649 0.000643841
122.559 0.000665892
123.802 0.00059965
120.202 0.00067213
126.91 0.000645864
124.961 0.000643966
127.266 0.000714616
125.695 0.000627369
123.1 0.000680548
125.595 0.00062798
122.668 0.000646082
116.47 0.000700219
122.915 0.000630932
123.666 0.0007203
124.811 0.00061619
125.176 0.000668399
125.429 0.000678132
123.508 0.000656743
124.355 0.000632924
119.112 0.000646701
121.325 0.000643812
119.549 0.000631581
122.902 0.000621098
125.428 0.000644475
126.428 0.000635964
127.038 0.000658351
120.193 0.000624039
124.692 0.00061757
125.753 0.000733562
122.418 0.000136372
123.814 0.000710014
123.058 0.000708015
124.957 0.000681459
125.696 0.000565943
120.25 0.000631861
121.125 0.000589935
125.35 0.000633371
124.213 0.000630647
121.625 0.00063823
122.643 0.00070939
126.227 0.000635369
125.001 0.000666104
119.678 0.000628493
124.264 0.00065098
120.142 0.000585693
122.091 0.000631862
117.748 0.000710193
126.925 0.000754381
122.738 0.000650283
122.747 0.000626106
127.209 0.000555322
124.176 0.000138039
124.94 0.000638654
123.105 0.000310572
122.189 0.000606954
127.166 0.000663148
125.865 0.00071575
121.721 0.000627191
122.19 0.000648122
125.349 0.000602726
124.744 0.000586638
124.866 0.000649634
123.844 0.000136132
127.174 9.00883e-05
121.523 0.000517526
123.827 0.000634489
125.804 0.000607683
126.796 0.000681856
116.364 0.000642735
121.811 0.000704558
125.681 0.000637079
119.486 0.000566726
120.314 0.00063056
126.085 0.00065961
123.366 0.000641385
122.69 0.000621979
123.573 0.00063155
125.381 0.000648365
126.092 0.000638944
124.026 0.000700685
123.809 0.000642826
122.171 0.000639791
124.759 0.000647202
123.834 0.000626293
122.841 0.000672832
126.595 0.000649056
126.871 0.000641295
124.468 0.000613636
124.974 0.000629241
123.818 0.000655111
126.69 0.000643833
119.923 0.000630131
127.353 0.000614225
124.277 0.00061525
125.276 0.000659796
121.673 0.000709606
116.715 0.000616853
123.333 0.000712888
123.333 0.000713995
123.122 0.000604276
122.954 0.000647968
123.485 0.000615327
120.201 0.000690594
126.475 0.000701944
124.364 0.000627496
126.894 0.000583408
131.173 0.000884415
122.063 0.000654877
127.468 0.000627861
126.285 0.000613795
118.853 0.000618079
120.132 0.000703078
126.085 0.000631445
125.927 0.000625746
129.769 0.000707219
122.93 0.000575701
123.068 0.000636499
125.585 3.11213e-05
123.358 0.000616739
122.428 0.000645801
119.335 0.00065318
123.376 0.000302809
123.492 0.000620215
125.54 0.000690569
123.815 0.000626604
124.883 0.00064826
121.964 0.000647811
124.659 9.68847e-05
127.451 0.000626767
123.81 0.000633516
125.184 0.000644286
122.172 0.000594609
121.027 0.000659352
125.462 0.000710303
121.208 0.000357444
123.533 0.000723374
126.459 0.000626616
125.703 0.000631759
126.199 0.000616653
125.911 0.000647723
125.578 0.000577165
123.728 0.000652478
125.199 0.000628352
125.632 0.000623904
124.287 0.000591127
121.204 0.000596608
123.794 0.000622325
117.402 0.000612601
124.77 0.000660379
123.099 0.000720261
124.54 0.000620613
127.488 0.000669643
125.013 0.000652933
119.92 0.000668978
125.745 0.000627109
121.744 0.000679423
125.805 0.000695993
125.474 0.000614208
126.635 0.000667862
123.977 0.000641912
128.245 0.000608345
128.785 0.000682009
123.924 0.000184752
123.345 0.000648025
124.769 0.00071439
124.488 0.000613333
123.095 0.00065986
129.664 0.000563168
130.282 0.000639003
123.954 0.000677609
123.335 0.00022845
120.246 0.000668462
125.425 0.000654106
127.595 0.000715811
125.93 0.00046794
123.916 0.000367173
121.962 0.000668303
124.136 0.000721955
123.644 0.000623822
124.364 0.00067643
123.434 0.000638243
125.127 0.000708576
127.257 0.000658436
128.322 0.000628952
127.365 0.000690598
123.913 0.00067491
121.104 0.000134505
126.844 0.000620827
123.276 0.000693093
125.306 0.000643998
126.545 0.000631451
128.914 0.000668348
126.83 0.000699172
120.034 0.000655008
122.781 0.000642002
122.622 0.000659385
125.655 0.000628231
124.712 0.000646844
128.821 0.000699143
120.687 0.000644837
118.518 0.000609916
122.006 0.00061801
121.478 0.000625049
119.76 0.000540124
123.837 0.000689808
120.667 0.00060709
124.677 0.00048573
126.909 0.000651324
126.792 0.000634338
125.023 0.000707872
125.906 0.000629123
124.287 0.000641823
124.065 0.000616017
125.374 0.000677436
119.848 0.000626729
123.523 0.000621996
118.991 0.000663866
125.996 0.000633951
130.53 0.000692179
120.314 0.000710592
123.571 0.000622518
122.796 0.000487392
124.686 0.000654421
125.458 0.000617113
128.691 0.000644466
126.359 0.000634635
124.623 0.000708881
123.751 0.000633612
123.933 0.00061476
125.287 0.000643334
126.013 0.000655654
124.44 0.000626288
119.54 0.000623763
124.873 0.000597825
123.072 0.000595383
115.149 0.000340072
125.045 0.000657965
120.471 0.000597734
127.179 0.000606901
129.15 0.00059311
126.41 0.000630392
124.468 0.000627884
124.783 0.000583403
120.869 0.00060982
126.096 0.000659933
124.675 0.000241833
124.827 0.000626011
124.415 0.000659363
124.891 0.000698559
122.911 0.000581736
122.744 0.000600529
122.846 0.000746762
126.759 0.000681986
116.432 0.000618449
124.442 0.00068048
127.347 0.000640884
123.883 0.000655223
120.339 0.000674397
119.721 0.00062207
118.708 0.000622057
123.767 0.000625595
123.803 0.000698045
126.718 0.000631067
124.134 0.000559881
127.89 0.000631688
120.42 0.000742249
118.146 0.000659637
124.032 0.000634912
124.382 0.0007049
125.921 0.000595651
128.962 0.000668628
123.195 0.000696306
123.318 0.000675532
123.542 0.0006445
122.773 0.00068235
118.549 0.000689604
118.366 0.000612339
125.401 0.000704335
118.923 0.000587837
118.563 0.000688888
127.689 0.000639353
125.746 0.000601005
128.173 0.000652626
127.816 0.000604873
132.016 0.000616979
115.804 0.00064722
124.738 0.000577186
122.832 0.000626375
124.293 0.000636333
125.283 0.000650345
124.646 0.000715954
121.942 0.000632786
123.892 0.000628216
124.586 0.000650979
127.204 0.000709731
125.17 0.000651969
124.938 0.00065157
127.979 0.000716498
124.603 0.000648857
120.359 0.000674869
123.852 0.000640359
121.699 0.000604774
115.005 0.000603884
122.346 0.000596294
127.266 0.00062232
116.995 0.000547623
120.041 0.000495048
121.569 0.000648728
125.841 0.000432078
124.936 0.000613238
126.721 3.07174e-05
126.62 0.000621823
124.402 0.000646584
124.002 0.000646231
127.124 0.000660518
126.517 0.00063219
115.741 0.000599997
128.627 0.000602423
125.093 6.70269e-05
123.629 0.000632214
124.472 0.000634685
128.961 0.000627003
123.591 0.000628562
127.232 0.00040012
125.02 0.000681518
125.57 0.000629703
122.884 0.000638704
120.699 0.000755051
127.211 0.00062443
127.101 0.000653194
125.111 0.000703176
125.231 0.000639193
119.372 0.000627271
126.418 0.000631426
126.645 0.000685347
125.409 2.99445e-05
119.914 0.000583014
126.736 0.000125084
155.427 0.00071637
124.472 0.000630683
123.43 0.000638518
123.089 0.000685855
124.833 0.000580124
124.695 0.000632591
122.536 0.000627002
128.63 0.000590831
125.817 0.000704265
123.832 0.000578345
125.744 0.000612136
120.362 0.000676183
123.817 0.00062027
125.428 0.000669819
122.933 0.000627231
121.89 0.000630819
123.05 0.00053682
123.11 0.000621097
124.814 0.000666276
127.348 0.000626975
123.552 0.000618129
125.558 0.000660722
125.063 0.000654989
125.596 0.000731637
129.84 0.000625351
130.378 0.000716981
123.879 4.51177e-05
127.706 0.000650617
123.443 0.000222709
121.54 0.000622843
123.313 0.000671033
125.191 0.000641739
125.118 9.78316e-05
120.017 7.46214e-06
123.319 0.0006684
121.799 0.000761234
125.987 0.00069813
125.025 0.000653315
118.098 0.00066551
122.907 0.000717514
120.104 0.000429708
121.809 0.000615045
124.673 0.000620239
123.502 0.000635072
125.598 0.000635435
125.322 0.000629315
124.962 0.000705702
125.037 0.000627637
126.232 0.000599363
122.93 0.000686085
125.916 0.000646307
122.771 0.000657605
128.333 0.00065268
121.43 0.000627862
127.113 0.000696485
117.815 0.000686385
130.543 0.000639248
123.649 0.000617274
121.823 0.000721684
124.655 0.000626401
129.651 0.000648225
125.792 0.000592136
124.972 0.000683803
124.537 0.000622336
124.171 0.000645913
126.531 0.000706671
129.073 0.00063361
122.9 0.000599404
123.002 0.000672632
125.638 0.000655636
128.694 0.000622234
124.65 0.000478474
127.113 0.000428078
118.022 0.000646338
115.768 0.000625688
124.758 0.000618089
124.04 0.000619821
119.025 0.000622282
119.157 0.000642837
124.507 0.000435413
125.261 0.000618323
125.57 0.000722287
124.265 0.000618673
125.907 0.000404098
121.47 0.000582265
121.06 0.000636155
124.813 0.000620316
120.048 0.000717926
122.327 0.000602827
123.275 0.000637999
122.077 0.000601915
125.23 0.000682325
122.711 0.000618029
128.386 0.000656084
123.288 0.000717143
122.898 0.000632251
124.141 0.000620218
115.362 0.000608784
121.279 0.000701133
126.55 0.000642256
125.308 0.000648361
127.22 0.000691945
127.811 0.000742995
124.466 0.000659054
124.219 0.000645768
124.108 0.000624476
122.406 0.000632237
125.41 0.00059762
124.36 0.000611139
123.22 0.000709634
125.184 0.000650632
123.931 0.000619641
123.364 0.000640768
128.437 0.000567211
119.959 0.000653528
126.726 0.000655605
121.623 0.000648659
121.951 0.000920593
124.527 0.00063523
120.391 0.000485922
123.235 0.000624223
128.644 0.000739991
123.069 0.000652784
121.06 0.000658999
123.005 0.000590811
121.325 0.000422379
126.44 0.000700107
123.2 0.000621397
124.26 0.00062971
126.86 0.000648245
120.31 0.000699564
127.725 0.000653994
124.049 0.000639924
115.656 0.000630522
125.139 0.000651126
124.604 0.000444211
125.595 0.000619617
124.174 0.000302638
133.173 0.000145153
127.426 0.000601814
122.76 0.000298668
121.772 0.000641167
125.962 0.000699458
122.482 0.000640483
115.411 4.40436e-06
125.28 0.000655007
125.78 0.000628626
127.548 0.000622789
124.713 0.00060343
119.555 0.000239934
125.295 0.000239168
120.82 0.000625992
125.36 0.000626805
124.351 0.000671465
125.857 0.000296605
119.135 0.000734008
123.712 0.000657286
124.552 0.00065671
124.033 0.000642653
124.798 0.000652045
124.001 0.000652253
123.5 0.000643747
115.06 0.000631481
126.274 0.000651167
126.193 0.000637094
124.014 0.000634773
125.433 0.000629571
122.088 0.000626802
122.066 0.000666988
119.158 0.000615042
124.742 0.000712572
124.49 0.000699352
123.734 0.000660866
120.086 0.00061073
120.71 0.000690841
125.11 0.000737322
123.857 0.000599484
121.465 4.40487e-07
124.646 0.000630874
126.039 0.00065808
126.447 0.00067929
123.421 0.000660621
122.4 0.000649689
124.125 0.000589166
123.986 0.000695223
127.091 0.000716362
124.965 0.000594068
124.729 0.000599259
119.045 4.74095e-05
125.016 0.000676971
128.734 0.000671073
125.572 0.000617026
125.131 2.96528e-05
126.198 0.000646313
123.753 0.0006147
127.762 0.000618813
127.077 0.000650638
125.634 0.000568426
119.747 0.000699133
124.338 0.000718277
123.613 0.000710581
125.096 0.000660717
123.129 0.000621798
122.365 0.000648761
127.31 0.000715108
125.298 0.000353104
125.075 0.000618861
122.902 0.000545153
127.05 0.000609045
120.712 0.000179285
124.725 0.000631094
124.115 0.000186249
128.122 0.00062771
119.748 0.000675826
123.66 0.000703269
128.737 0.000602042
127.08 0.000648489
124.641 0.00062284
126.203 0.000347666
119.656 0.000643334
118.006 0.00064764
124.115 0.000624572
127.15 0.000644107
118.029 0.000669801
124.372 0.000642328
127.067 0.000622059
123.855 0.000643541
120.73 0.000609478
123.933 0.000187395
125.972 0.000659391
125.011 0.000618991
125.455 0.000627764
121.988 0.000610502
124.393 0.000489052
123.718 0.00030309
123.362 0.000625352
127.331 0.000669011
117.452 0.000632769
124.639 0.000715466
121.15 0.000653742
130.683 0.000617063
128.098 0.000636547
124.319 0.000637241
119.57 6.98725e-06
123.662 0.000575958
124.971 0.000612882
125.329 0.000636131
126.852 0.000620192
127.995 0.000587498
123.122 0.000586194
120.004 0.00073671
127.023 0.000599667
127.779 0.000613695
123.34 0.000663173
123.821 0.000721446
120.618 0.000673666
125.745 0.000673858
124.331 0.000669091
122.076 0.000712884
131.675 0.000704262
123.066 0.000618505
127.072 0.000627399
126.99 0.000659426
123.129 0.000365482
117.025 0.000658834
124.67 0.000703338
123.354 0.000631309
121.558 0.000645133
119.421 0.000662672
126.337 0.0006576
125.402 1.89543e-05
122.064 0.000570204
125.013 0.000653221
125.017 0.000582277
123.393 0.000643493
121.252 0.000625558
126.427 0.000585958
125.412 0.000722172
121.849 0.000638228
122.706 0.000436837
125.847 0.000661657
125.069 0.000625642
124.524 0.00064527
124.947 0.000637246
124.235 0.00029971
124.665 0.000135704
124.63 0.000614336
125.275 0.000634466
125.778 0.000648079
121.532 0.000671569
122.309 0.000676846
124.975 0.00063062
124.656 0.000721987
125.365 0.000609412
125.581 0.00071261
123.05 0.000649014
121.574 0.000562355
123.756 0.000637084
125.795 0.000604418
124.893 7.229e-06
126.057 1.8961e-05
124.794 0.000715301
127.29 0.000707957
124.35 0.000240118
122.666 0.00060764
123.572 0.000487889
127.72 0.000720321
119.305 0.000578388
125.634 0.000621097
125.371 0.000620109
126.309 0.000623176
122.12 0.000650659
126.838 0.000618545
117.521 0.000697327
124.152 0.000647241
122.68 0.000632948
123.094 0.000777614
116.4 0.000636408
124.51 0.000622025
125.895 0.000709876
125.23 0.00061836
125.075 0.000650731
123.061 0.00062576
124.175 0.000638149
125.44 0.000645272
122.831 0.000606385
123.709 0.000709884
121.4 0.000624616
121.868 0.000619542
125.159 0.000487204
124.38 0.000616624
128.386 0.000661719
125.271 0.000628737
125.831 0.000622954
116.557 0.00066879
121.994 0.000658075
121.168 0.000127024
125.656 0.000695955
125.704 0.000666119
122.674 0.000617609
121.576 0.000644953
127.047 0.00069749
124.021 0.000682448
126.913 0.000615865
124.718 0.00018336
124.352 0.000707414
123.401 0.000648458
124.918 0.000641945
127.513 0.000898791
126.941 0.000296928
127.806 0.000492933
120.826 0.000629631
123.96 0.000705212
128.935 0.00074828
124.981 0.000304071
125.496 0.000583025
123.874 0.000613099
123.95 0.000604014
125.529 0.000631812
121.342 0.000363338
122.307 0.000630249
122.698 0.000243349
125.824 0.000624488
123.346 0.000705519
128.382 0.000709232
126.822 0.000732747
123.743 0.000635907
129.214 0.00064195
122.227 0.000686142
126.044 0.000713204
125.564 0.000649694
123.903 0.000623504
121.273 0.000614907
121.945 0.000694122
124.658 0.000703851
120.33 0.000628154
122.251 0.000683212
124.359 0.000624691
129.005 0.000608156
125.783 2.9343e-05
125.481 0.000573452
127.067 0.0005328
131.714 0.000634467
125.587 0.000701554
122.811 0.000717733
119.056 0.000634773
124.64 0.000653553
125.463 0.000654349
123.824 0.000629922
117.676 0.000684559
120.495 0.00062718
122.345 0.000621974
123.877 0.000670721
124.988 0.000657874
124.704 0.000712044
117.708 0.000597757
125.533 0.00068324
125.867 0.000612782
124.193 0.000664515
122.677 0.00059726
124.444 0.000640348
124.312 0.000628358
120.914 0.000627044
125.021 0.000648019
124.279 0.000642157
118.273 0.000615951
127.261 0.00071249
124.56 0.000638589
123.286 0.000600845
124.186 0.000739339
128.307 0.000138942
124.005 0.000669353
125.941 0.000501159
126.339 0.00065533
126.033 0.000628347
121.292 0.000634453
124.637 0.000618726
118.519 0.00065148
126.375 0.000645163
127.31 0.00066879
123.958 0.000626523
125.53 0.000656953
124.4 0.00059716
125.284 0.000570362
123.982 0.000657458
126.729 0.000636664
119.363 0.000717121
123.345 0.000628719
121.855 0.000670748
124.463 0.000702321
124.704 0.000442828
125.448 0.000170075
127.765 0.000731753
124.327 0.000728498
121.047 0.000638888
126.539 0.000621925
121.365 0.000610469
122.82 0.00064492
122.063 0.00062528
124.934 0.000643595
125.727 0.000638705
131.134 0.000617183
123.842 0.000607341
128.122 0.000582437
125.689 0.000621598
119.376 0.000717296
127.403 0.000648349
127.201 0.000598508
129.044 0.00066535
124.762 0.000624313
127.816 0.00066113
121.332 0.000646587
123.977 0.00063825
122.148 0.000693525
124.417 0.00063068
121.867 0.000635142
116.749 0.000652907
121.321 0.000656211
126.461 0.000620596
127.394 0.000599084
121.802 0.000102422
126.119 0.000674016
123.734 0.000694196
130.091 4.59271e-05
120.413 0.000699782
125.129 0.000406067
122.541 0.00061127
125.704 0.000477575
123.923 0.000641731
118.949 0.000628987
124.116 0.000297313
126.449 0.000692691
126.591 0.000635911
124.335 0.000701207
121.349 0.000631615
124.618 0.000719674
127.661 4.43437e-07
124.264 0.000659868
123.871 0.000627236
122.777 0.000630835
126.898 0.000604428
128.35 0.000715649
121.889 0.000651941
119.835 0.000682984
124.389 0.000648015
127.611 0.000703871
123.108 0.000635379
116.918 0.000598979
127.333 0.000602305
122.822 0.000622561
117.73 0.000629046
128.685 0.000134457
125 0.000699149
125.002 0.000714955
125.169 0.000277915
116.055 0.000600707
125.951 0.000701813
123.606 0.000645828
130.512 0.000658641
128.981 0.000713136
126.837 0.000640485
125.611 0.000736464
125.955 0.000675033
131.247 0.000649564
121.882 0.000613089
123.18 0.000636332
125.793 0.000612582
123.836 0.000579386
123.568 0.000722669
121.84 0.000700697
126.261 0.000650506
124.053 0.000613111
125.949 0.000631708
125.637 0.000624328
115.074 0.000185997
127.981 0.00060917
124.843 0.000701053
122.202 0.00071412
125.635 0.00072223
115.944 0.000681165
125.535 0.000535352
120.447 0.000621938
125.082 0.000647833
125.477 0.00063176
121.208 0.000632873
123.318 0.0006938
123.979 0.000636067
124.325 0.000698194
123.74 0.00070676
118.772 0.00070931
123.591 4.70007e-05
123.506 0.000719592
115.943 0.000299016
127.177 0.000638916
123.563 0.000698618
125.184 0.000621723
124.518 0.000623559
124.945 0.000593104
124.393 0.000642708
126.218 0.000624356
124.847 0.000637397
124.391 0.000653956
126.677 2.95905e-05
125.79 0.000705491
126.127 0.000570015
122.2 0.000628006
127.826 0.000628405
124.744 0.000623648
121.789 0.000697439
122.525 0.000678387
122.83 0.000596086
121.59 0.000605242
123.824 0.000541767
126.04 0.000590892
124.796 0.00065572
123.488 0.000617573
121.165 0.00072698
120.813 0.000628514
126.196 6.80223e-05
129.262 0.000642813
125.043 0.000540009
121.527 0.000705694
124.21 0.000665448
127.35 0.000618359
125.265 0.000621444
125.62 0.000655781
126.177 0.00065508
124.155 0.000720449
124.537 0.000619935
140.585 0.000669572
123.32 0.000633669
118.636 0.000595126
123.301 0.000373661
121.89 0.000632866
127.952 0.000650353
125.102 0.000629255
126.896 0.000651867
128.191 0.000542662
120.268 0.000734801
119.794 0.000674733
123.918 0.000650594
123.524 0.000648248
123.995 0.000619131
126.266 0.000659888
122.195 0.000688179
122.573 0.000500284
126.979 0.0006337
123.766 0.000579989
126.578 0.00063552
125.329 0.000298048
124.906 0.000585424
124.582 9.21286e-07
126.437 0.000638124
123.679 0.000646935
123.057 0.000614701
123.698 0.000721052
123.058 0.000301124
126.748 0.000572464
124.198 0.000619947
123.013 0.000647404
126.48 0.000242068
124.475 0.000625222
122.307 0.000645038
128.199 0.000610964
128.47 0.000627676
123 0.00054296
122.113 0.000687157
118.522 0.000638044
122.654 0.000668405
127.3 0.000628178
121.868 0.000624081
126.325 0.000647728
120.9 0.000719279
124.279 0.000606361
123.218 0.000646779
124.673 0.000645076
118.852 0.000622195
125.116 0.000616376
125.798 0.000617674
120.214 4.37476e-05
126.597 0.000663063
126.887 0.00061145
130.532 0.000723289
122.209 0.000701611
123.175 0.000715267
127.478 0.000647061
125.391 0.000614614
130.32 0.000677778
164.104 0.000713922
129.402 0.000575242
121.254 0.000423511
128.242 0.000576028
126.511 0.000651119
126.37 0.000709556
126.343 0.000184623
125.675 0.000712568
123.107 0.000697683
122.563 0.000626975
126.551 0.000642755
123.054 0.000622398
129.191 0.000643516
121.627 0.000648101
127.811 0.000630412
124.134 0.000627989
124.272 0.000660279
126.141 0.000620417
125.578 0.000641631
123.438 0.000134901
124.361 0.000601848
117.339 0.000625362
123.127 0.000605842
120.76 0.00064542
126.293 0.000632345
120.838 0.000135115
123.839 0.000676727
124.358 0.00061939
119.431 0.000486981
123.926 0.000715269
125.058 0.000623183
128.23 0.000678565
123.915 0.000632581
123.118 0.000622189
121.831 0.000639151
121.681 0.000665171
120.606 0.000729541
129.211 0.000652883
124.143 0.000662559
121.799 0.000674893
124.514 0.000661405
117.735 0.000611276
119.858 0.000606861
123.33 0.000702604
124.45 0.000655215
124.756 0.000450407
121.604 0.000622136
124.208 0.00067216
122.997 0.000615372
123.115 0.000628056
121.883 0.000614574
127.384 0.000641376
118.104 7.19141e-06
126.766 0.000586077
123.446 0.000743156
124.969 0.000642998
125.925 0.000623389
125.767 0.000643927
122.647 0.000672664
125.292 0.000706373
126.59 9.61424e-05
123.242 0.000614092
125.433 0.000605901
128.902 0.000617865
128.124 3.14224e-05
123.674 0.000619354
125.682 0.000684282
119.427 0.000621875
120.53 0.00061133
122.79 0.000651438
122.667 0.000590608
122.393 0.000622307
126.948 0.000614239
121.838 0.000621068
119.587 0.000599253
125.717 0.00070485
123.116 0.000644889
118.777 0.000611976
126.56 0.000418468
123.721 0.000632129
123.675 0.000646862
122.77 0.000645492
125.032 0.000713649
121.939 0.000641619
129.468 0.000630757
125.218 0.000651471
124.744 0.000731251
126.2 0.000624325
121.818 0.00055742
123.561 9.61899e-05
124.987 0.000612579
128.856 0.000629344
124.005 0.000397399
125.828 0.000672158
126.455 0.000240127
124.236 0.000649522
124.942 0.000704477
121.523 0.000501963
124.808 0.000538964
122.72 0.000623783
121.566 0.00068351
124.674 0.000619568
127.069 0.000566703
124.03 0.000626203
126.437 0.000619438
123.647 0.00063069
126.251 0.000444435
128.226 0.000629923
126.982 0.000636073
121.308 0.000632606
125.688 0.000625556
126.11 0.000653575
124.955 0.000646145
123.988 0.000615624
121.495 0.000743111
123.969 0.000623584
115.987 0.000654496
121.089 0.000532768
126.078 0.000623455
123.746 0.000648389
116.505 0.000640662
120.126 0.000649672
124.17 0.000624646
126.937 0.000632199
121.124 0.000648782
123.491 0.000707584
123.027 0.000648938
124.114 0.000618762
124.788 0.000573173
123.978 0.000648701
123.746 0.000618659
124.546 0.000669692
125.804 0.000606072
126.662 0.000696545
125.893 0.000130076
126.92 0.000649925
125.209 0.000645888
118.778 0.000619028
123.73 0.000614395
125.143 0.000663568
124.694 0.000703114
124.763 0.000607545
119.429 0.000643351
124.799 0.00070545
127.092 0.000133721
122.701 0.000656953
123.213 0.000639458
126.656 0.000717577
118.676 0.000723607
120.443 0.00063268
124.089 0.000618468
125.021 0.0006733
118.405 0.000613577
122.645 0.000655137
124.806 0.000676904
124.109 0.000695132
123.899 0.000595293
125.955 0.000640513
125.082 0.000632658
120.833 0.000641901
128.238 0.000674413
126.893 0.000705961
128.158 0.000635144
125.015 0.000370136
124.941 0.000628746
125.172 0.00062528
124.602 0.000666835
126.336 0.000409359
126.002 0.000617247
128.94 0.000642594
124.34 0.000633337
128.137 0.000489433
117.358 0.000670486
125.156 0.000607868
125.011 0.000717485
123.949 0.000100524
125.68 0.000544069
126.821 0.000718839
124.171 0.000617316
122.988 0.000705165
123.569 0.000708227
125.205 0.000712836
121.487 0.000522033
121.007 0.000621811
122.547 0.000657131
126.27 0.000536623
122.914 0.000626963
123.44 0.00061591
127.539 0.000637973
124.235 0.000617557
123.44 0.000243708
122.882 0.000642949
124.678 0.000653443
125.667 0.000639428
126.603 0.000651435
124.427 0.000624598
120.974 0.000660859
123.316 0.000657016
127.085 0.00024308
125.209 0.000239915
116.683 0.000596275
122.651 0.000630884
124.539 0.000100662
131.447 0.000696775
125.198 0.000631785
120.809 0.000633984
127.596 0.00063312
124.946 0.000595336
125.264 0.000638012
124.455 0.000634871
124.036 0.00063002
125.007 0.000578464
127.452 0.000809151
126.041 0.000604878
121.783 0.000591429
120.785 0.000574492
125.54 0.000636883
125.818 0.000714426
123.828 0.000651731
126.11 0.000734388
120.311 0.000668551
122.996 0.000663495
125.968 0.000628533
120.83 0.000615185
124.476 0.000649144
125.055 0.000546987
123.271 0.000646759
121.632 0.00069682
121.695 0.000733967
123.757 0.000657455
127.028 0.000620523
124.01 0.000615718
125.178 0.000618596
126.012 0.000672354
123.424 0.000637424
123.013 0.000179181
128.638 0.000607116
123.887 0.00065053
126.956 0.000644891
121.804 0.000624738
131.233 0.000656971
126.862 0.000627682
128.342 0.000633864
126.851 0.000178377
126.843 0.000654649
126.374 0.000618614
127.681 0.000636056
120.139 0.000720307
115.582 0.000633897
120.958 0.000637428
125.213 0.000652484
121.45 0.000620409
117.942 0.00062525
126.018 0.000638474
124.541 0.000616963
122.931 0.000626588
123.077 0.000628185
121.207 0.000656581
123.58 0.000575546
118.638 0.000622253
120.36 0.000628814
127.5 1.87344e-05
123.835 0.000627329
120.58 0.000707135
121.612 0.000720978
122.917 0.000636788
126.847 0.000641587
122.612 0.000716109
126.022 0.000714104
122.554 0.000645615
119.412 0.000698349
131.736 0.000656705
127.317 0.000618427
120.569 0.000650594
126.093 0.000606195
124.851 0.00068172
124.474 0.000621694
123.061 0.000647687
125.307 0.000649387
125.375 0.000623659
125.829 0.000641434
120.385 0.000634686
126.05 0.000660296
126.745 0.00071684
125.803 0.000610516
119.941 0.000674244
124.268 0.000537996
128.77 0.000557431
126.33 0.000665009
125.601 0.000606365
125.573 0.000717131
124.336 0.000664131
123.23 0.000654581
122.669 4.59074e-05
124.612 0.000649461
117.727 0.000643806
119.111 0.000666029
126.377 0.000594853
127.919 0.000648791
123.658 0.000642997
129.327 0.000650037
126.116 0.000602919
124.291 0.000547795
124.493 0.000631245
126.017 0.000613673
130.965 0.000182178
120.71 0.00068821
119.854 0.000593421
122.787 0.000618646
124.357 0.000542264
121.232 9.78021e-05
118.148 0.000249991
124.651 0.000648731
121.625 0.000556435
124.789 0.000573039
120.95 0.000627848
124.866 0.000643293
126.942 0.000628925
123.853 0.000624959
125.778 0.00062552
117.654 0.000716841
127.297 0.00062027
125.475 0.000539339
126.176 0.000625001
119.115 0.000629767
125.667 0.000637976
123.381 0.000670591
122.94 0.000605934
123.576 0.000635091
129.287 0.000701165
127.575 0.0006359
124.868 0.000725009
125.746 0.000625518
126.419 0.000607772
122.981 0.000682756
124.368 0.00071083
125.721 0.00066446
125.757 0.000620315
126.114 0.000715145
128.477 0.00066689
122.395 0.000626452
127.866 0.000622209
127.847 0.000710792
124.889 0.000729992
125.69 0.000700833
122.218 0.000626681
122.981 0.000641097
123.494 0.000619233
122.693 0.00063445
122.398 0.000655349
125.173 0.000749922
122.673 0.000657367
127.535 0.000611212
116.514 0.000624314
125.214 0.000698098
125.05 0.000622443
126.075 0.000629199
125.665 0.000648992
127.588 0.000652581
123.716 0.000572205
124.383 0.000653765
121.641 0.000637277
122.902 0.000627236
124.178 0.000596151
120.352 0.000682231
124.221 0.000694018
124.432 0.000613324
124.255 0.000632091
124.716 0.000661254
121.189 0.000611854
124.273 0.000661969
122.586 0.00063669
124.846 0.000615503
123.516 0.000628911
128.374 0.000674141
125.837 0.000645215
122.11 0.000669739
124.277 0.000592072
123.279 0.000670278
121.55 0.000621087
124.229 0.000740507
123.469 0.000711526
125.203 0.00062473
122.596 0.000608237
126.686 0.000595157
124.255 0.000677327
129.469 0.000626618
123.785 0.000639389
124.809 0.000649184
125.754 0.000484106
124.412 0.000624028
126.395 0.000647336
122.295 0.000614051
125.289 0.000645261
128.553 0.000405964
124.696 0.000535213
122.776 0.000734231
121.916 0.00062402
120.7 0.000686563
121.612 0.000583458
123.975 0.000643487
126.32 0.000696642
124.828 0.00065449
126.615 0.000719307
125.278 7.20988e-06
121.815 0.000639288
124.536 0.000694296
125.594 0.000653072
121.238 0.000240947
121.266 0.000626054
125.562 0.000711959
123.416 0.000183489
120.058 0.000692889
116.315 0.000602562
126.774 0.000693811
118.577 0.0007273
127.923 0.000693614
122.604 0.000704638
122.007 0.000576131
127.494 0.000594409
123.133 0.000623154
125.242 0.00062129
123.491 0.000637999
118.186 0.000565117
123.126 0.000626764
124.256 0.000627723
121.281 0.000629494
124.784 0.000658793
120.86 0.000638472
124.036 0.000676172
125.218 0.000580428
126.084 0.000702353
129.88 0.00062288
123.894 0.000650641
124.503 0.000572053
123.645 0.000634442
120.141 0.000654047
120.267 0.000649115
126.929 0.000729454
122.245 0.000618108
129.314 0.000697385
121.307 6.77599e-05
127.984 0.000490446
124.06 0.000612833
123.488 0.00058937
125.779 0.000644794
122.918 0.000665728
117.412 0.000632006
117.962 0.000688781
125.411 0.000665461
129.041 0.000642252
127.768 0.000609926
123.975 0.000619115
123.115 6.76799e-05
124.46 0.000578999
120.68 0.000626157
122.084 0.000687245
118.752 0.000618696
125.809 7.29698e-06
121.288 0.000641097
122.885 0.000682727
125.277 0.000637098
121.314 0.000627986
118.592 0.000574209
126.76 0.000642518
125.638 0.000578457
127.354 0.000632789
124.934 0.000662947
126.16 0.000642009
124.267 0.000626687
125.616 0.000684378
129.765 0.000655376
124.533 0.000376061
122.007 0.000621111
119.911 0.000632061
124.563 0.000641621
127.476 0.000624258
125.331 0.000660102
122.998 0.000712422
121.845 0.000630109
126.871 0.000699893
122.147 0.000684386
123 9.41402e-05
120.17 0.000595076
122.947 0.000612895
119.277 0.000620253
125.991 0.000640161
121.299 0.000677961
115.103 0.000637874
122.801 0.000693901
125.284 0.000713287
121.094 0.000644025
126.886 0.000620812
115.474 0.000609779
118.001 0.0007343
125.075 0.000705746
122.75 0.000633525
124.744 0.000701257
116.834 0.000609383
122.28 0.000611112
124.368 0.000710939
128.24 0.000666893
127.615 0.000652683
122.724 0.000715029
126.367 0.000620632
118.082 0.00067124
117.962 0.000623184
123.82 0.000709667
123.486 0.000583331
126.541 0.000655257
122.782 0.000670048
121.649 0.00070283
124.617 0.000576977
124.81 0.000664689
126.852 0.000612048
122.999 0.000632183
125.381 0.000614416
123.358 0.000603739
125.228 0.000624445
118.617 0.000564225
122.886 0.000185499
124.639 0.000623723
125.181 0.000651003
125.418 0.000694842
123.925 0.000639691
120.169 0.000617013
124.52 0.000646789
124.018 0.000614848
127.724 0.000613799
120.295 0.000658835
118.705 0.000710875
125.979 0.000582157
124.206 0.000643631
126.245 0.000618137
123.979 0.000618244
126.009 0.00061332
123.31 0.000635979
125.297 0.000616697
119.694 0.00064364
125.709 0.000584598
124.063 0.000684589
123.29 0.000620114
124.71 0.000621287
126.065 0.000646282
124.086 0.00066599
123.386 0.00071463
117.821 0.000613547
124.101 0.000622686
125.576 0.000621911
123.132 0.000616001
124.561 0.000644608
125.362 0.000640251
118.943 0.000636351
124.36 0.000638179
127.009 0.000614727
124.43 0.000421428
124.481 0.000545517
123.159 0.00070008
126.451 0.000627581
124.138 0.000644776
118.218 0.000623944
120.442 0.000671835
120.126 0.000651949
126.766 0.000625922
129.032 0.000619014
120.992 0.000600616
123.009 0.000734808
121.863 0.00059478
122.154 0.000667801
121.383 0.000714852
123.088 0.000508756
124.155 0.000615173
124.602 0.000649434
123.593 0.000706369
124.197 0.000620917
125.121 0.000563118
121.38 0.000603077
121.073 0.000672328
125.96 0.000710835
124.847 0.000673944
124.501 0.000653471
115.406 0.000631805
128.122 0.000611179
125.161 9.94175e-05
125.223 0.000653048
123.159 0.000672535
123.113 0.000625873
125.142 0.000654513
121.698 0.000644112
121.583 6.72604e-05
128.652 0.000718311
125.96 0.0008604
122.948 0.000641319
126.316 0.000654225
125.431 0.000720863
124.446 0.000646008
120.661 0.000665305
122.302 0.000652045
125.931 0.000644834
118.822 0.000703893
121.469 6.88687e-06
121.052 0.000627803
128.257 0.000652115
120.485 0.000645841
122.621 0.000710765
125.56 0.000654187
124.339 0.000293992
126.576 0.00061395
123.807 0.000699961
121.768 0.000712169
126.679 0.000496883
122.957 0.000700321
124.29 0.000671259
124.98 0.000674995
121.335 0.000649491
122.123 0.000675932
124.383 0.000723294
129.039 0.000641999
127.615 0.000361755
126.493 0.000637997
127.349 0.000239315
121.929 0.000634557
121.032 0.000650872
123.489 0.000705444
125.436 0.000618392
123.417 0.000576248
124.491 0.000727518
121.405 0.00067314
125.096 0.000626138
125.499 0.000649508
126.374 0.000674533
129.599 0.00063222
122.297 0.000696541
128.767 0.000677586
122.138 0.000637572
124.864 0.00068753
129.739 0.000648512
125.552 0.000674361
128.138 0.000740014
122.684 0.000709012
125.801 0.000700166
125.953 0.000630892
127.758 0.000590421
120.295 0.00059123
116.998 0.0006127
122.663 0.000640599
124.219 0.000684938
123.472 0.000653497
126.293 0.000617658
123.256 0.000734942
121.594 0.000667077
128.095 0.000620153
119.135 0.000649043
128.922 0.000718479
126.344 0.000636195
119.16 0.000183804
123.021 0.000705757
120.563 0.000653949
124.428 0.000710363
123.014 0.000652415
127.57 0.000574397
128.652 0.000623791
121.435 0.000627036
122.425 0.000620699
121.357 0.000615687
119.085 0.00064392
124.705 0.000624984
126.511 0.000630081
121.992 0.000596043
120.228 0.000592525
125.702 0.000592998
122.322 0.000685585
119.617 2.72014e-05
124.568 0.000677414
121.672 0.000621992
122.704 3.03656e-05
126.756 1.55772e-06
125.668 0.000637328
120.389 0.000688358
126.399 0.000710413
124.303 0.000419684
129.051 0.000658189
116.326 1.90283e-05
122.678 0.000696238
124.23 0.000618467
120.969 3.03432e-05
123.722 0.000592801
125.625 0.000420741
118.671 1.90496e-05
126.126 0.000619405
123.776 0.000649586
127.296 0.000626441
125.551 0.000136553
124.281 0.000626155
122.541 0.000650828
124.208 0.000642048
125.062 0.000609429
120.603 0.000631653
126.83 0.000636645
121.892 0.000652882
125.033 0.000679299
128.79 0.000641764
122.991 0.000664077
125.537 0.000714474
126.009 0.000648867
124.33 0.00070038
122.941 0.000721185
127.237 0.00062406
124.102 0.000676376
121.008 0.000708417
125.117 0.000693426
126.114 0.00064813
124.387 0.000679731
122.866 0.000135743
126.764 0.000648104
122.283 0.000484319
126.479 0.000706657
116.391 0.000665534
121.292 0.000621831
126.592 0.000630597
124.609 0.000626655
127.969 0.000618556
125.994 0.000715241
125.714 0.000656818
126.779 0.000615658
123.752 0.000642853
122.768 0.000677671
123.763 0.000239881
125.011 0.000628204
125.894 0.000699024
125.91 0.000657454
120.752 0.000644591
124.617 0.000611725
120.041 0.000712651
119.327 0.00062125
125.362 0.000629982
122.712 0.000655476
124.296 0.00061401
122.789 0.000604288
125.607 0.000623941
124.989 0.000616221
124.984 0.000642688
124.286 0.00063862
118.623 0.000642014
123.317 0.000668434
129.69 0.000651857
123.545 0.000682195
123.99 0.000600815
122.25 0.00064668
122.284 0.000591191
124.065 0.000621899
123.465 0.000618179
123.566 0.000665093
119.672 0.00065754
126.027 0.000650627
123.103 0.000639302
127 0.000587705
124.32 0.000715125
126.829 0.00067463
123.902 0.000481783
127.432 0.000609663
119.686 0.000644357
127.838 0.000184531
119.263 0.000623194
121.718 0.00063244
120.842 0.000648782
122.134 0.000652572
123.84 0.00071459
122.171 0.000583628
126.074 0.0006243
124.783 0.000621076
121.076 1.13781e-05
124.364 0.000470784
124.084 0.000668765
126.671 0.000638663
129.624 0.000547053
123.615 0.000671313
126.59 0.000623254
124.038 0.000614141
121.876 0.000135047
121.018 0.000359082
121.529 4.26874e-05
116.742 0.000617233
125.469 0.000682935
124.629 0.000670878
124.342 0.000135265
126.956 0.000642454
125.729 0.000635254
121.928 0.00071967
125.435 0.00065137
122.314 0.000632456
115.41 0.000549397
127.455 0.000426277
124.267 0.000355748
123.651 0.000612558
122.744 0.000593363
123.706 0.000629502
125.135 0.000676574
125.687 0.000639973
122.71 0.000644058
128.993 0.000621836
124.961 0.000717336
125.314 0.000621543
121.759 0.000597834
125.004 1.89007e-05
123.09 0.000669251
125.113 0.000712106
126.721 0.000628935
115.72 0.000477739
124.761 0.000747235
119.944 0.00064585
124.66 0.000711292
120.666 0.000672147
122.134 0.00057877
120.971 0.00064207
124.999 0.00061676
129.332 0.000684794
127.435 1.18738e-05
124.334 0.000132047
128.667 0.000631748
127.555 0.000630145
117.263 0.000664544
125.283 0.000667591
125.182 0.000653377
123.33 0.000638619
124.859 0.00062273
122.628 0.000612228
125.621 0.000734242
124.85 0.000616623
129.004 0.000629785
122.868 0.000715122
124.988 0.000697765
133.508 0.000656626
124.198 0.000718617
125.288 7.20776e-06
131.111 0.000614639
119.446 0.000706125
124.804 0.000682842
121.442 0.000624105
129.159 0.000647177
123.729 0.000733442
124.258 0.000658209
127.305 0.000649344
120.934 0.000634583
127.925 0.000733966
122.884 0.000702541
121.789 0.000718588
125.934 0.000701407
124.323 0.000647578
123.235 0.000536852
123.261 0.000641688
125.997 0.000620619
123.832 0.000722508
124.67 0.000619009
124.696 0.000638316
123.49 0.000697208
125.058 0.000707785
125.293 0.000674838
124.486 0.000752211
129.507 0.000645968
120.957 0.000649412
126.784 0.000656443
118.468 0.000622547
125.071 0.000622673
125.316 0.000617426
127.114 0.00036998
124.908 0.000643161
116.361 0.000691626
126.455 0.000610894
126.356 0.000531975
125.019 0.000545646
116.886 0.000622988
126.292 0.000702077
119.89 0.000625622
118.597 0.000718437
127.054 0.00054858
122.107 0.000620945
124.854 0.000678577
124.574 0.000134825
124.879 0.000638484
116.771 0.000632172
123.161 0.000668689
122.963 0.000296433
124.856 0.000652062
126.044 0.000610778
123.391 0.000626
122.169 0.000483405
125.816 0.00071018
125.108 0.000184226
124.228 0.000721179
126.166 0.000610569
124.268 0.000612389
126.24 0.000648925
125.852 0.000673852
126.363 2.99055e-05
123.708 0.0006208
157.799 0.000592796
128.435 0.000192511
123.382 0.000620348
123.284 0.000101432
122.18 0.000680605
120.47 0.000652038
124.911 0.000651605
123.164 0.000135512
126.221 0.00070161
126.924 0.000587107
125.429 0.000621139
127.21 0.000636849
121.253 0.000610964
122.727 0.000619282
128.416 0.000626918
123.562 0.000623943
120.223 0.000681082
123.003 0.000644584
122.232 0.000575008
123.731 0.000665963
119.63 0.000647266
125.541 0.000708516
128.47 0.000672124
125.898 0.000651327
124.785 0.000658964
126.596 0.00064165
123.835 0.000664893
123.718 0.000630821
129.195 0.000615917
124.819 0.000605478
124.693 0.000721208
117.8 0.000699586
125.457 0.000648818
125.927 0.000709661
126.183 0.000711803
124.672 0.000633824
117.574 0.000681782
122.633 0.000642782
124.686 0.000658883
123.283 0.000613339
125.239 0.000612705
122.656 0.000649176
124.386 0.000632031
126.655 0.000667395
120.229 0.000705604
124.316 0.000661701
123.926 0.000650806
119.782 0.000670402
124.203 0.000590247
126.147 0.000677327
120.584 0.000708139
129.754 0.000728892
123.182 0.000618879
121.939 0.000644723
119.142 0.000592678
122.644 0.000631838
124.477 0.000654416
124.639 0.000622416
125.177 0.000614494
125.136 0.00064834
120.366 0.000613158
122.006 0.000631126
127.012 0.000644314
125.174 0.000645018
123.706 0.00072111
125.797 0.00064791
123.616 0.000749839
124.898 0.000641366
124.749 0.000635666
119.801 0.000557966
122.234 0.000650855
124.21 0.00067139
124.739 0.000136259
126.017 0.000716997
119.636 0.000634167
123.151 0.000658536
127.868 0.000638764
123.843 0.00070234
118.635 0.000693963
124.138 0.000588875
123.659 0.000636838
121.834 0.000595556
124.418 0.00067442
124.19 0.00029502
127.956 0.000609437
122.273 0.000658907
127.383 0.000616161
123.105 0.00068837
123.402 0.00063154
123.735 0.000614943
124.905 0.000693608
122.263 0.000519954
120.101 0.000620938
134.809 0.000627006
121.936 0.00067222
126.481 0.000654589
125.756 6.66755e-05
121.68 0.000716833
122.437 0.000656524
118.957 0.000707387
122.878 0.000699077
120.779 0.000686289
116.861 0.000628533
124.705 0.000659167
125.358 0.000596309
123.326 0.000585766
120.123 0.00066628
124.078 0.00062642
125.335 0.000701773
125.018 6.92415e-05
120.606 0.000618314
127.529 0.000655528
127.249 0.000646821
125.713 0.000737173
124.18 0.000652588
124.69 0.00064765
119.31 0.000674256
126.252 0.000627368
124.907 0.000630388
121.802 0.000635823
124.728 0.000691528
124.238 0.000624251
125.631 0.000696946
124.733 0.00066082
116.528 0.000654149
123.711 0.000698342
120.508 0.000420382
124.573 0.00068894
124.076 0.000645499
126.061 0.000616858
124.632 0.000718726
124.343 0.000639188
126.147 0.00062874
124.875 0.00013879
121.66 0.000599881
129.357 0.000621203
126.139 0.000579798
124.147 0.000623893
122.807 0.000643215
130.797 3.00742e-05
118.438 0.00063302
117.211 0.000715668
125.708 0.000651448
125.835 0.000628321
126.644 0.000644435
124.639 0.000624706
123.869 0.000641698
123.644 0.000698537
123.858 0.000134652
125.582 0.000632646
124.424 0.000617326
122.437 0.000663784
151.355 0.000185853
123.506 0.000612827
126.672 0.000621711
125.052 0.000624922
124.875 0.000688958
124.056 0.00065726
125.553 0.000631225
122.46 0.000673474
123.755 0.000630437
120.745 0.000621757
126.034 0.000623239
126.91 3.0403e-05
126.051 0.000652179
119.232 0.00071736
119.775 0.000711655
126.996 0.000620806
117.826 0.000598864
124.054 0.000668038
124.86 0.000595924
125.656 0.000101058
127.349 6.93693e-05
124.507 0.000244422
124.926 0.000628047
121.813 0.000606175
125.856 0.000635722
125.163 0.000656827
123.874 0.000637721
124.834 0.000628959
124.956 0.000183043
127.772 6.77425e-05
127.389 0.000665787
121.069 0.000634106
128.12 0.000735933
127.497 0.00061711
123.094 0.000655817
123.219 0.000622237
128.451 0.0007208
127.023 0.000635785
124.276 0.000624369
125.567 0.000669903
124.081 0.00061421
124.407 0.00069062
119.327 0.000595881
124.784 0.000618149
125.105 0.000656496
124.801 0.00070519
131.3 0.000589504
123.03 0.000624918
122.882 0.000672402
122.261 0.000485771
122.38 0.000720187
123.692 0.000643829
122.52 0.000603493
124.411 0.000633305
125.492 0.000708083
127.585 0.000634337
123.967 0.000658032
124.14 0.000613217
126.042 4.60139e-05
131.032 0.000380124
122.111 4.37969e-06
126.426 0.000706133
124.456 6.77678e-05
123.33 0.000584643
120.624 0.000676635
124.234 0.000647789
124.198 0.000680016
129.243 0.000624149
121.177 0.000621153
123.143 0.00042068
124.883 0.000607484
121.406 0.000604205
126.021 0.000625659
123.212 0.000683138
124.027 0.000733473
124.615 0.000706106
125.103 0.000703694
119.95 0.000711489
121.492 0.000619346
127.456 0.000647742
122.199 0.000657798
126.81 0.000666407
123.948 0.000614273
126.483 0.000636148
129.211 0.000636509
126.125 0.000679528
120.53 0.000656882
128.099 0.000185659
125.808 0.000612439
129.013 0.000656886
125.862 0.000619952
124.451 0.000640192
124.303 0.000707873
126.276 0.00059574
123.449 0.000709743
125.663 0.000617541
123.458 0.000692667
118.389 0.000800659
125.557 0.000592422
127.168 0.000633928
124.343 0.000633713
125.425 0.000418927
124.36 0.000638243
123.32 0.000648317
119.195 0.000673418
123.274 0.000669006
118.752 0.000625388
118.591 0.000607031
125.77 0.000658206
124.812 0.000621104
125.515 0.000677405
125.042 0.00062599
131.309 0.000609774
119.039 0.000601237
126.983 0.00062327
124.907 0.000583318
123.735 0.000635428
121.751 0.000718161
118.305 0.000499713
120.198 0.000706816
125.144 0.000536144
123.6 0.000427211
120.872 0.0006115
129.286 0.000622908
121.63 0.000716161
123.735 0.000703851
124.853 0.000688567
126.786 0.000658463
123.991 0.000364799
124.617 0.000652423
125.294 0.000642722
124.51 0.000626605
120.997 0.000630209
124.604 0.000646604
130.987 0.000734168
121.853 0.000667604
124.655 9.37732e-05
124.235 0.000633011
121.883 0.000654218
124.334 0.0006331
125.821 0.000621521
122.367 0.000656774
125.086 0.000642797
125.471 0.000746162
125.087 0.000722291
123.277 0.000685664
123.307 0.000674446
128.708 0.000715911
120.936 0.000376821
124.861 0.000625689
118.81 0.000368713
125.454 0.000625275
125.317 0.000615305
124.344 0.000648201
122.534 0.000691588
119.379 0.000677875
121.329 0.000592298
123.245 0.000708163
123.927 1.89584e-05
123.218 0.000605126
120.885 0.000626543
121.793 0.000645472
121.757 0.000735131
131.108 0.000651681
124.528 0.000621845
123.856 0.000687179
125.534 0.000611917
123.701 0.000556833
121.113 0.000626976
124.306 0.000630819
124.44 0.000184817
123.898 0.000419241
127.812 0.000758073
123.979 0.000649903
126.493 0.000647148
124.763 0.00065204
124.955 0.000299429
125.147 0.000687281
125.962 0.000591201
125.523 0.000626069
123.995 0.00070493
125.365 0.000661969
125.784 0.000652896
124.358 0.000687352
130.45 0.000656892
125.867 0.00063202
120.36 0.000302003
125.407 0.000654104
124.609 0.000483225
126.002 0.000673379
122.856 0.000180546
122.376 9.72191e-05
119.475 0.000180861
119.403 0.000709518
123.137 0.000591649
121.401 0.000592055
120.683 0.000624403
124.33 0.000622805
120.55 0.000711092
116.999 0.000694384
126.003 0.000615402
127.175 0.000639123
123.624 0.00018318
121.504 0.000667255
123.31 0.000620282
121.208 0.000588966
122.205 0.000636223
124.523 0.000642011
124.352 0.000706953
126.649 0.00061617
123.332 0.000629149
127.206 0.000718072
123.504 0.000720924
124.225 0.000629871
124.392 0.000645032
124.501 0.000700642
124.028 0.000639962
121.71 0.000713532
125.656 7.02097e-05
126.24 0.000648545
122.258 0.00063301
127.947 0.000640259
124.909 0.000623751
117.436 0.000607209
125.416 0.000691314
125.666 0.000655582
120.077 0.000714044
126.121 0.000640397
125.455 0.000695859
121.506 0.000431856
126.825 0.000636976
123.476 0.000867779
125.844 0.000619845
125.315 0.000430089
124.039 0.000652152
127.286 0.000590066
126.863 0.000609099
124.632 0.000706603
130.277 0.000623796
122.208 0.000661886
122.167 0.000625078
122.258 0.000601292
124.888 0.000671024
121.113 0.000691081
126.747 0.00061959
120.019 0.000589188
116.089 0.000641516
124.779 0.000499679
125.264 0.000628715
125.256 0.000650729
121.844 0.000630315
119.883 0.000603234
121.316 0.000649235
125.913 0.000642626
123.054 0.000653155
122.798 0.000617602
120.529 0.000586995
123.388 0.000735974
126.16 0.0006537
125.021 0.000649926
125.089 0.000297416
128.192 0.00062373
127.076 7.34174e-06
124.756 0.00069018
127.43 0.000707139
125.596 0.000617085
126.555 0.000608023
124.241 0.000709837
116.579 0.000679994
128.344 0.000648878
121.634 0.000630214
118.983 0.000711357
123.017 0.000567121
121.555 0.00060737
126.771 0.00042398
123.463 0.000620073
122.777 0.000646238
120.492 0.000188221
123.803 0.000641709
118.018 0.000715666
127.01 0.000715528
123.637 0.000607317
123.241 0.000639093
124.357 0.000666665
119.775 0.000659111
121.969 0.000630977
120.036 0.00063671
127.27 0.000618131
123.613 0.000634024
126.455 0.000599865
118.182 0.000647913
124.422 0.000758911
121.53 0.000615707
122.486 0.000654778
120.855 0.000649117
116.49 0.0006537
123.58 0.000674303
123.698 0.000623209
125.352 0.000646748
125.077 0.000621145
121.415 0.000506974
119.507 0.00061827
123.794 0.000643581
122.812 0.000622412
124.135 0.000667471
124.679 0.000624652
120.23 0.000654881
126.138 0.000540025
128.304 0.000646699
127.23 0.00064506
126.027 0.000632416
130.166 0.000647796
126.112 0.0005748
127.757 0.000631739
121.811 0.000697125
115.114 0.00071875
126.073 0.000613901
121.007 0.00065582
122.023 0.000667229
126.658 9.85556e-05
122.344 0.000686054
121.747 0.000649605
123.467 0.000661336
123.054 0.000620571
142.685 0.000647539
124.462 3.01345e-05
119.313 0.000704232
125.598 0.000669602
122.149 0.000703832
128.179 0.000669956
125.643 4.04507e-06
127.621 0.000607688
124.544 0.000709463
120.233 0.000624302
124.208 0.000625506
126.362 0.000614693
125.561 0.000720239
120.367 0.000621817
125.784 0.000647132
125.122 0.000613291
124.186 0.000643119
126.561 0.00061955
124.182 0.000709859
117.662 0.00071256
126.546 0.000535391
127.799 0.000620459
123.471 0.000623361
123.052 0.000655658
125.572 0.000517503
124.931 0.000622506
124.1 0.000137273
127.606 0.000513243
126.365 0.00070666
124.214 0.00070696
124.905 0.000644363
117.448 0.00063212
120.202 0.00062229
124.361 0.000643071
125.003 0.00059902
125.235 0.000670106
126.445 0.000648089
125.61 0.000710986
125.657 0.000578518
123.165 0.000717607
126.247 0.000628322
126.278 0.000629128
136.335 0.000631831
122.521 0.000479238
119.955 0.000640391
125.888 0.000664431
123.031 0.000703793
126.699 0.000362814
124.03 0.000643821
122.957 0.000661785
123.089 0.000654981
123.273 0.00063688
126.876 0.000616184
116.028 0.000622454
127.556 0.000639857
122.078 0.000656769
123.669 0.000620465
125.123 0.000679682
121.903 0.000702806
125.377 0.000703954
124.489 0.000139439
125.246 0.000712078
123.578 0.00061923
123.281 0.000630525
125.768 0.000621895
125.166 0.000714069
122.578 0.000641233
126.312 0.00064541
129.568 0.000592673
123.208 0.000629558
127.961 0.000618605
126.848 0.000492334
122.728 0.000618261
122.573 0.000539463
127.191 0.000644236
124.514 0.000616944
124.367 0.000649357
118.767 0.000625595
126.972 0.000633581
126.427 0.000598787
119.221 0.000610692
124.059 0.000640847
124.834 0.000687066
122.207 0.000630355
124.282 0.00064883
123.478 0.000654544
130.744 0.000622391
126.802 0.000603807
123.201 0.000723984
126.782 0.000710154
127.129 0.000616372
125.843 0.000635189
125.843 0.000630861
124.353 0.000240664
122.635 0.000627174
125.073 0.000622291
122.672 0.000644766
124.764 0.000645283
120.971 0.000652096
128.485 0.000659433
123.215 0.000653659
127.843 0.000621433
122.621 0.000627394
124.132 0.000673641
123.617 0.000668274
124.961 0.000185527
119.386 0.00069943
127.604 0.000617946
127.184 0.000629612
128.504 0.000646006
124.317 0.000644829
126.157 0.000706076
126.196 0.000630027
121.496 0.000669418
120.748 0.000718342
122.803 0.000623739
125.677 0.000274737
124.508 0.000663505
126.477 0.000732433
123.73 4.27177e-06
125.608 0.000656113
126.551 0.000652275
121.983 0.000683718
120.535 0.000456702
122.346 0.00064854
126.095 0.000656052
121.371 0.000601678
127.322 0.000645304
119.523 0.000623137
124.629 0.000553767
121.514 0.000652515
123.376 0.000718092
118.122 0.000691455
124.023 0.000648793
124.158 0.000641828
124.3 0.000707563
124.454 0.000703984
125.966 0.000573264
124.093 0.00035754
127.16 3.96415e-07
125.261 0.000648941
118.818 0.000612608
125.226 0.000630425
118.071 0.000649936
115.968 0.000700237
124.899 9.74253e-05
123.753 0.000633381
126.053 0.000634074
117.952 0.000648079
121.839 0.000671502
126.451 0.000651565
124.644 0.000694294
125.724 0.000713736
125.16 0.000650026
126.701 0.000626497
116.601 0.000640968
123.895 0.000163259
126.59 0.000639643
123.216 0.000629373
126.575 0.000720936
122.051 0.000626032
126.165 0.000619295
124.949 0.000187951
120.978 0.000652827
127.552 0.000746102
121.643 0.000607477
124.242 0.000642298
126.338 0.000623111
121.195 0.000694009
120.457 0.000641858
126.238 3.01723e-05
126.052 0.000651924
129.447 0.000619266
128.357 0.000717938
119.612 0.000707655
124.288 0.000654893
125.303 0.000655173
121.59 0.000630353
126.062 0.000572862
125.274 0.000641574
132.259 0.000588913
122.359 0.00069771
125.987 0.000651384
123.345 0.000652689
124.914 0.000569745
124.144 4.60696e-05
126.121 0.000657545
123.958 0.000597054
124.014 0.000684276
125.514 0.000635542
119.718 0.000579438
123.373 0.000614712
119.432 0.000624901
130.149 0.000654042
123.945 0.000621261
124.189 0.000652454
121.376 0.000738602
125.743 0.000732614
124.453 0.00070712
124.771 0.00062617
124.968 0.000659474
125.897 0.000661159
123.164 0.000675783
124.255 0.000650752
124.535 0.000584089
123.469 0.000618229
121.084 0.000298421
123.149 0.000591271
123.549 0.000643325
119.88 0.000727248
123.93 0.000596898
125.417 0.000613632
124.103 0.000656723
125.374 0.000690922
119.213 0.000609716
122.535 0.000706212
117.402 0.000602095
124.123 0.000636209
116.95 0.000637566
123.755 0.000708351
129.543 0.000715643
121.111 0.000855721
125.88 0.000584701
124.839 0.000626846
126.963 0.000622727
118.002 0.000625296
125.488 0.000249386
125.352 0.000138451
117.199 0.000648867
125.353 0.00064729
122.041 0.000636647
127.122 0.000707463
123.785 0.00059119
123.881 0.000629068
121.614 0.000587987
126.469 0.000703305
123.193 0.000623325
125.527 0.000648783
122.228 0.000684117
123.366 0.000135884
125.959 0.00072243
130.934 0.000625711
122.57 0.000621861
118.917 0.000423709
123.937 0.000593462
122.37 0.000632261
126.454 0.000649668
121.366 4.41242e-05
120.148 0.00063356
116.625 0.000632007
124.855 0.000616068
125.886 0.000561165
124.05 0.000639574
123.926 0.000646177
126.767 4.41984e-05
119.565 0.000627186
124.82 9.7273e-05
126.474 0.000632386
126.75 0.000640207
125.002 0.000361272
120.587 0.000601616
116.428 0.000479521
126.123 0.000647133
117.027 0.000632349
126.508 0.000641735
116.594 1.60893e-06
123.438 0.000639394
124.25 0.000695879
126.66 0.000618002
125.295 0.000636009
123.262 0.000645019
122.997 0.00062262
127.706 7.33315e-06
127.501 0.000659158
127.387 0.000637456
124.236 0.000646084
125.847 0.000632005
124.206 0.000708102
121.818 0.000680485
122.108 0.000617267
126.744 0.000631961
126.25 0.000578315
126.441 0.000624102
122.374 0.000673262
120.746 0.000641593
121.683 0.000638171
121.263 0.000714925
125.186 0.000300817
127.002 0.000653302
119 0.000709557
123.542 0.000548781
122.921 9.67741e-05
125.135 0.000613475
126.347 0.000645198
122.508 0.000576046
115.362 0.000704223
128.795 0.000631051
126.164 0.000587884
126.49 0.000626094
125.773 0.000568906
125.178 0.000645381
126.72 0.000632554
125.781 0.000657586
124.955 0.000181154
119.745 0.000728177
123.939 0.000613554
124.806 0.000646716
123.519 0.000621085
123.477 0.000622527
122.605 0.000627649
122.348 0.000649734
122.99 0.000642148
124.261 0.000621437
118.538 0.00062828
124.549 0.000696321
123.177 0.000707133
129.074 0.000539299
126.893 0.000594682
123.533 0.000625956
124.786 0.00069738
124.527 0.000622727
121.424 0.000642914
126.707 0.000643629
119.243 0.000621262
124.043 0.000728624
120.131 0.000681518
129.888 0.000704097
125.642 0.000691934
122.64 0.000624381
121.208 0.00069909
120.339 0.000652156
123.613 0.000662483
126.794 0.000700554
126.745 0.000624789
126.046 0.000620004
124.915 0.00060232
121.452 0.000674503
122.129 0.00068705
131.016 0.000647737
124.843 0.000647756
127.841 0.000516505
126.678 0.000617944
124.075 0.000730654
124.192 0.000493089
123.125 0.000630218
124.025 0.000646864
122.261 0.000653159
115.993 0.000696751
121.722 0.000614792
122.586 0.000625627
125.676 0.0004945
129.303 0.000392057
124.457 6.98479e-05
128.394 0.000666494
124.622 0.000691537
122.59 0.000701279
123.459 0.000627583
125.839 0.000182476
125.621 0.000635121
124.539 0.000636733
124.514 0.000701861
125.195 0.000639758
124.515 0.00062537
123.222 0.000618657
126.459 0.000669736
119.793 0.000749306
123.77 0.000702761
124.127 0.000604123
125.718 0.000627098
120.988 0.000650731
117.623 0.000610367
121.397 0.000680606
124.703 0.000611587
121.937 0.000625455
126.448 0.000633298
124.801 0.000645419
126.058 0.000623976
125.769 0.000627248
126.969 0.000631805
117.217 0.00061359
122.975 0.000631521
128.126 0.000599916
122.028 0.000678805
130.242 0.000621714
123.628 0.00066509
120.619 0.000656303
122.85 0.00063657
124.541 0.000634762
122.915 0.0006609
124.468 0.000608715
119.961 0.00038752
115.513 0.000301434
123.7 0.000135419
126.573 0.000611659
128.646 0.000641328
127.117 0.000630627
122.959 0.0006785
124.976 0.000632623
116.161 0.000641347
117.796 0.000581818
115.446 0.000787042
126.297 0.000630922
123.3 0.000615266
125.036 0.000699601
124.317 0.000724167
124.053 0.000662364
121.152 0.00065978
128.066 0.000758804
124.936 0.000614289
123.032 0.000661153
122.361 0.000639755
123.561 0.000634574
124.041 0.000646864
123.759 4.35439e-06
124.771 0.00065966
125.388 7.47114e-06
122.798 0.000623935
121.027 0.000723492
125.507 0.000597195
126.869 0.00068706
126.703 0.000628669
122.306 0.000661219
123.45 0.000712236
122.888 0.000667385
124.819 0.000618509
122.826 0.000646909
124.478 0.000635996
128.021 0.000624981
124.795 0.000644174
127.6 0.000672257
123.537 0.000602493
120.567 0.000684782
123.38 0.000694127
127.745 0.000646668
124.188 0.000724454
124.905 0.000238584
127.117 0.000664613
119.412 0.000588255
122.148 0.000630142
124.619 0.000694043
122.736 0.000626506
125.03 0.000652037
125.886 9.61667e-05
118.811 6.62592e-05
122.556 0.000623082
120.075 0.000737175
125.149 0.000699357
128.079 0.000255707
124.934 2.61078e-06
123.57 0.000741466
126.306 0.000289902
123.385 0.000616105
126.374 0.000636547
126.021 0.000643367
124.81 0.000622754
122.938 0.000682404
117.554 0.000681744
120.625 0.000672051
124.135 0.000630763
123.745 0.00023955
123.02 0.000602023
124.432 0.000652944
124.059 0.000637734
129.241 0.000620995
134.474 0.000653068
119.685 0.000625371
125.151 0.000630163
122.834 1.23641e-05
124.522 0.000641703
125.516 0.000621257
122.039 0.000462312
126.437 0.000709078
125.173 0.000713343
125.491 0.000564226
124.333 0.000705954
124.731 0.000636567
124.908 0.000652034
125.148 0.000682862
126.848 0.000365137
123.876 0.000616001
123.03 0.000619936
123.661 0.00062866
127.057 0.000663172
122.547 0.000686586
122.4 0.000677052
126.472 0.000654546
121.574 0.000661414
125.233 8.72251e-07
122.029 0.000711205
123.634 0.000689836
130.296 0.000620309
127.291 0.000723605
127.801 0.000636756
123.115 0.000634451
122.748 0.000565601
125.347 0.000622876
122.622 0.000623949
124.26 0.000632315
126.042 0.000627838
125.918 0.000623577
124.362 0.000612839
124.724 0.000656534
126.098 0.000660043
124.236 0.000651876
118.613 0.000631159
121.984 0.000649898
123.814 0.000591457
130.145 0.000695934
123.991 0.00065276
125.487 0.000184938
129.425 0.000623539
124.203 0.000651259
126.355 0.000701813
127.024 0.000599476
122.927 0.000719048
125.167 0.000640513
126.149 0.000649984
118.505 0.000606052
123.348 0.000555016
127.474 0.000600446
126.256 0.000653744
121.552 0.000640362
124.711 0.000613265
123.42 0.000615018
122.915 0.000694954
125.321 0.000414373
123.042 0.000664979
123.359 0.000682124
120.481 0.000605112
123.099 0.000699315
128.604 0.000676519
125.566 0.000719661
126.251 0.000766107
121.497 0.00067914
124.376 0.000683856
128.013 0.000680321
118.893 0.000585163
121.316 0.000641783
124.912 0.000656596
117.354 0.000605946
124.809 0.000669444
124.484 0.000668304
124.501 0.000690038
120.964 0.000609832
125.606 0.000718536
125.328 0.000754354
123.742 0.000625696
117.424 0.000582474
126.226 0.000632089
123.606 0.000608212
123.601 0.000642618
125.501 0.000676242
120.832 0.000714342
121.417 0.000653964
118.239 0.000597357
120.948 0.000603593
123.629 0.000676705
124.251 0.000631086
125.353 6.72574e-05
124.821 0.000313824
123.057 0.000692617
122.024 1.90751e-05
125.414 0.000630736
124.765 0.000608122
126.269 0.000631993
123.606 0.000674107
118.011 0.000638998
126.44 0.000634475
122.703 0.000645891
123.486 0.000642979
120.96 0.000593761
125.274 6.84984e-05
124.09 0.000626807
123.935 0.000691835
120.677 0.000699385
124.768 0.000604962
117.784 0.0006484
124.569 0.000628918
126.372 0.000635105
125.291 0.000682433
123.164 0.000580414
123.234 0.000580808
123.916 0.000628155
119.618 0.000641112
124.34 4.55758e-05
124.191 0.000136079
126.887 0.000682594
125.255 0.000478953
128.156 0.000634866
118.549 0.000701128
124.332 0.000632323
122.568 0.000653176
116.176 0.000593088
127.573 0.000727439
124.611 0.000649307
123.515 0.000739981
124.595 0.000621534
121.568 0.000620579
124.558 0.000655173
126.239 0.000644043
118.731 0.000624463
123.525 0.000590535
120.866 0.000620561
122.944 0.000671743
127.536 0.000652063
126.553 0.000482493
123.181 0.000539475
123.61 0.000627142
121.855 0.000660121
124.57 0.0006221
124.85 0.000651461
123.385 0.000705241
123.035 0.00067574
124.074 0.000654906
125.087 0.000619431
125.596 0.000676995
118.021 0.000668992
123.221 0.000707563
125.889 0.000634148
125.012 0.00064729
127.018 0.000650057
121.995 9.44975e-07
121.945 0.000578505
125.867 0.000626796
122.025 0.000574325
124.454 0.000693534
