129.096 0.000144291
120.968 0.000140045
116.104 0.000145795
124.045 0.000158213
125.862 0.000137144
125.101 0.000117396
121.253 9.90742e-06
120.758 0.000138578
123.512 6.40979e-05
123.814 0.00013844
125.649 0.00014585
122.689 0.000141108
123.109 0.000145922
120.181 0.00014643
123.504 0.000103495
130.179 0.000103311
125.095 0.000139669
124.486 3.9994e-05
126.227 0.000134678
124.639 0.00014194
127.263 0.000135049
129.918 0.000142877
122.853 0.00010601
122.359 0.000140678
123.567 0.000139602
133.527 0.000133204
117.934 0.0001338
125.266 0.000141135
127.109 0.000134886
134.747 0.000135148
125.971 0.000147964
126.705 0.000141462
121.972 0.000141104
124.695 0.000152745
124.376 9.48774e-05
115.836 0.000139149
125.175 0.000137055
126.62 0.000137157
124.969 6.49685e-06
121.777 0.00010765
122.23 0.000144324
125.742 0.000138528
126.174 0.000133685
123.304 0.00013373
124.147 0.000141781
127.302 0.00015339
124.643 0.000151109
123.989 0.000134031
124.244 0.000136316
128.158 0.000130076
126.427 0.000136447
123.421 0.000148688
124.495 0.000153913
124.999 0.000140231
125.48 0.000136328
125.838 0.000155515
125.227 0.000155366
123.773 6.40988e-05
122.158 2.07563e-05
126.06 0.000138437
125.03 0.000124305
129.635 0.000145083
122.965 0.000134963
126.889 0.000160035
125.111 0.000139673
126.668 0.000137854
121.172 0.000100787
126.791 0.000136976
126.613 0.000137307
124.771 0.000147699
124.912 0.000140899
120.622 0.000153281
123.344 0.000130691
125.528 0.000123232
124.806 5.99268e-06
124.25 0.000134052
123.256 7.84863e-05
120.075 0.000117173
151.017 0.000146107
125.24 0.000135607
125.074 3.31673e-07
118.685 0.000143026
145.447 0.000137327
123.061 0.000141326
122.9 9.21321e-05
122.895 0.000133043
127.201 0.000136584
144.57 0.000141918
124.66 0.000154528
123.349 0.000116205
123.921 0.000137935
118.345 0.000133417
122.429 0.0001343
126.973 3.93027e-05
122.844 0.000154815
120.677 0.00015021
122.576 0.000140548
126.969 0.000140888
119.038 9.42468e-05
131.805 0.000150112
123.055 0.000132858
126.411 0.000136417
152.572 0.000141443
123.353 0.000159989
124.395 0.00014181
140.307 0.000135397
124.235 0.000133183
121.954 9.42379e-05
133.885 0.000155802
126.022 0.000138223
155.095 6.45471e-05
133.563 0.000140584
128.719 0.000149545
126.146 0.000136771
126.155 0.000144783
127.347 0.000151984
126.089 0.000130736
125.514 0.000140811
124.068 0.000142343
124.918 5.62935e-07
121.116 6.5889e-06
131.96 0.000141675
124.95 0.000131628
125.328 0.000134473
152.482 0.00013691
123.848 0.000136705
133.093 0.000125757
124.156 0.000138307
124.089 0.000126862
121.033 4.15382e-06
125.045 0.000132717
124.649 0.00013586
124.823 0.000138303
125.488 0.000134858
124.547 0.000143969
124.972 0.000134409
125.715 -0.00014478
122.824 0.000134708
121.745 0.000143237
124.448 0.000157391
126.708 0.00012922
122.141 0.000156698
124.827 0.000107878
116.386 2.99479e-05
121.081 0.000150992
122.508 0.000135261
117.575 -2.17243e-05
120.413 0.000136265
123.518 0.000104494
124.818 0.000154169
127.3 0.000131598
124.129 0.000138158
120.648 0.000141068
124.336 0.000136825
122.589 0.000137444
122.347 0.000138507
124.519 0.000137481
124.523 0.000139043
125.834 0.000135031
123.873 0.000133329
127.629 0.00013927
122.446 0.000131767
124.25 0.000135055
122.217 0.000151351
139.244 0.000139412
121.817 0.000133238
125.322 0.000133807
125.699 5.07664e-05
124.503 0.000123181
124.59 0.000154316
117.062 0.000137541
125.881 4.04212e-06
125.724 0.000103863
125.459 9.92687e-06
123.03 0.000148757
131.843 4.87413e-05
117.058 0.000139409
129.336 0.000133493
125.574 0.000132636
139.942 0.000132417
131.445 0.000141797
123.756 0.000139117
125.267 0.00013691
123.521 0.000160381
125.705 0.000119511
125.872 0.000153882
119.203 0.000139151
125.719 0.000146995
125.444 0.000125602
125.612 0.000143392
126.532 0.000148792
124.199 0.000136297
117.462 0.000133607
126.45 0.000135272
133.458 0.000140073
123.349 0.000119821
127.005 1.46018e-05
118.803 0.000140775
125.442 0.000148326
126.152 0.000138711
125.494 0.000139002
126.048 0.000135477
119.916 2.585e-06
117.974 2.93237e-05
122.781 0.000137374
124.819 0.000133279
125.647 0.000141111
124.157 3.99063e-05
120.022 0.000137504
120.07 0.00013771
123.572 0.000152418
138.136 0.000134769
125.886 -0.000136626
127.879 5.67941e-07
125.551 0.000135173
122.597 0.000134125
125.956 0.00013433
124.423 -0.000134071
122.256 0.000154464
124.752 0.000124889
118.463 0.000135653
123.073 0.000160612
121.852 0.000150555
124.725 0.000130708
123.866 6.6747e-05
160.401 0.000139203
121.218 0.000131864
115.565 4.01909e-06
124.111 0.000152302
125.517 0.000142006
122.024 0.000143596
125.59 0.000105399
124.846 0.000141311
124.398 0.000152214
124.81 0.000138119
149.005 2.08699e-05
121.89 0.000158539
125.385 6.27233e-05
123.051 0.00013357
123.272 0.000158029
125.121 2.62075e-06
126.224 0.000134025
151.151 0.000155107
127.701 0.000152709
129.796 0.000107398
127.967 9.37637e-05
122.178 0.000135416
120.433 0.000134879
168.616 1.96823e-05
126.108 0.000142018
127.148 6.52397e-05
126.787 6.483e-05
122.943 0.000137889
125.888 0.000138261
120.752 0.000143834
122.604 0.000154902
135.098 0.000163207
121.658 0.000158425
123.296 0.000143541
119.961 -0.000136597
127.501 2.12613e-05
144.245 0.000135187
124.691 0.000145596
125.055 5.13026e-05
122.073 0.000140401
125.255 0.000133898
126.237 0.000133925
122.605 0.000146861
125.59 0.000140292
124.49 0.000153804
128.616 0.000148167
123.557 -0.00014176
122.824 0.000144205
147.311 9.4059e-07
123.298 0.00014025
127.137 0.000132271
128.116 0.00014941
123.527 0.000140666
126.961 0.000136371
137.724 0.000137316
124.997 7.75909e-05
119.824 0.000156656
126.052 0.000158722
118.324 0.000153992
123.563 0.000116415
126.111 0.000136362
124.621 0.000137785
125.512 0.000151883
123.491 0.000143842
125.658 0.000137972
124.277 0.000143981
126.004 0.000135163
119.894 0.00014059
127.195 0.00014689
123.633 0.000135908
125.968 2.74944e-05
124.851 0.000133784
123.078 0.000107522
124.187 0.000103074
124.91 0.000156605
123.076 0.000143537
124.856 0.000137816
123.891 0.000136927
126.484 0.000139327
121.501 0.000117142
124.305 0.000155573
124.94 0.000151919
153.03 0.000138707
123.773 5.28918e-05
123.629 0.000138895
124.412 0.000135501
124.532 0.000156335
121.113 8.47146e-05
130.168 0.000103806
125.525 0.00013307
116.563 0.000147235
123.618 0.00013691
126.122 0.000137167
124.623 0.000133279
122.661 3.9765e-05
124.712 0.000144831
120.059 0.00013711
126.455 0.000144367
125.522 0.000139704
118.895 0.00015074
126.396 0.000142721
125.502 0.000141203
126.963 0.000147287
123.676 0.000139648
127.16 0.000148443
124.435 0.000138262
146.47 0.000134761
122.297 0.000155455
124.746 0.000136233
124.826 0.00013307
123.286 0.000126319
167.749 0.000156042
126.62 0.000155436
125.237 0.000137747
124.963 0.000139972
123.546 0.000142125
124.471 0.000150387
123.489 0.000138154
124.352 0.000140585
126.753 0.000131953
121.986 0.000138153
120.642 0.000130089
125.13 4.14524e-06
125.283 0.000136363
127.328 0.000137512
124.797 -7.79861e-05
122.463 0.000133003
118.774 0.000133612
127.216 0.000147195
125.795 3.09479e-05
123.407 0.000138212
118.693 0.000102497
126.693 7.88828e-05
126.351 0.000142983
123.66 0.000153079
125.504 5.74001e-07
124.508 0.000144617
138.515 0.000137707
142.53 0.000138297
125.686 0.000155502
122.892 0.00013691
122.832 0.000137825
124.971 0.000140373
118.417 0.00012371
141.82 0.000142835
126.178 0.000147857
124.995 0.000134351
129.51 0.000134965
121.532 0.000153862
123.506 0.000133881
123.522 0.000143461
121.683 0.000144272
122.466 0.000136033
135.79 0.000137703
123.581 0.000133729
127.336 0.000140286
118.407 0.000138701
124.037 0.000153427
124.388 0.000131228
124.949 0.000142202
126.066 0.000151104
124.616 0.000144512
115.904 7.80117e-05
126.245 -0.000140058
124.768 0.000135565
124.606 3.36787e-07
129.734 0.000134349
124.288 0.00014946
122.234 0.000138155
125.803 0.000155381
125.834 9.47089e-07
123.633 0.000137071
123.64 0.000152757
121.77 0.000142618
150.814 0.000135678
123.985 0.000134293
144.207 6.09694e-05
151.272 0.000135523
122.635 0.000133563
123.548 0.000141816
124.307 0.000138793
121.881 0.000133816
148.063 6.36246e-05
121.063 0.000133195
122.285 0.000140138
131.637 0.000139599
125.748 0.000140869
124.642 0.000138045
124.007 0.000156179
122.452 0.000135886
126.575 0.000153429
117.737 0.000138307
125.571 0.000150703
123.382 6.60652e-05
118.536 0.000157838
125.062 0.000137465
123.521 0.00013423
124.264 0.000144583
125.638 0.000134939
123.492 0.000133438
123.942 0.000135043
124.046 2.13385e-05
126.151 0.00012048
127.375 0.000149871
124.094 0.000136447
123.55 0.000158896
126.545 0.000142151
125.755 0.000139094
124.716 0.000139511
122.537 0.000137641
124.193 0.000142212
123.137 0.000134016
126.346 0.00014467
123.11 0.000158233
129.585 0.000135358
126.053 0.000138134
127.856 0.00015876
123.468 0.000140889
127.711 0.000136213
123.152 9.68355e-06
119.67 0.000153657
127.779 6.35311e-06
126.269 2.42622e-07
153.129 0.000134995
121.63 0.00013847
124.939 0.000151437
125.806 0.000135055
123.759 0.000125071
118.74 0.000140967
125.887 0.000146049
126.426 0.000130259
125.614 0.000136469
126.756 0.000159177
122.964 0.00013435
126.591 -0.000133153
126.845 0.000132116
124.449 0.00013423
155.496 0.00013553
125.973 0.000155632
128.74 0.000159589
123.34 0.000134549
123.504 0.00014557
123.536 0.000138234
145.451 1.41585e-05
124.568 0.000135163
124.901 0.000149634
127.747 0.000132617
124.156 0.000138392
124.859 0.000136263
119.7 0.000135783
158.845 0.000141329
122.379 0.000155573
123.892 0.000119287
123.365 0.000145799
124.986 0.000141542
126.822 0.000152338
121.482 0.000142566
124.469 0.000137301
125.352 0.00015972
124.502 0.00015435
127.322 0.000131385
135.4 -0.000133271
124.751 0.000138946
124.637 0.000116961
136.844 6.11563e-05
126.463 0.00014125
125.8 0.000145898
124.283 0.000143329
124.529 0.000116698
115.249 0.000137894
124.223 0.000135212
124.481 0.000143103
124.425 0.000135611
125.838 2.64177e-06
125.871 0.00013473
124.695 0.000126566
125.409 0.000138283
125.4 0.000140829
127.027 0.000158803
132.286 2.97919e-05
125.732 0.000142214
124.211 0.000127036
124.402 0.000138352
121.673 0.000153007
125.033 0.00015015
126.99 0.000136636
124.249 0.000143706
119.654 9.95132e-06
126.155 0.000136234
126.354 -0.000121921
129.214 0.000143027
129.911 0.000144853
125.569 1.9518e-05
125.083 0.000135271
123.867 0.0001543
125.87 0.000154247
126.088 0.000135837
125.333 0.000103351
124.213 0.000148093
122.72 0.000134672
122.668 9.27431e-08
126.165 0.000130497
125.157 0.000132425
125.095 0.000132339
125.458 0.000139816
126.447 0.000141832
125.518 0.000139279
123.699 0.000139599
123.6 0.000156776
125.725 0.000140407
126.358 0.00013129
125.504 0.000140724
143.123 0.000154536
121.417 0.000138727
138.098 0.000141021
123.572 0.000153824
152.819 0.000130033
123.923 0.000135742
125.353 0.000153964
126.267 0.000154485
125.077 0.000132887
156.389 0.000143555
123.946 1.46172e-05
122.818 0.000145458
123.488 0.000132059
125.178 0.000137983
117.831 0.00012863
125.936 0.000140238
139.21 0.00015819
119.019 0.000157991
122.683 0.0001592
124.551 0.00014408
126.622 0.000135947
122.891 0.000122717
116.683 0.000137379
124.434 0.000138462
125.039 0.000138312
126.076 0.00015232
125.284 0.000150755
124.937 0.000144958
123.305 0.000139971
126.018 0.000141425
125.309 0.000137202
124.743 0.000152655
124.894 0.00013394
128.412 0.000136622
121.777 0.000135942
115.884 0.000153509
123.567 0.000143595
126.644 3.47644e-07
125.698 0.000135563
123.17 0.000135319
124.634 0.000136689
122.978 0.000140929
125.63 0.000135363
124.435 0.000139534
126.677 0.000142298
141.177 0.000142308
126.091 0.000154043
128.843 -0.00012779
126.702 0.000157404
122.792 0.000138862
139.874 0.000134662
124.503 0.000133846
141.339 0.000137445
125.733 0.000136123
123.338 0.000146834
125.738 9.83294e-06
126.27 0.000141695
122.648 0.000146286
123.865 0.000154359
123.285 0.000156246
125.045 0.000116876
122.411 0.000132979
125.899 0.000108512
122.855 0.000136656
123.553 0.000116401
125.956 0.000155948
123.744 0.000131636
123.169 0.000141352
126.723 0.000141064
120.989 0.00014193
147.533 0.000128527
123.937 0.000143052
123.994 2.91603e-05
119.406 0.000139667
129.851 0.000131123
124.005 4.05611e-05
127.583 0.000155432
126.3 0.000145117
124.506 0.000143601
124.085 0.000137093
125.208 0.000145016
128.346 0.000137932
123.603 0.000149978
124.043 0.000133163
125.956 0.000137712
120.465 0.000131642
168.412 0.000125251
126.877 0.00014303
125.344 0.000140344
126.597 0.000152045
126.832 0.000137829
125.466 0.000157291
120.297 0.000140038
134.745 0.000135324
124.948 0.00013729
126.213 0.000136164
126.205 0.000135755
125.887 0.000136351
121.385 0.000129208
120.47 0.00013761
124.825 0.000135579
123.413 0.000138232
123.677 0.000154074
127.581 0.000145859
120.787 0.000146199
124.456 0.000124002
123.74 0.000151841
122.634 0.000144151
145.545 0.000132942
149.306 0.000127445
126.277 0.000151944
125.679 0.000151467
126.175 0.000141829
116.775 0.000142404
124.948 2.07916e-05
124.049 0.000142714
125.031 0.000139852
125.603 0.000135394
124.357 0.000134085
126.558 0.000141338
128.211 0.000139371
124.935 0.00013648
126.205 0.000139959
125.051 0.000140991
127.51 0.000134425
122.941 0.000145165
124.86 0.000137165
124.033 0.000139486
125.207 2.56439e-06
119.604 0.000147112
162.7 0.000143803
125.142 0.000145576
123.961 0.000148187
116.942 0.000145095
126.008 0.000147172
125.161 0.000140539
123.886 0.000154496
123.501 0.000137703
122.869 0.000136821
123.42 0.000132256
124.075 0.000143158
122.023 0.000138308
123.183 0.000134475
126.484 0.000135138
121.108 0.000132936
123.236 2.06882e-05
147.214 0.000130306
118.101 0.00014527
127.161 0.000138133
124.703 0.000135384
123.341 0.000136734
125.356 0.00015572
124.72 0.000141654
125.509 0.000133552
