119.185 0.000167741
117.098 0.000146869
120.013 8.78573e-05
119.22 -7.02281e-05
116.488 0.000149555
119.403 0.000145417
120.641 0.000150294
116.582 0.000169571
121.46 0.000151821
118.977 0.000155727
120.17 0.000167793
117.94 0.000165019
120.602 0.000148595
120.037 0.00014354
120.035 0.000147161
121.714 0.000166127
120.211 0.000150422
120.045 0.00014975
121.548 0.000148117
120.15 0.000167748
115.354 0.000146781
121.859 0.000145143
119.491 0.000152101
118.994 0.00016763
120.958 0.000164081
120.172 0.00016044
120.495 6.68504e-05
120.588 0.000145676
120.596 0.000157746
120.051 0.000145353
116.412 0.000150846
119.424 0.000152015
120.773 0.000148097
115.232 0.000151678
120.779 0.000153592
120.294 0.000151541
118.864 0.000155025
119.037 0.000149627
118.332 0.000153378
121.402 0.000148028
123.594 0.000169354
120.29 0.000147787
119.275 0.00015763
118.416 0.000152376
119.279 0.000153331
116.828 0.000151652
