132.25 0.000277937
131.643 0.000114283
129.971 0.000239919
127.658 0.000236341
127.468 0.000273933
128.249 0.000240154
123.093 5.30487e-05
125.93 0.000244733
129.91 0.00023666
129.633 0.000244218
130.162 0.000276734
130.528 0.000248424
129.069 0.000272289
131.064 0.000240276
120.245 0.000247439
128.532 1.69059e-06
130.01 0.000236996
128.624 0.000224755
128.885 0.000252598
130.721 0.000243244
130.899 0.000245781
131.646 0.000264442
129.455 0.000241172
131.388 0.000245323
131.679 0.000236496
124.621 0.000251909
130.317 0.000273409
129.604 0.000270171
131.028 0.000238814
131.818 0.000256157
126.378 0.000225875
127.468 0.000238104
129.824 0.000238778
130.283 0.000235861
129.467 0.000189048
128.808 0.000252295
129.977 0.000235001
126.856 0.000237576
129.917 0.000246547
130.259 0.000240904
130.173 0.000255399
130.988 0.000233769
127.622 0.000269911
127.595 0.00023833
123.999 0.000261585
120.104 0.000227496
130.758 0.000255689
128.815 0.000238121
129.891 0.000243392
129.451 0.000241583
132.24 0.000233394
135.893 0.000263798
125.012 0.00024403
120.188 0.000187874
131.503 0.000242216
129.785 0.000235814
128.211 0.000242965
127.469 0.000245252
125.721 1.1542e-05
130.631 0.000240805
128.503 0.000247905
129.573 0.000244802
129.279 0.000236037
129.105 0.000252906
131.02 0.000260263
131.408 0.0002691
130.141 0.000245128
129.969 0.00025017
130.246 0.000240087
131.035 0.000244256
129.175 0.000240904
127.898 0.000276394
129.857 0.000247332
127.689 0.000250149
133.385 0.000253128
129.695 0.000223182
131.087 0.000239852
130.602 0.000235215
131.639 0.000252168
123.855 0.000273874
128.618 0.00024114
129.332 0.000235599
131.498 0.000241119
135.392 0.000260007
131.113 0.000113864
131.776 0.000246012
131.138 0.00025621
129.375 0.000243198
129.281 0.000235189
131.078 0.000239492
130.947 0.000245252
134.798 0.000236174
131.423 0.000238167
129.959 0.000261577
129.568 0.000273423
127.829 0.000251265
129.336 0.000161807
129.721 0.000249955
126.931 0.000262569
128.144 0.000239786
130.428 0.000257569
130.344 0.000241996
131.332 0.000273469
130.236 0.000236968
130.214 0.000253526
130.732 0.000248303
130.628 0.000269651
128.328 0.000248362
120.397 0.000243509
128.955 0.000244092
130.935 7.17494e-05
130.07 0.000272271
129.607 0.000189761
129.66 2.6688e-05
134.36 0.000249364
131.265 0.00024686
129.037 0.000265526
131.498 0.000243444
128.627 0.000239146
132.69 0.000220344
122.867 0.000265678
129.719 0.000245762
116.926 0.000274069
127.113 0.000239488
123.738 0.000254477
127.991 0.000251477
130.089 0.000230214
129.257 0.000257292
132.548 0.000209411
132.286 0.00022343
129.078 0.000269978
129.434 0.000253242
129.113 0.000245569
129.597 0.000242355
131.509 0.000239349
129.698 0.000205484
129.095 0.00023675
130.094 0.000248218
131.105 0.000243378
133.345 0.00027024
128.543 0.000258115
126.903 0.000235363
130.11 0.000237667
128.431 0.000256502
129.816 0.000238221
130.719 0.000234885
129.382 0.000249434
132.281 0.000246507
133.093 0.000249909
130.088 0.000250846
130.063 0.000269117
132.427 0.000245147
130.643 0.000235674
129.527 0.000245031
129.611 0.000236516
130.31 0.000246541
127.348 0.000250452
132.068 0.000287884
130.128 0.000241905
129.358 9.1127e-05
128.089 0.000112062
123.814 0.000243343
128.615 7.28179e-05
117.247 0.000258427
128.585 0.000273913
129.327 0.000162979
129.509 0.00024185
126.335 0.00024674
133.391 0.000231638
133.031 0.000225453
130.154 0.000240743
131.839 0.000275678
127.921 0.00025164
128.186 1.15199e-05
128.255 0.000254626
128.817 0.000238164
129.561 0.000243067
130.315 0.000240874
125.126 0.000266932
128.752 2.66042e-05
131.249 0.000245424
129.268 0.000245824
130.464 0.000269037
129.627 0.000238019
129.383 0.000229753
129.541 0.000266052
127.892 0.000265316
121.622 0.00024723
129.313 0.000245803
120.283 0.000247602
126.986 0.000282332
128.417 0.000243141
127.73 0.000246228
125.713 7.21233e-06
132.423 0.000238517
127.667 0.000239252
126.519 1.83976e-05
130.18 0.000249315
131.234 0.00024914
115.705 0.000228547
127.189 0.000256231
129.184 0.000283625
128.498 0.000270615
131.821 0.000243402
128.324 0.000245789
128.229 0.000235748
130.77 0.000249799
128.016 5.98221e-07
130.499 0.00024116
129.725 0.000244281
128.25 0.000117749
128.662 0.000242701
130.919 0.000275505
130.775 0.000245956
128.996 0.000236796
131.821 0.000246923
121.264 0.000279298
116.911 0.000253557
128.389 0.000239177
130.323 0.000253885
125.922 0.00027227
131.483 2.63749e-05
128.987 0.000251864
130.241 0.00024574
129.593 0.000274151
128.636 0.000249314
128.364 0.000247899
132.623 0.000246527
131.188 0.000254257
130.81 0.00024736
130.25 0.000241316
119.44 7.07483e-05
128.068 0.000238862
128.4 0.000247742
129.098 0.000238068
126.876 0.000273977
130.077 5.16198e-05
131.928 0.00024751
127.629 0.000223752
126.285 0.000262384
129.33 0.000252213
131.3 2.64635e-05
129.102 0.00025581
127.161 0.000240699
128.177 0.000261125
126.904 0.00024695
127.759 0.000259185
128.672 0.000245628
129.057 0.000266917
129.427 0.00024279
130.239 0.000259068
129.125 0.000246714
128.885 0.000238952
131.036 0.000251386
130.236 0.000277264
133.767 0.000234258
129.426 0.000237881
129.061 0.000256925
129.473 0.000241518
130.293 0.000272007
131.146 0.000252321
131.294 0.000251231
128.1 0.000275626
124.746 0.000163187
129.34 0.0002408
131.576 1.76544e-05
116.58 0.000236913
127.235 0.00014175
127.891 0.000238775
130.394 0.000236832
128.077 0.000247672
131.304 0.000243311
130.457 0.000241926
130.011 0.00025682
130.023 0.000248767
131.926 0.000209664
128.982 0.000240043
125.011 0.00023616
129.086 0.000269166
130.938 0.00021057
128.883 0.000220689
126.323 0.000223906
124.316 0.000252648
123.325 0.000267425
130.714 0.000269257
124.99 0.000236469
128.792 0.000242607
129.446 0.00024082
121.418 5.13423e-05
128.667 0.000237146
130.779 0.00023936
127.592 0.000249259
120.178 0.000263178
131.398 0.000245701
127.777 0.000278862
127.668 0.000278986
120.7 0.000246682
131.834 0.000247721
130.889 0.000236006
130.3 0.000254463
132.833 8.82263e-05
116.398 0.000250262
129.799 0.000254569
127.666 0.000269224
126.201 0.000205031
130.337 0.000240755
128.984 0.000112165
127.907 0.000246688
130.7 0.000259278
126.967 0.00023896
130.279 0.000246684
130.063 0.000232527
127.956 0.000237044
129.454 0.000207081
130.345 0.000274465
128.127 0.000271376
129.376 0.000236567
129.202 5.14706e-05
130.202 0.000240556
130.771 0.000237917
122.298 0.000224472
129.534 0.000278618
128.297 0.000277144
130.984 0.000238649
124.95 2.60777e-05
129.784 0.000284126
131.518 0.000269723
130.164 0.000209492
128.403 0.000239464
130.383 0.000238492
128.98 0.000204378
130.249 0.000236293
131.069 0.000237965
131.061 2.87361e-06
129.315 0.000246053
135.642 0.000241198
128.107 0.000142819
128.171 0.000245507
127.433 0.000265053
131.939 0.000248173
131.286 0.00015967
131.772 0.000231846
127.297 0.000223201
130.451 0.000245429
129.759 0.000247525
128.221 0.000241973
129.669 0.000185297
134.87 0.000249645
128.68 0.000244652
130.696 7.20112e-06
131.25 0.000239484
131.728 0.000269429
130.622 0.000254775
128.988 0.000247229
130.227 0.000236716
126.208 7.01574e-05
127.671 0.000207608
130.116 0.000243532
130.039 0.000248603
130.692 0.000253032
130.067 0.000236487
128.401 0.000243617
131.483 0.000161264
130.04 0.000278728
126.823 0.000274356
130.359 0.000246248
130.186 0.000276327
127.952 0.000235844
131.875 0.000258637
130.412 0.000240864
128.966 0.000239747
128.927 0.00023969
130.316 0.000244041
131.529 0.000180099
128.927 0.000246167
129.24 0.000274379
130.951 0.000137263
127.005 0.000275792
129.542 0.000252191
128.65 9.18279e-05
129.924 2.64922e-05
128.979 0.000225037
130.933 0.000282297
124.779 0.000275828
130.81 0.000284407
131.415 0.000278742
135.756 0.000229063
128.715 0.000237089
129.752 0.000273535
131.753 0.000241536
128.42 6.96935e-05
129.55 0.000266335
129.904 0.000226355
131.996 0.000273098
131.881 0.000249272
127.824 0.000246796
129.747 0.000243278
127.094 6.9809e-05
127.489 0.000191962
130.204 0.000245793
129.727 0.000236452
126.666 0.000236712
122.528 0.000267309
132.747 0.000260104
128.842 0.000235216
135.155 0.000231215
128.551 0.000240823
127.64 0.000208718
127.931 0.000246337
130.188 0.000236324
130.768 0.000189428
130.596 0.000267567
128.748 0.000246466
126.441 0.000277503
125.486 0.000242458
127.159 0.000237078
131.223 0.000249797
130.817 0.000242126
116.498 0.000248187
132.299 0.000241611
127.214 0.000257814
126.757 0.000241221
127.932 0.000239018
126.067 0.000226489
131.636 0.000246157
116.026 0.000218698
128.495 0.000247592
124.902 0.000235815
126.99 0.000242
131.783 0.000273589
130.188 0.000279174
128.942 0.000243059
131.766 0.000187352
133.994 0.000229548
130.641 0.000242607
128.997 0.000188507
130.795 0.000242308
129.971 0.000240761
129.364 0.000276888
139.669 0.000253222
128.49 0.000235952
131.229 0.000250854
129.359 0.000261173
130.28 0.000239981
127.899 0.000236797
129.311 0.000208442
130.258 0.000229681
130.336 0.000236216
133.047 0.000266044
127.847 0.000237614
131.109 0.000262049
129.471 0.000243848
129.979 1.74851e-05
130.53 0.000266255
126.312 0.000226449
130.93 0.000252495
132.602 0.000240057
129.779 0.000251339
127.561 0.000279662
130.562 0.000237005
131.068 0.000238218
130.655 0.000272432
126.343 0.000240584
128.532 0.000239772
127.176 0.000239916
132.376 0.000280683
132.614 0.000241591
130.227 0.00023723
132.32 7.23236e-05
127.422 0.00027143
129.044 0.000259326
128.917 0.000247235
130.686 0.000246126
131.387 0.000248123
125.683 0.000260144
130.347 0.000236501
128.239 0.000239382
131.345 0.000243768
131.884 0.000246962
126.163 0.000252137
127.012 0.000276296
131.105 0.000248411
131.808 0.000250556
130.598 0.000237842
127.488 0.000241356
132.178 0.000236796
