122.858 9.48424e-05
124.747 0.000104573
123.007 0.000111058
125.382 9.55108e-05
125.263 9.46586e-05
126.495 9.81111e-05
123.24 0.000107495
123.884 9.31479e-05
120.852 9.86132e-05
123.732 0.000100449
122.167 0.000104663
123.837 9.94373e-05
125.876 4.8954e-06
125.921 9.76988e-05
124.944 9.51234e-05
125.321 9.63388e-05
125.889 9.51357e-05
117.375 0.000108458
120.815 9.53541e-05
126.339 9.89724e-05
123.278 9.78335e-05
118.864 9.44082e-05
128.663 0.000109755
120.354 9.7172e-05
126.682 0.000100006
122.918 9.8737e-05
121.981 9.5849e-05
126.013 0.000109471
117.477 9.49237e-05
126.144 0.000107997
126.357 0.000101143
125.081 9.43901e-05
125.465 0.000109567
125.361 0.000104667
123.142 8.18936e-05
124.31 0.000104287
116.355 0.000105702
126.022 9.53253e-05
122.321 9.68788e-05
127.015 9.77718e-05
121.282 0.000100286
129.494 9.81794e-05
122.91 9.66785e-05
123.224 9.65012e-05
128.604 9.98404e-05
116.787 9.75999e-05
124.402 0.000110707
124.056 9.62149e-05
128.145 9.92066e-05
121.395 0.000105874
127.182 9.65973e-05
122.362 0.000108681
126.163 0.000110001
120.468 0.000102897
124.408 1.45117e-05
125.881 7.4597e-05
124.164 9.98241e-05
120.681 4.6521e-06
124.615 0.000100258
126.399 0.00010657
122.862 0.000104407
123.367 2.4348e-07
125.396 0.000110227
125.385 9.59879e-05
122.686 0.00010065
124.694 9.6087e-05
124.989 9.56132e-05
125.425 7.00699e-06
128.138 9.74019e-05
125.237 0.000110296
124.496 9.98625e-05
117.375 9.59314e-05
125.569 9.75878e-05
123.848 9.07855e-05
124.877 0.000108533
125.134 9.59395e-05
124.406 0.000110029
125.746 9.47304e-05
124.009 0.000108636
123.242 9.32792e-05
124.012 0.000109662
123.404 9.83252e-05
118.287 9.87964e-05
122.636 9.52483e-05
120.311 9.92546e-05
124.095 0.000108252
119.127 9.74131e-05
