160.364 0.000115981
130.781 0.000310128
122.698 0.000302546
129.612 -0.000301616
160.265 0.000344217
129.537 0.000259875
130.576 0.000300503
129.125 5.80179e-06
128.893 0.000301465
128.639 0.000314694
127.189 0.000336794
122.205 0.000295141
128.414 0.000298871
126.698 0.00030871
129.387 0.000358215
125.648 0.000172856
130.005 0.000301575
129.134 0.000281865
130.431 0.000310292
126.564 0.000303343
128.072 0.000318279
120.658 0.000293947
131.047 0.000352658
131.781 0.000312189
125.482 0.000300683
129.521 0.000321573
127.902 0.00031506
130.901 0.000301896
130.208 0.000315757
129.689 0.000312748
128.221 0.000295133
121.934 0.000313339
130.454 0.000300017
123.223 0.000313076
129.492 0.000300296
130.464 0.000311766
134.968 0.000394059
131.754 0.000300519
129.074 0.000150172
128.58 0.000304778
119.367 0.000315462
130.23 0.000123388
130.798 0.000345761
125.724 0.000309811
128.989 0.00030424
130.528 0.000326734
169.048 0.000259134
128.962 0.000307581
128.976 3.21173e-05
134.733 0.000296358
119.514 0.000297738
128.552 0.000258949
134.765 0.000294563
132.495 0.000316669
132.176 0.000344131
128.855 0.000313579
131.403 0.000296573
130.26 0.000312706
136.286 0.000299265
127.355 0.000295467
130.08 0.000317285
128.617 0.000328114
130.59 0.000313694
128.993 0.000296626
131.212 0.000330572
127.909 0.000330283
126.223 8.72907e-05
132.143 0.000314948
130.782 7.57203e-07
129.746 0.0002999
152.896 0.000339227
126.255 0.000300003
129.018 0.000333133
129.508 0.000319593
130.736 0.000311626
130.889 0.000320376
131.348 0.000346864
129.431 0.000310101
131.766 0.000266427
134.224 0.00032473
124.758 0.000167236
131.759 0.000340998
161.379 0.000306793
128.822 0.000320236
117.909 0.000322423
127.984 0.0002468
130.542 0.000302013
128.351 0.000342444
130.542 0.000313139
130.846 0.000310957
131.047 0.0003026
