116.276 0.000104806
118.233 0.000223221
120.607 0.000248248
118.46 0.000215867
118.019 0.00024787
117.13 0.000217089
118.234 0.000237243
119.978 0.000228333
119.338 0.000188705
119.976 0.000228881
120.497 0.000226044
119.528 0.000229246
122.354 0.000212189
121.992 0.000209451
115.91 0.000224418
118.284 0.000217249
117.089 0.000235581
118.147 0.000226057
119.647 0.000226626
120.743 0.000102191
120.757 0.000246009
119.588 0.000230161
122.258 0.000215095
117.054 0.000103937
118.85 0.000228334
121.416 0.000218599
118.094 0.00022058
119.302 0.000218222
115.146 0.000255031
119.838 0.000213557
120.143 0.000169583
122.515 0.000215106
120.333 0.000221711
118.745 0.000219556
119.56 0.00024401
120.532 0.000213375
117.121 0.000220515
120.017 2.36357e-05
123.109 0.000249674
118.232 0.000216152
118.37 0.000233901
121.184 0.000228999
122.109 0.000222341
120.073 0.000226211
115.335 0.000214903
118.474 0.000167036
120.427 0.00024792
116.27 0.000176185
121.015 0.0002163
119.52 6.39676e-05
116.98 0.00020988
122.394 0.00024565
121.499 0.00021855
118.836 0.00020393
119.953 0.000219663
121.817 -0.000214602
118.316 0.000242114
122.631 4.66197e-05
122.971 0.000232459
118.013 0.000256478
121.515 0.000215668
118.339 0.000250432
