145.331 0.000573792
127.395 0.000588971
120.291 0.000397691
125.806 0.000466841
118.295 0.000218025
123.269 0.000542758
127.888 0.000641619
121.371 0.000599612
118.247 0.00056384
131.25 0.000524083
141.19 0.000556329
165.035 0.000617736
129.384 0.000576361
126.668 0.000598498
130.201 0.000558793
133.855 0.000501248
169.711 0.000566272
132.96 0.000593323
143.24 0.000584031
129.934 0.000631803
125.787 0.00055757
127.394 0.000607545
168.983 0.000563588
150.371 0.000560131
126.19 0.000586861
131.405 0.000558596
134.135 0.00059252
127.837 0.000576748
132.781 0.000568402
124.108 0.000557618
144.26 0.000599519
152.317 0.000577309
119.371 0.000600528
124.297 0.000573906
135.211 0.00055551
133.523 0.000564213
129.449 0.000639153
140.387 0.000603433
143.851 0.000558505
129.688 0.000528052
128.346 0.000647723
124.422 0.000540889
128.616 0.000542054
127.075 0.000555724
148.977 4.14623e-05
126.506 0.000622248
132.864 0.000567305
126.495 0.000542581
150.958 0.000580301
158.941 0.000580806
126.001 0.000166408
164.476 0.000532599
127.909 0.000575309
132.641 0.000633767
124.809 0.000562548
134.811 0.000565048
131.899 0.000614334
116.544 0.000558264
128.53 0.000321532
161.388 0.000572266
161.352 0.000567754
135.209 0.000203103
129.709 0.000580839
135.386 -0.000578249
134.119 0.000525171
138.588 0.000601346
127.781 0.000484373
130.742 0.000680402
134.698 0.000404894
130.855 0.00063343
126.573 0.000523107
129.348 0.000564308
134.459 0.000566545
126.9 0.00058541
128.586 0.000265435
154.247 0.000553673
130.053 0.000578148
130.356 0.000626921
127.577 0.000572165
127.888 0.000609107
115.271 0.000582574
128.359 0.00057784
134.394 0.000524778
129.329 0.000641011
131.699 0.000559
160.11 0.000578566
130.008 0.000524536
164.422 0.000553077
128.263 0.00059035
116.223 0.000605194
130.368 0.000556869
133.695 0.000593999
124.984 0.000432498
127.914 0.000214052
125.184 0.000534691
162.918 0.000571683
145.044 0.000628274
126.175 0.0006359
124.169 7.77023e-05
131.511 0.000595883
131.849 0.000382756
129.249 0.000576825
122.793 0.000578965
117.709 0.000526671
151.959 0.000571504
130.134 0.000569491
141.529 0.00065467
150.146 0.000534036
156.067 0.000489278
126.294 0.000558146
151.003 0.0005304
131.321 0.000624172
124.875 0.000557047
131.064 0.000562125
140.12 0.000622426
152.165 0.000531748
151.285 0.000575727
