123.902 0.000197107
120.137 0.000240725
118.886 0.000213186
120.612 0.000221094
122.682 0.000184558
136.461 0.000228755
120.758 0.000216499
120.54 0.000226366
119.473 0.00024832
116.628 4.32168e-05
156.303 0.000240123
121.214 0.000211807
118.908 0.00022344
120.794 0.000233187
118.435 0.000219118
116.178 0.000224698
121.821 0.000198966
120.159 0.000245946
123.262 0.000210305
116.206 0.000214723
119.938 0.000247555
115.75 0.000218767
120.343 0.000215654
120.008 0.000216639
139.874 0.00024604
115.973 0.000226318
117.351 0.000226713
121.144 0.000217506
116.782 -0.000228277
143.885 0.00022403
121.279 6.48961e-06
119.379 0.000218625
121.341 0.000216399
118.394 0.000214148
162.225 0.000216043
116.061 0.000229479
121.65 0.000193074
119.475 0.000211721
118.597 0.00021569
120.29 0.000210703
117.294 0.0002154
118.251 0.000222821
117.361 0.00021264
117.742 0.000246277
122.015 0.000213368
118.947 0.000208476
116.79 0.000214908
121.935 0.000210876
119.221 0.000219451
120.85 0.000218799
116.998 0.000215322
116.744 0.000244583
124.341 0.000216226
121.527 0.000216237
123.053 0.000218619
119.428 0.00021029
-nan 0
119.178 0.00022904
119.004 0.000169333
119.405 0.000260413
125.129 0.0002191
119.473 0.000245818
121.919 0.00021678
116.82 0.000227668
119.177 0.000235106
118.814 0.000248881
127.844 0.000221914
115.491 0.000220703
118.627 0.000215413
118.251 0.000211956
117.027 0.000250865
119.236 0.000250363
116.027 0.000148425
118.792 0.000215519
119.763 0.000214001
120.171 0.000227608
125.704 0.000243114
119.139 0.000224919
119.125 0.000216425
119.154 0.000232806
122.827 4.71233e-05
118.4 0.000217393
115.396 0.000226074
121.521 0.000166769
119.078 0.000251275
116.873 0.000215165
120.385 0.000224757
118.807 0.000227922
118.326 0.000210674
118.37 0.000221608
152.049 0.000233616
120.84 0.000125468
120.748 0.000212132
116.468 0.0002137
118.677 0.000225742
120.342 0.000214203
116.094 0.000250243
116.753 0.000250729
118.722 0.000228361
120.014 0.000230253
119.92 0.000247091
121.296 0.000219813
121.639 0.000224636
123.629 0.000239721
119.128 0.000231212
119.659 0.000125481
119.843 2.3428e-05
120.525 0.000213114
119.572 0.000215985
115.648 0.000217051
150.441 0.000228917
118.557 6.4346e-05
118.964 0.000195465
116.907 0.000217995
121.364 0.000215894
119.078 0.000223781
120.713 0.000212864
119.151 0.000210952
120.321 0.000225854
131.536 0.000207604
116.051 1.60157e-05
120.917 0.00023108
118.612 6.43297e-05
118.763 0.000214888
117.541 0.000229151
121.19 0.000215381
118.006 0.000248052
121.47 0.000229019
153.579 3.38479e-05
119.834 0.000222662
119.794 0.000245884
119.371 0.000231281
120.383 0.000221644
121.913 0.000231059
130.933 0.000250346
117.098 0.000222046
119.503 0.000214661
120.491 0.000222421
118.316 0.000216003
122.432 0.000218767
123.127 0.000236931
118.877 0.000216181
120.428 0.000216272
119.715 0.000147172
141.085 0.000211736
115.408 0.000243133
121.954 0.000216436
125.451 -0.000221305
120.254 0.0002132
117.768 0.00025982
124.901 0.000206222
133.202 0.00021733
147.292 0.000222276
118.928 0.000191142
123.282 0.000207173
117.309 0.000219926
117.057 0.00024734
121.223 0.000215603
121.423 0.000221689
122.4 0.000208234
121.833 0.000219373
115.922 0.000249137
120.463 0.000224287
121.466 0.000213118
119.129 0.000246017
122.878 0.00023116
137.674 0.000196935
115.774 0.000250517
119.763 0.000232704
117.96 0.000213711
121.353 0.000225106
119.535 0.000219728
117.465 1.59942e-05
118.289 0.000224224
122.13 0.000211654
119.073 0.00023226
119.488 0.000220195
166.36 0.000222729
117.139 0.000227795
115.71 0.000225875
120.996 6.3823e-05
118.005 0.000217826
117.644 0.000216973
118.251 0.000201109
121.253 0.00022385
119.371 0.00023636
120.657 0.000216776
116.55 0.000185241
122.133 0.000204685
118.469 0.000249181
123.35 0.000215546
120.622 0.000175
118.756 0.000226548
122.065 0.000224791
117.488 0.000222529
-nan 0
119.916 0.000242214
119.812 0.000229014
119.69 0.000239686
119.643 0.000213332
117.932 1.49682e-07
126.717 0.000231493
121.096 0.000219957
121 0.000221679
160.074 0.000245581
142.905 0.000246096
145.868 0.000215147
121.781 0.000228418
121.591 0.000233698
119.962 0.000218219
118.413 0.000213662
120.606 0.000224837
120.078 0.000217028
116.267 0.000221355
119.164 0.00021482
119.801 0.000249393
116.246 0.000221984
116.459 0.000218647
120.9 0.000233954
117.513 -0.000221834
118.599 1.0438e-05
115.259 0.000216899
119.403 0.000219447
119.253 0.000216709
117.644 0.000219651
119.698 0.000225691
118.538 0.000224992
138.949 0.000222607
123.128 0.000226202
122.086 0.000220021
117.62 0.000254872
140.832 0.000221172
119.452 0.000234299
119.903 0.000221609
119.916 0.00022851
123.344 0.000162545
122.746 0.000213899
117.697 0.000250205
134.647 0.000226014
117.88 0.000222525
123.179 0.000248883
120.494 0.000215285
149.585 0.000181571
119.495 0.000219809
132.693 0.000223222
115.348 0.000223413
133.621 0.000199506
166.311 6.44698e-05
118.095 0.000229501
