122.62 4.58263e-05
123.787 9.66084e-05
126.289 0.000104677
124.872 3.69481e-05
126.51 9.43758e-05
124.567 9.645e-05
126.675 0.000107763
123.778 9.46142e-05
123.825 3.72381e-05
123.98 9.99186e-05
122.163 5.50069e-05
122.237 9.79802e-05
127.869 0.000105452
127.027 9.44769e-05
118.005 9.66084e-05
123.646 9.72032e-05
123.936 9.64757e-05
123.766 5.48824e-05
124.473 9.30405e-05
121.964 0.000101704
124.723 1.02774e-05
125.281 9.54702e-05
117.969 9.57871e-05
118.919 0.000107689
126.261 9.77676e-05
125.81 0.000102601
125.739 0.000108723
117.88 9.51713e-05
124.288 2.06779e-05
122.814 9.73665e-05
124.71 9.47056e-05
124.288 9.63371e-05
123.748 9.49484e-05
120.981 9.97091e-05
120.935 0.00010816
123.992 0.000105955
120.32 0.000102089
124.043 0.000107205
116.941 9.53163e-05
120.727 9.51064e-05
121.825 7.87474e-05
122.743 9.07714e-05
124.566 7.67808e-05
124.992 9.60492e-05
123.905 0.000100663
124.036 0.000109978
119.312 9.90222e-05
122.998 0.000104553
119.075 0.00010058
123.627 5.61479e-05
121.437 0.000101516
128.594 8.24256e-05
123.558 9.87689e-05
117.943 1.03793e-05
119.393 9.52233e-05
120.704 0.000100827
121.48 8.82763e-05
125.766 9.57317e-05
124.227 0.000100269
123.993 9.49891e-05
124.063 8.91073e-05
127.477 8.01541e-05
128.774 9.67195e-05
123.469 9.89331e-05
126.879 8.32933e-05
117.523 9.96272e-05
119.269 7.24431e-05
118.365 9.48578e-05
120.954 9.53792e-05
124.226 0.000107915
127.245 9.92665e-05
125.326 0.000106696
119.273 0.000105841
116.872 9.3326e-05
124.281 9.6985e-05
125.678 5.51739e-05
124.252 0.000107495
115.962 9.94613e-05
122.331 0.000101225
126.615 0.000100533
124.812 0.000106315
118.558 9.11639e-05
123.781 8.20594e-05
118.668 9.13127e-05
122.851 9.13846e-05
124.742 0.000112841
122.634 9.84941e-05
124.887 9.57264e-05
126.448 0.00010018
124.637 0.000100067
121.019 9.6547e-05
126.346 4.54536e-06
121.192 9.24002e-05
123.78 8.48658e-05
123.515 8.37225e-05
128.479 0.000100298
124.516 9.7825e-05
133.143 9.13745e-05
127.109 0.000104333
122.498 9.62971e-05
123.915 9.66765e-05
123.015 8.68328e-05
126.059 9.40588e-05
121.75 9.3276e-05
127.141 9.52155e-05
132.669 9.49671e-05
127.361 9.56351e-05
126.76 0.000100557
125.312 0.000107271
120.677 9.35166e-05
120.443 0.000100361
126.63 9.19455e-05
123.149 9.82591e-05
123.38 9.70977e-05
121.385 8.8384e-05
126.017 9.76254e-05
121.989 9.57919e-05
119.221 9.42503e-05
127.633 9.53652e-05
122.457 0.000103131
122.962 9.75574e-05
119.791 0.000104325
124.197 0.000105923
124.125 0.000108273
124.375 0.000108443
129.453 0.000103296
128.054 0.000105327
123.151 9.53595e-05
124.375 8.26359e-05
122.57 2.10184e-05
124.474 5.5252e-05
124.324 9.47514e-05
117.216 0.000106885
120.973 9.31961e-05
119.012 8.95477e-05
127.453 2.27601e-05
120.652 9.7664e-05
121.747 9.56124e-05
127.225 9.22688e-05
126.19 0.00010556
126.119 9.43342e-05
125.454 9.96157e-05
123.642 0.000109202
123.608 0.00010366
127.207 6.74823e-05
126.085 9.53243e-05
117.836 0.000100119
121.226 9.69622e-05
123.725 9.72648e-05
117.059 9.62528e-05
119.513 0.000100348
123.919 9.78124e-05
123.46 0.000106478
128.919 9.80401e-05
125.87 0.000106447
124.485 9.88305e-05
124.999 0.000109806
124.511 9.51312e-05
123.206 9.06315e-05
124.56 9.12488e-05
123.13 9.79405e-05
122.548 9.71221e-05
122.449 7.18871e-06
125.128 0.000102959
121.95 9.53822e-05
115.29 1.47063e-05
123.112 2.06417e-05
118.019 0.000106885
124.404 9.9062e-05
122.719 9.31092e-05
126.049 0.000107021
124.577 9.5519e-05
121.283 9.95251e-05
124.819 1.48868e-05
124.317 9.90596e-05
125.439 9.88635e-05
125.866 9.54016e-05
124.769 9.13614e-05
125.132 9.96629e-05
124.909 9.94043e-05
124.888 7.37739e-05
125.569 9.14934e-05
122.4 9.59643e-05
123.556 0.000109029
126.668 9.86155e-05
123.204 9.21571e-05
120.343 9.52375e-05
120.304 9.59278e-05
120.559 0.000108054
124.13 0.000106687
123.981 7.08771e-05
124.097 3.6695e-05
120.882 9.76365e-05
122.172 9.54465e-05
124.008 9.06628e-05
128.688 7.19376e-05
124.254 8.93404e-05
125.509 9.46267e-05
123.274 9.80774e-05
124.116 9.76661e-05
121.735 0.00010938
120.284 9.89893e-05
130.024 9.96377e-05
124.757 1.02368e-05
125.995 9.69486e-05
129.557 1.03834e-05
126.046 0.000102515
120.749 9.61883e-05
118.953 0.000106739
126.265 0.000108948
124.751 9.77349e-05
124.526 0.000109633
119.565 8.74144e-05
121.983 0.00010147
121.596 0.000101244
124.168 9.50071e-05
126.172 0.000104866
126.168 9.76203e-05
126.172 9.50352e-05
123.789 9.79796e-05
127.818 8.96941e-05
123.864 8.96044e-05
122.73 9.72754e-05
123.792 9.38119e-05
117.55 8.94567e-05
126.04 0.000102525
125.213 0.000109387
127.982 9.94798e-05
121.257 0.000108212
125.633 9.81881e-05
123.184 6.24175e-05
121.7 9.72772e-05
128.366 9.3025e-05
128.865 3.63345e-05
122.432 9.50723e-05
124.339 0.000100111
123.192 9.62433e-05
126.647 8.2974e-05
126.559 9.5884e-05
126.288 9.65605e-05
118.804 9.10982e-05
118.436 8.72751e-05
122.954 9.63472e-05
121.275 9.96272e-05
115.795 0.000106705
123.278 9.33669e-05
122.352 9.25818e-05
124.062 9.44398e-05
123.597 9.94225e-05
127.9 0.000100957
124.19 9.71291e-05
125.474 8.65135e-05
121.63 1.48548e-05
125.665 9.54303e-05
125.919 0.000103327
126.453 0.000101433
121.437 9.79159e-05
124.358 9.48886e-05
122.503 0.000103177
126.34 9.0029e-05
124.487 0.000103699
117.163 9.84476e-05
122.033 9.02335e-05
120.428 9.76025e-05
121.642 0.000101656
122.018 9.72434e-05
123.87 9.4848e-05
120.416 0.000100275
123.92 0.000104425
123.627 9.424e-05
126.639 9.57313e-05
122.618 9.55693e-05
123.071 1.03841e-05
126.418 9.0502e-05
125.78 9.94957e-05
125.441 9.53854e-05
124.439 0.000100698
126.002 9.71763e-05
119.513 1.04765e-05
121.76 8.86819e-05
118.993 6.46138e-05
123.849 9.82279e-05
123.686 6.94406e-05
120.939 4.64086e-06
126.999 0.000109351
124.459 9.44696e-05
125.004 0.000110749
126.068 0.00010067
125.382 9.71026e-05
122.4 9.5404e-05
124.735 9.87388e-05
124.759 9.6915e-05
126.81 9.68013e-05
116.303 9.55263e-05
125.948 0.000109057
123.497 8.5926e-05
126.782 9.63382e-05
128.01 0.000100556
118.492 8.19722e-05
121.665 9.40581e-05
118.049 0.000104235
123.848 0.000105874
121.367 5.59163e-05
121.461 9.95789e-05
122.647 9.50259e-05
123.955 9.31352e-05
122.989 0.000108699
123.615 9.64309e-05
121.813 9.64643e-05
123.52 9.50986e-05
127.635 0.00011036
124.798 9.67788e-05
117.281 9.87795e-05
127.804 9.67091e-05
132.348 9.60677e-05
119.218 9.41423e-05
123.965 2.87413e-06
122.447 9.97638e-05
123.759 0.000111568
126.934 0.000107981
125.665 9.79463e-05
122.963 9.62255e-05
124.084 9.7582e-05
124.762 8.92076e-05
126.178 9.5237e-05
124.008 9.12457e-05
122.934 9.60714e-05
125.058 9.87829e-05
127.516 9.62851e-05
124.646 1.48981e-05
128.172 9.96454e-05
125.389 0.000105324
123.206 7.65442e-05
126.002 9.98382e-05
128.711 9.91299e-05
122.723 0.000102204
127.469 9.93179e-05
122.13 6.40045e-05
120.678 0.000102624
122.33 9.6089e-05
123.068 9.53916e-05
124.447 0.000104816
117 0.000109038
119.946 0.000102021
124.674 9.60846e-05
120.357 0.000108114
119.425 9.80292e-05
118.605 0.000112777
121.303 9.62172e-05
127.444 9.87554e-05
123.934 9.97184e-05
124.182 9.56213e-05
118.883 0.000107175
129.855 0.000109317
122.937 9.44401e-05
126.046 0.000107152
123.441 0.000108369
123.669 9.98042e-05
117.812 0.000107555
126.384 0.000102555
122.492 8.86887e-05
124.634 9.53813e-05
120.568 0.000102546
123.069 7.45327e-05
121.19 9.90958e-05
128.427 0.000102151
125.15 0.000109452
121.621 9.74128e-05
124.207 9.49925e-05
124.719 9.84333e-05
123.489 0.000103666
123.635 0.000107102
125.5 0.000106931
126.898 9.23901e-05
125.512 0.00010642
125.821 0.000104679
128.025 0.000101486
128.064 5.52893e-05
120.31 9.95545e-05
118.557 0.000110265
118.34 0.000107127
123.027 0.000104581
123.04 9.7207e-05
122.683 9.81226e-05
119.949 9.11461e-05
122.638 9.99104e-05
120.814 9.67157e-05
119.531 9.69555e-05
126.078 0.000109505
124.189 0.000101693
128.547 3.61381e-05
125.279 9.45881e-05
121.89 0.000100995
118.248 9.46743e-05
123.182 2.73957e-05
124.927 8.69358e-05
121.196 9.41437e-05
116.633 9.32265e-05
127.208 1.42778e-05
125.998 0.000106783
123.554 9.90973e-05
125.241 0.000113591
123.334 1.59459e-05
124.817 9.54511e-05
123.757 9.44479e-05
123.267 0.000112058
122.058 9.50079e-05
126.751 0.000110111
119.667 9.89373e-05
125.599 6.61117e-07
124.86 0.000100862
125.069 9.89571e-05
124.887 2.02009e-05
120.636 0.000106961
118.495 0.000108716
120.878 9.64846e-05
122.501 0.000100816
120.503 0.000109798
121.928 0.000112147
124.723 0.000108627
124.319 1.03088e-05
122.762 9.37961e-05
117.366 9.3341e-05
122.428 9.53323e-05
124.881 9.50553e-05
127.592 8.54204e-05
124.411 9.27803e-05
124.285 9.56412e-05
122.821 9.26517e-05
127.126 0.000107088
122.72 6.62014e-07
125.505 9.40464e-05
122.095 9.95723e-05
122.802 0.000109131
125.15 9.56916e-05
125.045 0.000106102
124.82 9.6885e-05
124.618 8.17563e-05
126.133 0.000103698
127.402 9.25965e-05
122.712 7.92741e-05
139.496 9.5023e-05
124.532 9.65992e-05
119.371 0.000110683
124.093 9.92912e-05
115.868 9.43796e-05
127.21 9.47499e-05
128.753 9.56206e-05
127.906 9.59513e-05
122.04 0.000108831
127.771 9.95971e-05
125.039 9.90296e-05
128.038 0.000107328
123.495 0.000109285
127.247 0.000112715
123.392 8.4415e-05
118.778 0.000107166
115.939 9.91161e-05
125.691 9.53783e-05
123.504 9.60002e-05
125.517 0.000107547
123.461 9.76703e-05
120.187 9.54299e-05
129.909 9.50908e-05
122.141 0.000110029
122.73 9.93225e-05
124.885 0.000105644
125.017 9.07644e-05
123.787 9.97339e-05
124.147 0.000102329
122.597 9.99849e-05
122.617 0.000109392
123.879 0.000106816
120.306 0.000105193
126.279 9.65918e-05
126.152 9.63129e-05
122.373 9.93384e-05
122.827 9.56162e-05
120.141 8.87998e-05
125.552 9.74267e-05
120.547 0.000102603
128.049 0.000102875
123.686 0.000103028
122.166 9.75097e-05
118.44 8.97352e-05
123.442 9.57022e-05
123.285 9.76701e-05
124.523 9.49657e-05
121.438 0.000106302
126.024 4.71132e-06
122.047 9.68757e-05
125.793 9.43797e-05
127.029 9.6516e-05
125.339 9.52641e-05
122.066 0.000100931
119.982 0.000101641
124.277 4.35972e-06
124.252 8.92534e-05
123.487 9.58165e-05
124.44 0.000107783
122.084 9.53026e-05
122.877 9.47191e-05
125.696 0.000108799
125.576 9.48674e-05
124.249 9.62535e-05
124.768 9.82408e-05
125.997 9.55312e-05
121.561 7.04999e-05
121.827 9.79105e-05
128.495 0.000114653
126.291 0.000105273
122.753 0.000104006
128.026 0.00010793
122.134 0.00010915
124.378 0.000100846
122.248 9.89373e-05
123.592 9.60747e-05
124.878 9.91268e-05
124.45 0.000146059
126.058 0.000105773
118.254 0.000104372
122.9 9.63617e-05
122.886 9.079e-05
124.873 9.63634e-05
126.443 8.94936e-05
122.15 0.000101707
122.143 9.70675e-05
116.44 9.81683e-05
120.204 1.14337e-06
126.892 9.47597e-05
124.829 9.61643e-05
128.923 9.72406e-05
122.11 2.80837e-05
125.32 9.6213e-05
123.499 0.000101251
125.876 9.52099e-05
123.288 8.23437e-05
128.091 9.23131e-05
126.713 8.18245e-05
126.648 0.000100995
121.515 0.000103619
128.814 9.84662e-05
123.95 2.82625e-05
126.248 9.80738e-05
125.492 9.70456e-05
124.501 9.60326e-05
125.828 9.48768e-05
120.256 9.18868e-05
126.653 8.6586e-05
122.435 8.71888e-05
119.102 0.000110807
125.066 9.57364e-05
119.146 9.23028e-05
122.265 9.95754e-05
123.946 0.000109394
121.452 0.000108521
124.664 3.9223e-07
125.34 9.51111e-05
129.484 9.82547e-05
126.236 0.000108618
128.44 9.94228e-05
124.72 0.000108071
119.851 9.41839e-05
124.94 0.000101952
123.581 9.9555e-05
129.633 9.6174e-05
126.762 0.000109845
124.427 9.62211e-05
120.768 9.51013e-05
125.759 0.000103905
124.285 9.56878e-05
122.583 0.000105582
125.689 8.26389e-05
124.813 9.50574e-05
124.607 9.84891e-05
122.598 8.82165e-05
124.572 9.56604e-05
119.67 0.000102999
124.561 0.000110799
122.3 9.78282e-05
123.419 0.000109417
126.658 9.86672e-05
122.604 9.60409e-05
126.346 9.1516e-05
127.217 9.5736e-05
123.739 9.80796e-05
127.244 9.72679e-05
122.282 9.47876e-05
120.403 9.4256e-05
120.612 9.64662e-05
122.621 9.56771e-05
126.137 0.000108179
119.636 4.02836e-07
119.258 9.75506e-05
117.624 9.59811e-05
127.883 0.00010464
119.058 9.35585e-05
122.657 9.85492e-05
122.541 9.59986e-05
119.891 9.99861e-05
122.979 0.00010215
122.762 9.64769e-05
122.762 9.49092e-05
124.308 8.94567e-05
124.915 0.000106334
122.036 9.75192e-05
122.249 0.000107409
128.871 4.65653e-06
122.978 0.000102998
125.404 9.26342e-05
126.829 9.61245e-05
128.271 2.43052e-05
126.083 9.94704e-05
123.559 0.000102533
120.411 0.00010713
123.989 9.7498e-05
124.86 0.000105705
122.085 8.2048e-05
128.845 9.6431e-05
122.362 9.56808e-05
130.411 9.50558e-05
130.208 0.000108064
125.074 9.48365e-05
116.042 0.000100864
122.966 9.51568e-05
123.563 0.000106741
127.38 9.57767e-05
125.183 9.98069e-05
123.63 9.50442e-05
129.306 9.95932e-05
125.685 9.64672e-05
127.825 0.00011507
122.584 0.000102507
123.799 9.75429e-05
123.946 9.98548e-05
124.403 9.17416e-05
120.555 3.90336e-07
120.567 9.35566e-05
115.751 9.67982e-05
124.454 8.99605e-05
122.32 0.000121837
128.98 0.000100734
128.385 9.59965e-05
126.474 9.38585e-05
117.083 0.000109935
122.107 7.39324e-05
125.928 9.63451e-05
122.851 9.47545e-05
123.393 9.70383e-05
120.444 9.60005e-05
126.361 9.86774e-05
122.034 0.000101221
124.238 9.90719e-05
119.66 0.000113361
126.105 9.89693e-05
121.73 0.000106247
117.156 1.61699e-05
119.548 9.95154e-05
123.9 8.64823e-05
128.634 9.61722e-05
124.59 9.88861e-05
125.111 9.54028e-05
125.023 9.81524e-05
122.095 0.000102473
119.061 9.85948e-05
123.699 0.000108056
127.177 0.000103634
127.948 0.000104635
126.421 9.52766e-05
116.877 0.000110474
117.433 9.97379e-05
123.623 2.95769e-05
125.303 9.69521e-05
121.291 0.000103125
125.474 0.000109259
119.873 0.000107936
125.829 0.000106929
124.508 8.66588e-05
120.726 9.4584e-05
123.464 9.4813e-05
125.575 9.57599e-05
127.734 0.000100464
121.966 0.000101285
123.735 1.92687e-06
122.945 0.000107628
123.92 9.90532e-05
127.147 9.53142e-05
127.002 8.26512e-05
124.463 2.88653e-06
130.65 9.60729e-05
126.333 8.97793e-05
124.88 9.62968e-05
123.383 0.000107911
120.186 7.80191e-05
126.183 9.95395e-05
122.772 0.000104237
123.77 9.98004e-05
127.023 9.33446e-05
123.356 0.000102278
124.803 9.62894e-05
129.474 0.000111464
115.302 9.71443e-05
124.008 9.67921e-05
121.773 3.66107e-05
125.306 9.78157e-05
131.413 0.000100152
127.666 9.62133e-05
126.887 0.000108761
121.837 0.000110782
125.027 8.44687e-05
123.712 6.60966e-05
121.83 9.88267e-05
120.37 0.000100985
123.398 9.45829e-05
121.06 9.93818e-05
124.057 9.96716e-05
118.739 9.13152e-05
124.122 0.000103218
126.449 1.02501e-05
127.813 0.000106083
126.535 9.63589e-05
125.225 0.000107393
120.157 9.45485e-05
124.266 9.22672e-05
122.168 9.4984e-05
124.84 0.000102519
122.987 9.6705e-05
125.591 5.45413e-05
120.756 9.68688e-05
126.237 0.000101373
124.405 0.000103644
125.229 0.000108408
124.46 0.00010067
120.191 1.15878e-06
146.599 9.4414e-05
125.463 9.88047e-05
120.837 4.63197e-05
126.026 9.43834e-05
125.231 1.483e-05
126.449 1.49239e-05
124.696 9.61955e-05
123.887 9.39662e-05
123.551 9.92152e-05
121.557 9.97298e-05
124.379 9.88548e-05
118.824 7.50763e-05
127.944 5.70377e-05
119.748 9.90754e-05
123.362 0.000107012
123.693 9.55995e-05
121.639 0.000110116
123.848 9.94927e-05
122.81 9.61738e-05
124.447 9.4048e-05
124.838 0.000109941
126.358 0.000106435
127.089 0.000108566
121.608 9.88015e-05
116.615 0.000100603
126.429 0.000113123
124.353 9.80428e-05
122.346 8.8687e-05
125.436 9.72406e-05
125.487 9.59778e-05
122.927 9.91698e-05
124.751 9.46981e-05
127.652 9.26586e-05
122.55 0.00010037
118.138 8.07191e-05
115.766 0.000113148
129.053 9.965e-05
122.075 0.000109261
123.948 9.41774e-05
126.948 6.9244e-06
122.326 6.61696e-05
124.759 3.69699e-05
130.743 0.000111627
120.459 0.000106528
121.523 9.92917e-05
124.725 9.67478e-05
123.699 8.64405e-05
119.08 9.05597e-05
123.558 1.55076e-05
122.27 9.46517e-05
124.615 0.000103218
124.589 9.91649e-05
122.323 9.11239e-05
123.418 9.55462e-05
129.54 0.00010005
124.877 9.75099e-05
123.865 0.000100733
126.754 8.9394e-05
125.937 0.000101115
118.826 0.000108553
127.329 0.000111677
123.65 0.000108072
123.526 0.000108544
124.62 0.00010495
124.416 7.56063e-05
121.687 9.85346e-05
125.743 9.62527e-05
125.836 9.82763e-05
120.208 9.27001e-05
124.641 3.69499e-05
123.633 9.96018e-05
125.636 9.66323e-05
122.411 9.73334e-05
127.372 0.000104778
121.515 0.000111474
128.493 9.77977e-05
123.069 0.0001022
126.55 0.00010964
115.471 9.90137e-05
124.68 9.43334e-05
124.339 9.47021e-05
126.536 9.44769e-05
129.597 9.70448e-05
124.8 6.59161e-05
121.394 9.66246e-05
123.552 9.46058e-05
126.649 9.81044e-05
123.551 9.9526e-05
120.992 0.00010814
123.256 9.27599e-05
120.893 0.000102885
122.557 0.000113406
123.041 9.40234e-05
120.046 9.87375e-05
125.136 9.55225e-05
124.282 1.04386e-05
121.466 9.64796e-05
122.659 9.85387e-05
126.487 0.000102193
125.493 3.54536e-05
123.811 9.79859e-05
120.853 0.000101744
126.15 9.82205e-05
121.804 9.5581e-05
121.857 9.64833e-05
119.552 8.91781e-05
124.913 8.27814e-05
123.074 0.00010913
123.674 9.72854e-05
123.689 9.79306e-05
122.738 9.62416e-05
125.098 0.000104577
121.068 9.55098e-05
125.039 9.39091e-05
123.004 9.83791e-05
124.324 1.02851e-05
121.054 9.44365e-05
120.209 0.000111732
120.844 1.86395e-06
121.498 9.55399e-05
124.584 1.51214e-05
122.873 0.000109837
124.868 9.7147e-05
116.252 0.000101591
122.108 1.83713e-06
123.546 1.90567e-06
122.821 9.71207e-05
117.497 9.39002e-05
125.662 7.46318e-05
122.757 4.66099e-05
125.422 9.28537e-05
123.858 9.56325e-05
131.157 9.64966e-05
128.576 9.57815e-05
122.815 9.59251e-05
124.29 9.4575e-05
124.628 0.000102633
120.682 9.71939e-05
128.757 9.64477e-05
118.662 0.000101396
125.969 0.00010755
126.257 0.000101931
118.458 9.33647e-05
123.24 9.6056e-05
124.59 9.27608e-05
119.252 9.47879e-05
121.611 9.4542e-05
126.229 9.67726e-05
121.34 0.000102685
127.033 9.64994e-05
124.591 0.000103846
123.89 9.74239e-05
121.965 0.00010917
128.313 9.75874e-05
126.167 0.000100306
127.754 1.02808e-05
126.063 0.000114074
126.065 9.8392e-05
124.616 9.37313e-05
126.095 0.000102912
123.304 6.67587e-05
124.313 9.88544e-05
125.055 1.06576e-05
125.849 9.02987e-05
116.449 9.56355e-05
121.054 9.81832e-05
122.195 0.000107435
128.757 9.5916e-05
120.167 9.43908e-05
122.96 9.77804e-05
119.696 9.7248e-05
128.691 9.56607e-05
122.818 9.5493e-05
123.161 9.42916e-05
118.799 0.000109293
122.734 9.35734e-05
123.155 9.45396e-05
126.253 8.94418e-05
123.614 0.000106391
125.092 0.000101486
122.373 0.000104508
121.516 9.60651e-05
120.284 1.06351e-05
122.431 9.95336e-05
125.877 9.56709e-05
123.202 1.09615e-06
125.395 8.27794e-05
121.754 0.00010544
124.486 0.000109273
131.855 9.57807e-05
124.314 9.85749e-05
128.029 0.000110568
121.884 0.000102538
121.185 9.57097e-05
121.81 9.68328e-05
125.729 9.74864e-05
124.663 9.88726e-05
120.831 0.000110829
115.469 9.22765e-05
122.934 1.03419e-05
124.91 9.88898e-05
126.796 9.48959e-05
121.258 0.000109821
124.438 6.4217e-05
126.856 0.000108754
126.307 9.75469e-05
124.434 9.31242e-05
123.077 9.3553e-05
122.766 0.000109212
129.11 9.62583e-05
126.074 8.19303e-05
126.501 0.000123257
125.597 2.38441e-07
125.76 0.000106635
125.686 9.87837e-05
125.416 9.40253e-05
129.556 0.000108311
126.121 2.3963e-07
121.857 9.86288e-05
125.392 9.92477e-05
122.752 0.000104405
126.25 8.61069e-05
125.485 9.86619e-05
117.942 8.66512e-05
125.613 2.82876e-05
124.849 9.60133e-05
125.858 9.98763e-05
122.884 9.30977e-05
123.725 9.47608e-05
123.638 2.0131e-05
124.676 0.000106783
124.693 6.46611e-05
121.551 1.41985e-07
125.542 9.60759e-05
116.95 9.2732e-05
125.426 9.94195e-05
125.777 0.000109323
120.746 9.71098e-05
125.041 9.91011e-05
122.606 9.91127e-05
126.363 9.74254e-05
124.777 0.00011208
124.147 9.65e-05
124.488 2.83793e-05
124.506 9.69071e-05
120.442 9.531e-05
126.019 0.000105478
127.302 9.51048e-05
122.118 9.77579e-05
124.396 9.52993e-05
122.989 0.000103729
125.129 9.60535e-05
125.538 0.000107838
123.806 9.98779e-05
125.668 9.91942e-05
123.38 0.000109666
123.081 9.59522e-05
126.94 4.37369e-05
124.505 9.62874e-05
122.101 0.000102262
131.432 9.50766e-05
125.855 9.4891e-05
125.629 8.96132e-05
128.839 9.42398e-05
124.692 0.000101527
124.343 8.92488e-05
121.204 9.58426e-05
119.679 0.000107515
125.436 9.22657e-05
123.614 9.57429e-05
124.857 9.7231e-05
127.428 9.58749e-05
122.122 8.79045e-05
124.808 9.08808e-05
126.957 6.04327e-05
125.008 0.000104861
124.496 0.00010615
125.229 0.000112461
115.32 0.0001029
116.565 9.60797e-05
127.37 0.000111683
124.547 0.000100396
120.349 0.000109319
124.079 9.88675e-05
120.609 9.50197e-05
123.463 9.20845e-05
120.715 7.71547e-05
124.228 5.55285e-05
122.82 0.000100076
126.841 0.000111759
122.655 0.000102201
120.027 9.94203e-05
120.936 0.000100771
126.97 9.4807e-05
125.965 9.62965e-05
125.973 9.5122e-05
121.136 0.000110915
121.462 9.78496e-05
125.95 9.91094e-05
124.806 8.90563e-05
120.66 9.96737e-05
122.96 9.59968e-05
123.492 9.9492e-05
122.553 9.51934e-05
122.466 0.000108691
122.201 4.71257e-05
125.761 9.65343e-05
126.778 9.86163e-05
123.617 5.2482e-05
117.418 9.56572e-05
124.643 9.67368e-05
121.078 9.1618e-05
120.569 9.82046e-05
122.493 9.45483e-05
119.938 0.000102141
126.088 7.39303e-05
127.642 9.78874e-05
123.842 0.000100129
123.939 0.000109964
127.013 9.47006e-05
125.194 9.47598e-05
122.335 0.000105585
122.435 9.44614e-05
126.505 0.000101889
123.965 9.62813e-05
130.83 9.767e-05
130.575 0.000103452
121.395 0.000108318
124.531 0.000101605
124.58 9.99224e-05
127.061 0.000110232
119.37 9.85751e-05
123.47 9.56128e-05
127.561 9.40704e-05
125.41 9.37295e-05
119.886 1.86747e-06
124.47 8.42466e-05
128.194 9.81218e-05
129.203 0.00010212
126.145 0.000108315
126.632 0.000100654
131.594 9.70519e-05
122.207 2.04979e-05
126.727 0.000103235
129.435 9.54714e-05
123.238 7.59005e-05
115.059 0.00010705
122.88 0.000109478
125.806 9.51111e-05
127.281 9.59276e-05
123.69 0.000101038
120.505 0.000106332
115.495 9.21169e-05
125.778 9.72685e-05
126.812 9.65e-05
125.976 9.81142e-05
124.57 6.43323e-05
125.72 9.57297e-05
126.142 6.93493e-06
125.801 9.46648e-05
118.794 0.000116161
125.21 0.00010908
127.436 0.000104949
122.834 0.000103275
123.308 9.48056e-05
124.998 9.58337e-05
121.234 7.36703e-05
129.242 0.000107609
120.734 2.1425e-05
122.08 0.000104381
120.603 8.84286e-05
125.094 9.55255e-05
123.499 2.81998e-05
122.958 9.64065e-05
123.532 9.2232e-05
123.643 0.000101571
121.575 0.000111469
125.201 9.86019e-05
124.607 0.000111481
119.088 9.17435e-05
123.831 0.000103693
120.491 0.00010877
123.713 9.67515e-05
118.135 0.000113979
123.551 0.000100995
126.996 9.97732e-05
120.78 9.92143e-05
124.498 9.66306e-05
126.98 9.9547e-05
121.219 0.000103015
127.689 9.17639e-05
127.75 9.63784e-05
126.99 9.79948e-05
120.184 0.000109622
118.268 9.48472e-05
123.289 0.000105047
125.452 4.68296e-06
122.963 9.71477e-05
121.705 9.33561e-05
124.171 9.46041e-05
122.545 8.69143e-05
120.207 2.03515e-05
127.475 0.000103943
120.37 9.39011e-05
122.304 0.000102126
121.361 9.48018e-05
124.523 9.47654e-05
118.908 0.000100677
123.478 0.000102267
126.812 8.43969e-05
120.9 0.000108744
120.003 9.29613e-05
125.287 6.64192e-05
126.49 9.14812e-05
120.606 3.65679e-05
126.518 5.5992e-05
125.768 9.64566e-05
126.128 0.000100425
126.839 9.88285e-05
125.643 2.88497e-06
123.991 9.56428e-05
121.9 9.97621e-05
125.216 4.80141e-06
125.821 0.000106023
121.097 9.55926e-05
122.65 0.000108972
118.231 0.000102237
124.867 0.000103544
124.438 0.000104581
128.051 9.71258e-05
122.656 0.000100391
126.422 0.00011094
121.872 9.74901e-05
123.38 0.000106387
123.59 9.75015e-05
125.327 9.7806e-05
122.34 0.000105139
121.915 0.000101049
124.663 9.48541e-05
120.963 9.97215e-05
118.867 0.00010835
115.736 2.06012e-05
122.436 0.00010987
126.015 9.85717e-05
123.449 0.000109043
121.806 9.26111e-05
124.109 0.000106698
119.358 9.28711e-05
123.206 9.45224e-05
123.811 0.00010933
117.135 9.81995e-05
129.214 1.11434e-06
119.74 9.55695e-05
128.461 0.000101256
125.586 9.5131e-05
117.171 0.000100947
125.623 9.83398e-05
121.943 9.29873e-05
127.844 0.000100303
119.514 8.80027e-05
126.09 9.58921e-05
119.459 0.000104306
123.204 3.76775e-05
131.305 8.23957e-05
121.972 9.49232e-05
125.308 9.72018e-05
123.856 8.03302e-05
123.597 0.000107997
120.909 0.000103679
123.111 9.15934e-05
121.948 9.70192e-05
123.552 9.47983e-05
126.595 9.69924e-05
117.958 6.72159e-05
124.631 0.000100329
129.682 9.55415e-05
126.554 1.89537e-05
124.457 8.27165e-05
126.773 9.66667e-05
126.799 8.88651e-05
125.845 1.41135e-07
123.98 9.61358e-05
123.739 9.87823e-05
120.673 9.48507e-05
125.006 9.51844e-05
120.197 0.000101344
125.169 0.000106756
124.524 0.000108865
126.412 0.000100531
118.887 0.000100766
128.996 9.84251e-05
121.582 0.000111061
127.413 0.000109203
123.369 2.93948e-05
124.761 9.18149e-05
121.918 0.000107624
122.858 9.59817e-05
130.353 0.000110017
126.599 0.000102432
123.437 0.000104242
122.995 4.57528e-05
122.447 6.81724e-07
119.572 9.8736e-05
122.594 9.6144e-05
118.974 0.000101697
123.634 0.000107897
124.486 9.51136e-05
122.349 9.60601e-05
126.671 9.46228e-05
120.118 0.000105231
124.912 9.89849e-05
122.697 0.000109261
127.91 9.14205e-05
127.487 0.000100691
122.375 9.39289e-05
122.331 9.98309e-05
124.524 0.000109997
126.005 0.000100416
118.959 9.82194e-05
127.574 9.79499e-05
128.192 0.000102469
123.164 3.80659e-05
126.032 0.000102651
121.088 0.000105271
119.109 0.000110397
121.744 8.83512e-05
126.504 9.75625e-05
117.58 9.68504e-05
125.45 0.000108892
122.875 9.95873e-05
123.546 9.68193e-05
127.281 9.64744e-05
120.497 0.000100986
121.396 0.000100519
119.818 9.65552e-05
122.733 2.39878e-07
121.76 9.50696e-05
126.031 9.94389e-05
119.01 9.28568e-05
129.591 9.70005e-05
124.048 8.33032e-05
125.628 0.000108074
125.354 9.61796e-05
123.197 9.30926e-05
123.54 9.03213e-05
126.774 9.58846e-05
124.866 0.000108432
125.832 9.56652e-05
124.074 9.55654e-05
116.348 9.37101e-05
123.023 0.000106427
124.483 9.91472e-05
125.838 6.52147e-05
115.23 0.000101416
123.139 1.50481e-05
125.287 9.87148e-05
127.434 9.81856e-05
125.886 0.000106265
126.607 9.67032e-05
122.486 9.77579e-05
129.027 0.000103845
121.819 0.000103154
118.1 0.000105865
123.86 9.59234e-05
132.927 9.4783e-05
125.362 0.000108453
123.92 0.00010876
122.312 9.52086e-05
129.086 0.000109376
116.206 9.02275e-05
122.456 9.41606e-05
122.548 0.000104949
125.122 0.000107241
119.476 5.59077e-05
120.977 9.5734e-05
124.137 9.44543e-05
125.52 9.68033e-05
121.106 9.64533e-05
123.051 0.000102193
119.283 3.67148e-05
125.023 0.000102188
124.092 9.88104e-05
123.86 9.51748e-05
125.609 9.19855e-05
126.047 9.53698e-05
124.319 9.86241e-05
122.182 9.54705e-05
121.621 9.66752e-05
123.221 9.83514e-05
126.463 9.56142e-05
122.292 0.000108047
124.628 8.76363e-05
126.199 0.000107961
122.951 9.46407e-05
128.741 9.53712e-05
119.62 3.64265e-05
122.774 0.000108451
125.604 8.80221e-05
123.896 0.000103918
121.522 9.53259e-05
127.153 9.57925e-05
125.941 9.81666e-05
117.336 8.75169e-05
125.09 0.000102349
125.254 9.56287e-05
122.027 9.77621e-05
125.473 9.90751e-05
122.553 9.77745e-05
124.08 0.000104305
115.022 9.61423e-05
125.281 9.86587e-05
125.901 9.49348e-05
126.306 0.000104702
124.126 9.70201e-05
124.886 9.95139e-05
125.467 9.74556e-05
123.572 5.26313e-05
121.897 9.44625e-05
125.565 0.000102413
126.478 0.00010928
126.08 2.83879e-05
119.246 0.000102291
124.434 6.52589e-05
126.15 0.000103679
124.086 8.97833e-05
125.519 9.43247e-05
120.161 0.00010966
125.73 9.53916e-05
125.177 0.000106925
123.505 9.49047e-05
125.279 9.5625e-05
121.885 2.05903e-05
125.683 0.000102354
126.495 9.54216e-05
126.858 0.000109784
122.483 1.83724e-06
119.206 9.90282e-05
124.402 0.000107197
126.671 9.51193e-05
125.263 0.000109789
125.276 9.36186e-05
124.948 1.03549e-05
130.766 8.54641e-05
119.284 0.000108393
117.868 9.03239e-05
122.035 0.000108871
125.317 0.000103769
124.715 9.61362e-05
123.688 0.000108604
119.842 0.000101875
129.733 9.86028e-05
123.109 9.7119e-05
125.686 0.000105749
122.745 6.21112e-05
121.918 8.9295e-05
136.027 9.44638e-05
123.418 0.000108298
126.137 0.000100029
120.309 9.82236e-05
122.241 9.7732e-05
123.661 0.00010596
125.913 9.95091e-05
122.717 9.20723e-05
126.431 0.000110829
124.158 0.000109351
121.335 9.5449e-05
130.697 9.3786e-05
119.088 9.39092e-05
124.476 9.68267e-05
125.697 9.63246e-05
119.93 9.59276e-05
125.214 0.000100739
125.462 0.000103044
125.798 0.000102403
120.952 8.89573e-05
129.288 0.000103261
120.688 0.000100987
124.736 0.000112635
125.433 0.000111451
121.028 0.000109852
119.282 0.000107264
120.864 9.4883e-05
120.464 4.62998e-05
124.646 0.000105491
122.617 9.90631e-05
127.807 0.000100793
124.588 9.95872e-05
120.113 7.3363e-05
126.581 0.000101349
124.044 9.7563e-05
126.863 9.95268e-05
116.478 9.83705e-05
132.189 9.87249e-05
116.942 8.73159e-05
126.807 9.83109e-05
127.212 9.73344e-05
115.037 9.8066e-05
123.967 0.000106596
128.628 0.00010382
118.998 9.62518e-05
126.058 0.000100256
121.944 4.57587e-05
126.165 8.27904e-05
119.646 1.04555e-05
123.629 1.45348e-05
122.272 7.39353e-05
125.58 9.51657e-05
125.238 9.6948e-05
121.602 0.000103115
124.337 0.00010269
128.285 0.000106866
126.798 9.6232e-05
123.488 0.000106353
129.552 0.000100445
122.379 9.98559e-05
124.706 9.65026e-05
127.702 9.76632e-05
125.426 0.00010331
122.432 0.000106569
123.162 0.00010576
122.279 0.000101069
124.512 0.000103296
125.588 9.4627e-05
125.69 9.93423e-05
121.482 9.61647e-05
125.958 9.70447e-05
125.195 0.000110693
124.953 9.51317e-05
122.354 0.000101042
131.4 0.000111587
123.133 0.000104825
129.764 9.53508e-05
124.673 9.1735e-05
124.05 0.000108851
132.102 9.33357e-05
127.154 9.75477e-05
124.185 0.000106885
121.365 9.92366e-05
125.032 9.49441e-05
126.892 8.26057e-05
122.599 9.61507e-05
127.02 0.000107339
122.012 9.73482e-05
122.782 9.48741e-05
124.937 0.000101364
124.655 9.77183e-05
124.036 0.000100475
120.441 4.48554e-05
127.409 9.69741e-05
132.416 9.65242e-05
124.632 0.000103506
124.405 9.4658e-05
129.467 0.000102072
131.769 0.000105325
123.766 5.53546e-05
118.106 0.000102054
121.912 0.000105531
130.339 9.04711e-05
124.327 9.48572e-05
120.322 9.45164e-05
124.174 0.000100269
125.991 9.88151e-05
116.567 6.25348e-05
128.078 9.76239e-05
125.278 0.000112934
124.309 0.000106636
121.102 4.69781e-05
124.4 0.000106766
120.781 9.2558e-05
128.048 0.000101251
128.752 0.000105134
126.073 0.000107287
122.872 9.4068e-05
126.865 0.000109964
124.65 0.000114208
121.9 9.51658e-05
127.208 0.000108143
126.626 3.67537e-05
122.89 0.00010743
123.133 9.65993e-05
123.844 6.67324e-07
129.824 9.86111e-05
118.972 9.7743e-05
122.196 9.98177e-05
127.67 0.000101441
124.362 9.50809e-05
125.814 0.000107448
125.883 0.000104627
121.853 0.000102959
124.523 6.62684e-07
124.989 0.000108931
125.854 8.60388e-05
126.879 8.82731e-05
125.436 8.88915e-05
123.415 9.7781e-05
123.507 8.95784e-05
129.262 9.97354e-05
121.803 9.52226e-05
128.186 0.000108704
125.15 0.000110195
125.757 9.60841e-05
122.22 9.79961e-05
121.414 4.75028e-05
127.138 9.4388e-05
126.478 9.46462e-05
121.899 9.10986e-05
123.513 9.45332e-05
126.586 9.58183e-05
124.047 0.000101182
115.5 9.4999e-05
120.329 9.55881e-05
121.555 0.000106534
125.44 9.38904e-05
123.948 9.94647e-05
120.887 0.000102588
125.501 9.94827e-05
124.903 9.16269e-05
125.803 0.000109101
125.748 9.6005e-05
125.564 0.000100232
124.271 9.77468e-05
124.299 0.00010729
123.152 3.72861e-05
119.527 9.89548e-05
123.278 9.62387e-05
121.786 7.6346e-05
115.714 9.5227e-05
124.214 1.49474e-05
124.415 9.01804e-05
119.51 0.000102866
119.504 2.82801e-05
121.601 9.72227e-05
120.901 9.71679e-05
123.313 1.06601e-05
123.505 9.86123e-05
122.272 9.73506e-05
118.9 9.7339e-05
122.802 9.08542e-05
125.714 0.000105975
123.162 9.44726e-05
123.852 9.50765e-05
122.134 9.403e-05
126.27 9.49559e-05
119.425 0.000109123
127.219 9.65898e-05
127.488 9.09174e-05
122.785 9.60336e-05
123.759 0.000106608
128.108 0.000101409
126.019 0.000109935
131.504 0.00010908
125.306 9.93827e-05
123.248 9.96454e-05
115.274 9.7373e-05
125.223 0.000105013
123.115 7.54572e-05
125.349 0.000109786
122.384 9.02643e-05
124.895 9.16411e-05
124.149 0.000101032
122.328 8.20304e-05
121.504 9.93802e-05
122.955 0.000103855
124.879 0.000105393
118.143 9.03754e-05
127.092 9.5409e-05
121.322 0.000113181
122.091 0.000106012
124.975 9.52165e-05
125.99 9.88289e-05
123.394 9.87413e-05
124.611 4.61907e-06
126.813 0.000103314
124.081 4.53987e-05
125.983 9.72518e-05
128.962 9.4505e-05
119.479 9.54086e-05
126.337 0.000105257
120.729 9.44598e-05
122.16 0.000107416
115.748 9.81493e-05
119.614 9.76389e-05
120.156 5.32781e-05
125.67 9.93615e-05
124.462 6.7018e-05
127.876 9.58498e-05
131.325 9.87479e-05
126.845 8.69393e-05
122.693 9.21144e-05
121.952 0.000109544
124.818 9.86427e-05
125.357 9.90812e-05
121.888 9.85729e-05
125.177 9.85941e-05
120.531 9.15781e-05
122.938 9.48048e-05
125.577 0.000108303
120.706 0.000103667
124.379 9.94247e-05
125.626 0.000108431
128.56 9.67207e-05
122.206 9.34982e-05
127.407 0.000107348
127.605 9.96075e-05
119.149 0.000103064
125.275 9.64817e-05
127.043 0.000103695
125.392 9.68576e-05
120.203 9.1818e-05
123.223 0.000109994
121 9.60636e-05
115.793 9.59334e-05
118.45 8.98046e-05
119.571 9.48652e-05
124.427 0.000110881
126.089 2.83844e-07
124.062 9.54173e-05
125.36 9.34062e-05
117.805 9.36511e-05
124.204 9.70291e-05
126.006 9.88141e-05
125.048 0.000109662
120.558 0.000106867
125.851 0.000107598
131.084 9.59955e-05
126.703 6.86506e-07
124.481 6.56329e-05
125.732 9.73311e-05
121.159 5.61176e-05
127.794 9.37441e-05
120.61 0.000103586
122.125 9.52412e-05
122.745 9.95949e-05
122.709 9.52505e-05
125.183 9.51506e-05
117.899 9.51234e-05
128.768 9.97543e-05
126.361 0.000109136
123.163 9.30478e-05
119.263 0.00010055
125.172 0.000104611
123.25 0.000102843
124.101 9.61137e-05
121.479 0.000103633
126.311 9.66504e-05
126.277 9.92152e-05
122.564 6.98113e-06
121.599 9.54472e-05
123.704 9.85987e-05
125.022 9.58154e-05
123.543 9.55751e-05
123.255 9.8049e-05
120.562 9.44916e-05
123.031 9.75525e-05
123.932 0.00010378
123.815 0.000103799
126.361 9.61754e-05
121.557 0.000104562
125.123 0.000103221
123.428 9.9956e-05
125.347 2.81577e-05
125.842 0.0001074
123.148 9.84139e-05
126.686 0.00010094
127.241 0.000102788
123.195 9.58713e-05
130.807 9.77451e-05
117.986 9.03042e-05
121.532 0.00010894
124.056 9.3623e-05
123.562 9.60277e-05
127.728 9.69417e-05
125.162 9.5949e-05
119.667 9.62899e-05
124.247 0.000107863
