119.456 0.000437421
115.934 0.000292966
122.036 0.000427953
118.283 0.000432252
119.038 0.00039597
120.096 0.000332955
119.519 0.000384964
118.809 0.000417467
131.412 0.000402255
125.289 0.000285013
126.388 0.000260392
123.259 0.0004337
118.668 0.000386751
120.979 0.000434655
120.61 0.000446913
125.331 0.000394089
141.382 0.000389418
115.468 0.000363311
124.005 0.000410499
117.586 0.000391957
119.064 0.000440883
115.762 0.000366391
160.753 0.000400819
117.977 0.000380382
121.996 2.67606e-06
117.328 0.000377131
119.573 0.00038067
128.877 4.22222e-05
116.084 0.000359881
119.559 0.000326357
117.357 0.000432823
120.584 0.000375683
118.256 0.000397576
120.216 4.02453e-05
115.258 0.000401673
118.702 0.000397308
119.33 0.000378297
120.544 0.000295698
118.678 0.000394275
120.735 0.000435929
120.1 0.000389936
116.035 0.000385721
119.319 0.000396114
125.265 0.000378864
122.222 0.000383795
120.97 0.000354678
119.23 0.000389441
117.455 0.000397928
133.281 0.000299158
119.874 0.000422646
125.513 0.000391093
