118.287 0.000158579
145.544 0.000148712
117.574 0.000155837
135.483 0.000160847
162.296 0.000172578
125.117 0.000163069
121.674 -0.000172991
167.829 0.000183505
117.887 0.000158995
118.283 0.000160439
124.512 0.000178263
145.243 0.000165862
121.449 0.000151548
146.097 0.000157853
122.729 0.000172525
119.523 0.000173942
116.042 0.000161342
127.073 8.11968e-06
123.039 0.000156953
149.719 0.000182503
119.702 0.00014957
123.097 6.28482e-05
137.909 0.000158853
145.742 0.000160316
125.962 0.000161097
134.243 0.000162197
124.022 0.000162205
129.338 0.000165144
119.509 0.000162708
125.858 0.000157563
125.931 0.000167041
120.588 0.000163907
169.607 0.000195128
124.066 0.000161307
134.283 0.000171883
118.637 0.00015921
117.576 0.000158931
115.186 0.000134158
161.925 4.87307e-06
127.807 0.000170882
154.231 0.000159695
119.727 0.00016933
123.397 0.000106989
117.462 0.000157777
125.366 0.000165128
125.217 0.000158826
121.493 0.000166445
138.022 0.000174039
132.88 0.00016324
132.792 7.96952e-06
135.365 0.000173248
125.441 0.000161897
124.102 0.000138609
133.802 0.0001525
130.775 0.000164999
124.146 0.000142944
129.718 0.000166216
130.23 0.000169917
116.972 4.68628e-06
116.322 0.000153003
127.387 0.000175875
124.824 0.000179014
119.941 0.000160924
140.108 0.000176145
146.771 0.000168479
125.883 7.46116e-06
142.398 0.000165807
127.243 4.64215e-05
138.013 0.000165019
144.222 0.000173693
117.789 0.000187575
136.38 0.000162224
127.287 4.7495e-06
139.96 9.10913e-05
120.039 0.000180828
133.131 3.05093e-06
165.96 0.000165025
140.12 0.000190871
124.852 0.000165459
121.86 0.000164309
130.906 0.000162665
138.419 0.000181237
125.068 0.000167834
115.593 0.00016511
147.166 0.000167002
162.406 0.000161793
123.677 -0.000157717
121.745 0.000167972
124.434 0.000174115
128.511 9.2567e-05
116.404 0.000183211
122.112 0.000173859
157.247 0.000173129
120.599 0.000158025
131.131 0.000169131
119.954 0.000166592
122.733 0.000158551
122.839 0.000182421
122.911 6.25991e-07
125.203 0.000160729
126.607 0.000185873
125.809 0.000166061
119.516 0.000167649
155.689 0.000162374
115.391 0.000110206
123.798 0.000157792
121.183 0.00017114
118.247 0.000174355
143.265 0.000159077
120.427 0.000150541
119.813 0.000167953
122.549 0.000190237
120.001 0.000168107
121.802 0.000179149
120.465 0.000154659
121.465 0.000170066
126.852 0.000159053
123.625 0.000162048
130.393 0.000150722
118.677 0.000172306
119.442 0.000142984
129.344 0.000146078
133.536 0.000170696
118.091 0.000166395
142.513 0.0001494
123.314 0.000158517
126.178 6.08818e-05
126.883 0.000110316
129.078 0.000176605
149 7.71402e-05
155.427 0.000161885
124.539 0.000164741
117.474 0.000163601
119.881 0.000152134
149.595 0.000166427
124.071 0.000178351
124.33 0.000185452
142.438 0.000171776
118.881 0.000162773
129.029 2.31459e-05
133.537 0.000182743
119.804 0.000165332
126.09 4.69472e-05
121.833 0.000162363
123.535 0.000159453
119.476 0.000154248
144.846 0.000147196
125.438 0.000105788
133.362 0.000178275
144.285 -0.00016128
146.262 0.000171214
138.758 -1.10859e-06
125.101 0.000179426
125.004 0.000177208
148.495 0.000173893
124.387 0.000169254
142.738 0.000167687
123.134 0.00016557
124.784 0.000174989
123.464 0.000167229
125.217 0.000162366
124.416 0.000152817
133.961 0.000183357
132.977 7.66094e-05
131.767 3.28897e-05
127.311 0.00014981
125.116 0.000178373
125.134 0.000166221
122.296 0.00017466
130.873 0.000161958
139.159 7.6792e-05
121.728 0.000169599
117.267 0.00015249
125.358 4.71236e-05
125.86 0.000180226
126.287 0.000177631
123.03 0.000155899
117.68 0.000163543
118.466 0.000148497
126.215 0.0001818
125.437 7.64585e-05
122.182 0.000168516
126.813 0.00016229
123.062 0.000177109
156.976 0.000180814
118.85 0.000162967
119.253 0.000154886
116.959 0.000179159
153.018 0.000170877
121.652 0.000149338
127.519 0.000172659
144.286 0.000156253
147.548 0.000160373
119.356 0.000162772
122.487 0.000164602
120.438 0.000161881
124.45 0.000154033
144.923 -0.000159957
155.355 0.000176966
128.594 0.000163557
124.021 0.000163576
153.065 4.89814e-05
123.118 0.000163468
124.225 5.00291e-05
137.47 0.000155028
116.65 0.000159576
125.764 1.41422e-07
132.825 0.000164285
141.682 0.000168269
145.372 0.000172578
137.978 6.08895e-05
129.585 0.000164622
147.85 0.000158944
124.602 -0.00017137
127.79 0.000165375
151.171 0.000157464
127.429 0.000171052
127.404 0.000163526
123.84 0.000166136
138.32 0.000168483
140.271 0.000174358
153.379 0.000181612
139.329 0.000181617
124.679 3.42056e-05
121.244 0.000162738
125.256 0.000161062
120.551 0.000142218
135.186 -0.00016154
155.834 0.000155692
123.474 0.000159037
125.138 0.0001662
141.879 0.000148621
122.07 0.000161173
128.658 0.000171021
124.372 0.000149648
144.34 0.000159083
151.754 0.000158091
127.034 0.000167416
148.429 0.000171513
121.664 0.000155721
119.138 0.000171466
126.147 0.000145547
148.383 0.000182376
128.153 0.000103742
120.728 0.000161814
126.987 0.00016147
126.589 0.000153213
136.211 0.000159375
124.455 0.000191555
117.935 0.000138921
124.454 0.000163538
116.464 0.000171559
150.55 0.000159216
126.483 0.000172781
134.983 0.00017527
126.806 0.0001653
125.198 0.000183726
145.099 0.000173303
118.456 0.000192411
121.85 0.000169285
120.817 0.000159042
126.286 0.000157412
126.032 0.000166226
124.398 0.000180369
121.628 0.00016613
119.056 0.000160587
