120.183 0.000108563
122.122 9.64537e-05
122.56 0.000100996
150.52 9.98222e-05
126.852 0.000109775
125.328 0.000108153
123.144 9.8791e-05
122.306 9.76879e-05
127.208 0.000101345
132.794 0.000111339
126.714 0.000105346
124.444 0.000110126
126.742 9.75624e-05
123.103 4.67823e-06
127.059 0.000104073
126.362 0.000104878
124.456 0.000163519
119.582 0.00014955
125.304 0.000153156
119.382 0.000150435
121.25 7.06797e-06
122.326 0.00014954
123.785 -0.000148667
124.336 0.000150719
119.633 1.05618e-06
125.627 0.000147141
120.792 0.000136677
124.159 0.000148994
123.21 0.000141499
123.861 0.000148102
