125.301 0.00072089
123.428 0.000492449
125.396 0.00062863
121.014 0.000702181
119.179 0.000615673
120.847 0.00068542
119.894 0.000659339
122.697 0.000659143
124.186 0.000613524
123.89 0.000699773
123.007 0.000644419
126.068 0.000135843
125.118 0.000715326
119.769 0.000630457
126.993 0.000661726
120.925 0.000647097
122.518 0.000752978
128.686 0.000653715
117.175 0.000644842
121.94 0.000645488
124.497 9.65209e-05
128.547 0.000501146
125.225 0.000661379
121.685 0.000711269
124.917 0.000632942
124.14 0.000648198
126.073 0.000656614
130.87 0.000646366
128.499 0.000659568
122.759 0.000626403
122.012 0.000418694
124.818 0.000626394
122.986 2.62287e-06
130.462 0.000653423
123.702 0.00062739
125.064 0.00066195
119.809 0.000649752
124.059 0.000648112
128.818 0.000497862
128.228 0.000634272
125.322 0.000628904
128.487 0.000639687
124.842 0.000637373
125.819 0.000654852
121.06 0.000628242
124.968 0.0006217
129.234 0.000628946
118.371 0.000643556
120.358 0.000595063
121.673 4.58308e-05
120.77 0.000592627
120.469 0.000659801
125.308 0.00069724
126.4 0.000593542
124.32 0.00062674
124.32 0.000687791
123.061 0.000651779
127.114 0.000670931
124.305 0.00065146
131.5 0.000578485
119.608 0.000646616
126.271 0.000641642
123.011 0.0006405
125.409 0.000653567
122.028 0.00049628
124.506 0.000711321
127.464 0.000635314
125.4 0.000620246
124.059 0.000709714
120.965 0.0006226
124.278 0.000639965
124.166 0.000652403
127.854 0.000619275
122.524 0.000538458
123.892 0.000721498
122.244 0.000623642
127.078 0.000646771
124.998 0.000646954
121.974 0.000695288
125.397 0.000627792
127.766 0.000647096
124.099 0.00059304
122.367 0.000633267
124.694 0.000622268
122.606 0.000236601
121.998 0.000631984
127.135 0.000584944
122.074 0.000639397
124.893 0.000635877
125.736 0.000642137
128.163 0.000630766
129.332 0.000622382
126.735 0.000610257
125.358 0.000679489
124.863 0.000716618
123.644 0.000590758
122.351 0.000644569
122.484 0.000247646
127.698 0.000687541
120.128 0.000650828
125.118 0.000631936
127.553 0.000173006
120.244 0.000623945
123.252 0.000675993
122.918 1.88965e-05
131.432 0.00059226
122.1 0.000672901
122.101 0.000661596
125.971 0.000717766
121.161 0.000613014
117.48 0.000715513
126.792 0.000605808
121.119 0.000629444
122.979 0.000629487
120.862 0.000602465
123.173 0.000683166
125.71 0.000626302
125.749 0.000700008
122.768 0.000680164
124.425 0.000620131
125.36 0.000174348
123.023 0.000646668
120.977 0.000706792
123.682 0.000634612
119.971 0.000722463
126.267 0.000617025
125.939 0.000685758
125.905 0.000662222
124.04 0.000365361
126.162 0.000623272
127.044 9.03185e-07
123.596 0.000642735
124.805 0.000633654
124.14 0.000717112
126.659 0.000620664
120.493 0.000724329
124.174 0.000711306
123.462 0.000596645
125.92 0.000617644
124.354 0.00070634
123.549 0.00062352
129.488 0.000669512
123.411 0.000626919
117.777 0.000613229
127.617 3.03679e-05
116.38 0.000660581
122.243 0.000707515
121.622 0.000182925
122.549 0.000423883
137.127 0.000646755
123.187 0.000693734
124.057 0.000739536
124.626 0.00070481
125.517 0.000627858
123.874 0.000621434
122.875 0.000637622
124.858 0.000743398
123.921 0.000686678
122.94 0.000624681
122.3 0.000676015
121.712 0.000637532
115.89 0.000616609
126.264 0.000627268
123.349 0.000704854
122.369 0.000629252
124.225 0.000627453
124.48 0.000709028
121.248 0.000627719
123.534 0.000673124
123.361 0.000661143
127.376 0.00053352
124.792 0.0005826
126.526 0.000633076
125.605 0.000609841
126.219 0.000702153
125.091 0.000243041
126.489 0.000610615
120.571 0.000650746
126.341 0.000661082
119.568 0.000681616
126.416 0.00057269
131.801 0.000700334
120.082 0.000660245
129.377 4.75121e-05
125.26 0.000656969
126.876 0.000642153
124.556 0.00063691
124.498 0.000578327
123.764 0.0006205
129.938 0.000707459
128.878 0.000597132
130.943 0.000669639
125.436 0.000651438
122.076 0.000684286
124.206 0.000654749
126.317 0.00063697
126.524 0.000640348
126.618 0.000615621
122.076 0.000719484
125.301 0.000623772
115.374 0.000361848
125.068 0.000616926
126.077 0.00058754
128.395 0.000591525
117.301 0.000701864
121.24 0.000425476
125.983 0.000706732
121.569 0.000601334
124.952 0.000439113
128.366 0.000617093
119.479 0.000649964
115.299 0.000247822
124.273 0.000637224
123.663 0.000716924
123.655 0.00063601
123.621 0.000639882
124.333 0.0006176
123.758 0.000631653
118.12 0.000645767
126.083 0.000701122
127.546 0.00061643
120.746 0.00066053
127.507 0.000638711
121.975 0.000657224
126.951 0.000604009
125.949 0.000655052
126.332 0.000615814
122.798 0.000640407
122.446 0.000716747
124.982 0.000654827
118.609 0.000638548
126.279 0.000581207
117.453 0.000693478
121.423 0.00069002
128.306 0.000729859
119.612 0.000704268
124.536 0.000713758
123.448 0.00073161
128.737 0.000638838
127.026 0.000637231
125.33 7.27549e-06
124.372 0.000615719
118.044 0.000682063
121.585 0.000611451
123.535 0.000646147
122.209 0.000640622
123.562 7.02567e-06
120.947 0.000588396
117.307 0.00064747
125.305 0.000672252
122.508 0.000657079
125.348 0.000618987
124.038 0.000644607
123.438 0.000700893
123.809 0.000640261
123.822 0.000665148
120.67 0.00070496
123.846 0.000641418
126.842 0.000719323
124.58 0.000633591
125.976 0.00061492
124.026 0.000725632
127.989 0.000488121
121.796 0.000729373
122.897 0.000634629
124.929 0.000622809
122.809 0.000295136
126.549 0.000134397
127.067 0.000574191
126.323 0.000724903
123.27 0.000600292
129.296 0.000589618
118.312 0.000665221
122.413 0.000589666
123.162 0.000653665
122.695 0.000365263
121.087 0.000591109
124.208 0.00062693
124.202 0.000645359
124.243 4.6037e-05
124.376 0.000638326
123.632 0.000625419
121.034 0.000620636
127.054 0.000678132
123.074 0.000526984
126.099 0.000637223
119.784 0.000623948
120.01 0.000641243
123.83 0.000537031
121.611 0.000665229
121.021 0.000482418
124.205 0.000722549
125.194 0.000666708
124.744 0.000633844
126.59 0.000707886
121.977 0.000630025
123.237 0.000689708
124.655 0.000641061
126.889 4.37667e-06
117.033 0.000618574
119.13 1.09641e-05
122.142 0.000650707
123.143 6.68689e-05
130.111 0.000627306
124.236 0.000644973
122.085 0.000623382
125.506 0.000631721
126.046 0.000622437
119.174 0.00071525
124.789 0.000629056
120.445 0.000709449
122.899 0.000660622
117.871 0.000620016
121.716 0.000649112
124.402 0.000650138
120.875 0.000628521
119.784 0.000676723
124.415 0.000645889
128.771 0.000633139
122.858 0.000653451
129.381 0.00066481
123.98 0.000621642
124.322 0.000696225
127.052 0.000716931
120.516 0.0006533
118.366 0.000619517
128.281 6.77066e-05
121.91 9.54755e-05
125.745 0.00064393
127.543 0.000656434
122.704 0.00061968
122.893 0.000641485
125.537 0.000640159
123.783 0.000718488
117.452 0.000614573
124.372 1.77476e-05
127.188 0.000488723
121.852 0.000618897
124.594 0.000703205
118.98 6.7742e-05
130.363 0.000719188
124.91 0.000543882
120.621 0.000674017
124.634 0.000656233
122.192 0.000590225
122.627 0.000645586
121.882 0.000732365
126.158 0.000598815
121.975 0.00072083
120.631 0.000624222
123.357 0.00061607
121.975 0.00058519
124.975 0.000640074
125.457 0.000715812
121.621 0.000615865
121.878 0.000610369
126.644 0.000708621
121.653 0.000660386
123.622 0.000626393
124.337 0.000632142
126.264 0.000614281
124.582 0.000574461
128.258 0.000686341
125.748 0.000620604
124.609 0.000650038
120.508 0.000360203
123.158 0.000481895
120.137 0.000631512
125.418 0.000666532
123.665 0.000706192
122.116 0.00064956
121.721 0.000677628
120.969 0.000624003
121.807 0.000646971
126.963 0.000706327
124.317 0.00064884
124.864 0.000625296
124.367 0.000639658
125.06 0.000713508
124.629 0.000640933
124.19 0.000752704
118.449 0.00060248
123.525 0.000717321
124.174 0.000651706
126.472 0.000616199
125.069 0.000615072
123.309 0.000625261
123.841 0.000667586
124.752 0.000632315
126.68 0.00064769
125.745 0.000634853
123.516 0.000724336
120.71 0.00063566
117.615 0.000580495
122.288 0.000624954
130.621 0.0006236
123.113 0.00062442
120.953 0.000668817
135.562 0.000658462
125.919 0.000360675
123.997 0.000700059
123.601 0.00064296
127.158 0.000487166
124.091 0.000706166
130.401 0.000623966
123.311 0.000604013
117.801 0.000618783
122.869 0.000643006
123.348 0.00070173
125.582 0.000544669
126.397 0.000746332
122.065 0.000595906
127.561 0.000739512
124.344 0.000715562
127.985 0.000647694
117.458 0.000646446
122.739 0.000628106
132.278 0.000706109
126.141 0.00061863
125.194 0.000706935
127.875 0.0006273
123.807 0.000242581
124.18 0.00029461
121.945 0.000700809
124.077 0.000633812
124.451 0.000656478
118.917 0.000620277
127.538 0.000711855
122.176 0.000543351
122.258 3.02709e-05
123.707 0.000242067
124.907 0.000726158
124.099 0.000644286
123.213 0.000627964
124.649 0.000418805
117.824 0.000294276
125.382 0.000634326
128.258 0.000241122
121.267 0.000625251
126.854 0.000691799
129.609 0.000637515
123.507 0.000641525
130.004 0.000648073
120.668 0.000634929
125.283 0.00063796
123.823 0.000639326
123.899 0.000644414
127.441 0.000658255
123.013 0.000644843
120.543 0.000427589
128.297 0.000274087
125.967 0.000633104
123.512 0.00062595
126.845 0.000694191
122.3 0.000581512
127.895 0.000437298
124.928 0.000652894
126.546 0.000713454
128.552 0.000636421
123.787 0.000716618
124.579 0.000655277
127.3 0.000631124
124.887 0.00061513
124.09 0.000359005
118.679 0.000620134
124.528 0.000624388
125.221 0.000701585
124.603 0.00058318
126.149 0.00064995
121.227 0.000698298
127.379 0.000614055
124.092 0.000640718
125.036 0.000545831
128.846 0.000646585
125.518 0.000691664
122.327 0.000715227
119.813 0.000588456
126.479 0.000677037
126.458 0.000655072
124.692 0.00058894
123.047 0.000643893
126.565 0.00064754
122.603 0.000619589
126.611 0.00062055
122.165 0.000648003
123.803 0.000636012
122.184 0.000183344
124.61 0.000634876
126.967 0.000651045
123.007 0.000697275
117.934 0.000666594
124.179 0.000618851
129.544 0.00062941
123.356 0.000301168
123.465 0.000652852
122.114 0.000723212
126.629 0.000701023
126.12 0.000706231
126.492 0.000709614
126.858 0.000630345
122.632 0.000630778
121.716 6.94132e-05
125.22 0.000421915
121.653 0.000623464
126.902 0.000637482
127.074 0.000667917
125.951 0.000634075
123.697 0.000626457
124.208 0.0006275
124.579 0.000633814
122.476 0.000659964
124.122 0.000323582
123.315 0.000624283
126.439 0.00061865
128.914 0.000643628
121.463 9.46167e-05
125.303 0.000627338
127.873 0.00068007
116.27 0.000627929
127.653 0.000614895
125.578 0.000285345
122.714 0.000645695
125.058 0.000603712
128.814 0.000632704
123.276 0.000634595
120.758 0.000670141
121.962 0.000593904
120.427 0.000573821
122.919 0.000615735
123.094 0.000643515
120.917 0.000654557
125.025 0.000624137
129.326 0.000682179
124.328 0.000623232
127.684 0.0005736
124.373 0.000671154
125.798 0.000694843
127.793 0.000667377
125.95 0.000575451
124.562 0.000646986
120.106 0.000742988
125.711 0.00064498
125.727 0.000626445
122.655 0.000639158
121.688 0.000716582
123.717 0.000634451
124.502 0.000613478
127.025 0.000625919
119.843 0.000628345
127.616 0.000587101
119.663 0.00036793
125.785 0.000639215
123.772 0.00048879
122.096 0.00060708
123.245 0.000642991
127.628 0.000614369
125.005 0.000659462
127.305 0.000619915
124.935 0.000693849
124.983 0.000717623
123.849 0.000615199
123.587 0.000581862
122.518 0.000692468
128.636 0.000645721
125.372 0.000626423
123.094 0.000674292
123.364 0.000649227
121.617 0.000702459
125.083 0.000688266
127.316 0.000713082
123.791 0.000636963
118.315 0.000710882
124.458 0.000650979
121.576 0.000632482
123.496 0.000688676
128.74 0.000623667
130.155 0.000718769
127.037 0.000650373
124.242 0.000613792
117.142 0.000632577
120.823 0.000638718
125.671 0.000643836
125.549 0.000652687
123.738 0.000580177
126.151 1.18898e-05
124.582 0.000610089
126.233 0.0006487
127.145 0.000589678
126.487 0.000633806
124.008 0.000726858
122.358 0.000586602
126.538 0.000618225
124.999 0.000657925
123.661 0.000581484
120.597 0.000694385
122.607 0.000639818
126.663 0.000636947
116.485 0.000644271
124.598 0.000653943
125.237 0.000646349
125.67 0.000699949
125.122 0.000626887
122.18 0.000659264
124.284 0.000645524
125.675 0.000718501
123.52 0.000588207
125.167 0.000673766
119.055 0.000511655
127.896 0.000428672
125.789 0.000624334
125.817 0.000692089
120.378 0.000584047
122.93 0.000646088
120.161 0.000640671
119.929 0.000626487
126.538 0.000642995
116.184 0.000638629
126.204 0.000620196
120.366 6.16017e-05
122.216 0.000565363
122.89 0.000675291
125.038 0.000709965
125.956 0.00066824
123.352 0.000659985
115.827 0.000626853
125.345 0.000133906
126.598 0.000641066
124.557 4.55636e-05
125.097 9.67551e-05
122.641 0.000626481
123.537 0.000739068
124.735 0.000707641
126.491 0.000637286
121.293 0.000626917
125.98 0.000653202
124.88 0.000620179
118.972 0.000696574
126.364 0.000626269
124.236 0.000629202
126.19 0.000621149
125.38 0.000697943
123.443 0.000618969
128.222 0.000636597
126.395 0.000724397
127.959 0.000634939
126.358 0.00055745
124.857 0.000173523
119.739 0.000545545
125.784 0.000645018
123.998 0.000297969
127.208 0.000594558
121.401 0.000642906
126.798 0.000639636
125.983 0.000644492
124.228 0.000131318
124.434 0.000726352
126.669 0.000248025
125.455 0.000635737
126.058 0.000638888
125.888 0.000661845
125.053 0.000694836
127.793 1.87459e-05
117.5 0.000708106
125.67 0.000664124
125.626 0.000619197
117.925 0.000644865
122.658 0.000632506
124.366 0.000694424
127.224 0.000641887
128.368 0.000632033
122.785 0.000421918
121.309 0.000646973
128.395 0.000638879
125.115 0.000610218
124.703 0.000642787
120.339 0.00062063
120.702 0.000652478
117.557 0.000651184
124.35 0.000605684
119.468 0.000655892
121.716 0.000612876
115.717 0.000618389
124.677 0.00068229
122.918 0.000624345
125.076 0.000290685
121.872 0.000644472
127.183 0.000610704
129.276 0.000620507
119.501 0.000653815
129.566 2.96649e-05
121.904 0.000613743
120.191 0.000602727
123.472 0.000629437
123.92 0.000719228
123.743 0.000657244
123.774 0.000653043
123.956 0.000642046
120.815 0.000586308
122.364 0.000628981
121.661 0.000666993
124.913 0.000626661
122.602 0.000421167
123.732 0.000620586
125.072 0.000716662
127.216 0.000425267
124.789 0.000600938
125.601 0.000648937
126.569 0.000499131
125.471 0.000685185
122.832 0.00064839
120.588 0.000628359
116.869 0.000656426
125.751 0.00069551
127.082 0.00067795
123.582 9.86877e-05
122.526 0.000654381
123.305 0.000625795
119.849 0.000621671
125.124 0.000596182
123.979 0.000378661
126.955 0.000638004
120.991 0.000552305
125.741 0.000586724
122.364 0.000631641
126.757 0.00042376
122.073 0.000704988
122.636 0.000579731
124.748 0.000716574
115.098 0.000628632
121.688 1.21185e-05
116.818 0.000642363
124.401 0.000697598
124.322 0.000360178
131.6 0.000621145
126.955 0.000709983
124.297 0.000631601
116.051 0.00029344
122.705 0.000570339
119.206 0.000700941
128.613 0.00059388
119.15 0.000717182
129.809 0.000630609
125.982 0.000428796
124.3 0.00030001
124.744 0.00062886
119.806 0.000608603
121.311 0.000640615
121.642 0.000643289
125.697 0.000643687
123.471 0.000638255
127.092 0.000645732
124.537 0.000615347
122.372 0.000654197
121.39 0.000641883
120.72 0.000240915
125.142 0.000663505
126.455 0.000714378
123.052 0.000618659
124.641 0.000677227
118.548 0.000616572
125.54 0.000650645
127.054 0.000651914
123.234 0.000236505
124.038 0.000622608
127.054 0.000614176
126.352 0.000719822
126.046 0.000631878
124.997 0.000634118
123.726 0.000658374
129.485 0.000647605
124.118 3.02628e-05
127.254 0.000630647
125.53 0.000343727
128.603 0.000717609
124.044 0.000626614
125.62 0.000637804
120.829 0.00071098
124.669 0.000627581
123.813 0.000646216
126.941 0.000604873
123.147 0.000543775
127.703 0.000603857
122.501 0.000639055
125.405 0.000299062
125.268 0.000615167
129.564 0.000686122
123.575 0.000715735
124.229 0.000549871
123.362 0.000626707
125.526 0.000713962
123.173 0.000589422
121.435 0.000609777
123.369 0.000634405
125.328 0.000646043
121.609 0.000710311
121.042 0.000617019
124.298 0.000630233
120.913 0.000614576
126.81 0.000100646
122.437 0.000242188
123.182 0.000622944
126.806 0.000708828
116.273 0.000725216
120.055 0.00077772
126.146 0.00023863
127.151 0.000624612
130.097 0.000640389
123.85 0.000675805
118.647 0.000555287
122.721 0.000647632
120.744 0.000619448
126.097 0.000620044
117.546 0.000614524
123.219 0.000661242
127.092 0.00062638
122.087 0.000711607
126.134 0.000622243
121.304 0.00061872
123.821 0.000717495
125.083 0.00065652
123.53 0.000775917
124.198 0.000616971
122.601 0.000679447
125.515 0.000671304
125.14 0.000622661
126.906 0.000642886
121.072 0.00072602
119.196 6.70054e-05
128.233 0.000722237
124.41 0.000623894
121.879 0.00066264
121.292 0.000674506
122.928 0.000628983
128.201 0.000570552
125.304 0.000694387
124.352 0.00063798
120.348 0.000607312
123.247 0.000645185
131.983 0.000696309
123.426 0.000622174
125.349 0.000486467
119.576 0.000628843
117.356 0.000498726
122.085 0.000625855
123.534 0.00061298
117.949 0.000727126
133.353 0.000662056
125.639 0.000604554
126.913 2.63403e-06
125.88 0.000622234
121.91 0.000625876
119.396 0.000710313
123.875 0.000647789
122.991 0.000638096
123.071 0.000641952
127.201 0.000728832
122.373 0.000629165
121.894 0.000649311
125.265 0.000298801
124.252 0.000661712
123.094 0.000588306
123.334 0.000665843
126.528 0.000619047
122.996 0.000706337
124.208 0.000629082
127.19 0.00072541
121.693 0.000648869
126.172 0.00064473
120.389 0.00059326
124.655 0.000538128
120.716 0.000617863
130.449 0.000680766
118.041 0.000703699
121.165 0.000531947
123.857 0.000602687
123.702 0.000716701
124.673 0.000616361
125.755 0.000660551
120.849 0.000519564
120.836 0.000656299
119.869 0.000681314
126.49 0.00066781
123.174 0.000624606
119.204 0.000632722
124.3 0.000626061
125.238 0.000644925
124.274 0.000653621
120.847 0.00063422
119.558 0.000612159
119.427 0.000622957
123.585 0.000665414
124.415 0.000647333
122.762 0.00062924
127.059 0.000242735
123.953 0.000621513
124.42 0.000640666
123.54 0.000635538
124.366 0.000664365
121.435 6.70587e-05
122.372 0.000649894
123.008 0.000694864
125.244 0.000525231
123.809 0.000644847
122.307 0.000616288
127.011 0.000423224
124.402 0.000652503
125.865 0.000545757
126.779 0.000644574
125.079 0.000621756
125.035 0.000627541
124.83 0.000680597
124.029 0.000638944
125.839 0.00063686
125.536 0.000628873
124.683 0.000737161
126.043 0.000617509
123.767 0.000622778
123.815 0.000697763
130.833 0.000603649
123.798 0.000644274
128.705 0.000647951
125.412 0.000361993
127.295 0.000606421
123.013 0.000631593
122.492 0.000565102
122.309 0.000663635
119.976 0.000713141
125.447 0.000629478
128.445 0.000624436
124.167 0.000630118
122.902 0.000702002
125.13 0.000632916
127.157 0.000627144
127.81 0.00061408
125.981 0.000653966
126.29 0.000631189
121.55 0.000645419
122.575 0.000301534
124.014 0.000658494
123.428 0.000704598
127.07 0.000621912
126.087 0.000613205
120.996 4.36313e-06
123.217 0.000654706
125.867 0.000624863
128.142 0.0006286
123.45 0.000648182
128.097 0.000562036
123.079 0.000637693
124.05 0.000630078
129.878 0.000628722
123.6 0.000653417
126.78 0.00060806
123.415 0.000614354
123.67 0.000694034
125.025 0.000593629
120.55 0.000632611
126.495 0.000672319
124.489 0.00069491
125.94 0.000540971
121.159 0.000639308
127.422 0.000618017
126.005 0.000620192
124.447 0.000596865
120.295 0.000649968
127.892 0.000603618
123.304 0.000648678
128.761 0.000664462
127.565 3.12467e-05
125.109 0.000723109
127.851 0.000615216
124.503 0.000653074
124.38 0.000721383
123.233 0.000685087
123.821 0.00063235
125.062 0.000634599
122.26 0.0006283
124.86 0.000542169
123.565 0.000632232
122.749 0.000659944
125.624 0.000647535
124.558 0.000615026
126.707 0.000706365
129.467 0.000644901
125.019 0.000632323
124.277 0.000681499
118.48 0.000619004
124.364 0.000625222
126.54 0.000662619
125.873 0.000708793
120.859 0.000637315
123.184 0.000626182
121.389 0.000710672
125.537 0.000601942
126.108 0.000640385
119.712 0.000578175
121.519 0.000616357
118.887 3.90064e-07
125.784 0.000238095
124.467 4.65713e-05
128.339 0.00062159
123.341 0.000627951
124.126 0.000631555
121.457 0.000184752
123.235 0.000661312
121.304 0.000665525
128.633 0.000641457
129.065 0.000735492
124.788 0.000661253
124.452 0.000677799
122.886 0.000618785
125.488 0.000639266
124.098 0.000596348
125.341 0.000618912
124.994 0.000358557
126.419 0.000621166
125.831 0.000746757
125.239 0.000707884
123.031 0.000701035
128.388 0.000618051
126.352 0.00066444
127.086 0.000606209
122.986 4.63355e-05
128.06 0.000666356
123.902 0.000492975
124.46 0.000613403
123.469 0.000544676
115.534 0.000523177
127.573 0.000582528
125.23 0.000655721
124.199 0.000670436
133.558 0.000632593
124.979 0.00062008
122.01 0.000699272
126.413 3.11238e-05
118.579 0.000709535
121.366 0.000634463
124.24 0.000649581
121.428 0.000637022
126.967 0.000627793
119.236 0.0005546
124.478 0.000661198
124.39 0.000625405
122.071 0.000615423
124.75 0.000670477
126.098 0.00072662
117.649 0.000683903
125.71 0.000635639
123.618 0.00061715
124.309 0.000633141
127.352 0.000596232
123.284 0.000657703
122.226 0.000619423
128.541 0.000631493
124.804 0.000667948
123.605 0.00062103
122.975 0.000603668
126.463 0.000619783
124.828 0.000623812
126.478 0.000620608
123.208 0.000628234
122.498 0.000637922
123.629 0.000661494
128.571 0.000579319
126.078 0.000652549
130.501 0.00062358
123.871 0.000634804
124.344 0.00062824
124.165 0.000650573
123.552 0.000642241
122.526 0.000707038
124.495 0.000673613
118.823 0.000631439
123.363 0.000631088
124.004 0.000719186
123.882 0.000650839
123.646 0.000617753
123.795 0.00071166
124.635 0.000654752
119.714 0.000622212
125.061 0.00061533
120.456 0.000629121
131.256 0.000722832
123.931 0.000633447
126.439 0.000623645
125.887 1.86635e-05
121.271 0.000652148
130.997 0.000610232
124.828 0.000651224
119.311 0.000628875
124.226 0.000620926
123.901 0.000639623
123.6 0.000644154
125.415 0.000660273
125.605 4.33839e-07
118.577 0.000623964
127.765 0.000701858
118.557 0.000701593
117.413 0.000709446
125.893 0.000626345
122.493 0.000651901
123.71 0.0006513
118.683 0.000627549
124.265 0.000628919
122.518 0.000716951
126.887 0.000634721
123.052 0.00030687
123.482 0.000360181
124.076 4.58979e-05
122.962 0.000625023
125.455 0.000629323
115.049 0.000699701
124.86 0.000134129
124.294 0.000591416
124.834 0.000623799
126.62 0.000641236
123.701 0.000641638
126.111 0.000637245
122.306 0.000713338
124.32 0.000622427
124.026 0.000620393
123.27 0.000613202
124.44 0.000488291
122.518 0.000638241
123.724 0.000595525
126.431 4.57883e-05
119.479 0.000699094
118.957 0.000632401
125.056 0.000639716
122.102 0.000609498
126.565 0.000225514
124.655 0.000718339
127.905 0.000298236
124.915 0.000653982
125.052 0.000644904
122.607 0.000621614
118.322 0.000644193
117.075 0.000625775
123.962 0.000622403
118.498 0.000636636
120.05 0.000719613
122.798 0.000637152
127.676 0.000667305
126.088 0.000635353
121.072 0.000647972
128.171 0.000626705
128.036 0.000717568
121.494 0.000635385
120.987 0.000647056
126.071 0.000644225
124.854 0.000711989
125.287 0.000583536
119.181 0.000673473
123.891 0.000623637
122.202 0.000657283
127.09 0.000626033
122.372 0.0006451
125.595 0.000694143
126.862 0.000677777
124.956 0.000703887
125.717 0.000622157
124.584 0.000645248
125.374 0.000423563
126.02 0.000624993
123.388 0.00062003
120.698 0.000655888
118.196 0.000632584
124.68 0.000698933
127.851 0.000634991
125.025 0.000235365
123.351 0.000622424
124.03 0.000732276
126.821 0.000690077
126.072 0.000628504
125.163 0.000538895
124.243 0.000248458
118.192 0.000691109
125.379 0.000134933
121.217 0.000677317
122.17 0.000661429
125.443 0.000645225
127.059 0.000599172
123.921 0.00058323
125.486 0.00060695
123.541 0.00059054
121.611 7.49274e-06
121.064 0.000666163
125.63 0.000622517
122.315 0.000652523
124.783 0.000621527
117.896 0.000610312
121.781 0.000720125
123.455 0.000623945
124.6 0.000706078
120.994 0.000751631
122.461 0.000613759
122.846 0.000660319
126.245 0.000633496
122.326 0.000660436
123.226 0.000641973
125.226 0.000588273
124.361 0.000672324
116.72 0.000613817
123.946 0.000639979
126.56 0.000636252
116.457 0.000709475
122.64 0.00059543
117.117 0.000673226
124.886 0.000645664
124.267 0.000630888
125.778 0.000673297
127.6 0.000631598
126.865 0.000708529
126.458 0.000718556
119.376 0.000663857
125.02 0.000523207
127.395 0.000713401
124.39 0.000669516
125.347 0.00062807
125.447 0.000630331
128.531 0.000736505
123.882 0.000623414
121.7 0.000618862
125.684 0.000624975
123.01 0.000696071
124.856 0.000620718
116.385 0.000620109
120.639 0.000704511
126.716 0.000668951
122.797 6.81601e-05
123.492 0.000617351
125.334 0.000616825
129.069 0.000639486
124.616 0.000647602
122.311 0.000574649
120.994 0.000352856
121.705 0.000134211
129.45 0.000693458
122.529 0.000634091
117.494 0.000625722
123 0.000635436
119.248 0.000600622
120.5 0.000641522
126.351 0.000686018
126.485 0.00061491
127.591 0.000711035
122.081 0.000656074
124.397 0.00063767
123.951 0.000656302
125.468 0.000643868
123.885 0.000602297
120.841 0.000634108
129.517 0.000563459
122.647 0.000672139
124.07 0.000633352
122.949 0.000625352
123.027 0.000635631
123.511 0.000640752
120.081 0.000623039
124.679 0.000649152
121.837 0.000701605
127.685 0.00059527
124.78 0.00065847
125.314 0.000629883
124.023 0.000637552
127.206 1.21361e-05
121.192 0.000622419
121.103 0.000653397
123.377 0.000619563
121.786 4.59559e-05
129.953 4.73697e-05
128.714 0.000671769
122.052 0.000240137
126.174 0.000616997
125.845 0.00072689
121.732 0.000408055
122.486 0.000538392
125.667 0.000618861
124.199 0.000678567
125.264 0.000675579
124.849 0.000415413
119.992 0.000646348
121.431 0.000184471
126.975 0.000639359
118.183 0.000628311
117.527 0.000585296
125.251 0.000359428
125.719 4.5344e-05
125.799 0.000693499
125.028 0.000632283
126.098 0.000681633
127.472 0.000533454
126.634 0.000534916
120.631 0.000529351
124.935 0.000630927
115.45 9.80734e-05
124.737 0.000650011
119.793 0.000643452
116.039 0.000707046
121.601 0.000607498
123.076 0.000638209
127.039 0.000474157
122.739 3.01626e-05
125.36 0.000606682
115.394 0.000604762
123.477 0.000623155
122.037 0.000622201
126.781 0.000665607
131.935 0.000727709
124.887 0.000616658
123.717 0.000655959
124.758 0.000659702
125.506 0.000722094
122.281 0.000418887
130.168 0.000576052
124.462 0.000621002
124.658 0.000667391
124.238 0.000645616
125.891 0.000637182
126.411 0.000362087
124.085 0.000656824
123.359 0.000698153
124.757 0.000716526
123.277 0.00060772
122.754 0.000637288
126.247 0.000721842
124.25 0.000698003
125.22 0.000682683
128.291 0.000637755
121.313 0.000629016
127.266 0.00065506
123.655 0.000672538
127.614 0.000619855
122.782 0.000687431
123.774 0.000626779
122.448 0.00066359
123.14 0.00061339
122.175 9.3278e-05
126.285 0.000658067
125.512 0.000619535
122.767 4.58177e-05
125.646 0.000527768
124.12 0.000590595
123.056 0.000629477
123.862 0.000621606
128.058 0.000692358
124.618 0.000587311
124.234 0.000698876
127.195 0.000632416
121.585 0.000639278
128.755 0.000138583
124.14 0.000579316
117.792 0.00063033
120.697 0.000666099
123.935 0.000621959
126.828 0.00062401
124.54 0.000641967
122.986 0.000623453
124.217 0.00065225
123.523 0.00061861
126.223 0.000639962
127.114 0.000615837
121.882 0.000401981
125.357 0.000608651
120.027 0.000624398
128.749 0.000362573
120.18 0.000548225
121.805 2.74769e-06
122.558 0.000659279
127.725 0.000715138
125.253 0.00062849
123.101 0.000644676
122.781 4.52955e-05
129.554 0.000607704
124.802 0.000632731
130.127 0.000607116
116.278 0.00066124
124.847 0.000707839
120.865 0.000649694
122.405 0.000659794
122.82 0.000709553
123.967 0.000616745
124.869 0.000681876
124.316 0.00063909
121.853 0.000629218
123.486 0.000626841
118.55 0.000710567
123.269 0.000658719
124.325 0.000640767
124.711 6.9815e-05
127.029 0.00061935
123.404 0.000611521
124.779 0.00065647
119.35 0.000532796
122.772 0.000635831
121.21 0.000711176
127.703 0.000642956
126.508 0.000641037
124.4 4.55597e-05
121.193 0.000627524
124.519 0.000592073
123.164 0.000611897
124.932 0.000633604
123.707 4.38993e-06
126.174 0.000664567
126.087 0.000589394
128.238 0.000736239
124.594 0.000709724
123.476 0.000179363
120.085 0.00061367
123.686 0.000708344
123.352 0.00069575
125.795 0.000538884
125.39 0.000616938
128.398 5.85658e-07
120.497 0.000717673
125.719 0.000632129
122.035 0.000646442
125.364 0.000703345
123.805 0.000666145
123.155 0.000740394
123.175 0.000719359
123.87 0.000669182
126.624 0.000573171
125.564 0.000587937
123.065 0.000640091
124.615 0.000625335
121.22 0.000628471
124.95 0.000642975
117.409 0.000694799
125.731 0.000238719
128.05 0.000638253
128.618 0.000641578
126.208 9.6102e-05
124.152 0.000300898
124.871 0.000729596
123.274 0.000618555
118.913 0.000676517
122.115 0.000556246
125.564 0.000627938
123.983 0.000728231
124.121 6.60142e-05
123.48 0.000644519
130.279 3.06995e-05
123.752 0.000632863
125.211 0.000735106
118.408 0.000650526
129.226 0.000642579
127.091 0.000605631
124.222 0.000347388
123.197 0.000619791
127.332 0.000621011
125.27 0.000589191
125.108 0.000355244
127.266 0.000601689
125.291 0.000627847
129.099 0.000649633
123.822 0.000630912
129.571 0.000306547
122.245 0.0006449
120.655 0.000442782
126.873 0.000676583
121.752 0.000473103
120.771 0.000437217
122.42 0.000642327
125.495 0.000623068
124.948 0.000624855
125.894 1.19041e-05
123.822 0.00058685
122.093 0.000702512
122.586 9.85225e-05
123.243 0.0006512
122.282 0.00064244
125.791 0.000636433
126.357 0.000683489
122.604 0.000704602
124.943 0.000572027
124.393 0.000668134
125.116 0.000701616
128.993 0.000586805
124.204 0.000614726
128.726 2.65826e-06
120.005 0.000660658
125.46 1.94633e-05
127.894 7.16432e-06
124.307 0.000632997
125.197 0.000642892
124.201 0.000671842
121.04 0.000682474
127.448 0.000623797
115.949 0.000616624
123.616 0.000647295
122.738 0.00065321
123.15 0.000615869
126.122 0.000543365
122.91 0.000590596
125.99 0.000642052
125.123 0.000620574
124.096 0.000363902
120.871 0.000641462
118.47 0.000589892
123.04 0.000639597
122.204 0.000679001
125.752 0.000643696
123.097 0.000623127
123.418 0.000347186
125.689 0.000625741
121.468 0.000619422
126.561 0.000635916
123.193 0.000628017
122.104 0.000579972
119.764 0.000615347
127.418 0.000645007
125.436 0.000712629
123.81 0.000625568
122.245 0.000635382
126.64 0.000627213
123.925 0.000625458
122.935 0.000598734
121.836 0.00073585
126.332 0.000689699
125.524 0.000651126
123.297 1.7743e-05
127.201 0.000657369
124.693 0.00073467
123.471 0.000545613
124.261 0.000715928
123.028 0.000721245
123.591 0.000585682
127.018 0.000611544
124.44 0.000710864
124.573 0.000707938
124.304 0.000629305
121.019 0.000592462
122.188 0.000642036
120.231 0.000191109
123.637 0.000600906
123.107 0.000624784
123.237 0.000673573
117.047 0.000628144
122.848 0.000582269
131.404 0.000621423
121.278 0.00063454
122.114 0.00066442
126.363 0.00048692
118.658 0.000645003
125.808 0.000646362
125.252 0.00064803
125.789 0.000718847
125.311 0.000622023
121.41 0.000645165
122.975 0.000667065
126.435 0.000134565
123.211 0.000645895
123.065 0.000633227
124.535 0.000623723
126.041 4.40543e-07
123.897 0.000621228
116.961 0.000643334
126.655 0.000686649
122.984 9.65395e-05
128.357 0.00071616
123.436 0.00062717
122.905 0.000637933
123.22 0.000637767
130.558 0.000634716
125.309 0.0006981
122.665 0.000633933
127.883 0.000663836
121.318 0.000665006
125.984 6.54527e-05
125.436 0.000613902
125.97 0.000651501
123.465 0.000714689
129.062 0.000552792
124.354 0.000660296
124.09 0.000652432
123.349 0.000183618
124.134 0.000634007
128.756 0.000617117
122.941 0.000693432
124.939 0.000640554
120.652 0.000644229
123.709 0.000713718
124.61 0.000479379
129.046 0.000644971
127.091 0.000620118
130.17 0.000637371
123.198 0.000672683
122.529 0.00065554
123.713 0.000676967
127.693 0.000584712
124.542 0.000645438
122.617 0.000625189
126.136 9.70743e-05
127.295 0.000716587
116.813 0.000664271
125.504 0.00064312
123.383 0.000651172
122.963 0.000613508
126.465 0.000651372
122.663 0.000627847
127.425 0.000632852
122.217 0.000302904
119.933 0.000685375
123.83 0.000626464
119.508 0.000357932
125.336 0.000614625
121.048 0.000626511
123.747 0.000681442
125.18 0.000651998
118.506 0.000370707
130.686 0.000645809
122.792 0.00064881
119.575 0.000651923
122.925 1.20757e-05
125.476 0.000621927
122.958 0.000660439
123.276 0.000593197
123.848 0.000640728
128.372 0.000635272
117.558 0.000619641
126.211 0.000300322
125.466 0.000720503
123.926 0.000702241
125.699 0.000623828
122.698 0.000643146
126.046 0.000359361
122.328 0.000626008
127.183 0.000724309
124.493 0.000710009
125.061 0.000653148
122.671 4.66663e-05
126.418 0.0006738
125.498 0.000599986
124.89 0.000685431
124.31 0.000601186
125.646 0.000703821
127.037 0.000618998
117.702 0.000484617
123.706 0.000648936
127.302 0.000649956
126.517 0.000573468
126.183 0.000640002
124.107 0.000618691
125.227 1.88104e-05
123.751 1.10261e-05
122.485 0.000626191
124.484 0.000672845
124.546 0.000704915
125.303 0.000695488
126.69 0.000621513
122.778 0.000553531
123.84 0.00065413
125.762 0.00061626
123.769 0.000622463
118.033 0.000625518
123.803 0.000660912
123.83 0.000719559
122.336 0.00048267
119.21 0.000377673
124.696 0.000696506
125.401 0.000583966
126.323 0.000635844
131.172 0.000284007
128.857 0.000587937
117.776 0.000764626
125.95 0.00064169
118.387 0.000638059
124.779 0.000608873
123.267 0.000676325
125.213 0.000596104
118.657 0.000606235
121.831 0.000646852
125.234 0.000136609
125.624 0.000638808
123.807 0.000616937
120.74 0.000621213
123.032 0.000588964
124.797 0.000662866
125.801 0.000686467
124.722 0.000619727
122.002 0.000665142
128.379 0.000183031
123.178 0.00070589
119.939 0.000665802
123.897 0.000538988
125.384 0.000585771
127.052 0.00065651
119.961 0.000644164
124.001 0.00070121
125.576 0.000660397
128.012 0.0006472
116.853 0.00065045
122.916 0.000650445
126.839 0.000641221
126.999 0.000694116
124.184 0.000638
122.573 0.000536652
122.91 0.000625453
118.504 1.19107e-05
123.031 0.000620775
126.806 0.000713538
126.897 0.000721499
122.803 0.00065127
122.426 0.000717043
126.002 0.000619926
128.64 0.000679184
125.278 0.000624375
125.818 0.000641944
124.014 0.000133675
124.744 0.000655502
126.459 0.00062208
126.35 0.000589197
126.873 0.00073638
130.207 0.00053467
128.65 0.000723964
122.432 0.000685568
120.455 0.00066512
120.159 0.000634148
124.087 0.000651006
117.925 0.000662232
121.693 0.000639302
120.679 0.000632494
132.697 0.000587925
123.322 0.00062009
124.789 0.000629194
128.413 0.000631433
126.073 0.000697167
117.632 0.000649115
127.858 0.000690516
121.813 0.000644852
124.426 0.00071459
128.966 0.000648375
122.978 0.000618718
125.05 0.000636743
129.103 0.000641001
125.384 0.000620941
124.157 0.000632981
124.629 0.000665218
127.557 0.000658979
125.303 0.000682064
123.981 0.000689242
117.284 0.000596058
123.444 0.000546632
125.877 0.000620614
123.093 0.000625991
127.806 0.000709221
128.283 1.92056e-05
124.51 0.000674511
127.746 0.000483452
125.817 0.000619292
123.206 0.000697017
125.2 0.000133256
125.736 0.000650393
122.967 0.000675694
119.512 0.000647855
124.933 0.000630434
124.397 0.000615348
122.694 0.00067315
126.173 0.000701571
125.705 0.000717468
123.734 0.000630965
129.973 0.000595435
123.971 0.000712356
130.207 4.37231e-06
124.815 0.000730818
124.2 4.34394e-06
122.569 0.000629176
123.068 0.000623733
124.568 0.000613057
122.644 0.000589789
120.285 0.00062006
118.583 0.000652047
124.036 0.000622927
122.525 0.000639093
130.21 0.000627001
124.104 0.000667838
125.095 0.000645239
126.058 0.000697765
122.722 0.000588731
122.525 9.21333e-07
132.153 0.000623393
119.852 0.000653449
122.537 0.000657021
128.213 0.000602221
125.831 0.000705026
123.165 0.000635052
127.353 0.000438424
128.275 0.000641604
123.645 0.000623912
121.889 0.000659032
118.81 0.00055921
122.92 0.000307714
119.084 0.000611427
124.168 0.000698572
123.678 0.000647578
117.412 0.00071315
123.948 0.000636005
123.124 0.000662641
124.391 0.000659079
123.371 0.000698228
125.386 0.000609789
126.575 0.000692075
124.727 0.000637915
121.367 0.000648151
122.944 0.000636377
125.841 0.0006514
124.479 0.000612532
124.944 0.000616208
122.835 0.000650786
119.444 0.000632715
129.319 0.00063025
124.433 0.000602587
125.544 0.00063881
122.492 0.000651597
123.295 0.000584317
117.136 0.000621109
123.669 0.000671822
126.563 0.000634637
123.374 0.000641976
127.453 0.000613852
129.455 0.000540875
123.219 0.000673326
126.677 0.00065275
124.069 0.000646887
126.714 0.000649235
122.915 0.000242306
118.992 0.000617864
128.87 0.000691002
131.792 0.000631669
125.231 0.000636418
125.559 0.000612554
123.827 0.000421553
118.665 0.000638481
126.776 0.000588373
123.437 0.000718897
123.76 0.000644369
117.038 0.000632432
121.467 0.000526535
124.812 0.000635619
123.128 0.000635248
125.476 0.00070387
125.163 0.00070704
128.621 0.000652431
115.538 0.00063431
118.957 0.000676984
122.228 0.000656911
125.016 0.000605478
123.582 0.000644872
124.444 0.000644971
125.661 4.45358e-05
122.648 0.000711253
125.454 0.000720905
125.753 0.000636427
126.909 0.000733921
125.274 0.000623662
120.026 0.00061169
128.629 0.000639178
123.847 0.000679403
119.556 0.000657451
125.038 0.000633071
128.07 0.000716381
120.305 0.000675844
121.688 0.000699206
122.936 0.000696294
125.085 0.00058787
126.05 0.00063676
125.912 4.36335e-05
126.365 1.50463e-06
125.249 0.000358135
118.082 0.000646304
123.978 0.000618879
125.6 0.000649253
122.906 2.96649e-05
125.674 0.000657229
124.048 0.000669792
124.145 0.00049011
127.063 0.0005905
125.165 0.000626689
117.663 0.000595731
122.13 0.000622435
125.045 0.000650205
128.925 0.000664428
129.394 0.000690593
124.6 0.000134683
122.624 0.000695175
124.051 0.000721714
124.782 0.000617841
126.629 9.71067e-05
120.79 0.000647041
122.629 0.000620904
117.855 0.000629021
124.881 0.000615556
121.603 0.000710784
126.337 0.00066317
126.411 0.000531305
116.652 0.000615896
121.255 0.000627796
126.347 0.000422241
121.86 0.000613926
126.192 0.000621684
122.43 0.00068023
131.779 0.000627713
120.406 0.000625498
117.498 0.000639844
121.664 0.000644097
124.067 0.000626977
125.313 0.000726631
119.663 0.000618111
124.52 0.000637557
127.895 0.000622349
116.535 0.000714836
126.375 0.000620149
123.742 0.000715675
127.687 0.000641176
118.933 0.000682319
128.539 0.000620649
127.089 0.000605216
124.133 0.000677582
127.289 0.000611543
125.832 0.000645626
125.869 0.000634527
120.1 0.000624808
127.751 0.000358728
124.29 0.000697287
125.948 0.000583135
119.918 0.000643777
120.628 0.000653728
121.165 0.000616812
128.865 0.000541463
123.085 0.000624232
126.061 0.000590091
125.287 0.000738099
126.836 0.00063737
120.474 0.000727056
123.776 0.000656462
125.895 0.000641654
127.028 0.000301921
120.779 0.000651048
129.406 0.000607547
122.746 0.000653243
122.3 0.000597179
126.538 0.000465439
123.098 0.000683845
122.871 0.000710994
121.925 0.000697595
127.803 0.000487581
123.34 0.000618194
126.604 0.000613882
123.6 0.000695376
122.78 0.00061717
127.357 0.000663114
124.363 0.000690056
126.921 0.000623322
124.982 0.000651963
123.209 0.000606144
122.108 0.000619859
124.075 0.000598571
120.004 0.000626331
124.053 0.000653474
125.467 0.00058807
129.248 0.000564103
128.254 0.00063592
122.889 0.000661679
125.112 0.000584852
125.682 0.000657518
125.585 0.000646995
124.276 0.000707171
119.426 0.000618998
116.349 0.000423197
124.63 0.0007064
123.13 0.000617941
122.201 0.000712205
127.178 0.00066863
124.266 0.00062233
128.041 0.000605352
130.609 0.000380124
127.143 0.000716863
122.474 0.000641328
126.772 0.000651501
121.747 0.000629618
116.547 0.000236125
128.547 0.000702988
123.298 0.000628928
127.398 0.000648289
124.941 0.00061835
124.349 0.000703401
119.487 0.000627254
128.42 0.000700691
125.424 0.000583705
123.061 0.000661885
122.923 0.000629225
124.153 0.000302084
124.266 0.000654407
127.287 0.000704367
121.365 0.000640489
125.158 0.000625283
123.638 0.000688723
126.197 0.000601191
123.768 0.000581208
117.66 0.000617013
123.858 0.000611777
125.422 4.32507e-06
127.116 0.000618356
124.087 0.000632924
123.71 0.000641526
120.728 0.000656326
122.518 0.000631774
129.431 0.00062484
124.007 0.00063647
118.949 0.0006226
125.329 0.000530338
122.148 0.000645904
127.105 0.000414059
124.39 0.000690311
126.508 0.000679109
124.021 0.000663647
126.389 0.00062106
119.078 0.000717476
122.891 0.000694206
122.767 0.000617493
125.427 0.000621592
122.79 0.000634527
118.404 0.000729513
126.564 0.000619042
128.235 0.00057318
124.321 0.000575106
130.226 0.000688383
125.723 0.000697991
130.071 0.000501204
126.771 0.000627665
120.845 0.000603585
122.477 0.000671046
123.841 0.000624709
130.035 0.000618293
123.372 0.000635548
126.632 0.000636013
122.132 0.000647093
125.694 0.000628437
120.105 0.000583931
124.383 0.000295844
129.112 0.000648662
120.663 0.000624004
124.693 0.000655664
125.9 0.00066516
124.009 0.000641485
123.852 0.000705627
116.226 0.000655919
120.454 1.5253e-06
123.366 0.000674541
125.203 0.000592486
121.871 0.000650531
129.8 2.89657e-05
123.612 0.000645651
117.537 2.2606e-06
122.019 0.000635274
127.564 0.000649715
126.596 0.000581567
125.905 0.000423336
129.739 0.00073501
124.611 0.000707785
125.826 0.000681221
127.025 0.000651598
123.427 0.000494769
120.578 0.000357901
124.728 0.000621949
127.456 0.000627816
117.632 0.000668295
124.695 0.000626012
122.113 0.00067071
125.155 0.000687235
118.233 0.000612196
121.39 0.000624
127.489 0.000296069
123.476 0.000623663
124.659 0.000624489
122.82 0.000662541
125.253 0.000577137
124.521 0.000644159
120.642 0.000628234
122.43 0.000658064
128.045 0.000244111
118.6 0.000710993
124.693 0.000711348
125.827 0.000648405
127.074 0.000660719
125.429 0.000621747
119.19 0.00065456
122.578 0.00062025
126.895 0.000616196
129.334 0.000589754
125.202 0.000667841
126.292 0.000617642
124.569 0.000659826
121.599 0.000603778
121.119 0.000623243
123.332 0.000707374
124.504 0.000669659
126.166 0.000638128
126.113 0.000603806
124.545 0.00054005
126.223 0.000719731
123.044 0.000590828
115.908 0.00060818
125.669 0.000709869
123.322 0.000637097
128.676 0.000618069
126.718 0.00064521
124.586 0.000707071
124.966 0.000629049
121.87 0.000536016
126.286 0.000597543
122.312 0.000587463
125.009 0.000606827
127.33 0.000640664
128.567 0.00071073
120.73 0.000607613
128.542 0.000422298
123.569 0.000628472
126.307 0.000636694
126.521 0.000595553
128.724 0.000621145
124.572 0.000632439
121.807 0.000423432
124.255 2.63343e-06
123.193 0.000646172
125.547 0.00072089
127.688 0.000541941
122.14 0.00072325
123.124 0.000640088
126.289 0.000624971
121.719 0.000682875
122.083 0.000629903
124.065 0.000593026
125.239 0.000696493
126.374 0.000703293
124.916 0.000647429
118.043 0.00062795
121.332 0.000640427
119.85 0.000585536
121.668 0.000646852
122.233 0.000628368
125.005 0.000665219
126.36 0.000650527
123.606 0.000598444
126.118 0.000227303
127.835 0.000135625
123.038 0.000641097
126.626 7.06253e-06
120.681 0.000646143
125.852 0.000644385
125.107 0.000711528
125.847 0.000640592
115.068 0.000423403
121.265 0.000708537
125.433 0.000466782
124.088 0.000638514
125.877 0.000571972
118.849 0.000604714
124.871 0.000710478
125.045 0.000651011
126.205 0.000426439
121.448 0.000469414
125.645 0.000636851
121.299 0.000623405
127.287 3.04403e-05
124.267 0.000567911
124.248 5.81066e-07
120.805 0.000725445
121.227 0.000297181
127.145 0.000631665
124.146 7.17344e-06
124.989 0.000628877
126.387 0.000622095
123.027 0.000621037
120.895 0.000629489
119.823 0.000634149
126.527 0.000625678
125.263 0.000683443
123.789 0.00060553
123.043 9.66393e-05
124.625 0.000585757
129.234 0.000626213
125.087 0.000620049
125.158 0.000614291
127.062 0.000640562
124.395 0.000579314
126.245 0.000665816
123.549 0.000528857
123.864 0.000636799
116.024 0.000234435
125.28 0.000630861
124.484 0.000485553
126.111 0.000641521
126.333 0.000623334
123.757 0.000583819
125.849 0.000626157
125.541 0.000647527
125.209 0.000627768
120.68 0.00065174
121.546 0.000617926
124.314 4.58232e-05
124.882 0.000704914
120.106 0.000635104
125.353 0.000713792
126.499 0.000692478
128.511 0.000593332
120.247 0.000625999
123.781 0.000612137
122.346 0.000646895
120.31 0.00061088
124.57 0.000724487
124.442 0.000661103
124.127 0.000624724
124.107 0.000631873
126.721 0.00060282
124.847 0.00061957
122.271 0.000674348
122.291 4.72829e-05
117.737 0.000645849
126.124 0.000637187
119.693 0.000672858
125.374 0.000647642
121.364 0.000534816
119.599 0.000562959
124.672 0.0006265
125.029 0.000654743
129.285 0.000617314
117.861 0.000546339
122.869 0.000637875
125.936 0.00071901
120.42 0.00058386
124.764 0.000598465
122.684 0.000582867
125.134 0.000709447
122.707 0.000631058
125.107 0.000627066
125.093 0.000652549
124.916 0.000725218
122.492 0.000609684
127.158 0.000671166
128.089 0.000695086
124.842 0.000677507
124.056 0.000632259
126.944 0.00069609
122.415 0.000423436
117.48 0.00063286
125.399 8.63803e-05
125.733 0.000238236
125.223 0.000437797
123.178 0.000632658
124.446 0.000642157
122.413 0.000703279
123.158 0.000637352
124.754 0.000432067
126.646 0.000579049
125.475 0.000544036
124.639 0.000650425
125.281 0.000663917
123.432 0.000958664
122.057 0.000684116
124.933 0.000654108
122.567 0.000617413
127.419 0.000673784
125.416 7.13566e-06
125.268 0.000624436
123.764 0.000711635
122.938 0.000654394
122.978 0.000622597
122.776 0.000595694
124.285 0.000665204
125.719 0.000639074
120.919 0.000659613
120.003 0.000604932
116.766 0.000591607
115.629 0.000184042
125.291 0.000606234
125.005 0.000708029
122.468 0.000618207
122.981 0.000573022
118.711 0.000612396
121.819 0.000525405
123.109 0.00068113
116.258 0.000487537
124.853 0.000729445
125.358 0.000623149
122.535 0.000626839
126.344 0.000651311
122.536 0.000715419
121.345 0.000676347
124.475 9.67376e-05
122.814 0.00065031
126.401 0.000656603
122.244 0.000664694
120.907 0.000704188
124.072 0.000633881
125.802 0.00066139
123.583 0.000630082
124.013 0.000632862
127.106 0.000586193
124.916 0.00059119
120.608 0.00036587
125.021 0.000578304
121.081 0.000686597
124.53 0.000621642
121.324 0.00055378
125.14 0.000626507
126.921 6.86408e-05
124.414 0.00069098
127.249 0.000641052
125.269 0.000628747
120.288 0.000718125
125.312 0.000626186
124.268 0.000630063
119.514 0.000625191
123.718 0.00045654
124.271 0.000594158
128.14 0.00041836
123.658 0.000647522
122.636 0.000647969
125.022 0.000363111
126.06 0.000421732
126.036 0.000634932
120.604 0.000630179
120.712 0.000651908
123.573 0.000615209
115.273 3.0315e-05
119.269 0.000623603
123.328 0.000632029
126.928 0.000707363
127.647 0.000707299
125.51 0.000720604
125.268 0.000613078
125.654 0.000616433
120.827 0.000621834
126.134 0.000652861
125.686 0.000624534
124.643 0.000578212
124.438 0.000613789
127.724 0.000710292
128.649 0.000643787
126.045 0.000630589
122.955 0.000702482
124.979 0.000651081
122.635 9.73178e-05
124.278 0.000242546
127.01 0.000551812
120.932 0.000639111
125.119 0.00062598
123.92 0.000615559
124.595 0.000651977
120.523 0.000622406
123.773 0.000681221
127.385 1.51439e-06
123.479 0.000358951
123.65 0.000539941
121.975 0.000490579
120.504 0.000729485
124.577 0.000615022
123.513 0.000672553
124.549 0.00064046
124.785 0.000644132
117.478 0.000624298
125.349 0.000710263
122.163 0.000546866
125.081 0.00059055
125.7 1.17418e-05
124.72 0.000614823
122.147 4.09563e-06
127.717 0.000669032
122.492 0.000624901
121.607 0.000711813
124.335 0.000517164
125.251 0.000578213
124.943 0.000622975
124.632 0.000628996
123.636 0.000628827
125.403 0.000641192
126.21 0.000631323
125.984 0.000636628
117.393 0.000712456
124.522 0.000630218
122.65 0.00060947
124.43 0.000617608
125.107 0.000362572
120.984 0.000636053
123.664 0.000647681
124.745 0.000645258
123.061 0.000632721
120.002 0.000659051
125.258 0.000700359
120.343 0.000613461
128.788 0.000657516
125.164 0.000135036
123.723 0.000242649
117.493 0.000583303
124.232 0.00065691
123.983 0.000591861
122.405 0.000611799
126.555 0.000543092
125.283 0.000678837
124.576 0.00063867
127.884 0.00049116
121.966 0.000655
117.708 0.000622029
122.07 0.000635188
125.662 0.000669326
124.041 0.000627664
125.509 0.000692876
122.655 0.000618055
126.109 0.000710811
122.007 0.00061402
118.716 0.000622027
124.981 0.000645009
119.218 0.00065075
119.712 3.04389e-05
125.607 0.000713459
126.176 0.000672361
124.699 0.000677709
125.365 0.000619092
124.96 0.000627857
125.846 0.00065407
122.254 0.000649119
124.946 0.000626277
123.992 0.000714294
120.865 2.69283e-06
123.318 0.00064709
125.26 0.000701481
122.263 0.000703038
123.725 0.000625408
125.333 0.000630021
124.198 0.000652922
124.361 0.000626506
123.907 0.000240055
123.39 0.000715977
125.973 3.06102e-05
124.83 0.000690091
129.226 0.000659022
122.266 0.000648156
122.644 0.000631606
125.681 0.000631029
122.271 0.000716063
124.823 0.000623552
122.002 0.000606574
124.761 0.000635512
125.09 0.000617166
126.366 0.000631751
131.194 0.000677871
123.528 0.000525866
123.121 0.000626911
127.541 0.000491759
125.36 0.000626981
124.254 0.000660611
124.444 0.000620602
123.532 0.000613515
123.919 0.000611048
124.025 0.000643737
127.448 0.000730352
124.832 0.000621066
122.181 0.000627801
119.789 0.000632145
125.565 0.000661097
125.82 0.000632482
127.477 0.000357569
123.296 0.000634121
126.418 0.000356751
124.557 0.000646878
126.115 0.00061651
122.028 0.000238627
124.255 0.000684347
123.299 0.000640324
126.499 0.000618451
122.81 0.000637748
121.707 0.000630648
123.49 0.000672174
124.331 0.000612212
118.951 0.000587872
125.271 0.00048478
125.957 0.00066427
126.083 0.000622548
125.584 0.000646057
122.369 0.000595187
118.121 0.000612252
124.835 0.000643938
122.244 0.00061418
125.435 0.000671694
122.856 0.000611684
125.788 0.000630313
124.983 4.62502e-05
124.699 0.000358191
124.495 0.000633295
124.358 0.000628408
125.265 0.000673229
126.896 0.000656374
125.342 0.000623478
122.184 0.00012001
125.67 0.000664994
123.111 0.000642528
125.29 0.000637895
122.134 0.000648105
128.358 0.000686558
122.854 0.000420401
125.845 0.000622532
117.696 0.000644384
125.11 0.000480062
123.098 0.000711233
116.572 0.000643187
121.473 0.000579186
122.383 0.000670326
115.654 0.000636241
125.179 0.000676242
117.508 0.000724546
125.081 0.000672203
125.894 0.000621904
124.52 0.000615659
123.936 0.000640159
124.617 0.000621834
118.928 0.00062717
124.875 0.000710396
124.148 0.000665072
124.052 0.000639742
123.506 0.000678285
124.866 0.00062447
129.331 0.000654794
118.774 1.88633e-05
120.745 4.5223e-05
123.432 0.000626569
127.957 0.000711088
122.662 0.000580414
126.22 7.52465e-06
123.552 0.000613638
125.021 0.000553201
124.386 0.000627858
120.917 0.000623315
126.739 0.000622444
125.021 0.000615043
122.81 0.000584688
133.698 0.00065791
123.264 0.000626634
126.475 0.000183242
124.025 0.000653936
121.096 0.000356233
121.799 0.000560103
123.217 0.000727264
123.159 0.000707311
126.991 0.000643702
125.958 0.000422238
123.229 0.000599938
117.529 0.00065236
121.095 0.000661531
124.328 0.000719521
124.932 0.000603737
121.724 0.000602328
124.073 0.000297131
118.706 0.000642436
120.62 0.000615083
124.283 0.000673905
123.9 0.000692835
126.749 0.000714931
126.011 0.000629214
123.962 0.000652751
120.309 0.000669348
