130.138 0.000242639
128.245 0.000236728
131.776 0.000232875
125.052 0.00024441
131.495 0.000231282
-nan 0
131.344 0.000252222
128.871 0.000261794
126.392 0.000252824
124.865 0.000183177
128.812 0.000232073
131.867 3.64948e-05
132.63 0.000232858
118.17 0.000256306
131.715 0.000237604
126.225 0.000247459
125.861 0.000277662
130.631 3.59243e-05
125.23 0.00023396
127.092 0.000244902
132.465 6.999e-06
129.567 0.000225411
130.983 0.000234246
128.783 0.000236092
128.602 0.000233346
130.616 0.000239242
130.352 8.97847e-05
130.131 0.000236913
125.41 0.000235185
131.079 0.000232086
126.174 0.000241296
129.1 0.000240697
128.038 0.000180381
127.333 0.000206909
126.071 0.000248999
129.982 0.00023075
128.531 0.000268697
130.434 0.000266259
133.996 4.50496e-06
116.859 9.02944e-05
117.018 0.000240923
131.727 0.00024666
129.777 0.000236137
118.792 0.000246377
123.935 0.000272745
126.84 0.000234355
124.128 0.000232816
133.378 0.000230297
129.566 2.54622e-05
126.568 0.000232221
130.56 0.000230303
131.972 0.000233172
125.213 0.000245405
129.394 -0.000233048
132.756 0.000250025
129.599 0.000251128
132.335 0.000251501
126.715 0.000249958
130.14 0.000258729
127.783 0.000227028
123.068 0.00020395
129.627 0.000199077
128.764 0.000237812
130.429 0.00024029
126.753 0.000164743
129.68 0.000243483
132.431 0.000237826
126.617 9.07355e-05
129.93 0.00024238
119.539 0.000235697
132.022 0.000239753
116.816 0.000243199
133.626 0.000256254
129.19 0.000230017
125.662 0.000227602
128.541 0.000234726
127.059 0.000247599
129.142 0.000267966
128.773 0.000240804
133.098 0.000257871
129.838 0.000255565
127.05 0.000234406
126.094 0.000248078
127.673 0.000235987
127.591 0.000233923
130.88 0.000269453
128.116 0.000234047
128.62 5.02448e-05
125.915 0.000256703
129.359 0.000253899
127.355 0.000236617
130.251 0.000232159
129.243 0.000261294
126.792 0.000247592
127.844 0.000248248
129.332 0.000242148
129.364 0.000221137
128.212 3.61703e-05
119.426 0.000243752
137.288 0.000222977
128.117 0.000228735
126.948 0.000231728
132.191 0.000242505
131.64 0.000232993
130.152 0.000249366
132.233 0.000248006
130.536 0.000232825
-nan 0
127.953 0.000230425
128.231 0.000217917
124.438 0.000260339
128.187 0.000262224
126.856 0.000266607
128.351 0.000262291
131.465 0.000252742
126.72 0.000253549
131.18 0.000243138
128.123 0.000232795
131.879 0.000237469
126.479 0.000233184
128.102 6.8978e-05
128.629 0.000257171
127.689 0.00023604
130.309 0.000263365
130.567 0.000263164
127.777 0.000231224
126.798 0.000227057
128.966 0.000234666
128.546 0.000132723
128.618 0.000234003
130.362 0.000149123
129.292 0.000271285
129.341 0.000241192
130.482 0.000238221
122.125 0.000260342
132.264 0.000234045
123.416 0.000257385
130.137 0.000229365
127.111 0.000229814
132.072 0.000247736
129.034 0.000136017
131.722 0.000276409
129.404 0.000240235
132.726 0.000235106
138.265 0.000264
131.016 2.61943e-05
121.378 0.000251866
131.491 0.000238718
131.239 0.000250143
129.52 0.000241808
126.842 0.000266687
135.893 0.000255374
126.417 0.000272538
126.689 0.000231116
127.871 0.000236517
124.893 0.000241085
128.584 0.000230514
130.902 0.000232677
129.496 0.000248535
126.081 0.000255035
131.96 0.000236683
124.087 0.000247933
125.359 0.000235803
133.108 0.000253096
132.481 0.00023294
126.819 0.000278943
124.172 3.60887e-05
132.052 0.000240908
130.012 0.000257367
134.016 9.02214e-05
131.837 0.000251315
130.767 0.000234474
128.785 4.46365e-06
133.68 0.000225112
129.094 0.000246017
127.254 0.000231019
116.69 0.000247226
127.684 0.000231997
127.104 0.000233243
129.244 0.000248459
130.298 0.000240625
126.661 8.85064e-05
129.271 0.000246248
126.517 0.00025256
130.353 0.000264576
130.087 0.000240588
131.015 0.000217077
131.487 0.000237322
131.28 0.00022243
129.223 0.000238676
131.598 0.00023153
125.874 0.00024229
130.226 0.000205584
127.61 0.000227733
130.153 0.000240809
124.385 0.000236802
135.748 0.000213852
125.392 0.000233834
129.212 0.000259347
130.738 0.000117344
126.871 0.000236161
123.578 0.000247093
131.481 0.000244841
135.726 0.000221212
130.06 0.000241126
131.017 0.000223699
131.955 0.000224988
129.647 0.000280088
126.007 0.00018474
132.445 0.00023955
134.112 0.000159748
129.864 0.000135018
133.615 0.000239003
132.308 5.14586e-05
125.21 0.000271737
126.477 0.000242117
129.56 0.000241102
129.225 0.00023876
130.107 0.000255513
129.201 0.000233984
128.129 0.000236438
131.006 0.000245912
131.172 0.000231004
122.646 0.000241527
123.789 0.000246361
127.259 0.00023044
130.242 0.000236732
129.379 0.000234864
130.649 0.000231736
131.502 0.000234777
133.111 0.000274815
131.873 0.000261988
127.808 0.000266501
126.159 0.000236642
132.145 0.000237559
126.616 0.000270554
132.776 0.000238577
125.199 0.00024266
130.818 0.000266106
127.988 0.000242611
131.721 0.000231805
126.898 0.000270771
130.848 5.04536e-05
135.299 0.000222698
131.569 0.000241561
132.631 0.000233363
127.715 0.000252678
130.616 0.000125381
126.31 0.000243294
130.174 0.00025722
125.243 0.000248396
121.519 0.000213201
129.579 0.000234462
130.933 0.000260782
122.698 0.000243315
133.108 0.000235394
130.02 0.000253682
133.94 0.00021193
130.817 0.00024246
125.377 0.000216932
128.316 0.000248708
130.232 0.000243803
131.375 0.000238058
132.815 0.000251108
126.437 0.000236192
137.227 0.000233718
115.406 0.000261999
132.846 0.000239127
127.803 0.000233759
129.748 0.000241823
132.647 -0.000233189
133.108 0.000242645
129.731 0.000241117
130.437 0.000266614
133.393 0.000277039
132.798 0.000234349
137.9 0.000113425
136.963 0.000107751
131.581 0.00022022
125.689 6.97351e-05
130.727 0.000235284
134.751 0.000197572
126.075 0.000233618
133.335 0.000248237
127.127 0.000237079
125.26 0.000185641
137.653 5.04361e-05
133.292 0.000270098
134.797 0.00024397
123.883 7.53658e-06
123.169 0.000275228
119.858 0.000237999
126.269 0.000252315
128.998 0.000236174
130.711 0.000246133
129.364 0.000213107
124.139 0.000272516
127.187 0.000232095
130.677 0.000333031
126.694 0.000243656
132.019 0.000133268
128.207 0.000251225
129.655 0.000241277
129.412 0.000242959
124.824 0.000243602
130.812 0.000259077
126.402 0.000240879
125.02 0.000248676
126.1 0.000242128
133.683 0.000241343
131.54 0.000244633
127.328 0.0002322
129.459 0.000268441
125.939 -0.000230982
165.999 0.000221001
129.494 0.000244488
125.373 0.000237579
127.262 0.000270862
129.756 0.000221255
119.455 0.000274692
131.403 0.000225553
127.184 0.000258371
127.734 0.000269216
129.864 0.00023474
124.29 0.000234762
127.032 0.000229896
132.279 0.000269879
119.965 0.000255339
121.017 0.00023927
128.381 0.000227298
128.603 0.00025932
127.925 0.000259167
130.573 0.000238238
127.271 0.000266171
130.43 0.000259252
127.041 0.000235246
130.309 0.000246525
129.789 0.000235243
130.781 0.000246931
129.521 0.000262435
128.603 4.49835e-06
127.615 0.00025656
129.011 0.000267019
132.538 0.000253008
127.967 0.000233207
131.246 0.000234735
133.845 0.000221815
129.331 0.000236906
125.219 0.000258601
127.436 0.000257793
128.982 0.000254072
125.512 0.000272598
132.688 0.000234355
131.531 0.000248138
128.253 0.00015137
129.624 0.000233202
132.441 0.000233999
131.413 0.000256279
131.182 0.00024888
124.952 0.000244163
128.238 0.000237836
133.207 0.000233738
123.658 0.000231453
129.508 0.000269167
132.858 0.000224693
127.046 0.000217197
125.019 0.000241945
129.158 0.000235073
132.216 0.000222117
131.273 0.000231838
128.012 0.000220004
126.146 0.000256015
118.521 0.000241646
128.159 0.000236891
126.556 9.41584e-05
165.004 0.000220381
127.448 0.00022759
132.069 0.000227886
130.605 0.000236583
126.894 0.000257327
125.335 1.66154e-05
130.543 0.000240699
129.947 7.03494e-06
128.945 0.000239535
126.724 0.000247726
131.866 0.000246474
132.086 0.000231219
129.018 0.000256927
128.047 0.000252579
128.81 0.000265331
132.588 0.000248199
125.085 0.000241116
123.469 0.000116031
126.768 0.000255631
130.865 0.000239274
129.928 0.000217592
126.427 0.000245102
130.142 0.000179579
133.569 0.000244337
120.671 0.000233034
132.266 0.000243313
129.682 0.000259691
129.823 0.000264331
122.541 0.000234711
117.325 0.000258145
130.391 0.000188758
128.496 0.000249487
130.735 0.000234566
123.422 0.000240994
132.466 0.00023183
130.19 0.000261406
131.344 0.000238761
119.473 0.000267971
126.934 0.000231073
135.094 0.000246166
126.923 0.000235221
129.853 0.000233743
130.792 0.000265751
129.211 0.000237279
129.602 0.000237784
134.793 0.000256849
128.662 0.000260627
127.498 0.000244091
126.305 4.2067e-06
123.063 0.000276406
125.207 0.000212528
130.845 0.000234323
131.288 0.000233308
131.045 0.000233104
125.553 0.000247325
132.05 0.000270677
127.328 0.000225662
129.283 0.000258475
130.228 0.000235024
133.93 0.000261833
129.523 0.000243654
124.779 0.000200288
129.403 0.000259889
129.288 0.000233674
129.909 0.000262039
130.25 0.000268616
123.826 0.000268951
128.318 0.000247682
124.165 0.000266163
130.721 0.000262388
131.089 0.000245506
137.114 0.000260697
131.792 0.000234593
131.477 0.000243668
127.578 0.000237647
124.13 0.000233888
127.764 0.000233663
127.157 0.000231851
132.457 5.08201e-05
125.67 0.000236382
129.7 0.000241881
132.094 0.000245054
127.858 0.000243768
130.921 0.000154757
125.821 0.000226452
130.644 0.00022016
128.612 0.000239285
125.842 0.000243752
131.237 0.000242429
125.845 0.000234659
129.51 0.000233
127.332 0.000232666
128.858 0.000250323
126.301 0.000238715
130.493 0.000236086
128.209 0.000234975
124.102 0.000244526
127.409 0.000236128
131.014 0.000238653
131.987 4.4808e-06
130.365 0.00025465
126.918 0.00023341
131.275 0.000234222
132.954 0.000242277
130.87 0.000186044
125.573 0.00021498
127.591 0.00026969
131.435 0.000248775
133.052 0.000250484
125.495 0.000262599
133.182 0.000242439
132.384 0.000233734
128.196 6.87779e-05
129.94 0.00023585
130.275 0.000247686
127.189 0.000223594
129.031 0.000232175
130.687 0.000231539
129.454 0.000231582
132.057 0.000246459
127.52 0.000242622
117.083 0.000221885
127.617 0.000243277
128.291 0.000267531
122.755 0.000237476
128.706 0.000235626
129.887 0.000235298
131.178 0.000232397
129.939 0.000220783
122.727 0.000226192
130.411 0.000234945
131.518 0.000243069
135.381 0.000215073
134.517 0.000231145
128.499 0.000196251
132.56 0.0002354
127.528 0.000261539
118.911 0.000243233
130.058 0.000246541
129.39 0.000246227
129.332 0.000247559
117.846 0.000260326
129.474 0.000248198
127.24 0.000236725
132.314 0.00023178
127.796 0.000229829
117.665 0.000268913
131.898 0.000247551
128.66 0.000249565
130.613 0.00023252
129.881 0.000247432
128.937 0.000253746
132.913 0.000240615
130.484 0.000239622
126.816 1.66081e-07
132.346 0.000237315
128.318 0.000239955
129.833 0.000262215
129.333 0.000233946
129.782 0.000240569
131.51 0.000236096
125.89 0.000202644
129.519 0.000244158
129.709 0.000284456
126.017 0.00023076
126.624 0.000240135
131.716 0.000233842
128.106 0.00023222
127.549 0.000232439
137.273 0.000238544
128.865 0.000237606
127.847 0.00023575
129.554 0.000242497
117.667 0.000242282
132.044 0.000242642
131.237 0.000246249
132.119 0.000255081
133.079 0.000238417
128.224 0.000238776
125.864 0.000248428
123.546 0.0002262
128.764 0.000237261
127.062 0.000239412
137.736 0.000246856
129.244 0.000234348
124.68 0.000239453
126.362 0.000228051
127.44 0.000245057
126.777 0.000238137
129.892 0.000246571
129.621 0.000232675
123.501 0.000246045
126.409 0.000218898
128.278 0.000242131
131.793 0.000253248
127.2 0.000246491
124.766 0.000258426
128.745 0.000229403
131.884 0.00025894
131.268 0.000270528
129.405 0.00022294
128.257 0.000273158
128.047 0.000261183
128.03 0.00021022
126.523 1.1819e-05
129.206 0.000218899
130.706 0.000244797
129.246 0.000268015
130.152 0.000248021
129.414 0.000235051
126.163 0.0002181
132.209 0.000202942
129.545 0.000237062
133.113 0.000212596
130.194 0.000252139
139.965 0.000162646
132.15 0.000261821
127.002 3.43448e-05
129.692 0.00023371
133.875 0.000258313
127.9 0.000110524
128.354 0.000254554
128.095 0.000239014
129.213 0.000252666
128.672 0.000251575
122.493 0.000232287
128.572 0.000259634
127.786 0.000268453
124.07 0.000216326
130.239 0.000234917
128.54 0.00024777
124.969 0.000257923
134.266 0.000231774
128.923 0.00024008
124.923 0.000235422
128.741 0.000241425
134.827 0.000160711
132.822 1.14787e-05
125.343 0.000232073
129.43 0.000244189
132.65 0.000258451
129.783 0.000271985
131.052 0.000255732
128.04 0.000245121
124.465 0.00024421
126.252 0.000270341
130.538 0.00027124
126.755 0.000249189
120.66 0.000185917
126.323 0.000244705
129.736 0.000258957
129.185 0.000112638
133.483 0.000246838
130.811 0.000233476
126.454 0.00025568
130.406 0.000252615
124.227 0.000112636
131.798 0.000235977
128.449 0.000230883
130.852 4.9679e-05
129.297 1.70661e-05
130.286 0.000239803
132.353 0.000243156
130.388 0.00026451
126.379 1.13186e-05
128.198 0.000249319
131.014 0.000239658
131.476 0.000242614
124.089 0.000245868
129.64 0.000227875
131.176 0.000260591
130.43 2.73685e-06
130.754 0.000266479
-nan 0
129.399 0.000134714
132.742 0.000264214
130.012 0.000250424
132.173 0.000231234
133.043 0.000266076
124.319 0.00023302
126.952 0.000226914
127.365 6.93245e-06
130.579 1.71212e-05
127.859 0.000232747
132.763 0.000230813
131.692 0.000260186
128.878 0.000240362
129.249 0.000261348
132.635 0.000234952
129.918 0.000248498
124.162 0.000262379
128.782 0.000238272
131.841 0.000266952
130.217 0.000253028
131.372 0.000234053
127.259 0.000235326
133.063 0.000240713
128.076 0.000270111
128.021 0.000231787
127.757 0.000257055
132.592 0.000244862
127.646 0.000233824
128.909 0.000262932
130.073 0.000243332
127.811 0.000232727
125.389 0.000243091
133.923 0.0002431
125.979 0.000239991
131.266 0.000238854
134.246 0.00023384
125.95 0.00027645
125.208 0.000259018
129.665 0.000264881
128.563 0.000234642
129.549 5.03255e-05
126.612 0.000264348
128.349 0.000241914
130.534 0.000247535
125.653 0.000241798
130.427 0.000236676
128.498 0.000263236
127.566 0.000268873
129.065 0.000246615
134.397 0.000244835
127.324 0.000266198
132.441 0.000238712
131.278 0.000243849
128.176 0.00023607
132.883 0.000195518
130.885 0.000182578
122.114 0.000256071
130.172 0.000249411
131.633 0.000271213
128.76 0.000257686
132.705 0.000200897
130.671 0.000263299
129.93 0.000232177
131.065 9.06072e-05
131.001 0.000268066
122.341 0.000211308
124.536 0.000238524
126.302 0.000257547
126.459 0.000245422
131.189 0.000236071
132.397 0.000228763
128.123 0.000232308
130.905 0.000237615
130.101 4.49094e-06
128.869 0.000200234
130.224 0.000271542
129.812 0.000269951
128.793 0.000269106
136.879 0.00023568
128.303 0.000224595
132.107 0.000240261
132.843 0.000231011
124.863 0.000225635
130.65 0.000234105
128.842 1.15764e-05
129.061 0.000254051
122.327 0.000236936
124.233 0.000253549
127.606 3.61905e-05
123.903 0.00025491
129.685 0.0002352
130.009 0.000231377
121.608 0.000236134
135.761 0.000268483
131.035 0.000269917
130.06 0.000195686
125.477 0.000250779
129.646 0.000250169
127.794 0.000268467
129.888 0.000231648
121.279 0.000252205
125.718 0.000242761
131.388 0.000230825
131.136 5.16205e-05
131.463 0.000246039
131.262 0.000244185
129.801 0.000230539
124.901 0.000231773
131.953 0.000249972
133.296 0.000217242
128.999 7.08881e-06
129.797 0.000244769
133.023 0.000232909
130.696 0.000247246
126.204 0.000226723
128.271 0.000260289
127.703 0.000236309
131.672 0.000233296
128.806 0.000236701
127.306 0.000245885
129.643 0.000239002
130.718 0.000232479
131.255 0.00026161
131.753 0.000255475
129.943 0.000234709
133.021 9.74034e-07
126.473 6.9379e-05
132.066 0.000234274
129.349 0.000234003
126.412 0.000232279
129.152 0.000236988
134.209 0.000235212
127.33 0.000172106
126.995 0.000238498
129.726 0.000245074
132.693 0.000232858
128.888 0.000240858
126.643 2.50664e-05
126.337 0.000230318
127.942 0.000202554
126.052 0.000286831
128.348 0.000252274
127.439 0.0002787
129.178 0.00023851
129.502 0.000266859
131.511 0.000222623
131.031 4.48544e-06
125.804 0.000260136
124.462 0.00022309
128.837 0.000254483
128.476 0.000139153
127.393 0.000238837
131.174 0.000238696
128.931 0.00023476
126.827 0.000250453
126.222 0.000221352
131.297 0.000243973
130.004 0.000238067
124.733 0.000231564
128.359 0.000243607
129.567 0.000224523
131.492 0.000253711
128.45 0.000232984
128.288 0.000216012
127.357 0.000167166
130.879 0.000237753
129.193 0.000224385
129.247 0.000236417
128.101 0.000232998
121.351 0.000233528
132.144 0.00024622
129.138 0.000182303
127.818 0.000237315
127.286 0.000248324
132.041 0.00023986
126.32 0.000235761
121.355 0.000253293
129.025 0.000240418
125.526 0.00026676
132.886 0.000267602
131.464 0.000244639
125.786 0.000271711
125.732 0.000217422
131.779 0.000184931
128.127 0.000214947
128.281 0.000238511
129.406 0.000219424
120.405 0.000237969
120.566 0.000239342
116.112 0.000234396
126.684 2.6818e-06
135.886 0.000267038
133.39 0.0002432
132.264 6.28395e-05
125.066 0.000248129
130.726 6.74688e-06
129.782 0.000231984
129.131 0.000241306
131.094 0.00026249
130.305 0.000263474
128.077 0.000232948
127.693 0.000235273
130.012 0.000229786
123.278 0.000220636
131.356 0.000241307
128.45 0.000191427
131.143 0.000254429
122.432 0.000245231
134.558 2.33184e-07
132.501 0.000256403
128.861 0.000224918
130.36 0.000233524
126.331 0.000253862
131.336 0.000157213
136.464 0.000231813
128.067 0.000229747
133.083 0.000267282
124.28 0.000232956
132.067 0.00023316
123.075 0.000245736
129.832 0.000237225
131.446 0.000228287
128.171 0.000230886
131.841 5.08811e-05
128.812 0.000237992
131.206 0.000215371
126.066 0.000228467
128.3 0.00023629
129.353 0.000247484
127.533 0.000268195
127.846 0.000229015
131.592 -0.000269155
130.376 0.000132097
127.31 0.000264509
126.778 0.000232262
129.765 0.000232342
128.541 0.000159636
128.728 0.000246847
140.689 0.000254032
130.002 0.000251595
127.417 0.000244332
129.409 0.000244561
129.93 0.000239095
117.848 0.000239606
129.545 0.000230415
128.418 0.000237147
125.95 0.000235743
127.831 0.000238871
129.666 0.000256655
121.818 0.000246443
127.484 0.000242751
118.803 0.000233823
134.464 0.000241922
127.93 0.000260099
125.095 0.000258675
124.225 0.000210127
120.89 0.000276409
128.964 0.000231707
130.526 0.00024364
127.573 0.000230689
130.987 0.000233498
128.363 0.000241601
129.924 0.000224018
125.915 8.69834e-05
128.527 0.000262523
129.377 0.000234021
127.764 0.000247001
128.734 0.000263439
129.88 0.000223076
128.658 0.000205535
128.695 0.000238671
135.172 0.000238215
133.316 0.000249629
125.887 0.00023921
129.284 0.000230306
121.842 0.000242458
127.618 0.000246722
125.47 0.000252112
131.203 0.000239056
130.18 0.000230345
130.664 0.000227526
130.044 0.000219658
126.127 0.000249659
130.543 0.000260649
128.414 0.000277666
128.94 0.000246077
126.238 0.000240328
126.809 2.5347e-05
132.604 0.00025276
129.086 0.000244279
130.782 0.000243245
116.835 0.000267863
126.418 3.76619e-05
131.852 0.000240218
130.282 0.000228785
132.423 0.000268259
132.147 1.13034e-05
120.845 0.000237974
130.354 0.000241712
128.435 0.000237954
127.498 0.000240086
130.979 0.000265413
131.626 0.000249766
129.08 0.000260199
130.52 0.00027696
135.133 0.000235166
124.746 0.000229503
130.875 8.94902e-05
130.408 0.000231176
130.062 0.000271128
131.895 0.000232883
124.02 0.000264073
129.498 0.000260201
132.676 0.000265172
125.459 0.000267345
130.377 0.0001583
133.228 6.73678e-06
125.31 0.000259743
128.341 0.000238101
127.332 0.000236909
132.974 1.63767e-06
127.985 0.000220152
134.272 0.000135408
124.655 0.000225362
134.34 3.66887e-05
126.669 0.000247351
132.59 0.000229709
130.228 6.7936e-05
133.87 0.000236977
129.56 0.000269599
129.811 0.000180325
129.926 0.000242359
124.438 1.7091e-05
128.7 0.000232981
128.442 0.000243392
129.471 0.000243229
125.928 0.000104207
124.606 0.000203919
131.185 0.000243932
130.127 0.000241849
125.391 0.000242061
130.808 0.000238235
129.969 0.000242663
132.223 0.000237888
133.31 0.000135743
126.863 0.000242736
129.948 0.00024461
125.249 0.000248528
128.923 0.000234085
129.681 0.000240879
130.589 0.000213939
130.8 0.000235245
128.738 0.000243962
127.993 0.000237967
127.714 0.000239724
131.347 0.000238458
134.058 0.000243776
127.929 0.000217782
122.6 0.000235896
130.077 0.000268704
125.904 0.00013734
132.21 0.000242898
127.842 0.000238238
129.148 0.000158806
130.752 0.000265937
128.288 0.000269702
129.688 0.000236549
132.062 0.000218079
139.277 0.000190427
127.851 0.000231941
132.363 0.000224389
130.176 0.00023122
127.409 0.000235276
128.101 0.000244866
131.034 6.90127e-05
125.077 0.000277613
126.384 0.000256981
130.987 0.000238574
127.851 0.000233581
131.755 0.000254884
124.975 0.000268835
133.541 0.000266938
132.214 0.000233976
126.266 0.000237637
129.54 6.94455e-05
128.398 0.000228276
127.082 0.000231167
115.838 0.000245091
125.385 0.000242853
129.787 0.000256385
125.933 0.000225177
130.384 0.000202858
122.907 0.000244915
128.324 0.000267968
129.665 0.000262929
132.444 0.000234299
132.563 0.000136163
137.557 0.000244294
130.272 0.000268343
132.746 0.000232328
130.338 0.00022855
128.193 0.000229263
133.107 0.000261913
127.482 0.000270649
131.409 0.000239179
129.346 0.000260884
123.139 0.000148697
121.043 0.000238684
128.883 0.000234978
130.704 0.000248041
130.384 0.000234925
116.645 0.000242115
126.199 0.00022711
127.544 0.00025798
126.615 0.000245062
129.08 1.7099e-05
129.393 0.000232051
132.005 0.000237939
128.495 0.000280454
131.182 1.72461e-05
124.626 0.000237443
126.518 0.000241225
126.26 0.000243221
129.931 0.0002606
129.988 0.000264099
126.883 0.000113367
127.864 0.000218237
125.106 0.000257601
131.054 0.000238151
131.255 0.000249625
132.304 0.00023559
121.394 1.71923e-05
130.311 0.000233122
128.257 0.000135034
124.941 0.000241334
129.724 0.000233881
131.168 0.000217014
130.143 0.000237898
129.621 0.000243792
132.872 0.000231108
127.213 9.31819e-05
122.844 0.000241402
124.317 0.000243079
129.95 0.000244335
125.483 0.000182987
129.126 0.00024015
129.932 0.000233883
132.088 0.000246845
123.47 0.000255206
130.168 3.49316e-07
125.517 0.000244109
129.074 0.000267617
131.22 0.000243479
130.793 0.000250667
123.469 0.000232688
122.701 0.000215505
134.111 0.000238345
119.874 0.000229836
131.461 0.000268724
128.119 0.000226768
129.038 0.000266739
130.604 0.000228377
127.886 0.000263594
124.454 6.90951e-05
131.761 0.000233657
135.679 0.000222408
127.05 0.000241261
128.536 0.000234546
131.528 0.00026057
127.011 0.000276234
128.976 0.000239583
124.492 0.000264279
125.262 0.000253992
126.302 0.000233327
126.16 6.91322e-05
126.988 0.000272144
130.347 0.000268568
128.82 0.000267636
122.608 0.00026076
130.913 0.000266242
119.861 0.000263775
128.017 1.62715e-07
116.545 0.000261133
132.881 0.000252783
123.745 0.000237284
128.412 0.000232361
119.801 6.67529e-06
126.798 0.000268173
129.404 0.000243285
122.07 0.000227933
129.451 0.000212322
134.123 0.000230248
127.896 0.000244334
126.894 0.000231524
133.727 0.000219965
129.131 0.000269439
127.858 0.000234806
129.067 0.000267761
128.355 0.000224788
140.677 0.000242363
129.63 0.000116483
130.517 0.000247621
127.991 0.000264378
131.103 0.000227862
131.454 1.72258e-05
128.27 0.000257928
126.627 0.000239036
128.731 0.000235666
131.159 0.000233877
129.515 0.000137469
126.476 0.000277504
126.288 6.9787e-05
133.905 0.000233542
129.927 0.000242577
131.509 0.00026868
131.054 0.000235633
130.92 0.000222646
127.44 0.000236769
128.938 0.000239923
122.604 0.000266823
130.725 2.55188e-05
127.368 0.000225506
130.853 0.000231336
134.092 0.000224485
128.625 0.000234362
131.922 0.000241578
131.021 0.000179571
132.287 0.000236617
128.698 0.000235839
128.394 0.000246477
130.659 3.65201e-05
130.287 0.000239147
131.312 0.000110528
129.099 0.000231707
128.745 0.000271886
128.866 0.000230787
118.26 0.000247495
129.078 1.00691e-06
128.654 0.000230887
125.952 0.00025493
137.651 0.000234136
125.263 3.6535e-05
121.589 0.000281643
127.063 0.000277326
130.458 0.000236391
129.837 0.000239263
128.509 0.000226679
131.79 0.000233634
128.451 0.000267161
125.386 0.000238134
128.821 0.000249583
128.616 0.000231955
129.074 0.000246972
132.093 0.000196693
130.237 0.000251732
127.363 0.000243744
-nan 0
129.215 0.000221386
129.187 0.000245744
128.62 0.000241085
125.617 0.000274556
128.546 0.000262463
130.491 0.000134976
128.77 0.000231733
131.15 0.000241177
133.193 0.000264764
126.406 0.000159756
128.829 0.000237106
131.673 0.000234509
123.518 0.000249242
128.909 0.000225958
124.951 0.000250959
116.905 0.000234061
125.538 0.000231047
130.688 0.000111388
131.675 0.000253138
133.554 0.00023092
124.87 0.000247361
123.916 0.000243962
134.605 0.000235406
129.638 0.000216675
129.635 0.000234915
126.831 0.000245712
129.376 0.000265965
131.471 0.000287609
125.95 0.000260476
130.15 0.000233037
133.027 0.000234424
128.729 0.000227699
125.646 0.00023804
117.851 0.000233013
117.865 0.000223434
127.02 0.000269213
128.502 0.0002597
132.04 0.000231337
126.594 0.000100745
125.53 0.000223991
126.332 0.000245405
130.78 0.000260937
131.616 0.00026441
133.699 0.000256472
132.027 0.000269934
125.891 0.000234643
128.847 0.000274419
128.721 0.000262796
131.877 0.000237836
124.193 0.00021345
131.849 0.000237699
124.518 0.000263887
130.515 0.000242681
126.508 0.000250182
127.564 0.000220127
128.953 0.000252487
127.491 0.000275262
125.94 0.000240705
131.966 0.000241364
129.539 0.000243618
131.343 6.93691e-05
129.076 0.000221199
131.459 0.000241486
127.056 0.000239915
130.544 0.000231763
126.918 4.71729e-05
129.218 0.000261024
131.345 0.00015983
124.884 0.000238018
130.658 0.000236033
132.058 0.000246542
126.618 0.000233226
128.747 0.000156995
127.86 0.000235235
126.527 0.000236026
128.284 0.00024867
125.696 0.000263321
124.003 0.000233047
132.509 0.000239161
129.79 0.000182125
127.783 0.000241721
132.139 0.000242408
123.016 0.000273159
130.057 0.000198141
132.66 0.000242097
123.09 0.000225878
127.241 0.000268828
117.397 0.000242938
130.013 0.000231268
127.21 2.48979e-05
128.317 0.00022973
131.15 0.000224285
128.376 0.00020637
129.427 0.000230155
130.706 0.000235563
124.551 0.000223405
129.812 0.000262171
129.089 0.000242101
122.601 0.000260317
125.903 0.000233958
129.219 0.000241475
129.191 0.000243341
122.85 0.000236716
129.229 0.000238719
129.782 0.000231818
127.999 8.94166e-05
129.894 0.00026991
130.232 0.000247556
128.993 0.000271502
135.517 0.000226144
132.636 0.0001356
131.8 0.000234389
128.853 0.000262858
132.782 0.000235212
127.918 0.000130973
118.358 0.000238176
125.336 0.000236501
128.236 0.000239486
127.163 0.000260399
127.995 0.000219229
128.082 0.000262345
128.939 0.000190241
132.559 0.000229737
131.143 0.00024145
129.97 0.000247607
125.679 0.000246913
128.007 0.000200117
130.585 0.000264757
129.109 0.000245602
132.511 0.000241216
125.528 0.000253166
130.317 0.000255041
124.982 0.000255311
130.867 0.000238897
130.618 0.00023852
129.793 0.00027005
125.136 0.000233112
128.306 0.000241983
132.301 0.000248042
130.759 0.000239758
127.241 0.000190215
129.879 0.000247378
126.984 0.000239668
125.008 0.000241839
128.374 0.000240956
127.771 0.000267012
130.863 0.000160312
128.947 0.000245547
129.327 0.0002496
130.961 0.000232751
130.277 0.00024007
129.059 0.000232918
124.758 0.00016063
130.21 0.000134553
131.83 0.000270565
132.137 0.000242267
129.524 0.00023565
129.703 0.000237713
116.792 0.000266526
118.677 0.000241837
133.37 0.000235691
128.46 0.000246104
124.877 0.000243345
135.095 0.00024658
127.319 0.000255137
131.234 0.000253184
128.486 0.000233303
128.713 5.11344e-05
131.713 6.81782e-05
133.038 0.000234154
127.41 0.000250154
127.725 0.000272388
131.883 0.000273985
131.793 0.000260744
128.488 0.000230987
127.273 0.000219307
131.739 0.000136321
131.339 0.00021666
126.806 0.000279899
128.786 0.000241817
127.617 0.00027026
128.359 0.000254003
126.906 0.000243466
130.155 0.000236038
129.17 0.000239968
128.187 0.000231164
127.418 0.000256508
129.902 0.000217353
134.74 0.000233185
129.199 0.000246935
127.465 0.000265425
127.716 0.000240694
129.007 0.000247759
129.391 0.000281232
133.713 0.000113702
131.847 0.000254204
129.551 0.000108308
119.304 4.76181e-05
125.837 0.000234526
131.961 0.00026481
128.802 0.000258238
129.485 0.000244685
130.291 0.00026514
130.686 0.000243859
129.865 0.000239734
130.756 0.000238627
129.349 0.000245052
128.674 2.51915e-05
130.892 0.000228922
130.283 0.0002375
125.727 0.000246529
130.436 0.000217762
127.837 0.00023373
127.174 0.000267185
117.785 0.000249889
128.852 0.000236128
126.402 0.000264731
129.507 0.000235242
128.051 0.000263473
129.074 0.00022323
126.6 0.000268007
127.667 0.000241736
130.349 0.000245551
130.207 0.000243077
128.026 0.000233741
124.71 0.000218085
128.455 0.000239696
128.608 0.000253654
128.673 0.0002405
130.121 0.000266358
128.051 0.000264365
134.575 0.000232963
130.068 0.000241747
129.972 0.000224627
125.499 0.000238734
126.063 0.000243161
134.524 0.000244139
128.584 0.000242853
124.172 0.000223561
128.918 0.000214952
130.888 0.000225973
131.623 0.000251267
129.793 0.000242545
130.736 0.000234439
128.378 0.00023725
131.361 0.000253672
127.285 0.000238809
132.087 0.000250092
131.458 0.000239816
129.462 0.000236797
128.475 0.000242991
124.552 0.000252872
129.773 0.000261755
129.182 0.000244242
131.43 0.000266149
130.594 0.000238756
127.695 0.000246766
126.352 0.000270196
126.661 0.000251866
128.011 0.000255904
126.152 0.000212228
136.5 0.000212001
132.346 0.000262666
131.31 0.000247379
128.318 0.000269246
129.368 0.000235637
130.308 0.000262273
128.632 0.000212315
127.612 0.000237635
129.548 0.000111872
129.738 0.000266058
131.349 0.000219711
125.364 0.000231144
130.422 0.000227728
124.203 0.000237301
126.689 0.000247456
132.026 0.000264695
126.72 0.000232704
129.637 0.000261776
135.334 0.00026707
128.84 0.00023586
128.414 0.000242108
129.592 0.000235734
132.597 0.000259873
127.869 0.000225439
132.315 0.000261328
126.421 0.000187202
130.482 0.000289214
127.054 0.00023772
129.165 0.000138023
131.078 0.00023405
129.862 0.00024232
127.116 0.000280285
125.592 0.000233943
129.328 0.000263709
130.113 0.000243552
131.263 0.000244615
125.418 0.000254385
127.244 0.000234302
130.354 0.000239871
122.088 0.000234045
130.091 0.000228795
128.912 0.000216715
129.964 0.000230106
125.372 0.000234983
129.486 0.000235091
127.683 0.000202021
127.682 0.000243807
130.18 0.000253823
131.505 0.00027256
126.494 0.000236449
129.324 0.000254921
122.44 0.000252587
130.94 0.00023456
131.588 0.000230841
117.158 0.00020179
122.833 0.000213424
126.876 0.00027924
128.595 0.00023308
127.758 0.000238272
130.839 0.000251168
126.551 0.000225379
128.62 0.000243748
128.838 0.000236554
125.285 0.000240983
129.536 0.000269656
128.971 0.000220571
128.448 0.000218652
127.837 0.000227209
129.198 0.000263058
131.041 0.00023661
127.006 0.000240555
128.811 0.000258404
132.465 0.000114774
124.078 0.000213959
130.092 4.6619e-05
133.098 0.000250834
130.305 0.00025227
128.74 0.00023457
125.348 0.000221052
134.928 0.000234747
132.1 0.000233046
133.124 0.000242406
129.195 0.000136783
131.704 0.000236869
132.98 0.000243525
131.456 0.000165093
126.455 0.000273383
132.145 0.000235293
128.59 0.000225047
130.288 0.000224018
129.211 0.000240997
129.673 0.000264419
131.229 0.000232678
126.946 5.25671e-05
126.963 0.000244807
130.938 0.000263629
128.287 2.5263e-05
124.254 0.000241256
127.229 0.000264463
127.754 0.000220207
124.952 5.79691e-07
131.129 0.000135142
130.327 0.000263841
127.017 0.000225923
126.989 0.000235112
132.24 0.000231086
128.394 0.000238066
128.48 0.000213615
128.608 0.000234651
127.889 0.000240086
129.626 0.000213503
116.001 0.000225303
126.158 0.000230641
129.873 0.000224234
124.757 0.000236263
127.506 0.000233898
131.25 0.000234289
131.002 0.000256998
127.974 0.000236307
130.707 0.000254433
131.827 0.000276115
127.557 0.000236862
133.232 0.00023889
131.014 0.000220137
123.385 0.000222812
126.682 0.000242114
130.147 0.000235069
131.204 0.000248312
128.393 0.000238874
130.367 0.000232959
124.375 0.000237664
130.285 0.000214094
125.577 0.000204275
130.7 0.000111878
133.989 0.000227611
127.623 0.000234704
131.891 0.00023103
128.904 0.000202249
134.304 0.000239323
131.129 0.000233721
131.426 0.000267713
127.507 0.000233948
128.073 0.000212991
130.388 0.000253218
127.99 0.000233359
130.219 0.000232304
122.2 0.000234548
127.966 0.000242333
129.382 0.000215579
127.609 0.000235558
129.961 0.000237105
135.058 0.000233256
134.143 0.000237091
132.876 0.000238122
129.91 0.000235004
119.617 0.000256518
124.478 0.000263147
123.097 0.000246751
129.218 0.000267736
130.329 0.000232556
128.751 0.000252361
127.05 0.000235869
126.92 0.000251055
124.578 0.000261673
128.883 1.64517e-06
-nan 0
126.992 0.00023791
127.555 0.000237752
127.335 0.000241421
130.238 0.000276662
130.909 0.000244885
130.25 0.000234006
127.192 0.000248132
131.52 0.000231729
132.194 0.000271176
128.341 0.000232989
132.641 9.27016e-05
130.849 2.56934e-05
126.69 0.000248223
127.867 0.000231607
127.271 0.000230799
120.866 0.000139033
129.913 0.000276004
133.842 3.66922e-05
125.269 0.000242376
131.013 0.00028927
128.827 0.000240822
133.184 0.000157413
130.243 0.000243553
127.614 0.000246504
132.24 0.000232455
130.871 0.000237376
129.998 6.88452e-05
127.267 0.000278782
130.873 0.00023532
126.122 0.000195367
128.013 0.000235439
128.881 0.000234673
127.3 0.00025369
129.71 0.000110985
130.746 0.000242399
127.339 0.000236384
129.488 0.000243249
128.143 6.97e-05
126.928 0.000234415
128.068 0.000264353
129.549 0.000230195
130.58 0.00023636
133.443 0.000226394
131.489 0.000233618
130.888 0.00024911
127.728 0.000239791
129.328 0.00025314
132.795 0.00022175
131.714 0.000239294
131.793 0.000261126
125.396 0.000214303
126.538 0.000254291
127.376 0.000234037
125.381 0.000235013
129.812 0.000250685
125.759 0.000281397
127.781 0.000264082
121.045 0.0002261
125.57 0.000242913
119.451 0.000259864
130.726 0.000278486
132.053 0.000239472
130.796 0.000238802
131.659 0.000239359
130.122 0.00024407
130.179 0.000234823
132.526 0.000254993
127.364 0.000241798
131.471 0.000230801
134.84 0.000199586
130.48 0.000234993
128.133 0.000196367
130.364 0.000157255
128.464 0.000263315
129.737 0.000219517
123.295 0.000270434
126.098 0.00022061
134.953 0.000234424
132.934 0.00024667
132.855 7.03753e-06
126.544 0.000233034
125.205 0.000246012
118.298 0.000163199
125.536 0.000234947
130.026 0.00025993
128.499 0.000245846
128.645 0.000269331
131.327 0.000235512
132.447 0.00023226
125.576 0.000136827
128.319 0.000136088
126.887 0.000238684
126.991 0.000243116
129.843 0.000237093
127.16 0.000239232
128.949 0.000235781
134.608 0.000249922
123.85 0.000233176
132.195 0.000244039
122.864 0.000266014
129.485 2.52026e-05
120.659 0.000111585
130.023 0.000236978
116.046 0.000231643
123.721 0.000235974
124.639 0.000230642
129.901 0.000244416
129.318 0.000244896
130.927 0.000242596
126.982 0.000236248
133.037 0.000254615
130.887 0.000234759
124.122 0.000243976
129.243 0.000245587
123.509 0.000239485
130.576 0.000206553
130.218 0.000250937
132.118 0.000242854
131.106 0.000234018
121.229 0.000247347
124.331 0.000183238
126.153 0.000243909
128.69 0.000235185
131.672 0.000230753
130.997 0.000240075
126.647 0.000253971
129.649 0.000255574
126.756 0.000249852
130.313 0.000260894
128.58 0.00025316
127.474 0.000249154
130.195 0.000238963
129.753 0.000156774
123.516 0.000234527
128.599 0.000266552
130.399 0.000274723
127.85 0.000231132
127.722 0.000241233
127.128 0.000226456
129.051 0.000231947
128.21 0.000242714
126.706 0.000254603
130.021 0.000228242
130.369 0.000233145
133.235 0.000248718
128.976 0.000249101
131.738 0.000232709
129.701 0.000266843
129.947 0.00026882
127.173 0.000234833
131.846 0.000183569
131.49 0.000242677
129.292 0.000244591
127.964 0.000232915
130.253 0.000223059
133.239 0.000231996
130.73 2.69622e-06
130.457 0.000268361
128.311 0.000208405
126.357 0.000230236
117.835 0.0002464
128.133 0.000241777
132.763 0.00024254
127.762 0.000252987
129.552 0.000264856
132.656 0.000261613
127.57 0.000238586
121.442 0.00024544
130.147 1.12602e-05
131.918 0.000240614
132.801 0.000227961
129.234 0.000219981
129.568 0.000237135
123.549 0.000221463
130.201 0.000244164
130.851 0.000246308
119.034 0.000264165
126.928 0.000103541
129.891 0.000220157
131.661 0.00028381
129.89 0.000202989
128.78 0.000245157
130.358 0.00020671
135.687 0.000243578
128.734 0.000231263
131.523 5.06949e-05
134.483 0.000231139
127.738 0.00026675
128.453 6.90634e-05
129.229 0.000248173
133.966 0.000233477
128.456 0.0002332
127.285 0.000237478
130.351 0.00022541
128.954 0.000241451
125.987 0.00023506
127.525 0.000273013
127.728 0.000204428
126.038 0.000184564
129.253 0.000203363
129.154 0.000157668
128.008 0.000235504
128.129 0.000234969
125.859 0.000269565
129.755 0.000237678
129.721 0.000234744
130.666 0.000239915
117.785 0.000227745
124.428 0.000263405
130.316 0.00022263
128.282 0.000245872
129.738 0.000235257
122.466 0.000230707
131.812 0.000266162
127.045 0.000158532
116.76 0.000239574
130.641 0.000217993
131.928 0.000222858
128.806 0.000233239
126.921 0.000235847
120.603 0.000229076
132.873 0.000223598
129.163 0.000233386
125.652 0.000209414
127.46 0.000156633
131.27 0.000277533
135.031 0.000249076
121.984 1.78304e-05
125.618 0.000235952
130.206 0.000238427
127.878 0.000264719
125.975 0.000265949
127.846 0.000231439
131.233 0.000221888
134.124 0.000229964
130.691 0.000219637
132.799 0.000241401
119.306 0.000254095
118.21 0.000240959
132.955 0.000234683
126.752 0.000263211
118.454 0.000234643
128.817 0.000251586
128.389 0.000254927
130.344 0.000270275
131.801 0.000243473
131.105 1.6877e-05
128.015 0.000238252
129.848 0.000251297
127.419 0.000243671
130.469 0.000245873
129.379 0.000238458
130.955 0.000259005
129.241 0.000239386
128.988 0.000243328
128.781 0.000261173
125.887 0.000277734
128.105 0.000243094
128.547 0.000270388
132.088 0.000231188
130.13 0.000204282
128.163 0.000272665
130.376 0.000230127
127.47 0.000234024
129.132 0.000244219
129.931 0.000230105
132.489 0.000241115
131.361 0.000235662
129.668 0.000239363
130.349 1.21483e-05
129.411 0.000244151
127.754 0.000115447
124.663 0.000238179
132.546 0.000254567
118.553 0.000197037
128.094 0.000229192
128.289 0.000249245
132.474 0.000266458
126.283 0.000247485
130.031 0.00024155
123.122 0.000244278
131.039 0.000220949
130.901 0.000260987
126.354 0.000236984
126.652 0.000236969
123.059 0.000260502
120.687 0.000133
128.666 4.7391e-05
125.717 0.000273803
126.197 0.000234681
128.768 3.66307e-05
133.693 0.000238323
128.255 0.000263486
127.922 0.000264516
128.948 0.000242206
128.768 0.000210935
127.52 0.000247969
129.52 0.000231811
125.487 0.000265692
129.825 0.000233645
133.988 0.00011086
116.842 0.000245591
130.102 0.000259753
125.389 0.000254747
129.013 0.00023693
128.494 0.000260935
130.083 0.000265271
129.87 0.000242858
123.944 0.000237193
124.685 0.000198516
131.004 0.000220043
130.014 0.000236363
130.105 0.00021407
128.718 0.000203793
133.019 0.00023967
125.983 0.000263635
129.009 9.58111e-07
123.082 0.000267126
133.697 0.000268542
130.538 0.000246343
132.274 0.000240902
130.99 0.000187589
130.322 0.000268029
126.592 9.04125e-05
129.179 0.00022152
127.747 0.000252821
129.175 0.000244894
137.37 0.000175864
134.184 0.000259188
128.065 0.000257228
131.701 0.000233255
129.472 0.000226227
128.314 0.000242795
130.016 0.000239576
117.973 0.000270615
123.111 0.000218078
126.356 0.000247283
127.309 0.000225264
128.512 0.000268227
130.53 0.000263029
128.912 0.00027082
122.387 0.000119858
131.876 0.000245247
128.013 0.000235268
126.386 0.000229254
131.518 0.000248275
128.976 0.000235149
130.656 0.00023925
129.67 0.000234255
127.623 0.000235454
132.92 0.000234837
128.239 0.000248127
130.865 0.000255745
127.55 0.000230224
118.967 0.000243238
120.637 0.000254861
118.637 0.000227044
129.97 0.000261584
126.045 0.000234965
127.526 0.000254047
133.116 0.000244933
128.563 0.000233263
130.064 0.000218289
126.383 0.000222868
125.028 0.000234563
130.194 0.000261678
131.176 0.000230171
123.261 0.000249038
131.254 0.000235243
126.61 0.000241819
126.693 0.000262789
132.112 0.000263725
129.44 3.404e-07
120.112 1.63605e-06
126.593 0.000249061
133.54 0.000215759
129.014 0.000271505
122.515 0.000280531
128.678 0.000265152
126.721 0.000232114
127.622 0.000245265
124.573 0.000198448
129.603 0.000252649
128.049 0.000249707
128.122 0.000249688
128.343 0.000234916
130.261 0.000239274
128.665 0.000253286
130.487 0.000239113
133.604 0.0002256
127.256 0.000244683
130.795 0.000238344
129.446 0.000228475
128.345 0.000241166
133.316 0.000246041
126.091 0.000231029
130.171 0.000235404
127.477 0.00023188
130.015 0.000234885
132.147 0.000234748
129.778 0.000238622
128.091 0.000234001
127.058 0.000232354
121.711 0.000261571
126.68 0.000237811
133.539 0.000171124
127.378 0.000200538
128.793 0.000205176
131.129 0.00026183
128.896 0.000268216
131.348 0.000216985
128.427 0.000255192
118.519 0.000226457
130.406 0.000234912
131.959 0.000242271
-nan 0
130.808 0.000269098
128.378 0.000252368
124.062 0.000245723
129.998 0.000245026
126.833 0.000217371
130.762 0.000200067
131.639 0.000227359
128.765 0.00023323
125.656 0.00023105
131.467 0.000265653
126.275 8.90061e-05
130.273 0.000249264
129.197 0.000236525
131.33 0.000253527
134.947 0.000226517
125.676 0.000235838
130.396 0.000232214
124.021 0.000219408
126.155 0.000231659
130.952 7.10289e-06
128.471 0.000235495
126.136 0.000240046
131.576 0.000232236
130.53 0.000248832
128.442 0.000227458
129.353 0.000301955
126.51 0.000224663
127.168 0.000254314
129.386 0.000240535
127.486 0.000240972
129.015 0.000236742
132.957 0.000263737
129.783 0.00023864
128.991 0.000264662
124.589 0.000251236
125.019 0.000255133
131.239 0.000244302
130.436 0.000253441
130.554 0.000251672
129.876 0.000262106
128.95 0.000277082
129.067 0.000233928
121.428 0.000268353
120.266 0.000254754
129.414 0.000229919
129.427 0.000244888
128.325 0.000243397
129.418 0.000220989
130.927 0.000253792
123.214 0.00024702
135.006 0.000248571
131.925 0.000226222
123.692 0.000259696
127.936 0.000251134
130.024 0.000234492
128.412 0.000231109
126.058 8.99039e-05
124.287 0.00023777
126.794 0.000248883
126.486 0.00027698
130.77 0.0002615
131.925 0.000164638
129.733 0.000242369
125.403 0.000159842
131.016 0.000247982
127.67 0.000111391
127.301 0.000244853
128.498 0.000110539
135.034 0.000250117
127.989 0.000265676
129.781 0.000236059
130.727 0.000248541
133.743 0.00011083
128.859 4.80669e-05
127.962 0.000221065
130.89 0.000252669
126.254 0.000252024
131.058 0.00023014
130.034 0.000232598
