126.721 0.00150732
121.506 0.000424185
120.323 0.00159396
125.925 0.0015937
128.017 0.00159549
130.225 0.00152207
130.416 0.0011672
132.039 1.00913e-05
131.409 0.00134333
128.438 0.00145793
133.079 0.0015203
123.652 0.000107298
126.644 0.00163894
128.85 0.00149728
128.074 0.00172254
130.228 0.00157671
128.425 0.00146705
128.383 0.00145032
131.601 0.00162626
120.774 6.10632e-06
130.098 0.00147235
124.434 0.00149479
124.835 0.00161905
129.643 0.00146759
129.483 0.00147147
126.407 0.00147457
123.092 0.00160228
131.014 0.00151499
127.694 0.00165219
130.315 0.00150907
128.775 0.00154459
126.863 0.00145365
127.563 7.17125e-05
128.324 0.00161515
127.065 0.00140235
128.335 0.00154737
128.716 0.00158201
131.602 0.0014716
120.955 0.0014876
131.383 0.00151569
129.19 0.00142968
128.49 0.00151159
130.63 0.00144446
127.367 0.00113702
125.3 0.000435126
126.446 0.00145911
130.029 0.00141986
130.951 0.00160065
132.1 0.0014555
131.217 0.00136676
130.645 0.00161138
125.302 0.00151184
127.266 0.00042468
129.442 0.00145509
130.378 0.00149133
131.682 0.00152183
130.928 0.00158213
128.508 0.00171614
129.685 0.00169391
130.291 0.00144193
126.366 0.00145983
126.918 0.00016034
125.646 0.0015271
128.554 0.000155713
127.853 0.00167264
132.667 0.000698406
126.356 0.00150598
129.833 0.00146617
126.978 0.00148002
130.025 0.00162736
130.417 0.00146544
127.245 2.7868e-05
128.574 0.00145901
128.667 0.00147824
128.427 0.00153114
123.984 0.00157142
130.319 0.00161321
125.877 0.00151873
128.127 0.00144834
135.433 0.0014848
128.907 0.00151294
125.99 0.00148776
131.442 0.00010615
133.397 0.00161739
130.402 0.00148509
129.387 0.0015342
127.829 0.00156918
127.425 5.871e-06
131.806 0.00145651
126.875 0.00137104
127.434 2.83225e-05
128.472 0.00126777
135.36 0.00149806
129.008 0.00165218
127.809 0.00148183
128.424 0.00152079
127.69 0.00153043
129.805 0.00143555
130.602 0.00122571
129.532 0.00145571
128.129 0.00133733
130.585 0.00143102
129.455 0.00156048
135.576 0.00149304
128.927 0.00151182
127.232 0.00154739
132.318 0.00163578
131.458 0.00144369
130.65 0.00143386
129.852 0.00164263
134.455 0.00174045
133.38 0.00152883
125.845 0.00150053
129.355 0.00151832
128.485 0.00144819
129.934 0.0014682
130.852 0.00165139
126.646 0.00149875
119.205 0.00158584
130.253 0.00146671
131.701 0.00144643
129.327 0.00167104
129.173 0.00154029
123.772 0.00140963
117.491 0.00146924
127.047 0.000156102
129.84 0.00145569
124.344 0.00143362
129.805 0.00146408
130.903 0.00151676
128.65 0.00144717
128.852 0.00145995
130.144 0.00142941
129.288 0.000314011
130.314 0.00153122
131.613 0.00167675
127.187 0.00166562
128.897 0.00175481
131.923 0.000157774
128.798 0.000979665
130.326 0.0014542
127.453 0.0012113
127.312 0.00143494
130.027 0.000164526
130.173 0.00126177
132.261 0.00165086
129.734 0.000989616
129.805 0.000830925
130.921 0.00144979
127.988 0.00146481
128.076 0.00146502
127.201 0.00142988
130.772 0.00157192
130.901 0.00154873
130.878 0.00167584
130.863 3.5747e-06
130.014 0.00156444
131.953 0.00151268
129.097 0.00147872
129.493 0.00159044
123.419 0.00145397
129.261 0.00153399
133.242 0.00151854
129.626 0.00151621
127.984 0.00148
131.53 0.00166829
129.591 0.00146532
131.317 0.00159731
126.265 0.00152241
133.443 0.00166078
128.067 0.00163386
121.142 0.00165565
129.152 0.00152772
131.397 0.00149051
128.515 0.00163686
127.095 0.000873908
127.616 0.00147342
124.323 0.00159977
129.09 0.00165873
130.029 0.00147044
123.32 0.00147235
122.419 0.00147079
123.374 0.00169002
126.243 0.00145284
128.148 0.00144669
131.151 0.000560955
129.596 0.00164726
129.634 0.00165859
130.868 0.00166925
131.742 0.00158366
129.587 0.00148697
131.043 0.00166408
130.757 0.00145946
122.426 0.00143966
122.028 0.00125426
130.137 0.0016472
130.819 0.00126074
133.269 0.00151666
126.879 0.000695766
123.834 0.00156649
127.45 0.00169127
126.182 0.00136323
128.693 0.00145215
126.714 0.00133398
125.027 0.00145955
126.397 0.00162378
131.409 0.00166719
125.818 0.00136777
130.839 0.00156369
131.693 0.00154401
130.731 0.0014626
126.932 0.000555378
129.045 0.00149004
130.475 0.00143037
123.221 0.00143231
133.353 0.00153354
122.721 0.00152585
135.251 0.00126109
132.92 0.00156911
120.125 0.00150692
129.723 1.05904e-05
126.964 0.000228784
127.683 0.00148969
129.71 0.0015081
128.039 0.00161556
131.074 0.00145432
126.648 0.00165437
116.051 0.000711602
129.564 0.00148208
127.539 0.00152863
125.486 0.000698991
127.881 0.0014954
130.546 0.00144533
126.415 0.00147578
122.521 0.00131977
137.661 0.00156923
124.975 0.00146362
130.645 0.0014441
129.097 0.00142686
130.131 0.00146364
129.543 0.00132392
128.683 0.0016376
124.401 0.00165576
118.535 0.00154714
130.565 0.00148998
130.55 0.00143299
129.619 0.0012463
134.116 0.000431179
126.881 0.00164961
136.877 0.00165692
129.484 7.07792e-05
129.358 0.001437
132.413 0.00146932
129.181 0.00170553
129.121 0.00146807
128.291 0.0015903
128.803 0.00150146
134.719 0.00166967
131.624 0.00151652
128.965 0.00143451
130.824 0.0016572
130.572 0.00168883
131.427 0.00152921
128.231 0.00152846
128.977 0.00152579
131.369 0.00146903
128.593 0.00162686
124.461 0.00142712
122.017 0.00159859
129.535 0.00145444
127.393 0.00163905
127.896 0.00162227
129.593 0.00161745
131.308 0.00137676
132.957 0.000209505
124.239 0.000569539
128.921 0.00165369
130.405 0.0015411
130.201 0.00146858
125.724 0.00147975
130.723 0.00157937
132.826 0.00156496
130.783 0.00165904
130.048 0.0013429
131.093 0.00145444
129.894 0.00164708
128.827 0.0016162
130.489 0.00147105
126.15 0.00157371
130.52 0.00156216
127.052 0.00042754
129.254 0.00144258
128.303 0.00142415
132.431 0.00154942
132.358 0.00150231
127.788 0.0014903
128.653 0.00146391
132.081 0.00153687
133.544 0.00142267
130.616 0.00144448
128.069 0.00165031
124.271 0.00145976
126.082 0.00146409
133.17 0.000224792
131.34 0.00163347
132.65 0.000843119
116.949 0.00144045
128.065 0.00147338
130.459 0.00167708
129.368 0.00142432
125.516 0.00138729
124.227 0.00148152
129.214 0.0015435
133.931 0.00147871
129.723 0.00152272
128.174 0.00153523
127.639 0.00142278
131.795 0.00144598
126.886 0.00143743
129.09 0.00159456
130.216 0.000218032
123.073 0.00144719
125.907 0.00146138
128.84 0.00145933
131.468 0.00149627
129.526 0.00140067
134.226 0.0016232
124.329 0.00150968
129.313 0.00154526
122.168 0.00146007
131.089 0.00151069
128.453 0.00164116
132.169 0.00140991
132.357 0.00145073
128.365 0.00155561
132.733 0.00154951
125.234 0.00160795
129.244 0.00146843
130.692 0.00146718
128.162 0.000839401
128.825 0.00138921
129.727 0.00174583
131.02 0.00015896
133.198 0.00149271
126.417 0.00160878
126.962 0.00166998
137.896 0.00145037
125.607 4.81363e-05
129.05 0.000111349
129.34 0.00145232
128.566 0.00150891
126.196 0.00171008
121.241 0.000980749
130.487 0.00149904
128.74 0.00158926
126.296 0.00161063
131.177 0.00112091
126.616 0.00164358
120.709 0.00134442
130.433 0.00146696
128.75 0.00151473
127.769 0.00173476
133.059 0.00152555
134.24 0.00147392
128.124 0.00164623
128.181 0.00152609
131.457 0.00164439
130.21 0.00148909
137.266 0.00153773
129.961 0.00168036
128.565 0.00144866
128.996 0.00058276
128.99 0.0014698
128.347 0.00151056
127.132 0.00146306
132.474 0.00139227
133.805 0.0014913
128.404 0.00144471
127.692 0.00164237
126.81 0.00126415
131.327 0.00166003
129.064 0.00114336
127.938 0.00147727
129.827 0.00149581
130.352 0.00157861
132.641 0.00150503
130.563 0.00150504
125.836 0.0014247
125.371 0.0013054
130.191 0.0015856
130.516 0.00147018
126.616 0.0012533
135.804 0.00157628
128.368 0.001517
128.065 0.00125002
127.153 0.00144362
132.125 0.00151226
130.496 0.00162574
131.133 0.00140741
120.648 0.00144769
131.755 0.00146321
131.549 0.00166838
133.291 0.001399
127.705 0.0015385
127.439 0.00148146
127.696 0.00165972
128.479 0.00164816
128.649 0.00124364
131.99 0.00165661
129.367 0.00144603
129.439 1.6985e-05
125.223 0.00141818
132.414 0.00125696
125.204 0.001599
130.181 0.00142661
130.935 0.00150225
128.826 0.00147155
125.559 0.00168061
126.575 0.00165613
131.691 0.00150343
129.304 0.00144144
132.579 0.00148309
129.335 0.00144898
136.642 0.00174966
128.387 0.00152075
128.759 0.001532
127.392 0.00156218
131.347 0.00145309
135.93 0.00122443
131.367 0.00164427
125.9 0.0014548
121.665 0.00148337
126.161 0.00140265
120.935 0.00169639
132.637 0.00151611
129.216 0.00143868
128.975 0.00141889
123.148 0.00153641
129.39 0.00144202
128.05 0.00142074
129.681 0.00150381
126.246 0.00151602
126.633 0.00168097
121.537 0.00164277
129.991 0.00148577
128.097 0.00145835
127.892 4.39279e-05
126.701 0.00147581
128.611 0.0014368
126.62 0.00153635
133.385 0.00153471
132.615 0.00144173
127.622 0.00133667
130.708 0.00156726
128.146 0.00146039
124.516 0.00144594
130.225 0.00143192
130.45 0.00149168
128.073 0.00151273
130.482 0.00166837
126.758 0.00174847
123.374 0.00152046
129.908 0.00144771
127.164 0.000553014
124.216 0.00144447
131.244 0.00154866
119.478 0.00161973
128.779 0.00133906
126.873 1.72654e-05
129.126 0.00161934
128.637 0.00043245
129.417 0.00166025
122.005 0.00138572
132.108 0.00151976
128.801 0.00136558
133.453 0.00153501
128.314 0.00169586
128.345 0.00149757
125.506 0.00152084
128.641 0.00166003
129.802 0.00208694
123.255 0.00139754
136.568 0.00148167
130.809 4.53875e-05
127.956 0.00153655
128.878 0.00150393
125.972 0.00144327
129.666 1.02224e-05
125.799 0.00153778
128.919 0.000431872
124.799 0.000455498
136.988 0.00150657
131.623 0.00145038
128.856 0.000976919
128.701 0.000320528
126.149 0.00151101
128.089 0.00150712
130.753 0.00146769
128.55 0.00155563
132.789 0.00146448
128.299 0.00153099
131.602 0.00147595
128.802 0.00160906
125.552 0.000218912
130.564 0.00145106
131.412 0.00101033
127.106 0.00148662
118.649 0.00160071
