124.988 0.000101302
120.689 0.000100028
125.632 0.000103744
123.599 9.90543e-05
124.218 9.86095e-05
127.459 0.000101807
128.024 0.000101631
125.664 0.000103406
119.254 0.000113274
122.461 0.000101616
127.195 0.000103236
126.703 9.96341e-05
122.545 0.000103089
124.613 7.02189e-05
123.416 8.69975e-05
124.073 0.000100637
125.194 0.000107835
120.797 0.000101131
122.735 0.000103325
125.086 0.000155659
125.552 0.000175446
126.367 0.000154986
126.961 0.000172248
125.233 0.000178544
127.268 0.000158106
120.077 0.000161283
125.117 0.000172535
