124.834 9.87566e-05
125.44 9.95759e-05
123.972 4.82378e-06
126.563 0.000102535
123.226 0.000105176
118.283 0.000116903
121.493 0.00010779
125.236 9.93697e-05
128.545 9.85864e-05
125.075 9.94877e-05
127.875 9.07928e-05
124.556 0.000101752
122.009 9.8774e-05
124.265 0.000101669
120.585 3.88316e-05
125.445 0.000108317
126.461 0.000100112
124.683 9.94725e-05
123.311 0.000103292
123.238 0.000105419
132.219 9.32255e-05
124.344 9.15331e-05
119.174 0.000104758
127.419 0.000101083
125.819 0.000100744
125.125 0.000105137
124.078 0.00010675
125.758 0.000100331
124.797 9.8466e-05
123.397 0.000102393
120.898 0.000108674
124.092 9.89435e-05
126.039 0.000105779
122.362 9.1877e-05
126.996 0.000106646
125.807 4.86543e-06
125.012 9.87974e-05
123.471 9.93322e-05
124.315 0.000100362
124.905 2.15579e-05
124.176 0.000103848
122.513 0.00010105
125.345 9.29935e-05
124.553 0.00010483
130.928 4.43725e-05
125.076 0.000103674
125.279 6.49888e-05
122.927 0.000100792
124.05 0.000107595
123.89 0.00010704
123.65 0.000105347
125.982 0.000101788
116.542 8.60935e-05
116.149 9.9643e-05
124.095 6.67981e-05
123.654 0.000109188
121.342 0.000112215
126.836 9.43452e-05
124.112 9.95822e-05
124.241 0.000114692
122.937 -9.57851e-05
124.878 9.95851e-05
127.651 1.18097e-06
124.012 9.96285e-05
124.586 0.00011262
126.254 0.000100628
122.448 9.9538e-05
123.11 9.8475e-05
122.477 0.000113147
125.988 7.43624e-06
124.52 4.90578e-06
122.157 0.00010108
126.767 9.92237e-05
119.362 1.56032e-05
123.993 0.000111306
121.39 0.000104143
123.124 9.98081e-05
126.334 9.69661e-05
124.926 4.83746e-05
126.357 0.000100512
125.596 0.000106216
121.089 5.82267e-05
125.483 9.98695e-05
118.557 8.47686e-05
125.244 8.70209e-05
123.921 0.000108189
117.527 9.2763e-05
125.41 0.000105055
125.614 0.000100253
124.451 0.000103171
124.714 0.000100513
124.955 0.000112913
125.852 8.10417e-05
126.178 0.000100499
126.357 0.000109474
127.309 9.98383e-05
166.743 0.000101172
121.077 0.00011579
125.122 0.000104301
118.625 9.97535e-05
126.237 7.58302e-05
124.152 5.82811e-05
124.828 9.98367e-05
125.359 9.0093e-05
121.842 0.000103947
116.356 7.75684e-05
125.303 0.000101546
125.179 0.000102374
125.546 0.000103398
122.769 0.000100552
126.436 0.000106159
125.489 9.81786e-05
122.638 8.73732e-05
123.12 9.84758e-05
123.501 9.6443e-05
125.155 0.000103882
121.547 0.000114123
128.017 9.76951e-05
124.957 0.000112125
123.076 9.94041e-05
124.695 9.88589e-05
122.126 0.000101377
125.674 0.000102078
122.863 0.000103108
130.238 0.000101273
122.346 0.000112732
122.667 9.9474e-05
122.081 9.98575e-05
123.631 9.93852e-05
123.425 9.95542e-05
118.121 0.000109121
125.356 0.000105845
124.543 8.54017e-05
127.734 0.000115375
123.036 0.00010815
125.846 0.000112094
123.445 9.89229e-05
123.628 0.000100946
126.347 0.000102805
122.981 9.60203e-05
122.603 9.99563e-05
122.287 9.68959e-05
124.23 0.000108972
124.859 0.000100757
125.447 9.105e-05
122.787 0.000110143
125.948 0.000102548
125.571 1.94004e-06
126.857 9.79609e-05
124.297 0.000103564
126.862 0.000113282
124.803 0.000158141
126.118 0.000168198
119.751 0.000161053
123.987 0.000157921
125.965 0.000134777
123.321 0.000148572
125.001 4.42847e-05
125.441 0.000160352
127.345 0.000176808
117.072 0.000155431
118.185 0.000160585
124.789 0.000154297
162.757 0.000145483
125.271 0.000156277
124.405 0.000157391
124.849 0.000153097
124.635 0.000162337
124.694 0.000157928
124.522 0.000163327
126.084 0.000167877
122.638 0.000161867
125.699 0.000154618
126.477 0.000151385
124.577 0.00015562
123.058 0.000161843
125.273 0.000163888
126.444 0.000143791
120.941 0.00015629
124.122 0.000155911
122.926 0.000158777
123.829 0.000152317
135.945 0.000176605
124.485 0.000151921
123.427 0.000153132
124.278 4.60685e-05
124.461 0.000167027
125.056 0.000167786
117.405 1.0128e-07
124.615 0.000162114
125.951 0.000176074
126.489 0.000176687
121.565 0.000174432
122.959 0.000172076
124.063 0.000159678
124.414 0.000162411
122.475 0.000159015
125.512 0.000174625
122.925 0.000163356
123.439 0.000160517
125.857 0.00015409
126.645 0.000154157
122.424 0.000159443
120.48 0.000120262
125.483 0.000155814
125.1 0.000173026
129.855 0.000155649
122.147 0.000154104
125.574 0.00010468
124.423 -0.000174376
125.596 0.000159309
122.367 0.000153175
124.403 0.000152632
127.025 0.000148696
126.932 0.000148331
123.911 0.000155728
125.319 0.000172616
122.794 0.000159846
124.345 0.000128012
124.532 0.000173766
119.159 0.000156432
124.61 0.000134701
124.531 -0.000154426
125.735 0.000154866
123.825 0.000158193
124.384 0.000163545
126.218 0.000162133
124.814 0.000156404
124.382 4.69051e-06
124.541 0.000158826
123.867 0.000153296
125.752 0.00017667
126.458 7.4108e-05
123.87 0.000176556
125.082 4.68951e-05
129.171 1.09389e-05
115.097 0.000156036
123.419 3.36937e-05
126.394 1.12122e-05
124.29 0.000179116
124.782 4.51222e-05
122.349 0.000160671
126.129 0.000152792
124.189 0.000156031
123.41 0.000159663
115.31 0.000158198
115.659 0.000179292
126.647 0.000154166
124.915 0.000175758
122.323 0.000160122
127.922 0.000154015
123.81 0.000175209
127.016 0.000155787
123.941 0.000175336
115.352 0.00015173
121.621 0.000153247
125.349 0.000155598
126.736 0.000152466
124.142 0.00015641
124.525 0.000160652
124.456 0.00016688
120.226 0.000156489
