131.898 0.00173766
129.609 0.00154657
131.546 0.00153341
129.11 0.00169564
130.647 0.00153023
129.703 0.0011651
127.485 0.00170486
127.295 0.00167326
129.087 0.00156951
129.806 0.00149926
130.836 0.00150769
131.082 0.0014987
129.271 0.00143521
124.198 0.00143496
127.099 0.00150049
127.701 0.00147953
130.894 0.00146177
129.401 0.00152132
129.192 0.00149605
129.843 0.00172096
129.485 0.00155028
124.988 0.00155897
130.102 0.00168882
132.598 0.00160567
133.031 0.00175188
126.304 0.00150286
131.7 0.0016149
130.102 0.00153375
129.838 0.00162234
128.318 0.00147564
131.348 0.00145099
121.882 0.00155281
131.401 0.0015016
130.856 0.0015701
126.759 0.00157115
132.759 2.86963e-05
134.215 0.00175039
127.462 0.00169181
125.892 0.0015062
131.638 0.000232618
132.824 0.00164821
129.247 0.00156592
128.903 5.51166e-06
127.929 0.00156218
128.044 0.000413879
129.241 0.00169135
132.343 0.00155311
129.166 0.00158055
130.163 0.00148123
130.16 0.00146631
126.322 0.00154031
130.37 0.00148858
129.43 0.00149105
129.378 0.00168223
130.766 0.00155841
129.58 0.00154127
128.461 0.00152362
129.737 0.00155368
130.896 0.00168841
128.281 0.00158731
128.994 0.00151179
131.014 0.00148875
129.916 1.05446e-05
132.105 0.00170923
129.05 0.00160751
128.177 0.00172287
126.012 0.00156733
129.81 0.00148555
128.686 0.00150591
128.778 0.00158776
130.913 0.00149867
129.316 0.00154704
129.123 0.00154049
125.861 0.00168042
129.585 0.0016803
126.628 0.00150869
130.093 0.00160896
128.666 0.00128966
132.787 0.00163254
131.862 0.00168421
129.237 0.0017463
127.396 0.00150626
132.301 0.00112911
130.935 0.00152275
118.868 0.00151158
133.393 0.00146377
130.022 0.00147799
130.391 0.00159098
128.591 0.00163435
129.512 0.00162359
134.948 0.00154497
129.83 0.00151181
130.012 0.00169152
131.019 0.00149356
130.355 0.00159484
132.907 0.00154838
129.124 0.000956686
126.605 0.00169917
129.679 0.00153244
127.623 0.00146781
130.447 0.00149237
131.228 0.00149696
129.641 0.00149274
129.149 0.00137344
132.094 0.000470831
130.423 0.00167773
128.308 0.00154461
128.053 0.00162808
130.2 0.00177161
128.018 0.00147365
126.365 0.00151512
119.834 0.00147508
130.394 0.0017182
128.321 0.00153904
130.275 0.00146663
133.542 0.00159704
127.413 0.00145929
124.458 0.00159661
131.386 0.00154259
129.627 0.00149659
130.267 0.000726703
128.942 0.00171244
131.466 0.00150499
128.529 0.00157028
118.428 0.00173671
131.456 0.00149055
131.098 0.00148241
128.571 0.00148164
131.313 0.00169196
130.416 0.00161426
129.141 0.000722367
132.525 0.000443998
130.807 0.00161811
132.948 0.00159769
123.394 0.00151995
120.902 0.00137035
131.76 0.00155498
129.271 0.00151384
131.697 0.0015516
129.191 0.00155309
131.735 0.00156888
130.221 0.00168422
128.991 0.00149031
129.012 0.00163892
127.911 0.00148209
129.898 0.00153827
131.689 0.00148719
125.744 0.00142073
127.8 0.00115794
131.114 0.00163981
131.298 0.00162179
130.423 0.0014489
134.777 0.00155422
128.872 0.0017279
126.859 0.0014448
130.551 0.0016942
132.835 0.0015231
129.81 0.00143367
130.467 0.00143298
131.308 0.00151649
129.632 0.00171775
129.925 0.00150373
124.756 0.0010658
130.415 0.0015734
129.194 0.00162331
128.728 0.00142024
130.727 0.00152714
123.938 0.000116303
130.359 0.00158113
128.593 0.00161298
128.819 0.00147835
130.268 0.00163012
130.926 0.00161821
129.731 0.00152147
131.04 0.00032032
129.452 0.00156309
129.103 0.00149791
129.657 0.00157992
131.577 0.00173832
130.283 0.00150075
129.822 0.00155971
128.158 0.00155449
129.502 0.00154573
131.874 0.00170146
130.128 0.00154488
131.288 0.00149917
131 0.0016225
130.933 0.000219817
121.016 0.00148898
129.454 0.00167921
130.93 0.00150448
131.425 0.00181829
128.156 0.0014008
130.077 2.85107e-05
129.558 0.00177379
130.093 0.00159383
130.766 0.00137327
129.07 0.000168901
130.714 0.00154531
129.388 3.78884e-06
131.258 0.0018379
128.433 0.00148265
130.244 0.001482
123.812 0.0016576
131.068 0.00102038
127.625 0.000584534
130.213 0.0014979
130.134 0.00150275
128.413 0.00152973
130.049 0.00156267
125.164 0.0015706
128.667 0.00153554
133.924 0.00172425
132.672 0.0015862
128.737 0.00150432
130.329 0.00148336
122.914 0.00160494
127.53 0.00149195
132.994 0.00131488
126.917 0.00153878
127.751 0.00147277
135.057 0.00168568
130.822 0.00147496
128.467 0.00163134
130.429 0.00151908
129.376 0.00155084
128.594 0.00167627
129.054 0.00128951
122.07 0.00147683
123.566 0.0014969
127.729 0.00148854
130.984 0.00148773
127.922 0.00156616
131.517 0.00144396
129.345 0.000110353
129.528 0.00152909
118.183 0.00148141
131.611 0.00148336
131.642 0.00174369
130.362 0.00151744
131.183 0.00149096
129.859 0.00137278
128.236 0.00156294
129.748 0.00150636
130.121 0.000577548
130.077 0.00157995
130.955 0.00151267
128.857 0.00156403
126.6 0.00151982
129.627 0.00152059
123.029 0.00164218
128.95 0.00146671
130.123 0.000572365
130.818 0.0015381
120.601 0.00149757
132.504 0.00156639
130.55 0.00153807
121.028 0.00162306
130.405 0.0015171
128.481 0.00147785
128.471 0.000233646
131.619 0.0015251
131.025 0.00176868
129.893 0.00157879
130.77 0.00171751
131.175 0.000163907
129.439 0.00150031
140.617 0.00147288
130.191 0.00151013
132.877 0.0003207
129.937 0.00153052
123.846 0.00157264
130.8 0.00162368
130.463 0.000856111
129.159 0.0012968
130.566 0.0014926
130.649 0.0015368
129.157 0.00143701
130.234 0.00155281
127.917 0.00156601
127.589 0.00152241
127.174 0.00157601
123.608 0.00171456
128.124 0.0016857
130.467 0.000104772
128.407 0.00149158
127.82 0.00146933
130.504 0.00150723
126.194 0.00157106
126.646 0.00169766
133.351 0.00145941
129.328 0.000710534
131.917 0.00175458
123.03 0.00151645
126.299 0.000592466
129.01 0.00155368
128.537 0.00141857
127.853 0.00148829
125.444 0.00150805
131.002 0.00158373
124.714 0.00149607
130.021 0.00149656
133.237 0.00151389
130.417 0.0016812
128.123 0.00154026
127.752 0.00148943
129.986 0.00150422
129.513 2.85917e-05
128.121 0.00150848
130.612 0.00158995
129.753 0.00144383
127.335 0.00151748
129.849 0.00172567
130.27 0.00149166
125.692 0.000726796
131.156 0.00148777
127.535 0.00139203
127.682 0.00161728
128.121 0.00144844
127.257 0.00150255
131.889 0.00141319
131.275 0.00157869
129.051 0.00157189
129.254 0.00157104
131.143 0.00171734
120.749 0.000440876
128.799 0.0015322
128.7 0.00172872
131.284 0.000718294
129.744 0.00139749
130.146 0.00150803
129.206 0.00170099
128.557 0.00154119
129.739 0.0015813
129.492 0.0015726
130.06 0.00168907
122.646 0.00155077
126.837 0.00153343
122.721 0.00148674
130.867 0.00155474
131.065 0.00147689
125.624 4.6155e-05
131.593 0.00156413
131.95 0.000437978
129.221 0.0016141
126.634 0.00153759
126.541 0.0015483
132.12 0.00150722
133.693 0.00151207
129.817 0.000149155
130.497 0.00174111
131.329 0.00104974
131.052 0.00150303
130.939 0.00142551
127.273 4.48551e-05
120.613 0.00157877
130.134 0.00144522
128.323 0.00154723
130.556 7.30809e-05
130.083 0.0017214
115.822 0.00156755
130.804 0.00148745
131.226 0.00156014
129.776 0.0012649
131.098 0.000858301
131.3 0.00178386
131.261 0.00150325
128.79 0.000710653
125.481 0.00155174
128.516 0.00150125
128.906 0.00152242
132.515 0.0017193
131.351 0.00157345
128.508 0.00156818
132.237 0.00148465
128.609 0.00157548
130.683 0.00129059
130.254 0.00159153
131.279 4.50441e-05
126.245 0.000579556
128.406 0.0015615
131.067 0.00158668
131.803 0.00103028
130.052 0.00171797
120.063 0.00156038
127.986 0.00156169
132.119 0.00156874
129.775 0.00171411
131.01 0.00156038
130.084 0.00155803
127.709 0.00171126
130.478 0.00139144
129.054 0.00102744
127.406 0.0013613
127.022 0.00163809
130.641 0.00160218
131.948 0.00148476
130.872 0.00159185
127.801 0.00147085
128.793 0.00154465
131.948 0.00143318
128.241 0.00148288
129.464 0.00154962
126.13 0.00154496
127.361 0.00157903
128.652 0.00140445
129.089 0.00162184
129.536 1.72248e-05
126.645 0.00150412
129.494 0.00171285
131.098 0.00125359
128.933 0.00157109
129.211 0.00170474
129.914 0.00147451
128.329 0.00160467
126.597 0.00150135
130.404 0.00149726
130.777 0.00159595
129.825 0.00170568
129.218 0.0014965
123.195 0.00146156
130.009 0.00150321
128.726 0.00148216
130.226 0.00106523
129.04 0.00149017
130.892 0.00154562
132.072 0.00155392
130.97 0.00156271
120.587 6.3127e-06
129 0.00147453
128.117 0.000164757
130.704 0.000109492
130.851 0.00147793
131.067 0.00144475
130.797 0.00149378
131.91 0.00168572
129.647 0.00147668
130.911 1.72195e-05
129.952 0.00146981
129.705 0.00138842
131.119 0.00163258
129.551 0.000110153
130.077 0.000106754
125.11 0.00083625
122.323 0.00149891
131.24 0.00150596
130.764 0.00167629
130.068 0.00141438
127.18 7.34083e-05
129.404 0.0016757
128.751 0.000326531
129.693 0.00151264
130.644 0.00142173
128.562 0.00153173
128 0.00166364
131.037 0.00150854
129.058 0.00098228
122.557 0.0014866
131.562 0.00149177
131.42 0.00143374
129.637 0.00086552
127.156 0.00158818
121.008 0.00151716
129.648 0.00152816
143.465 0.00130592
131.675 0.00152007
128.857 0.00167308
128.568 0.00149006
131.121 0.00159792
130.103 0.00149518
131.023 0.00148926
132.318 0.00152915
129.509 0.00147359
128.053 0.0015186
133.262 0.00158049
127 0.00142776
127.038 0.00157012
130.709 0.0015087
135.107 0.00148511
130.846 0.00146753
132.767 0.000880207
131.33 0.00154678
129.482 0.00174661
131.564 0.00155345
127.949 0.000326791
129.939 0.00170185
133.058 0.00148562
131.188 0.00166551
129.625 0.00042856
125.232 0.00155072
133.155 0.00150945
127.903 0.00168134
124.605 0.00148002
129.692 0.00146704
131.493 0.00156823
130.767 0.00153995
129.878 0.00137466
129.298 0.0015127
130.267 0.00167867
127.976 0.00152558
131.255 0.00156211
131.378 0.00159596
128.673 0.00164939
129.695 0.00154682
129.249 0.0017207
129.97 0.00149722
129.584 0.0012908
131.085 0.00154802
130.266 0.00149829
128.296 0.0017164
129.555 0.00155275
131.966 0.0014968
128.216 0.00144371
133.37 0.00139655
131.423 0.00166318
128.583 0.00153837
130.752 0.00162555
130.967 0.0015309
129.363 0.000235659
131.44 0.00151855
128.059 0.00167369
129.201 0.00150919
131.113 0.00151957
128.817 0.000878561
127.472 0.00157371
129.664 0.0014742
126.13 0.000450771
131.366 0.00155352
129.937 0.00148624
131.779 0.000402365
127.809 0.00148725
130.409 0.00177147
131.334 0.00150396
129.427 0.001542
129.417 0.00160464
127.904 0.0016713
129.273 0.00168647
127.094 7.29959e-05
131.326 0.00156441
131.997 0.00156476
128.623 0.00174479
131.944 0.00159439
130.201 0.00150949
125.677 0.00159327
126.178 0.00153852
133.347 0.00148515
130.589 0.00168701
130.828 0.00142512
129.675 0.00155183
125.771 0.00168954
129.619 0.00151172
126.999 0.00151082
129.532 0.00154879
126.595 0.00117227
129.317 0.00155347
129.865 0.00144679
127.257 0.00151673
134.141 0.00153798
129.252 0.0016905
132.549 0.00159525
129.911 0.00148903
131.733 0.00150781
129.291 0.00151611
128.544 0.00150854
131.218 0.00127235
132.493 0.00171244
125.012 0.00160697
130.441 0.00152474
128.975 0.00153519
130.438 0.00149647
129.578 0.0015558
128.877 0.00151793
129.779 1.04723e-05
127.902 0.00170026
131.072 0.00174952
129.919 0.00172197
131.797 0.00176108
128.218 0.00148895
117.171 0.00150946
129.257 0.00157578
132.03 0.00150275
129.501 0.00156153
132.758 0.00159586
129.403 0.00172097
130.797 0.00155183
129.175 0.00156556
130.352 0.00157961
129.195 0.00142081
122.507 0.00147644
128.06 0.00163787
127.447 0.00154573
127.042 0.00163165
129.941 0.0015824
129.501 0.00161562
126.788 0.00170359
122.663 3.92657e-06
127.079 0.00173354
127.181 0.00090025
127.074 0.00163411
129.323 0.000866757
127.794 0.00168047
128.429 0.00167361
128.163 0.00154972
128.739 0.00149198
128.698 0.00171443
129.15 0.0014847
