120.861 0.000298208
119.932 0.000101913
119.166 0.000259271
118.657 0.000269671
119.609 0.00025989
120.15 0.000122834
117.935 0.000264272
120.969 5.57144e-05
121.895 0.000267336
120.603 0.000282845
120.815 0.000264816
117.452 2.7731e-05
121.71 0.000301859
118.742 0.000175826
118.787 0.00028518
118.978 0.000237829
121.223 0.000266558
122.962 0.00024159
118.63 0.00025854
120.57 0.000250635
122.335 0.000217909
120.32 0.00025273
119.412 0.000284293
117.258 0.000264954
118.163 0.000264967
121.756 2.91753e-05
120.38 0.000293842
120.143 0.000202702
117.113 0.000294481
121.469 0.000247924
117.976 0.000244242
120.367 0.000263386
118.953 7.36476e-06
120.31 0.000257304
119.571 1.08377e-06
120.485 0.000266371
121.178 0.000294064
119.933 0.000220622
119.125 0.000259218
120.04 0.00026362
121.67 0.000227878
120.214 0.000253218
120.71 0.000273929
119.542 0.000236603
119.24 0.000262529
120.377 0.000284027
118.293 0.000285555
117.796 4.04864e-05
119.597 0.000291883
119.196 0.000266701
119.492 0.000248135
121.497 0.000291104
119.064 0.000279816
117.892 0.000257353
121.365 0.000266281
119.771 0.000261153
117.724 0.000286288
118.985 0.000284246
116.695 0.000293654
119.569 0.0002571
119.636 0.000303107
120.156 0.000264728
117.867 0.000267813
119.647 0.000106843
115.19 0.000254557
119.814 0.000220943
121.811 0.000255297
122.344 0.000263669
122.274 0.000264403
121.886 0.000207134
119.863 0.000255469
120.891 0.000289809
119.507 0.000260883
120.305 0.000278614
120.541 0.000242705
118.533 0.000262959
119.8 0.000270034
118.544 0.000267069
120.228 0.000228089
120.034 0.000220818
117.019 0.000254989
122.332 0.000259987
119.122 0.000266898
142.028 0.000243008
119.938 0.000253074
118.879 0.000233991
121.802 -0.000365955
120.122 0.000386361
121.744 0.000435103
119.942 0.000388323
117.594 0.000382167
118.347 -0.000381036
120.809 0.000378799
117.929 0.000259005
124.294 0.000373417
120.706 0.000420938
120.827 0.000403682
119.591 0.00039399
119.298 -0.00038204
124.084 0.000431956
117.227 0.000379392
119.209 0.000375109
117.805 0.000430345
118.574 0.000373526
119.738 0.000376561
120.829 0.000350956
119.193 0.000353312
117.286 -0.000400614
118.709 0.000386942
118.419 0.000406017
118.552 0.000379919
131.09 0.000362633
118.597 0.000370392
121.022 0.000361947
118.245 0.000334438
129.826 0.000420682
120.482 0.000373895
119.481 0.000378924
119.981 0.000380295
119.081 0.000442871
120.596 0.000240483
122.543 0.000390647
121.208 0.00043342
115.37 0.000371545
117.832 0.000409641
115.112 0.000366499
117.244 0.000383356
117.796 0.000384925
121.051 0.000417957
118.231 0.000411238
116.859 0.000408788
121.048 0.000431339
122.446 0.000368191
121.883 0.000373086
116.614 0.000383205
118.445 0.000375576
120.807 0.000392302
119.884 5.79289e-05
123.317 0.000347599
119.287 0.000348683
119.627 0.00040397
120 0.000409016
116.799 0.000390047
117.829 0.000384047
120.099 0.000399353
120.671 0.000393238
119.752 0.000401665
119.306 0.000386278
118.274 0.000395536
118.962 0.000401767
118.566 0.000372394
118.984 0.000395518
120.63 0.00040302
117.562 0.000400242
117.327 0.000351454
121.625 0.000379835
117.65 0.000180632
119.711 0.000183109
116.367 0.000425573
119.262 0.000386419
118.523 0.000380078
118.89 0.000421961
119.902 0.000409549
124.057 0.000376704
119.011 0.000397452
121.228 0.00035842
119.047 0.000392533
119.739 0.000382665
120.785 0.000394089
121.211 0.000360403
118.535 0.000400511
116.67 0.000383703
119.194 0.000421986
119.97 8.2316e-05
119.044 0.000355645
120.311 0.00044312
119.986 0.000388895
120.316 0.000354949
118.917 0.000362267
120.907 0.00039907
117.303 -0.000250094
120.282 0.000406688
118.73 0.000397245
117.432 0.000401666
118.635 0.000382964
118.17 0.000398406
121.938 0.000353468
119.283 0.000373654
117.849 0.000143961
119.718 0.000427858
120.155 0.000390486
