121.707 0.000680917
120.752 0.000992897
121.223 0.00110393
123.669 0.000205967
119.178 0.000950923
121.291 0.00100729
122.46 0.000939235
125.149 0.000941345
125.149 0.000941116
119.251 0.000967322
118.217 0.00110216
121.862 0.00101823
118.295 0.00103849
118.759 0.00104694
120.226 0.00094304
118.229 1.13092e-05
125.185 0.000980011
115.619 0.00109246
120.477 0.000665504
122.049 0.000986299
123.458 0.000945599
119.254 0.000983767
115.738 0.000936721
118.255 0.000889587
123.185 0.00101556
123.37 0.000948859
121.152 0.000907219
115.203 0.000537456
124.11 0.000953726
119.775 0.000965943
119.733 0.000963003
122.694 0.000994231
116.884 0.00103682
119.476 0.00107536
121.173 0.000148231
116.746 0.000966193
121.562 0.000943924
116.146 0.000991211
120.279 0.000952213
117.129 0.000938766
117.016 0.000933878
120.809 0.000869483
119.486 0.000863744
121.115 0.000985297
118.157 0.000821817
117.855 0.000973223
118.736 0.00107021
119.619 0.000996324
124.233 0.000968266
117.435 0.000945245
115.567 0.000895635
118.741 0.00109513
121.871 0.000891482
121.107 0.000892435
118.39 0.000891654
119.402 0.000987284
120.244 0.00103418
115.547 0.00102034
120.623 0.000963835
120.222 0.000982408
118.691 0.000928277
119.093 0.000933608
116.668 0.000996257
119.635 0.00107966
120.034 0.00109996
119.563 0.000991561
119.134 0.000911538
121.268 4.71738e-05
122.679 0.000348487
117.046 0.000987621
117.588 0.00109974
119.662 0.000455983
119.928 0.00110926
116.235 0.00100872
119.554 0.00109397
118.85 0.000994229
123.143 0.000464873
118.447 0.000954774
119.138 0.000969606
116.756 0.00103775
119.216 0.00101987
116.269 0.000951862
120.548 0.000935157
119.298 0.000998475
118.98 0.000261639
118.609 0.000958319
120.662 0.000972305
120.493 0.00106382
120.785 0.00109093
117.94 0.000935769
116.01 0.00104063
118.314 0.000949057
121.519 0.000955901
117.579 0.000970914
122.061 0.000969431
118.933 0.000947806
120.353 0.00107106
121.925 0.000967338
115.065 0.00105855
120.205 0.000946712
120.306 0.000986002
118.927 0.00107039
118.454 0.000963399
121.089 0.0002832
119.504 0.00107084
120.127 0.000960605
121.197 0.000966432
125.814 0.00103327
125.593 0.00109203
118.616 0.00109069
120.46 0.000959197
117.148 0.000948714
122.104 0.00101213
117.619 0.000984144
126.562 0.00108628
122.823 0.00095889
121.722 0.000968536
118.47 0.00109812
118.658 0.00103961
115.849 0.000658092
119.878 0.000938441
116.272 0.0010969
119.982 0.000947465
118.273 0.00094808
118.784 0.00110368
118.603 0.000961343
119.028 0.000928128
119.543 0.0010431
124.071 0.000903221
115.745 0.00095016
115.778 0.00100454
122.313 0.00108851
119.014 0.00101618
118.924 0.00098405
118.637 0.000965808
120.668 0.001057
118.415 0.000985621
120.583 0.000972532
120.081 0.00108653
116.697 0.000883886
116.417 0.000671557
120.362 0.000942856
119.277 0.000952871
120.553 0.00102235
120.057 0.000894092
121.15 0.00106717
119.769 0.000836744
119.987 0.00107734
115.456 0.00106858
116.476 0.00102862
121.771 0.00098602
120.476 0.00096636
121.356 0.000150178
116.021 0.000953195
118.856 0.000944919
119.482 0.00106906
115.726 0.000974592
119.31 0.000949047
125.493 0.000577002
122.425 0.00125402
118.383 0.000655733
115.903 0.000999465
116.868 0.000980014
118.302 0.000966017
119.348 0.00107569
121.448 1.82931e-05
119.601 4.64282e-05
121.646 0.000978528
121.172 0.000954467
122.732 0.000552589
115.756 0.000995001
122.831 0.000899314
119.795 0.000949665
119.766 0.00107449
118.867 0.00109061
120.445 0.000991259
122.545 0.000970972
117.099 0.000957841
119.15 0.000967355
122.05 0.00100772
116.267 0.00108832
120.237 2.9883e-05
119.348 0.000957728
121.919 0.00098689
119.93 0.000940364
119.944 0.00099676
116.897 0.000151425
120.45 0.000991095
119.721 0.00093863
117.191 0.000544372
115.014 0.000980226
116.674 0.00101521
118.493 0.000988682
117.133 0.000997863
117.65 0.00113126
120.729 0.000983265
117.71 0.0011129
118.784 0.00100452
118.127 0.000987238
119.66 0.00100202
124.413 0.000951643
119.419 0.00100248
120.104 2.90829e-05
120.493 0.000832828
121.033 0.000991124
120.331 0.00103975
118.46 0.00104924
116.685 0.000932052
120.247 0.00101665
119.161 0.00108459
119.029 0.000452315
117.586 0.0010288
118.55 0.000948537
117.589 0.00109341
120.591 0.00102172
117.878 0.000966237
117.962 0.000935656
119.077 6.63836e-06
119.265 0.000959457
119.877 0.000102283
119.147 0.00108516
116.652 0.00103071
120.252 0.000971546
118.173 0.000975018
120.303 0.000970731
120.099 0.00105919
118.888 0.000962566
118.189 0.000831231
116.522 0.000946223
122.529 0.00108934
117.714 0.00109224
122.648 0.000896451
118.616 0.00110741
118.386 0.000929064
121.566 0.00100897
119.969 0.000101943
122.486 0.000954459
120.814 0.000745588
118.488 0.00100771
119.739 0.000968395
122.942 0.000922212
121.262 0.000951063
120.631 6.87343e-06
119.778 0.000988704
122.304 0.000952166
120.445 0.00110066
120.793 0.000934494
116.603 0.00088943
119.391 0.0008402
118.592 0.000974304
118.15 0.000953021
118.694 0.000978974
119.81 0.000967357
121.527 0.00105968
118.299 0.00105379
120.637 0.000757371
120.946 0.000963216
118.654 0.000950135
119.798 0.000954007
119.662 0.000985284
119.244 0.000993017
118.992 0.000642054
119.935 0.00099242
118.012 0.000965993
116.831 0.000910481
116.537 0.000805849
120.275 0.000957727
118.839 0.000946556
117.923 0.00103465
119.812 0.000940196
118.076 0.000285017
123.116 0.00102176
119.448 0.00103692
115.814 0.00100194
119.16 0.000281236
116.866 0.000148081
119.623 0.000946057
121.187 0.000960516
126.625 0.000959821
118.463 0.000950068
116.501 0.000975715
121.433 0.000960866
118.392 0.00110228
120.112 0.00102159
119.902 0.00102395
121.892 0.000903821
123.87 0.000455725
119.62 0.000954116
120.451 0.000802861
116.732 0.00101277
119.81 0.000981285
118.406 0.000976835
119.216 0.000970284
119.042 0.000958089
115.082 0.000993532
115.236 0.00092447
118.06 0.00107981
121.987 0.000666828
116.586 0.000987462
122.153 0.000953725
122.373 0.00107419
118.543 0.000887449
116.595 0.000963314
119.28 0.00106646
119.645 0.00101793
120.571 0.00106753
117.701 0.00104883
123.809 0.00107199
118.558 0.000868069
119.223 0.00107921
118.229 0.000979545
122.176 0.00101094
122.97 0.000998389
120.158 0.000975609
119.014 0.00105555
119.316 0.00103896
116.203 0.000833204
117.838 0.00103775
118.257 0.00112853
119.34 0.000898527
119.739 0.00095916
121.58 0.000970648
120.804 0.000949951
116.92 0.00105327
120.586 0.000973902
121.007 0.000367139
115.549 0.000927185
122.779 0.000103391
118.986 0.000967764
115.8 0.00110236
118.466 0.00101709
118.324 0.00107083
121.971 0.00107679
119.963 0.000959466
118.197 0.000983856
116.109 0.00100622
116.972 0.000975233
117.401 0.000998963
121.329 0.00101895
116.699 0.000953411
120.721 0.000965724
120.426 0.00109539
122.327 0.0009576
117.506 0.000999078
120.994 0.000939228
121.293 0.00109383
121.697 0.000952565
118.335 0.000985828
121.435 0.000969644
118.737 0.000967181
117.115 0.000955533
118.658 0.000914831
119.973 0.00059824
121.908 0.00095786
118.995 0.000959883
118.925 0.00111461
120.26 0.000955324
120.509 0.000989312
121.468 0.00109472
123.133 0.000959318
115.969 0.00103278
117.266 0.00107805
118.092 0.00106949
116.09 0.000975471
120.205 0.00097766
122.799 0.000655172
116.044 0.00104701
121.21 6.82523e-06
115.204 0.000977817
120.91 0.000967255
121.39 0.000281522
117.383 0.00105207
117.47 0.000877888
120.162 0.00100549
119.803 0.00103083
120.807 0.000960452
118.97 0.000990154
122.699 0.000924287
117.135 6.95327e-05
120.308 2.88154e-05
122.202 0.000962829
121.823 0.000943687
122.352 0.000445029
116.202 0.000952041
119.299 7.09649e-05
119.988 0.000293877
119.138 0.000965562
119.65 0.000958269
118.553 0.000930885
119.871 0.00107013
117.396 0.00102351
122.231 0.00101178
117.944 0.000953888
119.9 0.000992576
121.434 0.000939365
119.086 0.000982868
117.466 0.00074516
118.673 0.000926237
122.126 0.000994562
118.982 0.00099864
116.838 0.000973376
120.346 0.000737917
119.103 0.000956541
116.178 0.00104274
118.251 0.000960714
124.684 0.000656345
120.955 0.00088396
119.256 0.00100189
121.049 0.0010405
118.401 0.000967028
120.505 0.000963296
121.776 0.00103565
120.265 0.000914504
123.65 0.000943205
119.581 0.000969824
119.917 0.00107787
124.803 0.000100086
123.4 0.000985745
120.796 0.000958223
116.779 0.000915815
120.326 0.000941821
119.12 0.000996767
120.057 0.000950403
118.38 6.17804e-07
119.852 0.000970774
115.626 0.00108129
118.62 0.000929534
117.221 0.00101037
118.191 0.000994227
120.691 0.00109754
118.438 0.000944148
120.933 1.92033e-05
117.326 0.000974672
117.612 0.000934197
119.712 0.00097381
120.646 0.001092
123.269 0.000957194
122.097 0.000958485
116.58 0.000749031
119.002 0.00100649
121.164 0.000999306
118.653 0.000998613
117.673 0.00107094
117.743 0.000950572
120.239 0.000970473
118.446 0.00100311
118.292 0.000980625
123.355 0.00104486
119.216 0.000910274
118.91 0.000950034
118.415 0.000976805
117.583 0.000990148
119.761 0.00108476
119.71 0.00105172
118.657 0.00112521
118.882 0.000905557
117.206 0.00105361
121.202 0.00107698
120.682 0.000931054
121.305 0.00096491
118.922 0.00097007
167.366 0.00093637
117.93 0.000974681
119.28 0.00110604
118.779 0.00103763
118.152 0.000987442
116.237 0.00076907
122.243 0.000952615
118.649 0.00103735
119.057 0.0010226
117.735 0.00103854
119.65 0.00100865
115.499 0.000986481
117.672 0.000957225
124.098 0.00101706
117.901 0.00103892
124.613 0.000880403
123.907 0.000937107
121.58 0.000208281
121.437 0.00098024
119.269 0.000978146
120.563 0.00102234
121.565 0.000961869
120.411 0.000953852
126.2 0.00113124
119.203 0.000921273
118.03 0.00114002
118.554 0.000756091
120.705 0.000939398
120.002 0.00101537
119.818 0.000939859
116.482 0.00098922
121.023 0.00102961
122.117 0.00103449
122.054 0.00110386
119.389 0.000978751
119.721 0.000950354
121.925 0.000961473
122.972 0.00110581
123.026 0.00107884
119.692 0.000987271
120.669 0.000965267
117.83 0.000992649
121.423 2.90951e-05
120.392 0.000977091
120.528 0.000965901
122.546 0.00107607
120.142 0.000955729
121.824 0.00110213
116.202 0.000931043
120.43 0.000975896
117.606 0.000951216
115.409 0.000967645
119.325 0.000980144
120.296 0.000884528
115.196 0.00103877
119.333 0.000102801
117.657 0.0010043
119.541 0.00092984
122.765 0.00107206
122.482 0.000960498
116.09 0.000940677
119.057 0.000967102
120.125 0.000953315
119.609 0.000961861
118.165 0.00111076
119.064 0.00101954
118.535 0.000203492
122.984 0.000640199
118.18 0.000102331
120.038 0.000952456
117.232 1.71072e-05
120.733 0.000992661
121.559 0.000971381
118.953 0.000894365
119.562 0.00112174
116.127 0.00102781
115.786 0.0011115
121.131 0.000909097
119.03 0.000951123
119.796 0.0009933
119.982 0.000682174
120.867 0.000954572
116.127 0.00103014
115.634 0.000968925
118.476 0.000948007
116.573 0.000974149
118.377 0.000994637
120.764 0.00094731
119.063 0.000984231
120.66 0.000951778
120.446 0.00100104
119.351 0.00109898
120.731 0.00101266
116.188 0.000965946
119.443 0.00104703
119.661 0.000980523
121.693 0.00100279
118.243 0.000745016
121.183 0.000969939
117.878 0.000954114
117.422 0.000962273
121.269 0.00109457
118.313 0.00110281
119.942 0.00097588
119.145 0.000961336
121.07 0.000945311
118.957 0.000979028
121.735 0.00106181
121.175 0.000280866
118.204 0.000941802
122.978 0.000973373
121.318 0.000962776
119.678 0.00100574
120.748 0.000944314
124.096 0.000967183
121.899 0.00109677
120.338 0.000927776
121.189 0.000920527
119.576 0.00108583
117.154 0.000951171
119.555 0.000912946
121.107 0.000951259
120.237 0.00100529
119.252 0.000887853
123.008 0.000366758
120.292 0.00113687
119.872 0.00110619
116.994 0.000855942
117.4 0.00102136
118.401 0.00111403
120.738 0.00104507
123.974 0.000622022
117.476 0.000995412
120.681 0.000968191
117.883 0.000149746
121.756 0.000929318
121.308 0.000687046
118.135 0.000926622
121.874 0.000889346
119.366 0.000953392
120.171 0.00101554
127.506 0.000379418
121.819 0.000964829
121.464 0.000951466
120.152 0.00108876
120.278 0.000987578
121.102 0.00100179
119.5 0.00111675
118.552 0.000966516
118.37 0.000928935
121.599 0.00101372
124.662 0.000909901
120.137 0.000982549
118.66 0.00097713
118.702 0.00097265
120.927 0.0010416
121.007 0.00100174
115.953 0.000928923
116.743 0.00104663
121.85 0.000888012
115.626 0.000283876
120.627 0.00107214
120.777 0.00108566
120.104 0.00103238
120.128 0.000798031
118.903 0.00113206
120.445 0.000645739
115.151 0.00103115
120.354 0.000961634
124.814 0.000965501
123.004 0.000282826
120.567 0.000998095
119.456 0.0010633
116.234 0.000988391
120.865 4.69954e-05
122.628 4.59038e-05
117.754 0.000990418
117.005 0.000964285
117.245 0.000905067
122.61 0.0010188
120.302 1.89387e-05
123.418 0.00103207
119.631 0.000961896
120.138 0.000999021
121.148 0.000918911
118.953 0.000881673
118.617 0.000955134
117.087 0.000964306
119.01 0.00104303
123.061 0.00100101
120.816 0.00097766
120.736 0.000954029
119.213 0.000981014
119.597 0.00112158
115.198 0.000880799
120.407 0.000622436
117.45 0.000637221
115.158 0.000942816
118.263 0.00104883
119.423 0.000954443
119.59 0.000954484
121.452 0.000551012
118.36 0.00093649
118.912 0.000924724
116.242 0.000988182
122.019 0.00102146
120.877 0.00090744
119.337 0.000963183
115.628 0.000456673
116.695 0.00100869
117.449 0.000923805
119.382 0.000104874
116.698 0.00107548
117.73 0.000992969
118.144 0.000983085
122.349 0.000888522
117.833 0.00109973
116.791 0.000987591
122.228 0.00106592
120.775 0.00101639
115.555 0.00105693
119.907 0.0013497
124.738 4.02198e-06
118.261 0.00100254
119.562 0.000986118
120.248 0.00104111
120.322 0.00105086
119.714 0.000962475
118.11 0.00105654
120.394 0.00109472
122.034 0.00126242
119.425 0.000816892
117.557 0.000975317
119.395 0.000951257
119.948 0.00110669
122.708 0.000455515
119.759 0.000967206
115.156 0.00105697
118.095 0.000957386
122.275 0.00108266
120.312 0.000980583
116.935 0.000649065
115.697 0.000968864
120.738 0.000976805
119 0.000963172
120.456 0.00100205
119.132 0.000793408
121.453 0.000985389
120.009 0.00107359
118.199 0.000835217
116.442 0.000979044
118.069 0.000954601
117.585 0.00112063
119.598 0.00101338
123.486 0.000950624
121.046 0.000968544
118.643 0.000984394
115.016 0.00105491
123.948 0.00100233
119.062 0.000847709
119.578 0.000967639
121.813 0.000936479
119.781 0.00109946
122.582 0.00109833
119.708 0.000949567
116.092 0.000953888
118.944 0.000994493
120.115 0.000958787
117.726 0.000920732
117.62 0.00108743
119.496 0.000949702
115.516 0.0010249
117.84 0.001012
117.966 0.000842594
116.057 0.000944666
120.89 6.9865e-05
116.436 0.00094094
116.343 0.000943448
119.546 0.00107538
118.902 0.00109667
120.379 0.000967505
119.423 0.000952792
119.15 0.000944751
116.532 0.000982435
118.091 0.000973359
119.79 0.00103951
122.041 0.00100294
119.952 0.000821021
118.366 0.000953222
121.928 0.000943348
118.154 0.000956745
117.883 0.000940933
120.174 0.000916756
119.473 0.000962955
117.847 0.00105898
119.326 0.000455497
118.901 0.00106359
117.147 0.00102795
123.893 0.00114441
120.894 0.000876937
120.088 0.00094967
122.57 0.00108782
118.392 0.000937044
121.539 0.00102094
120.932 0.000205199
121.57 0.00109864
121.416 0.000933537
121.737 0.000944052
120.231 0.00099442
117.037 0.000935046
121.857 0.000423779
121.396 0.000967063
120.89 0.00103393
122.07 0.000970805
119.983 0.000938519
120.721 0.0010005
118.641 0.00109796
117.828 0.00104703
116.055 0.0011335
121.193 0.000948096
119.925 0.0009592
121.976 0.000942803
116.675 0.0010988
121.008 0.000952151
118.208 0.000831108
123.427 0.000992438
119.78 4.59181e-05
118.104 4.0366e-06
118.777 0.000995686
119.87 2.85495e-05
119.747 7.06891e-05
119.356 1.09628e-05
119.864 0.000649992
118.291 0.000960458
116.819 0.001024
116.304 0.000987732
120.276 0.000927762
120.026 0.000968989
119.843 0.00106469
120.801 0.00096238
122.372 0.000733751
120.972 0.000946166
118.101 1.08829e-05
115.432 0.000956064
121.931 0.00100396
121.802 0.00055709
121.137 0.00064104
120.022 0.00098642
118.716 0.000982635
124.101 0.000897334
120.62 1.1146e-05
115.179 0.00089197
118.279 0.000981427
118.962 0.000927588
120.232 0.000953466
118.582 0.00104442
120.44 0.000786079
115.931 0.00100699
120.524 0.000956299
121.336 0.000952421
119.011 0.000951304
117.868 0.000902723
120.637 0.000836401
120.261 0.00108404
124.088 0.000975784
116.678 0.00102005
120.114 0.000991947
121.254 2.38108e-06
117.64 0.000974627
120.274 0.00095785
120.029 0.00108703
119.039 0.000995165
121.959 0.000949342
121.196 0.000973689
116.328 0.000978674
119.204 9.40814e-07
121.007 0.000955379
117.118 0.000958073
118.208 0.0011045
121.192 0.00110671
120.364 0.00103005
116.187 0.00100123
115.689 0.000955296
117.416 0.000696444
119.311 0.00095881
121.32 0.000943954
124.865 0.00107413
117.597 0.000954834
118.823 0.00107543
116.176 0.00102608
117.249 0.00108546
121.566 0.000896289
116.251 0.000965209
116.623 0.000900659
122.587 0.000960231
118.987 0.000367417
120.293 0.000979467
122.267 0.000949637
120.366 0.00101789
120.261 0.00097466
117.166 0.000903954
115.558 0.000975635
122.863 0.00100456
117.85 0.000265984
118.45 0.000944251
116.956 0.000938979
123.933 0.00099216
119.126 0.00112723
122.021 0.000980742
123.874 0.0011229
120.989 0.00105743
119.73 0.000891588
118.354 0.00108584
119.239 0.000945174
120.071 0.000972002
119.858 0.00109677
121.301 0.00108819
118.343 0.000951675
119.829 0.00110986
121.393 0.000960618
120.072 0.000975814
118.628 0.00101287
120.466 0.0010722
118.476 0.000963148
122.153 0.000950387
118.85 0.00101321
116.779 0.000943179
120.146 0.000949619
121.978 0.000978243
121.416 0.000978076
123.94 0.000104909
117.703 0.000966069
118.281 0.00101082
122.05 0.000922099
124.469 0.000963404
115.48 0.000915634
119.476 0.00106162
119.846 0.000987255
121.342 0.000950429
121.442 0.00112034
118.691 0.00107948
118.571 0.000971383
116.348 0.00108286
124.64 0.000954587
120.855 0.000978015
118.997 0.000992454
117.709 0.000947494
120.334 0.00102897
117.591 0.000957471
116.79 0.000981256
117.009 0.000989462
116.926 0.00103812
119.891 0.000948545
120.587 0.000958679
120.616 0.00097143
122.17 0.000934845
121.088 0.000965553
122.96 0.00093216
117.615 0.00107821
120.644 0.000959406
116.886 1.17673e-05
120.865 0.000967539
119.59 4.62585e-05
116.642 0.00105958
119.598 0.000994249
118.247 0.00106768
117.376 0.00109053
120.129 0.000972054
118.759 0.000946105
119.073 0.000966976
119.959 0.000948577
119.358 0.000893473
120.607 0.000937988
120.281 0.000979166
119.472 0.000962531
118.732 0.000997139
119.055 0.000861744
119.501 0.0010447
119.365 0.000946162
122.823 0.000924361
117.491 0.000984312
117.521 0.00098555
123.53 0.00112815
116.93 0.000967232
119.188 0.000896453
120.495 0.000983648
120.485 0.00098128
120.948 0.000955468
119.593 0.000968552
120.465 0.000954673
117.814 0.00105342
119.196 0.000983212
119.857 0.000204951
115.415 0.0010582
120.228 0.000970644
119.022 0.00101445
118.55 0.0010082
122.552 0.000150722
119.461 0.0008829
124.85 0.000962913
119.111 0.000968941
119.663 0.000996995
119.949 0.000104344
119.688 0.000992328
115.768 1.88607e-05
116.116 0.0010209
118.782 0.000938954
117.625 0.00103233
120.234 0.000959268
119.57 0.00100816
118.388 0.00112708
118.062 0.000837788
119.977 0.00098985
118.97 0.00104809
120.014 0.00098616
115.229 0.000955378
119.238 0.00097921
125.042 0.000997956
119.152 0.000998686
116.221 0.00094117
122.874 0.00100692
120.681 0.000961977
118.668 0.000950056
116.949 0.000979029
116.062 0.000978252
120.14 0.000963698
116.476 0.000951283
121.045 0.00109174
116.396 0.000904607
122.757 0.000981176
116.624 0.00102972
120.522 0.000550219
118.827 0.00080955
121.001 0.00100456
121.529 0.000898363
119.865 0.00101634
121.512 0.00102816
119.265 0.00037127
121.651 0.000991901
119.266 0.000988423
120.284 0.00096276
121.896 0.000992063
118.241 0.00102122
118.032 0.000640097
117.306 0.000987699
119.313 0.00109781
116.361 0.00105324
119.14 0.00111003
120.298 0.00107642
120.107 0.00104055
118.326 0.000901937
120.341 0.000448982
117.932 0.000969562
121.427 0.000946703
119.64 0.00109953
120.096 1.39444e-06
120.065 0.00103996
116.987 0.000946114
116.929 0.000935593
117.181 0.00020535
122.394 0.000960405
117.972 0.000990049
120.735 0.000954464
120.994 0.00102738
120.246 0.00102835
120.586 0.00105382
120.559 0.000955548
123.102 0.0010002
120.476 0.00108435
116.08 0.000956214
123.146 0.00106526
119.39 0.000975246
115.858 0.000942035
126.489 1.09562e-05
124.629 0.000624024
119.439 0.0010932
121.869 0.000946848
119.344 0.000961154
119.425 0.000953734
123.862 0.00107989
120.279 0.00101424
119.135 0.000829542
119.19 0.000989761
123.484 0.000906933
118.2 0.000992551
120.038 0.0010977
120.955 0.00106241
118.399 0.000942819
119.835 0.00105906
117.077 0.000286557
118.613 7.03494e-05
120.04 0.000956919
125.349 0.000949713
122.35 0.000884839
119.446 0.000956559
121.357 0.00100285
119.585 0.000957159
123.581 0.000999258
119.363 0.00102581
117.189 0.000988514
119.4 0.00091997
120.037 0.000999481
117.559 0.00085666
118.78 0.00109068
122.227 0.000779401
118.339 0.000833915
119.254 0.00093986
116.534 0.00110549
121.075 0.000721531
119.984 0.000104765
119.22 0.000456692
120.148 0.00106893
119.758 0.0009951
119.989 0.00093823
120.285 0.0007345
118.12 0.00108405
120.039 0.000925914
120.898 0.000956348
120.365 0.00055251
122.359 0.000962959
117.191 0.000999128
123.622 0.000885785
117.557 0.000972674
119 0.000987018
121.999 0.000958682
121.461 0.000937148
116.99 0.001057
121.36 0.00107494
120.95 0.000987606
119.182 0.000963459
118.71 0.000979218
119.388 0.000946425
116.048 0.000908784
117.289 0.00106468
116.439 0.000938291
118.075 0.000948828
119.237 0.00112277
120.584 0.00094033
122.246 0.000998306
121.42 0.00107899
120.408 0.00064847
116.608 0.000952182
120.777 0.000953855
116.016 0.000957487
120.125 0.000854726
118.828 0.000979881
120.785 0.0010991
118.138 0.000992146
117.197 0.00101936
119.62 0.000976443
120.116 0.00106121
122.365 0.00112049
121.034 0.000148706
119.596 0.000954967
116.616 0.00109132
119.46 0.00101447
117.765 0.00097139
117.08 0.000998984
118.512 0.00084494
118.707 0.000982734
118.975 0.00106272
116.312 0.000895235
118.698 2.86154e-05
123.863 0.000937402
120.02 0.000980652
123.12 0.00109542
121.393 0.00106144
121.054 0.000997051
121.371 0.000961389
118.52 0.00101584
123.212 0.00106579
117.232 0.000898235
121.901 0.000960822
120.221 0.000905364
116.2 0.000545786
120.693 0.000976501
119.783 0.00107746
119.862 0.0010353
116.586 0.000940408
120.214 0.000969335
118.833 0.00092255
119.754 0.00108067
118.788 0.00109027
118.608 0.00105654
121.228 0.000937622
120.281 0.00111913
119.421 0.00106819
115.259 0.000955146
120.987 0.00109071
120.516 0.000986509
121.242 0.000967061
118.604 0.000967353
122.448 0.000981063
121.91 0.000953837
116.269 0.00109785
120.448 0.000647721
116.693 0.000940829
118.33 0.000966017
117.774 0.00108054
119.952 0.000891683
125.539 0.000902298
118.889 0.000986203
120.222 0.00103194
118.661 0.0010929
119.752 0.000916831
119.617 0.00103363
118.359 0.00109893
115.471 0.00101337
120.198 0.000949206
117.311 0.00111673
124.109 0.000786229
117.34 0.000956023
118.913 0.000956519
121.917 0.00101959
117.122 0.000986173
118.336 0.000990835
122.685 0.00109893
118.161 0.00109666
118.799 0.000942834
118.724 0.000980921
122.281 0.000204038
120.38 0.0010021
120.74 0.000864571
118.191 0.00097307
121.329 0.000940412
123.48 0.000818031
118.747 0.00100366
122.214 0.000987611
117.872 0.00109226
116.057 0.0010213
117.256 0.000997233
118.322 0.000965555
120.879 0.00108072
120.719 0.000960312
115.591 0.00110202
120.35 0.000957728
121.189 0.000949752
120.126 0.000998494
118.192 0.000941753
120.954 0.000474721
115.862 0.000914655
123.998 0.000935314
120.943 1.699e-05
115.262 0.000893078
123.735 0.000958753
115.992 0.000962819
117.029 0.00101572
120.771 4.02276e-06
120.04 0.000993063
121.16 0.000958104
116.262 0.00102625
121.694 0.000957845
121.778 0.00100833
119.982 0.00108822
120.868 0.000840344
122.307 0.000936039
119.069 0.000943778
120.144 0.000958885
117.452 0.00107897
120.064 0.00103914
117.683 0.0010862
118.752 0.00102607
123.866 0.000958416
117.614 0.00103337
121.345 0.000947179
135.386 0.000824382
123.929 6.7101e-06
121.999 0.000930648
119.564 0.00102039
120.68 0.000950562
122.751 0.000378836
121.398 0.000947423
118.37 0.00100629
119.349 0.00103266
116.173 0.000471876
115.775 0.00099788
122.741 0.000996853
120.826 0.000738717
116.835 0.000915789
118.97 0.001023
117.979 0.00107305
120.658 0.000952836
116.233 0.00100058
125.63 0.00102124
120.076 0.000649044
124.582 0.000871333
120.497 0.00106419
119.476 0.000211162
120.096 0.0010647
116.979 0.00101984
119.349 0.00107482
119.413 0.000971362
118.888 0.000968932
118.499 0.000965921
120.847 0.00108125
118.905 1.8303e-05
120.26 0.00102751
121.79 0.00097034
120.808 0.000957447
120.992 0.000929173
120.528 0.000941019
122.282 0.000963728
120.415 0.000953516
121.084 0.000978392
120.632 0.00102159
120.346 0.000955643
119.125 0.000593889
115.852 0.000970396
118.556 0.000797328
118.878 0.000984361
120.92 0.000974545
119.119 0.00100985
119.253 0.00108151
118.655 0.00100248
121.341 0.000949875
120.11 0.00109307
119.037 0.0011017
116.583 0.000951513
124.7 0.000981734
115.144 0.000950274
119.281 0.000967447
118.586 0.000979206
117.979 0.000953717
119.514 0.00109822
117.728 0.000979186
119.547 0.000950796
117.275 0.000995911
119.851 0.000868457
118.609 0.000993831
117.029 0.00103163
115.467 0.00108096
116.819 0.000943791
118.867 0.00107294
117.447 0.000950132
123.375 0.000982801
116.857 1.82287e-05
120.591 0.000962693
116.679 0.000995334
119.296 0.000953849
120.817 0.00099123
118.484 0.00111028
116.545 0.000937326
119.874 0.000949223
119.116 0.000951062
125.23 0.000960392
119.662 1.11317e-05
122.284 0.000206892
121.819 0.000806457
123.105 0.00109271
121.409 0.00105577
117.891 0.00103913
120.176 0.00100637
116.235 0.00101459
122.597 0.000918889
121.16 0.000959906
118.887 0.00101136
118.564 0.000980047
119.186 0.00108956
119.8 0.000967073
120.849 0.00110255
117.49 0.000966402
121.292 0.000448723
118.058 0.000973566
117.011 0.000965056
119.562 0.0010848
118.775 0.00110062
120.841 0.000957272
118.708 0.000975582
120.941 0.00106548
117.144 0.000958962
119.975 0.0010896
121.741 0.000959815
118.04 0.00108459
122.538 0.0010692
119.141 0.000988864
120.75 0.00100447
118.843 0.000990109
118.405 0.00105689
118.148 0.000956032
119.036 0.000875191
119.801 0.0010704
116.134 0.00103934
120.707 0.000744709
121.583 0.000976254
123.441 0.000956205
119.971 0.000959025
120.706 0.000980033
122.602 0.000919581
119.796 0.000955968
117.692 0.00111549
116.963 0.00095487
117.89 0.000637001
119.545 0.000982519
119.422 0.00112639
121.731 0.00101236
117.735 0.00102144
120.429 0.000985112
117.758 0.00100048
123.898 0.000646244
120.211 0.000967488
119.743 0.000993213
122.04 0.000981241
120.6 0.000947016
119.544 0.000968017
120.827 0.00100975
118.769 0.000338418
117.279 0.000991269
120.51 0.00107948
115.951 0.00098383
115.169 0.000997393
119.02 0.00097238
118.684 0.000949496
119.503 0.00108493
121.038 0.00108078
117.602 0.00107515
122.422 0.000974305
120.803 0.000970564
122.146 0.000979876
116.439 0.000206852
118.845 0.000944978
119.724 0.000991537
120.674 0.00104412
119.542 0.000876811
117.919 0.00096161
120.301 0.000459679
119.071 7.2046e-05
123.975 0.00102192
117.309 0.000897903
121.052 0.00104806
118.358 0.00109249
115.196 0.00111945
118.665 0.00106843
120.943 0.000939898
120.139 0.00101098
119.718 0.000990802
119.895 0.00108988
119.59 0.00106768
118.348 0.000921406
118.532 0.00109603
120.071 0.000895704
124.731 0.000949483
116.163 0.00100451
117.144 0.00101574
118.477 0.000999479
118.108 0.000954332
119.185 0.00104134
120.058 0.00113956
117.562 0.000901026
120.413 0.000103448
120.299 0.000965534
116.004 0.000979346
121.404 0.000954365
118.952 0.00106221
118.852 0.000825666
120.136 0.0001065
117.618 0.00109356
118.961 0.000536868
119.565 0.000970509
121.638 0.000955052
117.541 0.00105252
118.101 0.000563912
120.931 0.000453313
116.776 0.00104501
120.012 0.000958103
120.477 0.00109138
120.293 0.00101579
118.064 0.000948109
119.662 0.000992002
120.098 0.000946755
118.222 0.00093379
120.019 0.00107935
121.18 0.000892101
120.526 0.00101962
118.809 0.00105142
118.657 0.000952455
118.755 0.00102853
115.514 0.000909623
121.349 0.000964533
123.295 0.00101014
119.749 0.000961332
119.847 0.000517866
118.757 0.00107829
121.298 0.000944599
118.309 0.00109897
117.655 0.000967286
115.391 0.00108062
121.4 0.000891767
124.114 0.000819547
119.501 0.000991297
121.786 0.00089603
120.718 3.03021e-05
118.255 0.00100725
115.34 0.00102463
120.447 0.000208128
116.613 0.00100796
120.314 0.00095803
119.821 0.00097972
122.025 0.00096282
117.207 0.00106417
122.128 0.000972273
120.781 0.00102153
118.375 0.000997495
118.522 0.000956398
115.664 0.000971066
119.21 0.0010008
120.089 0.00101912
117.384 0.000952444
121.463 0.000981341
126.766 0.000973262
120.602 0.0009529
118.874 0.00100613
120.497 0.000940334
118.807 0.00102363
121.411 0.000970775
117.582 0.000971997
121.697 0.000957154
122.856 0.000988052
118.392 0.00103205
116.786 0.000743231
118.282 0.00109896
122.086 0.000968153
117.062 0.000959469
125.348 0.000552246
115.172 0.00106373
121.879 0.00106865
116.134 0.000927242
121.58 0.000958736
120.97 0.000929787
122.151 0.00106769
120.738 0.0010911
118.686 0.000976869
122.799 0.00101351
118.53 0.00114163
119.986 0.00107399
120.811 0.0010033
123.944 0.00091646
115.795 0.00109774
116.824 4.75328e-05
119.959 0.000941864
115.811 0.00107718
120.28 0.0010815
122.999 0.001038
119.438 0.00100597
121.533 0.0010293
116.636 0.00103968
117.891 0.00110562
118.163 0.000949544
121.226 0.00096483
123.05 0.000980779
116.199 0.000950086
121.941 0.000279508
115.02 0.000916879
119.266 0.000999813
121.02 0.00109577
122.125 0.000958905
118.906 0.000968363
121.488 0.000904221
120.607 0.000945804
120.334 0.00095223
120.534 0.00112232
115.444 0.000963863
120.894 0.000911006
115.659 0.000997049
120.288 0.00089701
115.627 0.000908947
118.448 0.000937921
119.551 0.000971614
117.192 0.00101878
118.846 0.000940044
115.354 0.000949882
120.229 0.00107508
120.054 0.00074241
122.991 0.000949068
118.232 0.00095453
120.888 0.0010071
120.221 0.00104173
118.624 0.000974094
120.181 0.00100063
116.608 0.00104329
120.149 0.000982924
122.528 0.00098843
118.614 0.0010026
123.208 0.000966141
121.272 0.00105574
120.084 0.000942514
120.02 0.000982803
118.758 0.000890927
121.646 0.00106166
119.21 0.0009957
121.571 0.000206985
119.096 0.000944194
120.167 0.000968656
119.621 0.000959609
118.979 0.00107367
115.082 0.000943242
117.404 0.000967767
119.182 0.000945362
121.269 0.000966785
116.709 0.00101653
120.481 1.38672e-06
119.627 0.00108008
120.595 0.000988928
119.424 0.000951215
121.067 0.00100317
120.284 0.00108133
121.056 0.000936306
118.419 0.000695568
121.235 0.000930445
122.182 0.000953739
123.005 0.000960973
118.915 0.00108916
118.55 0.000931677
121.211 0.000996871
121.773 0.00097479
119.791 0.000895802
119.31 0.000994151
122.013 0.00107649
118.383 0.0009522
122.709 0.00108006
121.522 0.00100109
118.259 0.00106893
123.028 0.000958142
121.079 0.000285105
123.088 0.000955615
115.932 0.00103033
117.629 0.00105905
119.3 0.000965898
118.485 0.000978708
120.69 2.78623e-05
119.503 0.00101516
120.795 0.000976216
120.906 0.000996085
119.373 0.000960451
118.985 0.000948146
120.879 0.000985754
115.038 0.000877594
118.153 0.00103186
116.7 0.0010392
119.876 0.000977097
117.682 0.000945015
120.053 0.000928156
120.637 0.000965223
116.616 0.00101806
117.901 0.000933352
120.469 0.000943465
121.784 0.000965699
123.588 0.00103739
120.938 0.00103044
119.686 0.00100797
121.946 0.000967734
120.52 0.000990152
120.133 0.000280049
116.102 0.00102679
119.612 0.000391354
120.247 0.00102191
125.02 0.000455885
118.622 0.000942943
121.636 0.00103276
116.065 0.000939307
120.493 0.000997613
120.562 0.000936049
121.38 0.00095622
119.066 0.0009521
120.331 0.000931496
123.598 0.00101028
117.018 0.000956106
120.224 0.00109506
119.269 0.00100024
119.383 0.00114478
117.281 0.00095331
116.61 0.00110203
120.894 0.000947504
120.112 0.000877865
116.322 0.000951629
116.123 0.00103732
116.329 0.00103382
120.368 0.00109226
119.357 0.000971515
116.62 0.00106297
120.587 0.00103224
121.614 0.000973305
120.752 0.000147796
118.764 0.000954185
118.42 0.000948645
118.906 0.000998747
115.464 0.000987789
123.506 0.00108039
118.218 0.000955103
116.213 0.00100407
120.985 0.000928706
121.518 0.000980858
119.034 0.00101326
120.063 0.00100174
121.804 6.53405e-05
120.601 0.000954071
116.761 0.000988997
117.279 0.00107854
118.714 0.000959661
121.284 0.000992185
