131.49 0.000309946
130.443 0.000306388
129.382 0.000308581
116.356 0.000310398
130.647 0.000344591
128.988 0.000347907
129.02 0.000362921
119.495 0.000176309
126.683 0.000312296
130.491 0.000323361
130.637 0.000298524
130.764 0.000307787
129.899 0.000355989
128.935 0.000309455
129.91 0.000356597
119.984 0.000316338
129.82 0.000334061
127.635 0.000357253
130.323 0.000315387
134.536 0.000321943
128.803 9.12773e-05
125.421 0.000307061
130.324 0.000310856
119.248 0.000296058
130.111 0.00032063
127.617 0.000326065
128.473 0.000259801
128.249 0.000311478
132.218 0.000357901
128.338 0.000306578
132.583 0.000314016
130.256 0.000313232
142.948 0.00031446
118.338 0.000356054
129.391 0.000305059
128.412 6.68125e-05
128.667 0.00030833
137.721 0.00031207
129.625 0.000349002
129.481 0.000323695
129.248 0.000205386
134.307 0.000288348
131.998 0.000314315
122.037 0.000326628
129.975 0.000323588
130.498 0.000345295
132.531 0.000328973
133.93 0.000299655
132.029 4.81214e-05
129.439 0.00032229
137.158 0.000314811
130.329 0.00030897
132.356 0.000219404
128.503 0.00030932
134.495 0.000307187
129.446 0.000311928
130.356 0.000211524
125.888 0.000291004
127.639 0.000311864
127.915 0.000332056
135.695 0.000335034
133.198 0.000119522
125.665 0.000307678
129.346 0.00030602
124.876 0.000330117
130.287 0.000310529
128.017 9.10925e-05
123.823 0.000319237
120.171 0.000335252
130.927 3.36405e-05
130.116 0.000349126
129.704 0.000322601
131.15 0.000267186
130.751 0.000305119
126.486 -0.000329648
128.805 0.000310407
128.597 3.5699e-06
127.84 0.000304357
126.438 0.000326414
128.952 9.23758e-05
131.313 0.000307563
129.545 0.000319463
133.474 0.000333776
133.675 0.000325041
129.3 0.000320594
132.047 0.000311077
131.124 0.000331504
129.886 0.00032018
128.584 0.000309058
133.014 0.000318562
133.254 0.000304777
130.581 0.00031249
137.593 0.00023951
131.412 0.000307534
120.039 0.000353319
128.071 0.000317436
129.312 0.000351213
131.818 0.000332313
129.495 0.00033519
129.866 0.000272467
126.449 0.000311763
130.744 0.000317841
129.547 0.000318403
127.544 0.000301455
121.604 0.000317915
148.692 0.000355064
131.075 0.000342469
130.518 2.15922e-06
129.437 0.000350879
129.932 0.000316449
130.858 0.000306859
143.642 0.000309248
127.703 0.000349138
129.122 9.10414e-05
130.863 4.95169e-05
156.548 0.000308077
128.881 0.000311408
129.756 0.000311704
129.161 1.49348e-05
140.036 0.000321906
130.925 0.00030006
134.227 3.60669e-06
127.293 0.000314702
144.024 0.000306457
129.793 0.000339609
128.609 0.000326893
131.353 0.00033542
132.666 5.49779e-06
133.22 0.000328543
128.709 0.000351623
131.356 3.37758e-05
128.736 0.000313603
128.685 0.000320476
129.726 0.000179758
127.221 0.000309051
129.96 0.000122943
129.79 0.000349517
128.391 0.00032553
129.776 8.8032e-05
130.695 0.000310591
128.627 -0.000343853
123.366 0.000320206
129.032 0.000339846
129.182 -0.000341763
129.666 0.000311928
138.179 0.000309512
128.596 0.00031193
128.708 0.000312549
128.884 0.000269012
131.558 0.000350586
129.794 2.33709e-05
129.653 0.000349872
132.995 9.47218e-06
130.19 0.000326588
127.665 0.00035745
129.212 0.000305771
118.578 0.000349804
128.932 0.000305377
139.801 0.000329367
130.426 0.000309115
128.327 0.00034281
129.031 0.000315873
130.978 0.000303813
127.328 0.000306637
131.01 0.000307241
129.829 0.000119704
129.848 0.000317791
125.48 0.000322447
129.955 0.000114771
130.762 0.000308512
130.092 0.000313304
148.258 0.000354892
130.6 0.000318009
130.502 0.000319877
121.809 0.000300698
128.964 0.000361653
133.322 0.000316223
131.35 0.000307729
132.332 0.00035978
127.862 0.000320165
132.007 0.000328392
130.485 0.000313772
151.322 0.000313388
130.171 0.000301435
130.01 0.000319452
139.187 0.000314826
129.841 0.000321186
130.169 0.000316312
128.756 0.000309032
128.669 0.0003445
128.935 0.000309932
131.155 0.000321267
127.543 0.000349791
129.27 0.000305676
126.556 0.000314154
128.113 0.000337271
130.21 0.000306425
125.603 0.000347311
129.828 0.000268362
129.879 0.000355155
133.416 1.48412e-05
130.9 3.2782e-05
123.29 1.29033e-06
129.6 0.00032625
123.713 0.000307838
129.2 0.000319039
129.656 0.000350654
132.065 0.000290799
128.93 0.000307968
135.03 0.000328539
129.936 0.00032387
127.948 0.000305685
129.888 0.000355594
128.41 2.27302e-05
150.354 0.00031104
127.925 0.0003592
130.993 0.000342408
129.902 0.000145678
129.914 0.000332446
128.196 0.000311683
130.728 0.000346332
127.477 0.0003134
128.971 0.000330042
127.063 0.00028471
129.134 0.000300065
121.439 0.000325894
129.168 0.000305732
134.284 0.000296823
131.205 0.000324001
129.98 0.000317651
130.984 9.12576e-05
128.863 0.000346631
130 0.000310029
131.247 0.000310354
129.312 0.000344283
129.66 0.00032749
128.801 0.000327516
128.011 0.000308087
129.317 0.000344646
128.884 0.000323753
128.851 0.000327391
129.244 0.000320628
123.252 0.000316132
132.327 0.000306475
127.563 0.000323662
128.56 0.000322163
129.277 0.000240088
150.435 0.000351805
129.3 0.000323464
169.605 0.000309215
131.609 4.51043e-07
129.985 0.000323754
125.981 0.000285766
119.719 0.000284735
129.295 0.000324436
121.264 0.000332189
129.374 0.000324139
119.386 0.000305221
131.413 0.000326847
128.382 0.000333345
130.432 0.000312332
128.528 0.000326789
129.65 2.30441e-05
131.514 0.000326582
128.626 0.00032072
126.336 0.000310006
133.886 0.000334784
127.94 0.000370127
166.393 0.000305503
127.693 0.000321723
118.903 0.000320133
131.07 0.000307273
130.409 0.00026635
130.742 0.00031574
128.944 0.000327096
129.614 0.00030778
130.41 0.000340486
130.015 0.000303011
133.12 0.000352677
131.629 0.00030262
131.594 0.000312162
131.991 0.000318259
131.726 0.000180037
132.163 0.000322702
122.112 0.000330671
129.148 0.00031077
130.386 0.000343466
133.824 0.000320328
133.259 0.000346049
128.665 0.000335387
133.905 0.000308561
126.398 0.0003037
129.485 0.000311548
130.61 0.000338933
127.457 0.000181327
128.415 8.63624e-05
129.616 0.000310451
131.353 0.000331937
130.435 0.000310333
129.686 0.0003535
128.571 0.000325058
133.181 0.0003553
129.511 0.000309236
131.752 0.000330178
128.774 0.000308239
129.814 0.000308133
118.166 0.000322259
129.33 0.000332303
136.989 0.000357472
131.748 0.000333447
132.112 0.000294899
130.291 0.00030509
126.637 0.000312755
121.069 0.000151501
129.15 0.000331046
127.324 0.000347914
126.73 0.000352156
130.532 0.000322247
159.295 0.000321518
131.899 0.000345426
168.399 0.000315394
126.664 0.00030585
131.503 0.0003298
131.112 0.000305919
130.695 0.000315791
129.054 0.00031145
139.491 0.00026634
129.072 0.000311691
127.733 0.000330241
131.293 0.000299256
129.96 0.000210709
130.718 0.000326837
129.425 0.000314011
119.215 0.000311849
130.304 0.000356548
129.664 0.000315181
129.377 0.000324489
157.185 0.000290907
128.037 0.000325047
130.991 0.000317904
130.867 0.00035279
131.347 0.000357258
131.677 0.000327186
128.925 0.00030864
129.706 0.000323694
128.379 0.000318458
133.143 0.000324173
129.613 0.000341931
134.229 0.000289413
128.221 0.000368793
131.191 -0.000305201
131.982 0.000315736
128.141 0.000352614
129.51 0.000308879
128.302 0.000307373
131.466 0.000331893
129.886 0.0003058
130.663 0.000306409
129.994 0.0003169
130.679 0.000317948
129.843 0.000310449
139.672 9.02993e-05
130.345 0.000281348
120.947 4.85529e-05
130.142 0.000147213
127.147 0.000321426
132.398 0.000307696
129.489 0.000322287
120.964 0.000303162
131.172 0.00030422
128.949 1.31135e-06
128.794 0.000330807
131.48 0.000343154
127.153 0.000307838
130.507 -0.000317324
131.056 0.00032412
133.727 0.000312442
132.706 0.000312419
124.8 0.000297828
165.967 0.000314182
129.761 0.000177975
132.651 0.000179632
127.536 0.000293031
132.947 0.000312829
128.065 0.000298987
123.949 -0.000363679
134.649 9.28537e-06
129.153 0.000312292
122.602 0.000355359
129.458 0.000308736
129.134 0.000323986
129.633 -0.000305056
153.031 0.000338767
131.513 2.177e-06
130.231 0.000306655
128.887 0.000309047
148.241 0.000307254
128.895 0.000312044
129.105 0.000358903
131.189 0.000304559
129.12 0.000306041
133.09 0.000314089
130.027 0.000308597
130.464 0.000316763
130.902 0.000357201
131.071 0.000321223
168.484 0.000345686
130.827 0.000356996
116.302 0.000301768
127.152 0.000303307
125.002 0.000158178
134.818 -0.00031489
127.812 0.000321195
127.931 0.000324568
130.405 0.000309198
128.971 0.000326528
126.192 0.000149163
129.952 0.000355955
130.147 0.00030077
130.173 0.00031007
137.462 0.000278178
129.16 0.000288324
130.862 0.000301536
129.349 0.000306895
129.31 3.31482e-05
122.295 0.000310204
129.183 0.000306441
127.015 0.000319206
132.871 0.000293001
128.084 0.000321408
130.278 0.000314902
