125.812 0.000734229
118.877 0.000691944
125.208 0.000645079
122.878 0.000724633
125.584 0.000677214
125.335 0.000657981
121.008 0.000670187
122.2 0.000738611
125.717 0.000630403
125.565 3.10789e-05
124.876 6.85765e-05
127.06 0.000621525
122.382 0.000646558
125.699 0.000432747
124.839 1.9237e-05
124.982 0.000727051
121.422 0.000688373
126.358 0.000696329
125.786 0.000665956
124.608 0.0007318
126.509 0.000673315
124.48 0.000627565
128.414 0.000493352
124.471 0.000727556
122.669 0.000650983
123.798 0.000638564
124.925 0.00063963
125.146 0.000660224
121.095 0.000664361
117.834 0.000680103
125.685 0.00072914
130.156 0.00060207
124.935 0.000676307
127.25 0.000648905
124.288 0.000640005
125.739 0.000556943
124.275 0.000648787
124.569 0.000650502
137.571 0.000648964
123.509 0.000718224
124.811 0.000648495
123.649 0.000647989
125.767 0.000660896
128.363 3.09962e-05
125.825 0.000698481
125.34 0.000248579
122.567 0.000728172
124.609 0.00072005
121.156 0.000100198
122.256 0.000728454
117.934 0.000698706
126.015 0.000600179
124.53 0.000719595
129.002 0.000711355
116.601 0.00074658
123.639 0.000680457
124.279 0.000652822
125.977 0.000646016
125.233 0.000230351
124.31 0.000102509
124.953 0.000197878
123.683 0.000638548
127.598 0.000637984
129.626 0.00071692
125.176 0.000734556
123.482 0.000672482
122.862 0.000655341
124.905 0.000190106
124.966 0.00073873
123.375 0.000566445
119.607 0.000645706
124.654 0.000659182
124.602 0.000718781
120.456 0.000637295
120.653 0.000705105
127.091 0.000673752
