130.158 0.000268536
131.768 0.000254494
127.987 0.000261194
129.783 0.000242055
128.94 0.000229562
130.729 0.000205218
133.14 0.000236015
126.691 0.000258032
130.976 0.000243026
128.571 0.000246208
125.989 0.000278696
128.46 0.000239144
130.394 0.00024128
131.577 0.000268114
128.676 0.000246238
126.672 0.000242514
132.734 0.000244618
129.734 0.000228365
129.299 9.2225e-05
134.055 1.10532e-05
126.656 0.000240891
122.044 0.00021616
129.856 0.000241041
127.314 0.000251476
126.308 0.000261308
124.053 0.000251509
127.119 0.000237673
129.825 0.000242521
131.226 0.000272332
128.908 3.78087e-05
129.87 0.000249786
126.56 0.000270692
126.329 0.000244354
130.574 0.000238311
129.28 1.19318e-05
132.299 0.000279114
129.043 0.000244107
129.527 0.000243797
125.232 0.000258093
129.471 0.000237414
124.126 0.000258467
128.216 0.000249508
130.037 0.000240744
128.392 0.000251944
131.58 0.000278884
130.997 0.000250662
123.063 0.00024921
129.649 0.000168875
127.979 0.000198534
130.921 0.000243191
130.385 0.000238852
129.604 0.000208222
127.099 0.000178496
129.664 0.000239929
132.62 0.000259561
128.184 0.00027545
130.681 0.000236494
129.303 0.000238757
127.881 0.000281875
130.124 0.000238868
129.351 0.000246478
129.34 0.000241963
131.59 1.75027e-05
131.369 0.000261778
125.943 0.000219878
127.657 0.000250056
138.631 0.00025984
128.436 0.000258696
131.224 0.000243258
126.505 0.000248368
130.685 0.000243056
130.077 0.00022803
128.463 0.000267719
115.658 0.000270731
130.283 0.000243336
124.033 7.19713e-05
120.868 0.000243463
133.792 0.000272793
128.404 1.21861e-05
128.465 0.000136936
125.261 0.000231008
129.274 0.000255188
132.338 0.000265578
132.415 0.00024225
127.546 0.00023975
130.19 0.000227115
130.333 0.000252327
129.971 0.000222033
134.792 0.000251538
128.259 0.00027705
129.089 0.000260699
120.197 0.000246162
128.878 0.000265103
129.465 0.000240749
130.463 0.000241968
129.089 0.000253021
125.496 0.000221275
124.424 0.000169613
126.563 0.000238037
129.736 0.000267542
130.626 0.000232827
128.613 0.000115439
130.474 7.22359e-06
129.123 0.0002615
129.367 1.79388e-05
131.484 9.17198e-05
117.977 0.000272664
129.279 0.000267962
128.514 0.000245232
130.076 0.000222105
127.451 0.000274131
128.192 0.000251386
127.172 0.000227272
129.995 0.000237009
130.985 0.000239031
128.161 0.00027138
129.008 0.000238464
124.308 0.000237916
129.369 0.000253595
129.469 0.000244275
129.848 0.000276947
130.147 0.000239144
130.345 0.000275132
130.267 5.28619e-05
130.604 0.000273392
131.997 7.28063e-06
129.609 0.000234617
128.915 7.1586e-05
125.958 0.000228879
130.045 0.000252033
128.674 0.000272991
140.613 0.000204047
130.369 2.60209e-05
129.355 0.000243732
130.338 0.000242035
126.739 0.000271704
129.797 0.000281517
131.666 0.000275765
130.572 0.00024248
128.592 2.8416e-06
129.289 7.30934e-06
128.864 0.000242689
128.121 0.000299668
132.032 0.000242124
130.273 0.000240661
129.719 0.000237889
129.603 0.000253847
132.591 0.000246448
129.577 0.000236351
132.362 0.000239253
128.895 0.00027638
122.261 0.000207151
130.52 0.00020919
127.331 0.000258038
131.357 0.00024037
128.524 0.00026527
125.569 0.000263557
125.926 0.000271413
123.665 0.000250771
131.469 0.00027027
130.291 0.000247789
129.491 0.000243585
131.106 0.000236694
128.661 0.000251221
130.608 0.000242417
131.607 0.000277645
131.515 0.000243177
131.479 0.00025591
133.503 0.000244437
129.81 0.000273348
129.807 3.76261e-05
128.765 0.000238082
131.372 0.00026089
132.134 0.000240827
129.277 0.00024552
129.791 0.00025629
131.024 0.000267338
128.518 0.00023827
123.983 0.000137952
131.805 0.000269511
131.02 0.000244127
127.518 0.000245203
132.173 0.000248449
129.949 0.000258771
131.441 0.000260645
132.698 0.000258786
129.697 0.000139524
128.163 0.000247288
128.449 0.000243013
119.063 0.000227964
130.053 0.00024036
129.627 0.000278692
127.597 0.000259534
127.242 0.000248634
131.606 0.000258468
130.594 0.000277359
129.706 0.000217097
129.782 0.000238748
130.614 0.000253092
131.147 0.000252402
130.609 0.000241309
125.28 0.000206876
122.596 0.000246158
127.751 0.000274782
130.447 0.000241041
125.42 4.59274e-06
121.071 0.000247326
129.076 0.000246808
129.644 0.000250871
127.486 0.000259748
128.985 0.000246051
129.53 0.000274327
131.18 0.000246691
128.958 0.000246033
129.247 0.000258
131.106 0.000254792
134.652 0.000246362
133.507 0.000249224
125.929 9.30046e-05
128.895 0.000278147
128.856 0.000233684
120.988 0.00026493
128.175 1.73728e-05
128.744 0.000247377
127.131 0.000115015
128.583 0.000239071
130.504 0.00016287
129.594 0.000257756
131.282 0.000237005
129.878 0.000242221
128.818 0.000264195
131.44 0.000251042
128.093 0.000241546
121.05 0.000250669
129.917 0.000245458
129.562 0.000235226
130.909 0.000249018
130.606 0.000253778
130.581 0.00027959
130.094 3.75436e-05
130.471 0.000273114
128.605 0.00023913
131.786 0.000242548
128.396 0.000239945
124.902 0.000288603
130.314 0.000258247
126.893 0.000246695
130.714 0.000258769
129.248 0.000256678
129.151 0.000193885
129.504 0.000243696
130.435 0.000203806
132.933 0.000239128
124.343 2.28502e-07
130.758 0.000239379
128.378 0.000206039
130.477 0.000272341
129.58 0.000240352
129.9 0.00027589
131.499 0.000265518
131.365 0.000211226
130.887 0.000266171
130.27 0.000254464
129.993 7.31192e-06
127.783 0.000238764
130.517 0.000278811
128.243 0.00024395
129.375 0.000237768
128.778 0.000242729
125.422 0.000241307
128.701 0.000249833
128.773 0.000242518
124.037 0.000254709
128.167 0.000210812
129.864 0.000268494
130.114 0.000247721
128.93 0.000277854
130.064 0.000274677
127.903 0.000232961
129.11 6.95592e-05
131.104 0.000249077
131.71 0.000275995
129.991 0.000244204
131.78 0.000245808
128.619 0.000265256
130.388 0.000278874
129.644 0.000268551
129.901 0.000246763
128.86 6.9974e-05
126.721 0.000261404
131.074 0.000239383
131.691 0.000249817
132.776 0.00022959
130.329 0.000277571
128.597 0.000273424
131.983 0.000242029
134.004 0.000206384
130.285 0.000242831
130.024 0.000284361
133.234 0.000204006
129.331 0.000249872
128.779 0.000238035
129.053 0.000276166
115.113 0.000202974
122.042 0.000249541
124.888 0.000270074
128.846 0.000243828
118.384 0.000140935
129.558 0.000246718
129.033 0.000237909
128.778 0.000138618
130.016 0.00024381
130.228 0.000244555
130.79 0.000275165
128.962 0.000279615
132.025 0.000290157
128.873 0.000244549
131.752 0.000245327
132.199 9.36126e-05
129.137 0.000205805
129.24 0.000239778
128.801 0.000273559
129.121 4.65518e-06
129.365 0.000232269
130.784 0.000237317
130.862 0.000253384
129.593 0.000246438
131.021 0.000241247
130.229 0.000254478
128.248 0.000251921
129.473 0.000237606
129.164 0.000243707
131.247 0.000268947
132.234 0.000207182
129.067 0.000240648
129.28 0.000233604
128.716 0.000260417
127.228 0.000271961
124.055 0.000271309
130.213 0.000275697
115.906 0.000246997
129.226 0.000267283
123.478 0.000247055
129.093 0.000260817
130.734 0.000276049
128.172 0.000249483
128.327 0.000241331
120.52 0.000248391
128.257 0.000271846
132.353 0.000275615
130.793 3.77045e-05
130.115 0.000243372
131.507 0.000258003
130.466 9.27941e-05
127.437 0.000242282
129.374 0.000113585
131.871 0.000274724
132.531 0.000243755
128.561 0.000254656
139.002 0.000239922
129.117 7.12355e-05
128.384 0.000239547
124.52 0.000261411
130.714 0.000246827
129.155 0.000249041
130.255 0.000278022
129.813 0.000258123
130.064 0.000238326
129.933 0.000163025
131.307 0.000238967
131.379 0.000252018
127.321 0.000272691
130.176 0.000241096
126.883 0.000244053
130.252 0.000245011
129.119 0.000241653
129.161 0.000274419
130.14 0.000247943
124.335 0.000236489
129.675 0.000258771
122.727 0.000242431
129.527 0.000239286
130.059 0.000240893
130.388 0.000240453
130.4 0.000246649
127.914 5.17225e-05
129.472 0.000250792
130.957 0.000261206
128.701 0.000253399
125.823 0.00022932
132.231 7.42456e-06
131.866 0.000247037
130.038 1.01094e-06
130.167 0.000240341
128.443 0.000246836
122.445 0.000249998
130.868 0.00025087
121.251 0.000249487
127.679 0.000283567
130.586 0.000252354
127.013 0.000251059
128.303 0.000250017
130.111 0.000139484
127.924 0.000246347
129.743 0.000240924
129.868 0.000279742
128.563 0.000249526
132.494 0.000241956
127.541 0.000251294
129.409 0.000227569
130.346 0.000238858
126.39 0.000265579
129.23 0.000241906
128.2 0.00024143
117.475 0.000243807
131.857 0.000238142
126.233 0.000242937
129.266 0.000249398
130.582 0.000244031
128.017 0.000236871
129.611 0.000270561
131.912 0.000250638
129.948 0.000163803
132.328 0.000251425
123.468 0.000249941
130.166 0.000275743
128.855 0.000288198
129.582 0.000250618
129.49 0.000255152
128.734 0.00024947
134.723 0.000235441
132.44 0.000237492
132.196 5.38316e-05
127.731 0.000140425
131.377 0.000276101
131.869 0.000274451
131.18 0.000277129
130.853 0.000161482
129.581 5.16626e-05
128.739 0.000247156
133.549 0.000248623
126.273 0.000226817
129.13 0.000239576
128.863 0.000246465
129.434 0.000251631
129.497 0.000243741
129.041 0.000243149
125.177 0.000254819
131.094 0.000252264
133.327 0.000280863
128.579 0.000253062
128.466 0.000239721
132.528 0.00026811
125.662 1.78503e-05
128.356 3.75906e-05
129.006 0.000253777
126.216 0.000234677
129.045 0.000217291
131.142 0.000233284
129.123 0.000237609
127.818 0.000239073
129.241 0.00024612
129.088 0.000250978
131.424 7.27574e-06
130.083 0.000206797
127.824 0.000234476
128.99 5.19787e-05
133.207 0.000246412
132.252 0.000277821
127.735 0.000238285
125.133 0.000265573
129 0.000237066
132.208 0.000263697
128.115 0.000254677
126.092 0.000230911
128.5 0.000289066
129.904 0.000260742
130.521 0.000252831
127.271 0.000242568
130.013 0.000233488
129.45 0.000238428
134.699 0.000253103
119.55 0.000241554
129.205 0.000247066
131.615 0.000236103
130.135 0.000242225
129.859 0.000271731
127.614 0.000270162
130.546 0.000224859
128.948 0.000247791
130.572 0.000240012
128.811 1.09753e-05
130.409 0.000238538
127.69 9.34968e-05
131.246 0.000276626
130.784 0.000243642
127.56 0.000263819
125.216 0.000253591
120.536 0.000246809
126.878 0.000150522
127.786 0.000274161
130.113 0.00027527
129.659 0.000258305
128.101 0.000258521
127.093 0.00025304
131.097 0.000229325
131.964 0.000247841
133.066 0.000234302
131.002 0.000267328
129.439 0.000277146
129.765 0.000239999
130.78 4.49191e-06
130.218 0.000250326
129.302 0.000251157
129.406 0.000243718
129.876 1.20852e-05
134.727 0.000246565
131.246 0.00022673
126.884 0.000244407
129.817 0.000249645
130.703 0.000253336
126.594 0.000251949
129.062 0.000272506
130.017 0.000254825
129.427 2.66534e-05
128.493 0.000137805
124.755 0.00026951
133.047 0.000209812
126.464 0.000252426
129.396 0.000240349
129.615 0.000245455
131.488 0.000261049
130.726 0.000269419
124.092 0.000245165
128.378 0.000252626
129.647 0.000271572
130.462 0.000246355
129.439 0.000189143
128.706 0.000281359
130.883 0.000140235
129.143 0.00022588
129.599 0.00024116
126.826 0.000220969
129.68 0.000278913
129.179 0.000262669
130.251 7.1279e-05
131.92 0.000246548
133.097 0.000223602
127.771 0.000203703
126.117 0.000235741
131.165 0.00024541
130.849 0.00027028
129.378 0.000238292
129.046 0.000238127
128.326 0.000271812
130.744 0.000275503
128.001 0.00025983
130.929 0.000240843
128.933 0.000245087
129.018 0.000224892
131.187 0.00024497
130.892 0.000277695
128.882 0.000242088
129.374 0.000247302
131.695 0.000221029
127.803 0.000239588
121.781 0.000275104
128.232 0.000241779
129.831 0.000239724
129.484 0.000245302
128.865 0.000286583
130.831 0.000275277
125.842 0.000252708
126.888 0.000248295
129.6 0.000227821
121.442 0.00025044
125.232 0.000262613
129.946 0.000273179
124.546 0.000247581
129.679 0.000237336
124.636 0.000263013
127.616 0.000275882
131.588 0.000263511
128.023 0.000259821
128.875 0.000272756
126.472 0.000249176
131.946 0.000240029
128.002 0.000233884
126.022 0.000238406
129.897 0.000272831
124.847 0.000228715
126.518 0.00021098
130.387 2.81121e-06
128.087 0.00019551
133.584 4.89246e-05
129.735 0.000271749
121.965 0.000246721
131.392 0.000163016
128.796 0.000146322
115.467 0.000262786
130.23 0.000275958
132.364 0.000198981
128.651 0.000237107
129.384 0.000275132
128.109 0.000266716
129.533 0.000246475
131.165 0.000253162
124.469 0.000240386
132.732 0.000235818
128.04 4.58769e-06
128.879 0.000256245
127.496 0.000239966
131.031 0.000259024
128.635 0.000248367
131.467 0.00026008
131.179 0.000239812
131.675 0.000236832
127.332 0.00024739
127.951 0.000233084
130.092 0.000258656
130.643 0.000242939
123.078 0.000279003
128.35 0.000248394
137.482 1.76866e-05
131.788 0.000250643
130.67 0.000262479
128.826 0.000245036
129.382 0.000243367
127.325 0.000247301
132.216 0.00024567
132.357 0.000244458
131.428 0.000245238
130.407 0.000275067
129.479 0.00023945
123.347 0.000223044
127.576 0.000239005
130.508 0.000227147
130.182 0.000246223
130.554 0.000242403
131.266 0.000274921
119.995 0.000238049
129.957 0.000240728
126.034 0.000244942
129.839 0.000281063
133.3 0.000234097
125.966 0.000246439
131.422 2.83274e-06
129.299 0.000250124
128.874 0.000261457
129.679 0.000277684
130.216 0.000220836
129.463 0.000249198
128.669 0.000236284
128.835 2.81356e-06
130.168 0.000229959
119.612 0.000230867
130.286 0.0002435
132.375 0.00023465
130.463 0.000251245
130.413 0.00018997
124.997 0.000145047
130.456 0.000264961
129.41 0.000234141
130.9 0.000256762
128.531 0.000245673
121.108 0.000248401
127.388 0.000240467
129.54 0.000243646
121.252 0.000266546
131.541 0.000244477
126.994 7.47801e-06
133.879 0.000239353
128.677 0.000241687
128.34 0.000243538
129.663 0.000242467
130.576 0.000239188
128.533 0.000264161
129.905 0.000220396
130.038 0.000241633
127.895 0.000158658
129.683 0.000270794
131.114 0.00022791
128.257 0.000253859
128.2 0.000277647
129.343 0.000239637
129.372 0.000252982
133.129 0.000246526
126.215 0.000231826
128.288 0.000234439
129.126 0.000273622
128.669 0.000287944
133.97 0.000238484
129.057 0.00024998
130.606 0.000237902
130.75 2.59639e-05
130.601 1.15905e-05
129.746 0.00024131
129.592 0.000253063
121.416 0.000223636
134.834 0.000253606
129.781 0.000268364
127.233 0.000239482
129.378 0.000258899
129.568 0.000275509
128.569 0.000247049
130.705 0.000240002
129.246 0.000240449
126.294 0.000237507
127.499 0.000266037
131.786 0.000273503
132.822 0.000255681
129.8 0.0002631
128.194 0.00022878
130.126 0.000249404
129.995 0.000224288
115.945 0.000244408
131.105 0.000236028
130.246 1.76615e-05
131.133 0.000239116
128.682 0.000221911
128.782 0.000251316
126.68 0.000241984
129.971 0.000263478
129.116 0.000216025
131.076 0.000138396
128.242 0.000241271
132.347 0.000222166
128.978 0.000243973
131.162 9.29974e-05
128.239 0.000259534
127.999 0.000239513
129.26 0.000274198
129.09 0.000241166
131.065 0.000276088
131.904 1.70996e-05
128.676 0.000241284
124.867 0.000251079
129.622 0.000250341
130.308 0.000270347
129.629 0.000249092
129.426 0.000245218
130.722 0.000273168
121.684 0.000256682
125.967 0.000273507
131.199 0.000237537
131.282 0.000276617
129.586 0.000263258
128.397 0.000265402
129.669 0.000263106
128.413 0.000259709
130.843 0.000242185
130.574 0.000229558
127.938 0.000237428
130.405 0.00025265
123.986 0.000246453
126.383 0.000275986
128.419 0.000117065
129.58 0.000165453
131.857 0.000239795
129.491 0.000251672
128.369 0.000253343
128.852 0.000239123
129.614 0.000275755
129.863 0.000254354
124.43 0.000245611
134.135 0.000253964
127.85 0.000262805
131.143 0.000279909
127.057 6.68013e-05
129.899 0.000240319
128.243 0.000252534
117.056 0.000265929
129.055 0.000246046
127.145 0.000266531
128.534 0.000269393
130.995 0.000203271
118.283 0.000264085
127.836 0.000256643
130.597 0.000268825
127.196 0.000271043
122.781 0.000237267
130.187 6.01469e-07
128.425 0.000268935
127.872 0.000242184
130.901 0.000242426
129.883 0.000236212
131.018 1.67831e-07
129.72 0.00024413
131.056 0.000241003
129.796 0.000252744
131.169 0.000277165
129.767 0.000243934
133.291 0.000239782
129.451 0.000277912
126.984 0.000273093
129.82 0.000248277
127.468 0.00025002
122.702 0.000248232
125.485 0.000249892
128.588 0.000240168
129.544 0.000205527
130.626 0.000205244
129.303 0.000247329
127.338 0.000251014
127.683 0.000243617
130.847 0.000242008
128.617 0.000272118
130.385 7.26348e-06
129.162 0.00026858
130.417 0.000265691
128.486 0.000234107
125.555 0.00024452
126.361 0.000225239
129.274 0.000181395
129.487 0.00024062
130.247 0.000247081
131.473 0.000249242
129.058 0.000283158
129.744 0.000243006
128.836 0.000241164
128.603 0.000242471
124.857 0.000240217
129.148 0.000272159
130.188 0.000257668
128.886 0.000258708
130.62 0.000267996
127.225 0.000242717
126.223 0.000256452
133.672 0.000234795
129.757 0.000218652
128.69 0.000266571
132.767 0.000258338
131.396 0.000240954
129.557 0.000248955
126.807 0.000221895
129.821 3.76253e-05
126.058 0.000263474
129.223 0.000258162
130.514 0.000251612
125.28 0.0002605
129.009 0.000251756
129.793 0.000237805
130.801 0.000275292
131.729 0.000234971
123.715 0.00025346
131.122 0.000254056
133.907 0.000180529
128.826 0.000254829
128.377 0.000210338
130.133 0.000274518
129.376 0.000247823
129.229 0.0002496
134.089 0.000223003
129.657 0.000250467
130.414 0.000258419
128.067 0.000244431
129.06 0.000248124
130.636 0.000251157
129.777 0.000247716
128.465 0.000139819
129.321 0.000261334
126.689 0.000228198
129.636 0.000240901
129.011 2.62637e-05
130.326 0.000275624
123.189 0.000231717
128.16 0.000257553
130.618 0.000239561
129.859 0.00027306
124.264 0.000248051
130.255 0.000265437
129.886 0.00026085
129.476 0.000242571
130.937 0.000114735
130.821 0.000241344
129.615 0.000250409
130.622 0.000240405
129.16 0.000237466
129.358 0.000251886
128.415 0.000242098
128.676 0.000253275
127.674 0.000273481
130.047 0.00023993
129.078 0.000235512
126.896 0.000191539
129.405 0.000262023
128.813 0.000244555
129.593 0.000258055
129.542 0.000239492
129.863 0.000274689
132.018 0.000245468
126.633 0.000253908
129.167 0.000247994
129.199 0.000183313
130.224 0.000238739
131.78 0.000271175
130.066 0.000243745
126.175 0.00026563
130.808 0.000254917
132.18 0.000249554
130.34 0.000248755
128.368 0.000237894
131.778 0.000233328
130.97 0.000116851
129.195 0.000237176
128.829 7.04224e-05
131.013 0.000263739
129.79 0.000241996
131.299 0.000210432
129.938 0.00020616
125.976 0.000275204
130.698 0.000260643
126.428 0.000251463
131.106 0.000278199
119.332 0.000251416
129.555 0.000251784
130.989 0.000280402
131.168 0.000280633
130.709 0.000239192
128.47 0.000245297
121.285 0.000246671
129.572 0.000248282
127.813 0.000270115
129.342 0.000253177
124.54 0.000265101
130.958 0.000255792
127.057 0.000238239
133.654 0.000235673
123.06 0.000280122
131.029 0.000246967
119.333 0.000243492
131.129 0.000272555
123.337 0.000236831
128.194 0.000250523
129.652 0.000248646
130.402 0.000240851
132.118 0.000269785
128.66 0.000241202
128.716 0.000240517
128.548 0.00024371
127.133 0.00025102
132.022 0.000266345
129.47 0.000240951
132.086 0.000265437
131.748 5.23248e-05
130.038 0.000237489
127.671 0.000256241
129.508 0.000251051
130.813 0.00025762
127.849 5.11048e-05
130.395 0.000256677
127.573 1.17528e-05
129.809 0.000161562
130.515 0.00023947
130.49 0.000248728
130.601 0.000206212
128.657 0.00024072
133.288 0.000208409
129.429 0.000278426
123.626 0.000243667
129.351 0.000269457
129.404 0.000242152
125.692 0.000262793
132.917 0.000254275
132.415 0.000250478
133.018 0.000184538
128.129 3.79781e-05
129.168 3.69449e-05
130.205 0.0002422
129.873 0.000258068
131.19 0.000288283
127.56 0.000247229
130.563 0.000240491
133.124 0.000250541
130.282 2.63201e-05
128.136 0.000241538
131.722 0.000229002
128.908 0.000256224
129.798 0.000243102
127.371 0.000242928
128.138 0.000253382
132.099 0.000229198
125.051 0.000256075
129.103 0.000261237
131.917 0.000254251
130.037 0.000259245
127.794 0.000263982
120.358 0.000236607
130.792 0.000242058
130.839 0.000246379
129.79 0.000243698
129.868 0.000280327
117.343 0.000257151
130.59 0.000244982
129.796 0.000252557
129.134 0.00024198
129.706 0.000266532
128.382 0.000243997
128.247 0.000244283
127.279 1.17052e-05
124.461 0.000272182
128.371 0.000160762
119.178 0.000266635
129.561 0.000239813
128.806 0.000238118
129.536 0.000223484
124.265 4.54972e-06
128.636 0.0002473
127.724 0.000249486
128.936 0.000243376
128.081 0.000114839
129.158 0.000271104
130.599 0.000239352
129.323 0.000274258
130.378 0.000246112
127.489 0.000269653
124.818 0.000244937
134.051 0.000210601
127.646 0.000242197
129.231 0.000252754
131.267 0.000247053
129.674 0.000190785
130.123 0.000245742
129.09 0.000232409
121.556 0.000250862
127.838 0.00025543
129.357 0.00024539
130.403 0.000239871
128.861 0.00024621
128.238 0.000253257
131.256 0.000243788
127.169 7.224e-06
129.633 0.0002405
131.126 0.000225182
130.025 0.000268903
126.279 0.000242364
127.118 0.000245053
130.954 0.00026825
130.697 0.000231323
128.047 0.000239373
129.806 0.000163128
130.419 0.00011506
129.302 0.000208064
128.555 0.000248423
126.693 0.000242279
125.589 0.000240308
131.062 0.000244201
132.835 0.00022787
129.376 0.000269045
128.049 0.000283821
129.258 0.000276463
130.423 0.000262445
131.827 0.000257858
131.405 0.000238903
129.389 0.000235064
129.27 0.000246281
130.613 0.000247502
129.087 0.000186917
130.111 0.00018778
128.291 0.000244376
129.591 0.00023752
130.644 0.000273431
126.559 8.54869e-05
130.025 0.000248111
128.791 0.000250395
129.029 0.000253032
129.053 0.000273689
130.379 0.000223957
131.804 0.000274611
128.837 0.000253284
130.014 0.000252609
131.489 2.63615e-05
131.063 0.000278708
128.61 0.000244655
129.97 0.000242365
128.875 0.000275503
131.494 5.1506e-05
133.397 0.00027182
126.218 0.000228464
130.703 0.000251834
131.71 0.000254746
131.968 0.00025496
136.691 5.16647e-05
131.244 0.00024167
130.864 0.000274843
130.531 0.000275321
126.317 0.000254066
133.516 0.00024467
131.397 0.00027508
129.628 0.0002378
129.653 0.000270055
131.353 0.000272942
128.039 0.00024303
131.488 0.000138819
123.794 0.000249497
129.661 0.000232779
131.322 0.00022442
129.058 0.000268261
131.9 0.000258173
126.742 0.000254616
130.753 9.11026e-05
129.092 0.000238996
131.006 0.000245343
129.319 0.000251117
126.215 0.000252455
122.998 0.000205534
130.422 0.000248319
129.808 0.000245358
131.515 0.000251614
122.698 0.000249206
143.323 7.43588e-06
131.509 0.000275539
128.564 0.000254333
130.75 0.000259974
127.846 0.000248729
130.293 5.16372e-05
130.582 0.000238549
130.098 0.000249664
130.582 0.000254632
127.473 0.000240811
132.183 0.000255084
124.36 0.00020832
131.557 0.000238685
127.355 0.000243671
127.27 0.000119117
116.488 1.78638e-05
129.945 0.000249894
130.013 0.000252178
129.081 0.000249414
128.87 0.000240497
130.015 0.000242801
130.092 0.000253525
129.4 0.000243161
128.247 0.000240093
124.423 0.000239666
128.395 0.000189002
129.865 0.000275536
129.387 0.000242968
130.465 0.000249386
127.879 0.000254058
129.538 0.000275695
132.847 0.000236054
119.596 0.000189205
127.928 0.000249971
129.502 0.000244293
130.385 0.00024003
131.01 0.000265838
122.111 0.000238395
128.231 0.000139102
127.577 0.000277795
130.47 0.000242973
131.902 0.000241223
132.631 0.000207059
133.883 0.000251326
127.769 7.32577e-05
128.641 0.00025537
128.817 0.000287087
126.175 0.000231278
133.981 0.000246739
130.721 4.34529e-06
132.616 0.000270286
131.05 0.000242729
129.396 0.000241696
131.778 0.000272912
126.558 0.000240885
130.405 2.49925e-05
130.976 0.00027383
130.735 5.12768e-05
131.858 0.000158082
131.16 0.000275624
127.491 3.78942e-05
131.256 0.000288677
126.039 0.000251636
128.455 0.000254189
129.192 0.000238522
131.793 0.000257012
128.712 0.000265518
130.364 0.000243571
129.609 0.000280287
129.789 0.000251926
129.34 0.000247574
130.15 0.000263179
132.066 0.000244604
121.289 0.0002539
128.742 0.000238798
128.985 0.000242088
127.803 0.000216415
129.131 0.000224803
130.497 0.000246318
134.556 0.00024952
129.943 0.000273215
129.064 1.15933e-05
128.361 0.000256544
127.102 0.000249399
142.024 0.00024087
130.433 0.00024807
131.79 0.00020864
130.861 0.000237511
127.061 0.000274688
126.921 0.000224162
129.346 0.000269121
131.591 0.000256576
128.797 0.000249711
131.042 3.58311e-07
130.102 0.000255273
128.572 0.000238495
131.074 0.000261163
131.09 0.000240776
128.32 0.000251607
128.84 0.000262258
130.392 0.000239546
129.235 0.000232939
131.16 0.000247602
128.423 0.000248842
130.696 0.000276369
129.152 0.00024363
129.565 0.000141591
129.958 0.000142553
130.159 0.000279087
128.903 0.000245506
130.505 0.000283032
129.682 0.000243317
129.747 0.000245139
129.871 0.000233741
130.886 7.25639e-05
128.854 0.000242113
130.163 0.000263367
130.268 0.000240426
130.976 0.000250712
128.195 0.00027482
130.778 0.000250554
123.373 0.000249969
129.283 0.000239441
126.104 0.000265393
129.469 0.000242197
131.441 0.000243755
130.633 0.000251556
131.452 0.000268809
129.809 0.000241002
129.553 0.000207236
127.583 0.00025182
130.736 0.000232825
128.296 0.000257482
127.609 0.000242318
128.623 0.00023916
129.801 0.000248366
128.342 0.000250234
126.425 0.000245597
127.053 0.000247538
131.13 9.24841e-05
127.661 2.87703e-06
127.914 0.000163156
132.932 0.000229907
130.005 0.000247812
130.566 0.00025286
132.045 0.00027633
126.505 0.000273973
130.915 0.000233786
120.565 0.000274185
130.957 0.000241691
129.66 0.000248743
130.82 0.000254726
128.459 0.000271567
128.146 0.000251032
128.439 0.000237568
132.841 0.000242901
128.494 0.000246511
122.199 0.000215243
130.555 0.00023724
126.069 0.00024273
127.848 0.000233015
134.804 0.000246334
128.239 0.000243091
129.652 1.19312e-05
125.231 0.000242946
130.054 0.00024322
131.799 0.00024602
131.022 0.000237953
127.782 0.000279084
130.36 0.000274227
130.121 0.000241432
130.016 0.000116004
127.855 0.000132185
129.905 2.25482e-07
128.439 0.000252382
128.112 0.000268558
127.446 0.000259326
130.222 0.000249699
131.615 0.000239011
130.205 0.00024906
129.499 0.00025973
129.326 0.000191316
128.505 0.000242508
129.857 0.000275781
130.051 0.000246498
127.672 0.000261802
130.852 0.000254702
130.289 0.000245196
133.495 0.000271443
127.655 0.000182522
130.236 0.000274351
129.083 0.000274069
127.849 0.000231703
131.752 0.000245978
129.53 0.000245904
130.7 0.000277921
128.376 0.000250865
130.011 0.000250806
129.469 0.000247681
130.929 0.000241365
129.951 3.7659e-05
129.611 0.000248696
127.572 0.000248137
130.766 0.000230816
129.218 0.000249076
129.6 0.000225146
129.016 0.000247719
130.432 0.000115732
130.582 0.000239037
136.884 0.000270417
129.546 0.000240861
129.63 0.000248187
137.528 0.00023349
131.639 0.00027641
129.502 0.00023694
128.148 0.000244066
126.563 0.000241568
132.337 0.0002388
129.21 0.000279135
129.605 0.000276898
131.35 0.000273133
130.56 0.000240477
130.527 0.000278619
116.087 0.000240176
132.377 0.000268114
132.016 0.000240517
130.43 0.000237217
130.907 0.000140473
130.357 0.000239026
132.4 0.000236846
130.093 0.000245362
120.227 0.00018766
129.389 0.000246232
128.633 0.000251413
125.749 0.000175197
129.578 0.000266016
129.881 0.000239657
127.533 0.000237829
130.119 0.000241368
131.029 0.000246446
127.915 0.000212274
131.137 0.000242219
129.846 0.000270157
132.228 0.000251042
129.697 0.000241993
127.767 7.32028e-06
130.75 0.000246405
128.994 0.000270087
126.735 0.000280784
130.499 0.000245238
129.657 0.000255347
130.206 0.000243336
128.848 0.000247103
128.127 0.000269984
132.036 0.00024409
129.452 0.000247552
129.093 0.000274703
130.051 0.000258246
130.155 0.000247582
131.029 0.000265134
129.753 0.000253356
128.246 0.000242829
126.663 0.000235561
130.097 0.000244412
131.598 0.00026498
130.973 0.000250009
132.832 0.000235339
133.464 0.000255168
129.827 0.000228221
131.626 0.000237737
129.624 0.000251009
132.346 0.000279027
124.51 0.000252091
129.519 2.88087e-06
129.36 0.000242993
127.071 0.000255495
127.964 0.000229512
122.398 0.000251017
127.882 0.000271665
128.717 0.000250893
129.297 0.00025878
129.03 0.000274097
129.771 0.000249315
134.175 0.000251106
131.585 0.000237981
130.926 0.000246495
130.169 0.000263859
129.893 0.000237855
130.13 0.000258572
130.531 0.000237583
129.184 0.000229145
127.584 0.000223607
131.641 0.000246675
126.926 0.000254167
128.683 0.000281432
131.007 0.000244432
133.005 0.000189165
127.569 0.000273663
132.358 7.0245e-05
132.284 0.000236564
126.337 4.58771e-06
128.915 0.00023545
134.114 0.000226368
131.476 0.000194199
128.921 0.000242079
131.657 0.0002548
127.797 0.000233452
129.69 0.000270867
130.703 0.000239064
133.921 0.000240949
129.641 7.23298e-06
129.061 0.000278306
124.686 0.000255696
126.714 0.000275977
130.148 0.000241413
116.311 0.000238564
129.523 0.000249707
130.662 0.000250955
132.221 0.000269379
129.543 0.000265353
132.466 0.000264041
129.618 0.000245792
134.81 0.000239472
129.408 0.000116008
131.945 0.000252756
132.868 0.000262279
129.65 0.000276705
116.074 0.000237661
122.452 0.000255017
129.936 0.000238989
129.104 0.00025096
126.877 0.000243038
128.133 0.000246874
119.156 0.000247468
127.965 0.000234773
129.565 0.000238757
127.093 0.000263505
127.351 0.000273501
129.328 0.00023051
132.667 0.000222981
131.063 0.000251514
127.445 0.000242494
127.223 0.000258038
132.206 0.00027194
126.771 0.000258424
129.259 0.000231765
130.073 0.000249765
132.838 0.000265659
127.67 0.000266591
130.972 0.000187979
133.248 0.000226063
131.34 0.000286338
132.963 0.000231533
131.194 0.00022407
129.492 0.000117223
127.103 0.000233823
128.841 1.606e-06
128.19 0.000250752
128.397 3.69409e-05
130.88 0.000241969
128.277 0.000246733
128.785 0.00024009
129.657 0.000165078
130.016 0.000244528
129.531 0.000279784
129.092 0.000247651
126.072 0.000237573
129.876 0.000253147
130.335 0.00024465
128.419 0.000244035
127.845 0.000246346
129.516 0.000248076
129.424 0.000240589
128.437 0.000163157
129.624 0.000271778
126.488 0.000243405
128.994 0.000240738
118.699 0.000208107
132.423 0.000245211
128.526 0.000274243
131.437 0.00023032
126.403 9.4896e-05
127.168 0.000252279
125.592 0.000243651
129.043 0.000242462
131.569 0.000278101
130.923 0.000242276
127.774 0.000252837
131.885 0.000160035
129.876 0.000244084
129.416 0.000242253
130.422 0.000116366
130.925 0.000276719
131.016 0.00027584
129.152 0.000265618
119.57 0.000267161
129.044 0.000256681
132.292 0.000237826
126.238 0.000264326
129.794 0.000271731
127.974 0.000236413
129.483 0.00023034
131.926 0.000292461
130.587 0.000236056
131.11 0.000249509
129.781 0.000241443
132.989 0.000251633
118.868 0.000242477
127.549 0.000278669
131.768 0.000241854
128.667 0.000257066
129.673 0.000249029
119.276 0.000256934
131.645 0.000272026
129.272 0.000251626
129.914 0.000113541
128.89 0.000221906
129.098 0.000223143
131.766 0.000257198
127.277 0.000238348
130.495 0.000244409
131.645 0.00011625
129.305 0.000235891
128.287 0.000250787
122.209 0.000245657
129.747 0.000253545
128.362 0.000269433
134.264 0.00018752
118.462 0.000236991
131.946 0.000266098
130.109 0.000211335
125.24 3.66723e-05
125.375 0.000238771
130.417 0.000235424
123.973 0.000257857
130.469 0.000270873
131.553 0.000261855
130.635 0.000237888
126.368 0.000241334
128.41 0.000247344
125.987 0.000237846
129.947 0.000237471
132.993 0.000237791
130.263 0.000251156
130.018 0.000255581
130.957 6.99825e-05
116.294 0.000245791
131.547 0.000247018
130.897 0.000116648
127.163 0.000276163
125.736 0.000279985
126.048 1.52922e-06
131.17 0.00025168
130.565 0.000238362
131.783 0.000228386
130.8 0.000275922
119.643 0.000269012
128.512 0.000251338
129.537 0.000279507
128.525 5.21747e-05
130.068 0.000263135
129.134 0.000250823
128.713 0.000246639
128.597 0.000277211
128.142 0.000247756
129.197 0.000142255
131.744 0.000252934
126.366 0.000250722
128.224 0.000239887
132.014 3.79043e-05
131.107 0.000271894
130.352 0.000254775
129.506 0.000247108
129.958 0.000273625
127.299 0.000225017
126.637 0.000244724
130.727 0.000252728
129.93 0.000247033
128.49 0.000258752
130.665 0.000269726
125.298 0.000238289
129.63 0.000240979
129.672 0.000252918
129.678 0.000242135
129.665 0.00027013
133.228 0.000238946
117.877 0.000261533
132.732 0.000169273
130.516 0.000238497
128.846 0.000252817
127.682 0.000138625
129.383 0.000276326
129.074 0.000236989
133.05 0.000235968
130.63 0.000262172
135.08 0.000242266
128.592 0.00027172
129.923 0.000253146
129.513 0.000247069
127.642 0.000222716
129.889 0.000208324
127.186 0.000240136
127.124 0.00024519
125.91 6.80117e-06
127.777 0.00024046
128.842 0.000268202
128.057 0.000237338
126.601 0.000274741
130.014 0.000187303
126.412 0.000229803
129.146 0.000250648
131.447 0.000240765
127.266 0.000250889
117.251 0.000259693
130.468 0.000252477
129.253 0.000272269
125.578 0.000271654
128.285 0.000274455
131.255 0.000247872
132.853 2.66759e-06
127.289 0.000221767
129.783 0.000238748
128.8 0.000244735
131.103 0.000236279
126.83 0.000273428
131.543 0.000241729
130.729 0.000242957
130.553 0.000275541
128.945 0.000237432
129.314 0.000253835
129.827 0.000249986
129.713 0.000231
130.026 0.000240727
128.982 0.000241143
128.915 0.000253036
130.585 0.000241972
130.447 0.000237689
129.398 0.00027226
130.527 0.000252619
130.267 0.000262292
127.832 0.000223854
130.879 0.000223445
129.574 0.000240148
130.302 0.000262924
132.405 0.000247838
134.246 0.000187942
128.936 0.000268924
128.337 0.000242027
136.189 0.000262911
131.084 0.000276653
118.347 0.000259399
131.229 0.000237186
130.028 0.000252897
130.112 0.000239114
127.4 0.000244789
125.984 0.000207795
129.2 0.000270115
127.461 0.000234006
134.751 9.26116e-05
133.108 2.25207e-07
128.762 0.000261191
129.953 0.000248637
130.362 0.000233888
131.479 0.000243064
130.086 0.000242116
128.417 0.000241665
131.5 0.000259024
131.408 0.000253274
128.058 0.000245189
130.215 0.000277106
129.715 0.000230318
127.809 0.000248263
129.342 0.000273109
132.296 0.000243045
131.122 0.000240668
128.951 0.000278314
129.493 2.60687e-05
129.915 0.000269738
129.974 0.000250256
127.373 0.000241422
126.328 0.000232798
129.88 0.000273325
129.237 0.000251301
129.42 0.000239549
129.206 0.000256555
130.706 0.000235057
126.052 0.000240506
126.919 0.000242746
130.387 0.000224896
131.536 0.000224033
130.577 0.000272359
126.892 0.000251697
128.268 0.000245917
132.118 0.000241165
128.175 0.000238839
131.174 0.000250056
130.983 0.000236663
130.076 0.000271964
130.763 0.000239166
129.38 0.000269627
130.233 0.000118796
128.034 0.000261896
129.592 1.76228e-05
130.322 0.000182125
131.03 0.000246636
129.898 0.000271839
130.229 0.00026675
131.848 0.000237487
131.062 0.000242773
127.427 0.000224099
125.583 0.00014496
129.263 0.000239612
118.717 0.00024955
128.154 0.000222315
129.27 0.000249609
129.517 0.00024167
131.243 0.000246656
130.209 0.000252096
128.451 0.000248131
116.179 0.000254383
129.281 0.00027288
123.218 0.000245153
122.411 0.000245565
125.034 0.000241056
129.548 0.00026074
133.46 0.00024592
130.765 0.000268977
127.961 0.000243171
130.243 0.000259409
128.351 0.000259669
129.986 0.000233135
130.296 0.000228305
133.189 0.00025719
131.369 0.000248177
130.558 0.000253513
130.451 0.00024853
130.226 0.00024441
129.617 0.000237034
129.733 0.000209722
122.191 0.000269044
125.219 1.78096e-05
131.276 0.000243416
130.544 0.000239249
126.591 0.000239265
126.784 0.00026827
130.109 0.000248471
124.086 0.000228969
131.924 0.000138017
131.639 0.000172127
128.866 0.000246692
128.909 0.000239161
131.832 0.000280725
129.879 0.000241565
128.876 0.000246736
129.206 0.000240112
129.628 0.000247618
131.812 2.59922e-05
128.245 0.00024695
130.689 0.000248591
129.144 0.000224802
128.456 0.00022332
131.211 0.000238097
128.326 0.000195334
130.941 0.000262138
127.922 0.000232961
128.542 0.000264455
131.039 0.000230197
127.169 0.000163386
129.596 0.000243105
129.737 0.000208439
128.204 0.000247401
129.864 0.000246665
132.202 0.000258147
131.297 0.000262449
130.003 0.000227723
131.083 0.000258837
130.104 0.000206419
127.197 0.000251291
127.852 0.000262012
129.986 0.000247444
130.984 0.000252774
131.724 1.76044e-05
130.927 0.00016388
128.226 0.00024821
131.216 0.000247832
129.611 0.000251377
129.525 0.000241328
126.849 0.000274736
129.366 0.000237059
128.984 0.000258172
128.436 0.000240571
127.886 3.73744e-05
129.933 0.00024747
126.787 0.000256425
128.712 0.000272712
130.286 0.000243664
129.614 0.000270435
130.898 1.14671e-05
129.635 0.000208325
131.447 0.000182338
130.879 0.000240433
127.874 1.77342e-05
129.39 0.000267882
129.177 0.000253456
131.424 0.000246179
130.199 0.000115455
128.731 0.000251327
122.265 0.000217807
130.587 0.000261448
131.253 0.000279746
128.973 0.000221946
128.026 0.00022783
126.454 0.000235863
128.687 0.00020644
131.152 0.000276364
128.698 0.000251982
128.386 0.000240601
129.387 0.000270603
130.63 0.000235015
129.014 0.000255932
130.705 0.000249964
130.468 0.00025954
130.619 0.000239129
132.376 0.00024807
127.648 0.000164933
132.4 0.000271548
131.199 0.000252106
125.184 0.000249133
131.38 0.000254317
127.444 0.000278125
129.082 6.7569e-06
130.467 0.000240539
130.871 0.000246409
129.891 0.000249047
128.376 0.000245961
129.481 0.000240058
130.024 0.000262052
128.103 0.000251119
131.604 1.73282e-05
130.385 5.19739e-05
125.428 0.000248581
129.796 0.000245235
128.279 0.000212859
128.415 0.000241591
130.669 1.78298e-05
131.292 0.000188226
128.764 0.000212691
129.802 0.000163469
127.258 0.000235227
128.767 0.000246576
123.934 0.000243135
132.641 0.000242273
130.094 0.00019488
118.683 0.000238998
131.101 0.000219693
128.96 0.000242038
129.4 0.000237789
129.552 0.000242868
129.999 3.72033e-05
130.814 0.000224846
122.606 0.0002292
129.818 0.000270747
130.892 0.00025474
127.877 4.95207e-05
130.048 0.00010927
131.198 0.000277361
127.142 0.000243322
128.84 0.000271088
129.396 2.64708e-05
129.169 0.000258992
127.919 7.14812e-05
138.559 1.76473e-05
130.267 0.000116915
123.808 0.000274313
129.857 0.000251847
129.474 0.000276625
123.82 0.000244779
131.939 0.000242179
127.984 0.000234416
130.343 0.000251489
121.224 2.26186e-07
131.042 0.000274279
126.734 0.000259626
130.004 0.000275354
127.811 0.000243197
132.921 0.000246779
124.081 0.000251191
130.278 0.000263891
129.288 0.000248932
129.397 0.000273005
131.428 0.00024328
126.824 1.77961e-05
129.279 8.92429e-05
132.31 0.000221899
130.997 0.000234278
129.123 0.000274452
131.906 0.00025162
129.064 0.000223458
128.61 0.000232424
129.205 0.00024126
126.47 0.000277621
131.021 0.000239421
128.736 0.000263182
128.456 0.000273848
130.881 0.000230196
130.624 0.000266715
125.276 0.00025416
132.807 0.000264099
130.443 0.000237718
131.217 0.000219793
130.984 0.000235737
132.024 0.00022706
128.111 0.000256819
131.53 0.000244716
129.36 0.000251419
131.603 0.000249786
121.914 0.00023744
129.26 0.000261996
130.797 0.000237083
128.128 0.000244756
131.219 0.000241916
129.408 0.000251878
130.592 0.000274238
126.652 0.000251199
130.196 0.000239352
130.506 1.16198e-05
128.986 0.000276739
129.842 0.000242144
131 0.000243027
130.072 0.000251381
129.853 0.000240945
129.852 0.00027946
130.145 0.000250162
128.416 0.000235568
126.386 0.000260431
130.982 0.000274149
129.108 0.000239355
130.514 0.000273684
129.896 0.000247902
131.141 0.000254572
132.803 0.000278281
130.472 0.000260417
129.717 1.76117e-05
130.668 0.00026047
128.178 0.000278516
129.496 0.00024482
130.53 1.55477e-07
129.257 0.000250911
132.396 0.000239171
131.453 0.000219911
129.759 0.000193358
130.111 0.00024458
130.046 0.000243085
130.714 0.000251437
128.872 0.000242755
128.859 0.000208497
126.74 0.000252628
130.308 0.000239171
127.166 0.000244041
131.904 0.00027102
128.162 0.000240192
127.93 0.000244944
131.303 0.000252954
131.044 0.000249492
129.19 0.000264937
130.895 0.000272663
130.728 0.0002753
133.207 0.000265479
127.425 0.000257567
129.943 0.000251083
132.476 0.000246854
130.43 0.000230352
128.375 0.000247559
129.123 0.000286159
127.358 0.000245754
128.046 0.000238978
134.009 0.000255263
128.123 0.000204936
129.728 0.000242827
126.778 0.000240447
121.799 0.00023756
131.861 0.000261593
127.561 0.000275771
127.551 0.000256803
128.429 0.000236198
129.345 0.000246823
127.563 0.000140952
126.613 0.00024102
130.829 0.00024893
129.815 0.000246873
131.163 0.000251781
130.373 1.76498e-05
129.72 0.000259146
131.663 0.000254429
117.584 0.000240763
130.459 0.000279833
127.418 0.000245049
127.38 0.000238729
131.12 0.000252294
128.115 0.000251169
132.086 0.000240033
129.584 0.000234649
128.743 0.000246361
127.9 6.00251e-07
129.64 0.000282698
130.426 0.000239388
127.296 0.000243697
128.268 0.000247833
130.528 0.000207456
124.869 0.00024665
123.665 0.000247365
131.218 0.000238155
130.646 0.000242577
127.614 0.00024265
128.234 0.000246071
130.107 0.00027854
129.167 0.000249353
130.24 0.000249043
128.032 0.000262728
127.809 0.000236785
126.621 0.00024407
129.863 0.000254608
130.148 0.000251158
129.913 0.000244738
129.598 0.000240828
126.79 0.000266054
128.002 0.00025242
119.777 0.000233265
128.265 0.000240666
128.331 9.04926e-05
124.759 0.000217151
127.9 0.000242616
131.117 0.000250232
129.574 0.000273662
131.456 0.000189441
122.818 0.000260783
131.572 0.000248944
131.786 0.000249533
131.132 0.000239903
132.665 0.000284229
128.708 0.000251776
126.691 0.000250849
130.037 0.000276991
130.645 0.000272615
129.77 0.0002457
128.945 0.000240095
128.884 0.000243398
130.688 0.000249562
126.028 0.000262702
132.607 0.00025017
129.04 0.000242333
129.842 0.000267626
132.258 0.000242632
131.636 0.000234384
129.202 7.16877e-05
128.814 0.000243361
129.72 0.000242891
127.067 0.000139247
130.519 0.000226731
127.524 0.000237505
129.902 0.000247235
128.079 0.000244866
131.209 1.69858e-06
133.875 0.000240129
125.22 0.000260313
127.517 0.000245491
129.003 0.000240182
129.455 0.000262478
130.426 0.00025848
130.983 0.000246113
132.073 0.000249271
127.574 0.00025457
130.632 0.000262855
130.474 0.000254384
126.452 0.000259936
132.489 0.000259585
129.887 0.000232687
128.654 0.000271281
128.631 0.000253967
130.617 0.00023924
126.931 0.000227666
130.167 0.000254787
129.858 0.000237924
121.694 0.000246303
130.249 0.000256207
132.466 0.000232241
126.901 0.000242674
129.014 0.00023953
129.545 0.000287112
126.761 0.000264842
130.733 0.000273284
127.317 0.000250138
132.616 0.000276697
131.462 0.000245743
129.57 0.000234184
130.517 2.61332e-05
131.253 0.000274272
130.958 0.000225033
129.389 0.000234172
129.372 5.22532e-05
126.043 0.00023586
129.32 0.000270048
133.461 0.000229573
118.221 0.000273661
128.94 0.000262532
129.156 0.000235142
133.243 0.000256515
132.753 0.00023886
131.816 0.000242629
128.174 0.000251319
135.269 0.000244488
127.271 0.000252181
127.949 0.000238523
131.465 0.000249451
131.646 0.000221195
130.18 0.000239014
128.693 0.000249406
125.804 0.000244573
129.928 0.000241574
130.106 0.000256408
131.011 0.000236517
131.475 3.59859e-05
130.739 0.000241828
130.046 0.000248396
129.67 0.000269151
128.402 0.000263122
126.982 0.000274632
131.997 0.000275816
130.997 0.000236634
131.929 0.000242883
129.402 0.000221151
129.044 0.000243523
131.978 0.000254069
128.43 0.000244654
131.105 0.000272223
129.241 0.000253934
129.383 0.000241847
128.858 0.000224954
129.266 0.00025202
127.698 0.00024706
115.56 0.000266386
117.842 0.000243872
127.497 0.000236637
125.766 0.000244612
131.512 0.000274038
119.581 0.000245592
130.908 0.000248541
127.156 9.3961e-05
129.398 0.000241735
132.08 0.000237055
131.164 0.000237648
132.307 0.000245697
129.806 0.000225863
127.908 0.000253182
131.196 0.000270777
128.826 0.000239587
131.364 0.000272252
130.352 0.00023619
122.425 0.000244944
131.61 0.000242938
131.244 0.000286823
127.809 0.000279147
129.163 0.000237377
121.435 0.000274733
119.907 0.000237244
125.063 0.000248272
132.271 0.000258146
131.525 0.000249462
130.692 0.000234512
127.499 0.000241558
128.991 0.000273153
129.769 0.000280956
127.475 0.000241069
130.446 0.000258535
131.334 0.000254011
132.805 0.000244432
123.625 0.000244824
134.226 0.000270444
129.411 0.000241647
131.25 0.000250605
129.409 0.000163934
127.457 0.000249706
129.113 0.000246689
134.104 0.000209837
127.905 0.000241818
121.216 0.00025079
126.53 0.000286223
129.749 0.000227443
129.236 0.000242179
128.503 2.78513e-06
132.741 0.000241491
128.664 0.000266044
130.001 0.00024284
130.813 0.000227202
128.866 0.000282299
132.699 0.000145525
130.405 0.000262526
132.034 3.70535e-05
130.069 0.000242759
130.282 7.41081e-05
129.503 0.000236728
129.353 0.000278825
127.887 0.000287756
131.232 0.000275692
129.221 0.000238869
128.462 0.000239898
129.147 0.000251793
128.775 0.000275296
131.852 0.000140713
127.278 6.60495e-05
131.591 0.000243151
131.767 0.000163673
128.814 0.000247929
129.045 0.00025283
127.3 0.000231766
131.641 0.000277012
129.962 0.000236816
128.842 0.000248876
129.474 0.000273448
127.661 0.000272361
129.219 0.000250936
127.334 0.00024421
129.841 0.00024099
128.159 0.000212382
129.535 0.000245789
130.636 0.000238887
130.069 9.19403e-05
130.254 0.000261293
129.946 0.000248684
128.921 0.000248031
122.928 0.000243178
129.138 0.000249643
126.545 0.000260326
129.134 0.000165594
128.462 0.000243165
130.495 0.000257363
128.418 0.000245122
127.87 0.000229286
126.519 0.000281295
130.313 0.000271385
127.873 0.000264672
128.948 0.000242538
129.326 0.00027509
128.786 0.000261592
128.327 0.000249111
122.57 0.000241727
129.24 0.000239951
127.727 0.00024561
129.045 0.00027252
129.585 0.000255307
129.389 0.000206078
128.266 0.000244314
129.814 0.000273674
130.927 0.000239775
128.101 0.00022404
130.381 0.000260457
127.65 0.000284254
128.738 0.000280961
129.775 0.000241644
130.306 0.000246245
128.53 0.00025305
127.516 0.000235695
130.913 0.000261266
131.177 1.70279e-06
130.097 0.000273845
127.283 0.000242724
130.657 0.000237771
131.891 0.000245692
129.559 7.0853e-05
130.025 0.000240605
128.988 0.000269165
130.989 0.000244713
127.737 0.000243835
129.477 0.000247749
127.108 0.000277942
127.877 0.000245235
128.203 0.000252832
128.092 7.16049e-05
128.287 0.000240751
132.22 0.00024176
128.483 0.000245042
128.898 0.000252039
129.242 0.000245879
127.47 0.000260627
125.126 0.000185704
131.116 0.000274821
127.208 0.000245617
137.606 0.000213508
122.569 0.000266404
129.364 0.00024087
130.436 0.000283703
134.458 0.000251367
130.265 0.000258584
127.129 0.000267952
129.639 0.000240926
127.749 0.000253351
129.657 0.000253269
131.482 0.000187008
132.088 0.000247881
135.209 0.000246486
126.877 0.000249885
128.768 0.000252957
128.236 0.000276078
129.189 0.000236713
128.343 0.000262544
129.892 0.000239172
130.824 0.00015537
126.796 0.000250725
128.956 0.000275322
127.992 0.000241681
127.659 0.000225312
131.428 0.000232246
127.989 0.000271264
128.627 0.000264563
129.222 0.00025707
130.722 0.000241697
131.063 0.000238825
129.615 0.000282764
127.994 0.000239186
122.541 0.000246796
131.433 0.000281934
126.496 0.000252649
130.454 0.000112256
130.65 0.000245468
131.429 0.000252376
127.219 1.16971e-05
132.717 0.000240651
131 0.000249254
131.02 7.36338e-06
129.21 0.000241669
131.455 0.000242208
130.108 0.000235234
131.798 0.000269649
128.736 0.000110743
129.613 0.000240406
126.979 0.000266225
129.62 0.000242509
130.672 0.000241091
128.61 0.000247646
130.72 0.000240669
133.228 0.000242579
130.532 0.000266874
132.169 0.000266633
128.105 0.000257213
130.623 0.000280007
130.948 0.000251551
127.323 0.000247363
124.332 5.3557e-05
128.547 0.00024252
125.087 0.00011172
129.797 0.000246072
132.134 0.000239356
122.847 0.000249866
130.531 0.000248263
130.294 0.000237291
128.937 0.000241173
129.806 0.000240009
126.722 0.000247785
127.157 0.000233576
132.725 0.000259697
130.9 1.7642e-05
129.956 0.000272638
129.986 0.000244582
129.682 3.86109e-05
131.785 0.00023933
124.391 0.000112679
129.669 0.000249587
128.554 0.000238905
129.968 0.000271693
129.367 0.000228271
126.189 0.000224347
131.871 0.000248825
127.787 0.00024831
116.646 0.000255837
116.035 0.00023988
130.143 0.000255332
127.377 0.000254904
130.085 0.000236023
129.64 0.00024032
133.319 0.000252914
129.468 0.000242218
131.895 0.000138304
129.288 0.000226802
137.404 0.000256686
130.884 0.000245579
129.294 0.000270269
129.668 0.000246817
129.497 0.000242368
131.911 0.000250567
128.831 0.000246112
128.22 0.000166151
126.263 0.000275173
128.709 2.50066e-05
126.476 0.000131524
131.588 0.000249632
118.372 0.000228548
129.683 0.000246041
130.306 0.000118596
128.436 0.000249292
128.962 0.0002355
127.965 0.00025679
130.478 0.000242755
130.085 0.000253045
131.405 1.76035e-05
127.914 0.000263846
127.742 0.000274042
130.974 0.000252926
130.044 0.00024431
131.074 0.000242441
129.826 0.000260366
124.647 0.000262563
129.302 0.000275634
129.201 0.000228218
128.842 0.000235882
131.047 0.000251973
131.276 0.000258504
127.751 0.00024855
128.465 0.000270992
127.457 0.000243847
131.427 0.000270483
127.656 0.0002426
130.147 0.000277887
130.838 0.000235226
130.838 0.000205449
132.462 7.32525e-05
131.426 0.000244056
129.029 0.000240803
128.865 0.000252575
129.951 0.000241817
130.453 0.000288172
122.947 0.000275006
129.267 0.000254989
127.675 0.000235901
129.113 0.000239469
130.4 0.00023871
123.731 0.00024845
127.545 0.000220516
129.397 0.000279335
132.381 0.000259756
130.83 0.000281277
129.823 0.000161223
128.708 0.000263768
128.115 0.000240148
126.263 0.000241808
129.149 0.000257594
128.156 0.0002466
130.324 0.000274721
124.274 0.000262791
127.233 0.000274699
130.562 0.000274225
129.561 0.000251054
123.96 0.000265969
129.809 0.000249651
130.04 0.000257474
132.254 0.000249345
129.748 0.000274472
130.864 0.000272953
130.882 0.000248714
128.247 0.000233544
129.462 0.000260714
128.35 0.00026077
132.053 0.000247394
116.421 0.000228839
127.03 0.000251026
133.669 0.000247277
132.745 0.000234637
123.27 0.000273656
128.676 0.000236863
125.352 0.000232613
130.551 0.000245294
129.516 0.000244856
129.976 0.00025084
133.078 0.000254871
129.243 0.000223151
133.03 0.000117981
127.167 0.000237663
127.997 0.000243062
115.569 0.000145834
131.744 0.000233892
130.009 0.000253393
129.908 1.18009e-05
123.262 0.000243031
130.348 1.76488e-05
126.987 0.000235444
131.015 0.000251248
130.528 0.000257823
130.45 0.000239222
128.224 0.000263017
133.071 0.000236756
116.946 0.000257568
128.453 0.000254315
127.959 0.00025116
131.013 0.000240669
130.175 0.000236177
130.273 0.000247711
127.326 0.000259726
128.981 1.78155e-05
130.454 1.02348e-06
130.744 0.000250353
128.991 0.000225714
123.482 0.000218433
126.683 0.000257126
128.364 0.000246409
129.379 0.000253349
131.918 0.00024006
130.421 0.0002491
131.49 0.00027327
130.354 0.000241858
128.186 3.75567e-05
129.576 0.00023299
124.619 0.000249959
116.98 3.76282e-05
132.686 0.000231167
126.633 0.000268552
121.17 0.00026171
129.029 0.000248976
129.853 0.000288555
129.144 1.0207e-06
128.563 0.000240545
130.898 0.00024268
129.297 0.000238451
130.54 0.000260473
130.015 0.000247324
128.361 0.000245728
133.051 0.00018862
122.722 0.000235814
129.736 0.000273517
131.474 0.000257462
129.219 0.000239114
130.453 0.000274307
130.328 3.81505e-05
130.302 0.000238296
130.08 0.000165221
132.981 0.000242463
128.222 0.000264631
132.698 0.000246641
128.738 0.000246284
128.083 0.000249131
129.618 0.000244652
130.774 0.000244258
129.991 0.000246715
130.657 0.000238219
127.602 0.000236721
124.429 0.000220336
130.603 0.000279306
132.398 0.000120036
128.524 1.17732e-05
128.671 0.000206541
130.925 0.000236969
129.25 0.000258509
128.308 0.000238795
131.601 0.000273495
126.217 0.000249419
129.228 0.000236865
129.505 0.000246243
126.091 0.000240349
129.048 0.000266986
131.924 0.000250236
129.438 0.000240656
127.818 1.17137e-05
131.244 0.000255881
129.521 0.000245734
129.686 0.000246186
128.966 0.000238488
131.456 0.00024033
127.549 0.000242057
130.045 0.000240786
130.211 0.000278994
128.891 0.000251229
129.397 0.000253536
128.631 0.00024967
129.023 0.000239112
128.379 7.44355e-05
130.668 0.000266607
128.193 0.000196138
128.156 0.000247294
129.392 0.000273389
129.269 0.0002498
124.44 0.000235742
120.74 9.39658e-05
128.865 0.000275559
130.001 0.000242422
121.586 0.00023639
130.451 0.000242606
131.581 0.000242973
120.162 0.000288897
129.385 5.24266e-05
129.385 0.000234444
129.396 0.000158081
131.17 0.00024545
130.992 0.000273159
127.199 0.000272329
130.346 0.000237439
129.596 0.00023885
125.373 0.000255113
130.142 0.000238881
131.465 0.000254667
123.42 0.000160553
128.412 0.000268679
130.343 0.000240483
129.094 0.000138753
122.001 0.000273885
130.164 0.00023846
129.393 0.000261987
127.605 0.000256613
127.732 0.000228245
130.154 0.00025595
129.272 0.000248332
130.999 0.00026266
128.122 0.000244392
127.519 0.000265633
125.311 0.000261409
128.849 0.000249883
125.026 0.000139613
129.705 0.00025649
128.94 0.000241692
131.487 0.000267167
125.567 0.000237113
131.296 0.000224142
126.514 0.000259985
128.824 0.000215934
129.67 0.000237618
127.728 0.000247201
129.908 0.000241079
130.447 0.000239289
128.52 0.000246895
129.11 0.000223262
130.687 6.85572e-05
127.5 0.000273037
126.654 0.000266886
130.924 0.000277908
131.687 0.00026432
131.083 0.000242432
131.195 0.000234362
127.509 0.000273641
128.693 0.000240303
130.915 0.000273221
128.975 7.05678e-05
128.865 0.000255837
128.548 0.000248876
132.792 0.000242652
131.195 0.000240646
131.805 0.00024107
129.838 0.000248732
125.64 2.44109e-05
131.803 0.000280618
126.599 0.000269874
134.179 0.000253496
130.955 0.00024955
130.498 0.000114466
130.072 0.000221573
132.654 0.000276231
127.632 0.000237637
129.768 0.000243946
125.963 0.000234898
130.452 0.000252108
126.311 1.65886e-05
129.269 0.000223342
129.734 0.000252294
128.333 0.000272199
132.555 0.000239245
130.809 0.000240213
130.276 0.000246062
123.953 0.00023216
128.879 4.73594e-06
130.256 0.000240779
129.177 0.000239728
126.422 0.00023318
133.223 0.00024223
122.283 0.000284629
129.388 0.000214769
131.19 0.000275224
129.972 0.00022144
129.253 0.000265219
124.678 0.000257656
124.945 0.000272746
130.874 0.000248965
130.863 0.000241356
131.058 0.000269714
132.627 0.000248748
130.297 0.00024219
133.757 0.000275706
131.402 0.000278495
127.339 0.000256182
130.082 0.000270092
123.483 0.000241175
128.859 4.46014e-06
131.183 0.000249613
130.19 0.000188693
129.414 0.000272267
130.048 0.000235566
132.508 0.00026231
131.688 0.000235469
128.19 0.000275145
126.965 0.000274431
126.769 0.000239211
129.079 0.000239983
128.711 0.000269197
125.513 0.000247987
130.19 0.000238879
128.376 0.000253126
122.935 0.000243391
125.743 0.000249688
130.569 0.000235414
128.108 0.000282451
128.739 0.00024385
128.487 0.000251247
118.842 3.76945e-05
132.468 0.000261901
128.817 0.000242148
125.952 0.000244201
129.481 0.000278404
116.978 0.000199819
128.784 0.000250462
131.53 0.000257147
127.717 0.00027751
131.013 0.000247017
129.481 0.000256313
129.156 0.000239856
130.872 0.000226173
129.629 0.000207048
129.744 0.000249961
126.201 0.000246355
129.188 0.000257356
130.051 0.000247124
128.264 0.00025905
129.434 0.000222106
130.68 0.000227078
129.302 0.00027895
129.083 0.000269266
128.935 0.000269907
132.869 0.000246832
126.233 0.000244485
125.601 0.000240498
132.951 0.000237615
129.635 0.000231538
128.933 0.000238201
128.941 0.000139271
126.029 0.00028777
129.489 0.000250259
128.851 0.000245352
130.294 0.000284723
129.978 0.000252755
130.869 0.000247527
129.758 0.000237681
129.845 0.00024192
121.01 0.000262284
128.976 0.000241905
130.641 0.000253263
130.127 0.000238714
130.846 0.000238133
130.956 0.000256195
121.582 0.000276671
129.312 0.000243989
123.239 0.00027404
131.895 0.000234554
126.986 0.000274347
129.649 0.000257516
129.239 0.0002507
128.312 0.000243297
127.47 0.000240891
134.49 0.000279649
130.483 0.000242625
127.918 0.00023421
128.434 0.000252391
129.769 0.000237196
129.101 0.000247793
126.495 0.000255978
133.827 0.00023085
129.027 0.000248647
132.386 0.000113788
128.085 0.000244541
127.915 0.000139211
129.692 0.000233682
130.037 0.000276397
128.462 0.000244975
128.111 0.000239836
128.963 0.000238562
129.338 0.000240416
127.662 0.000239797
132.951 0.000247475
129.658 0.000268528
128.804 0.000248851
129.703 0.000251124
130.007 0.000256324
127.838 0.000226081
121.573 0.000232018
128.923 0.000248175
130.73 0.000240317
130.169 0.000110967
130.078 0.00022813
130.634 0.000269818
125.978 0.000246149
131.585 9.27329e-05
130.231 0.000270896
128.478 0.000240486
130.83 0.000256727
129.759 0.000277371
130.368 0.000250743
130.415 0.000210444
129.175 0.000242331
129.289 0.000245995
130.114 0.000265725
129.346 0.000248337
131.91 0.000239354
130.649 0.000273981
129.504 0.000270219
127.846 0.000273931
130.391 0.00025314
129.177 0.00024072
133.363 0.000258341
128.31 0.000253019
126.241 0.000253796
130.047 0.000248491
129.868 0.000251604
130.276 0.00025634
130.928 0.000227577
129.915 0.000275595
128.258 0.000251788
132.764 0.000214106
125.951 0.000238656
131.787 0.000271429
130.451 0.000242707
130.502 0.000269555
128.055 0.000275352
129.926 0.000261979
127.602 0.00025806
130.948 0.000240688
129.804 0.000257405
129.185 0.000247533
130.425 0.000246897
132.058 0.000175785
130.971 9.19276e-05
130.097 0.000120161
128.925 0.000272708
128.476 0.000221931
128.788 0.000243637
129.088 0.000233748
127.395 0.000231415
128.171 0.000261795
130.447 0.000263754
122.872 0.00026232
126.841 0.000244949
126.608 0.000238801
130.315 0.000249891
131.562 0.000242866
131.546 0.000239678
126.966 0.000244585
131.836 0.000243122
127.959 0.000225775
130.089 0.000238227
132.736 0.000272048
130.143 0.000254127
125.779 0.000258001
129.102 0.000240688
129.026 0.000248044
130.53 0.000250534
133.011 0.000243821
131.894 0.000247546
130.469 0.000247269
127.443 0.00023684
128.223 0.000226475
129.909 0.000246031
132.331 0.000252295
128.592 0.000250637
128.706 0.0002536
123.548 0.00026592
127.675 0.000248523
127.843 0.000239121
130.667 0.000230536
130.963 0.000267883
131.213 0.000238412
130.287 0.000276638
126.669 0.000244881
129.017 0.000250831
125.771 0.000187142
129.883 0.000233315
126.077 0.000241605
129.479 0.000242365
130.871 0.000240856
130.106 0.000258407
128.395 0.000248
129.338 0.000249817
128.944 0.000252013
129.127 0.000242207
130.915 0.000243776
129.741 0.000280508
132.142 0.000254324
130.13 0.000137371
129.79 0.000251861
128.617 0.000223019
129.837 0.000254186
127.927 0.000239014
130.15 0.0002767
134.197 0.000243001
130.052 0.000245999
130.521 0.000253074
124.852 0.000247258
118.913 0.000255847
128.034 0.000241427
129.324 0.000242771
131.719 0.00023806
129.603 0.000242337
135.153 0.000247783
131.591 0.000247475
127.548 0.000271888
130.821 0.000240204
130.489 0.000255518
128.776 0.000253201
128.505 0.000241659
129.679 0.000245349
131.087 0.000243046
127.652 0.000274311
129.66 0.000216777
122.572 0.000238011
131.628 0.000235523
130.15 0.000221286
129.135 4.63539e-06
130.249 0.000241777
129.635 0.000247354
130.944 0.000248584
129.332 0.000243989
129.578 0.000262552
127.039 0.000274983
130.921 0.000276883
129.525 0.000239872
131.808 0.000223578
130.042 0.000243909
130.816 0.000241442
127.895 0.000249807
129.374 0.000138236
129.933 0.000224414
128.499 0.000237332
129.324 0.000277042
128.87 0.000249457
128.503 0.000242098
131.85 0.000240047
126.458 0.000262064
128.975 0.000279252
130.027 0.00025182
132.487 0.000238396
129.742 0.000237143
123.578 0.000232669
130.254 0.000224743
130.199 0.000244839
127.721 0.000259396
136.921 0.000241052
131.792 0.000275433
115.231 0.000286089
130.473 0.000248042
128.66 0.000226871
129.847 0.000233404
128.746 0.00027265
130.205 0.000251742
132.888 0.000261579
131.728 0.000235629
131.112 0.000239238
129.468 0.000249012
129.71 0.000259567
129.837 0.000200508
120.496 0.000275196
130.614 0.000219912
132.635 0.000236329
130.71 0.000242938
130.447 0.000241643
130.216 0.000242398
130.501 0.000246765
133.281 0.000274165
129.622 0.000270282
130.071 0.000247234
118.416 0.000242876
132.147 0.000263087
115.074 0.000242053
128.71 0.000265041
130.783 0.00022219
130.356 0.000230282
129.623 0.000228104
129.05 0.000267957
130.027 0.000255157
130.319 0.000247125
130.083 0.000261165
130.126 0.000241294
133.266 0.00025188
130.658 0.000229463
127.795 9.56208e-07
127.133 0.000271624
129.186 0.000239423
131.085 0.000250967
129.655 0.000269179
129.347 0.000258926
127.279 0.000276186
133.379 6.91783e-05
128.05 0.00024995
130.131 0.000185526
127.364 0.000240923
129.525 0.000237407
131.125 0.000281028
128.906 0.000139287
128.26 0.000244766
132.425 0.000267536
129.279 0.000225907
126.683 0.000244873
126.746 0.000244772
125.459 0.000247151
129.197 0.000241654
130.519 0.000246568
124.446 0.000247761
130.209 0.000274284
128.493 0.000267744
130.414 0.000247514
130.659 0.000243256
130.068 0.00027743
120.464 0.000244325
127.87 0.000231388
126.627 0.000271593
130.162 0.000262287
132.082 0.000284565
129.8 4.62201e-06
126.409 0.000278681
130.77 0.000247116
130.166 0.000247931
126.593 0.00025329
129.783 1.02073e-06
128.951 0.000245285
128.811 1.73726e-05
124.198 0.000239256
126.522 0.000255071
129.676 0.000237022
131.164 0.000242036
130.866 0.000250161
128.082 0.000252731
129.963 0.00024087
121.917 0.000273486
129.431 1.54283e-07
130.771 0.000245096
130.251 0.000205785
127.013 0.000240645
131.599 0.000276833
131.184 0.000242127
126.09 0.000249217
132.797 0.000219508
128.343 0.000240493
129.127 0.000251639
130.6 0.000163892
124.218 0.000238083
130.381 0.000242738
130.917 0.000255997
130.197 0.00028171
128.751 0.000233166
127.672 0.000244998
129.683 0.000261072
129.032 0.000237527
127.76 0.00018654
135.196 0.000266716
129.438 0.0002424
125.24 0.000242251
130.702 0.000251723
119.151 0.000271305
128.426 0.000256497
127.604 0.000252564
129.281 0.000250732
128.387 0.000250273
132.17 0.000247439
128.937 0.000234421
127.962 0.000242156
131.956 0.000247
131.953 0.000239056
128.879 0.00023808
128.089 0.000254065
130.673 0.000273349
127.43 0.0002391
130.163 0.000185039
128.244 0.000239084
129.905 0.00024478
131.918 0.000270023
129.609 0.000257751
129.385 0.000236902
129.723 0.00020648
130.466 2.77178e-06
130.38 0.000227852
129.452 0.000242126
128.598 0.000241147
130.408 7.20463e-06
129.191 0.000261354
128.765 0.000263041
122.586 0.000252942
131.83 0.000282093
131.584 0.000254055
129.292 0.000268334
130.015 0.000226234
130.305 0.000242623
130.587 0.000262062
125.641 9.25982e-05
130.769 0.000221638
131.547 0.000244739
124.52 0.000242976
130.816 0.00024899
127.616 0.000275019
117.653 0.000116501
130.621 0.000274088
125.536 0.000269131
129.807 0.00026353
131.308 0.000242427
129.578 0.000259721
130.755 0.000274215
129.124 0.00025351
129.157 0.000225472
127.576 0.000238338
130.4 0.000242138
129.657 0.000235277
131.185 0.000245271
130.396 0.000241475
128.248 0.00026951
127.588 0.000245419
128.762 0.000242203
129.753 0.000273699
130.107 0.000223937
129.915 0.000248901
121.601 0.000243395
128.698 0.000241252
131.931 0.000247787
124.787 0.000238548
117.743 0.000258411
127.876 0.000275894
127.135 0.000227931
132.374 0.000272921
129.324 0.000244355
129.696 0.000235638
130.941 1.17506e-05
131.207 0.000243124
130.355 0.000269273
129.676 0.000225331
129.168 0.00024907
131.515 0.0002413
129.993 0.000240451
125.591 0.000245085
129.382 0.000250527
129.603 0.000238925
128.295 0.000248316
130.766 0.000244815
124.585 0.000253952
128.886 0.000244762
127.043 0.000272635
130.53 0.000241118
129.628 0.000246209
128.857 0.000262533
128.726 0.000273814
128.262 0.000247023
127.224 0.00024839
128.617 0.000243869
128.379 0.000257169
127.455 0.000217826
130.517 0.000243877
129.694 0.000232304
129.837 0.000208809
130.063 0.000254648
128.635 5.23718e-05
128.523 0.000235968
124.729 0.000251194
133.301 0.000240836
131.53 0.000253556
130.485 0.000229334
128.799 0.00024943
126.693 0.000240417
130.694 0.000255003
131.838 0.000242619
128.504 0.000270208
125.402 0.000247398
131.235 0.000237277
126.409 1.14877e-05
129.559 0.000245103
130.899 0.000139491
129.449 0.000248623
130.465 0.000245126
131.348 0.000250474
131.302 0.000240213
129.333 9.14358e-05
130.112 0.000234846
134.32 0.000243578
131.447 0.000242053
130.919 0.000274532
129.265 0.000214594
127.211 0.000246013
127.823 0.000241143
131.304 0.000286338
129.248 0.000247252
121.863 0.000272448
133.315 1.65712e-06
129.395 0.00024325
131.299 0.00023676
129.804 0.000243109
131.088 0.000210568
127.889 0.000256048
130.54 0.000245425
131.099 0.000217298
128.433 0.000275277
132.06 0.000237971
131.678 0.000280941
130.011 0.000272679
120.846 3.72944e-05
130.253 0.000258271
132.227 0.000241181
129.488 0.000216326
127.568 0.000255578
130.638 1.79532e-05
128.291 0.000238479
128.681 0.000251844
128.974 0.000237145
130.064 0.000267891
133.82 0.000238308
131.532 0.000262072
130.643 0.000251363
129.844 0.000237351
131.813 5.19147e-05
127.604 0.00025124
132.397 0.000267686
123.887 0.000118376
131.986 0.000251791
128.291 9.30185e-05
131.067 0.000270811
127.012 0.000238654
129.464 0.000243198
128.004 0.000115413
126.397 0.000261298
129.19 0.000193336
128.307 0.000243342
129.103 0.000242079
129.469 0.000277358
127.319 0.000237499
128.116 0.000259577
130.97 0.000251814
127.847 3.72818e-05
129.179 0.000270607
117.606 0.000230962
130.822 0.000246718
130.44 0.000248131
115.379 2.94493e-06
127.809 0.000243201
130.945 0.000240057
129.986 0.000255261
128.051 0.000229851
129.233 0.000220398
130.539 0.000238876
127.551 7.17105e-05
124.22 0.000251622
129.81 0.000251971
133.165 0.000261774
124.329 0.000276343
133.213 0.000230559
128.874 0.000266903
130.291 0.000239474
128.864 0.000238423
126.74 0.000260395
130.577 0.000249747
131.869 0.000246313
131.51 0.00026555
130.061 0.000250267
130.51 0.000237924
121.957 0.000288098
124.807 0.000212735
129.792 0.000242945
129.807 0.000186309
129.146 0.000114917
130.83 0.000261833
128.922 0.000242487
127.346 0.000237164
123.516 0.000262742
127.451 0.000253269
130.841 0.000274435
129.559 0.000251295
127.072 0.000185861
126.586 0.000271325
131.149 0.000247505
132.429 0.000239782
130.188 0.000242394
131.323 0.000239863
130.049 0.000236113
129.106 0.00020857
125.734 0.000251833
129.295 1.17823e-05
121.101 0.000240725
131.677 0.000253037
129.301 7.18354e-05
132.861 0.000214077
132.014 0.000253878
125.835 0.000240085
132.147 0.000241579
124.977 0.000232459
131.861 0.000255761
129.053 0.00027651
129.158 0.000262881
128.614 0.000245017
133.636 0.000274995
126.486 0.000245737
129.08 0.000242323
130.795 0.000236266
129.88 0.00024351
129.43 0.000262634
129.375 0.00027674
130.189 0.00024108
129.196 0.000238921
129.078 2.67271e-05
127.356 0.000249787
129.493 0.000248113
128.948 0.000254899
127.409 0.000287254
126.776 0.000242774
131.183 0.000201531
130.3 0.00024123
127.262 0.000246236
132.135 0.000276733
130.91 0.000279006
127.573 0.000242945
130.732 0.000264616
128.161 0.000277655
130.862 0.000273002
129.034 0.000262363
122.52 0.000225336
126.051 0.000270154
126.765 0.000233443
131.248 0.000242806
132.173 0.000237852
127.364 0.00024285
127.339 0.000274119
131.302 0.00025681
130.687 0.000250598
128.76 0.000147716
129.467 0.000248702
132.293 0.000259699
132.541 0.000238154
133.261 0.000242271
130.26 6.11057e-07
132.831 0.000234341
134.091 0.000218987
129.545 0.000207109
130.777 0.000241604
128.854 0.000264476
132.282 0.000254481
130.961 2.6912e-06
131.492 0.000244193
129.901 0.000239827
130.862 0.000272808
130.903 0.000250308
129.754 2.79732e-06
123.647 0.000276049
130.035 0.000257701
130.295 0.000249911
136.781 5.46214e-05
121.548 0.000234275
129.634 0.000255975
128.467 0.000245489
129.591 0.000243909
123.703 0.000243365
128.647 0.000244956
130.22 0.000258729
128.204 0.000247761
128.328 0.000240663
127.878 0.000267492
130 0.000273095
131.144 0.000267939
128.908 0.000246305
130.523 0.000265636
128.756 0.000249134
123.153 0.000196166
123.575 0.00024769
132.905 0.000247882
131.507 0.000242166
130.339 0.000250956
127.999 0.000212971
128.495 0.000248321
128.19 0.000139978
130.517 0.000224493
130.334 0.000277698
129.452 0.00024323
130.152 0.000262816
126.925 0.000219872
125.88 0.000247321
130.903 0.000270409
128.664 0.000247538
129.079 0.000227998
128.589 0.000243398
129.665 0.000253475
128.614 0.000247656
133.157 0.000240863
128.477 0.00024346
130.182 0.00024479
129.322 0.000221373
127.244 0.000260769
128.874 0.000248456
128.686 0.00024208
128.714 0.000250886
130.816 0.000207907
128.288 0.000251323
133.012 0.000252132
127.622 0.000247561
128.398 0.00026015
129.986 0.00023686
129.013 0.000253959
128.314 0.000220516
128.654 0.000244255
128.836 0.000189825
130.234 0.000238928
128.77 0.000228106
131.185 0.000223372
130.91 0.000249858
128.712 0.000187932
134.8 0.00023927
121.204 0.000112115
128.836 0.000211538
133.656 0.000243032
129.924 0.000241507
128.964 0.000245267
125.822 0.000266213
118.427 0.000235481
128.873 0.000238945
131.875 0.000241842
125.494 0.000243591
129.128 0.000252576
130.193 0.000259388
129.134 0.000222958
130.371 0.000260266
129.564 1.16847e-05
127.767 0.000243844
125.734 0.000247087
131.363 0.000257771
131.822 0.000246098
125.225 1.13059e-05
129.141 0.000241765
129.785 0.000223124
127.579 0.000246993
123.041 0.000250986
129.529 0.000243158
126.461 0.000264916
132.54 0.000256617
128.321 0.000270559
122.996 2.55566e-05
128.901 0.000271002
131.004 0.000264869
131.525 0.000251185
129.37 0.000249177
128.358 0.000244473
132.789 0.000252239
127.184 0.000138508
128.657 0.000250159
129.729 -0.000242524
130.624 0.000250986
130.008 0.000202746
130.856 0.000240041
128.594 0.000239812
126.714 0.000240205
131.064 0.00024303
128.246 0.00025627
128.614 0.00023856
126.845 0.000271994
130.377 0.000244296
130.255 0.000139299
130.179 2.36186e-05
127.766 0.000233163
128.705 0.000139532
128.684 0.000259439
127.954 0.000229062
132.807 0.000253602
129.094 0.000267294
130.058 0.000246808
130.094 0.00011712
128.632 0.000252276
126.818 0.000236763
127.069 0.000245353
132.19 0.000273133
131.122 0.000244849
129.184 7.2788e-06
127.275 0.00024313
130.095 0.000239153
130.142 0.000240173
129.357 0.000275234
129.851 0.000243733
127.629 0.000273302
133.194 0.000271003
131.899 0.000250034
130.641 0.000269272
129.373 9.29607e-05
131.542 0.00026946
130.087 0.000219487
130.514 0.000237877
127.76 0.000260317
127.686 0.000263152
126.789 0.000274391
132.755 0.000253677
129.832 0.000244574
130.183 0.00026717
133.802 0.000235154
129.048 0.000255165
129.303 0.000237835
130.773 0.000275251
123.978 0.000249134
128.908 0.000247499
129.363 0.000276827
128.804 0.000250421
130.943 0.000252093
128.418 0.00024251
129.879 0.000255664
131.221 0.000242659
127.503 0.000236784
126.55 0.000245968
130.459 0.000244106
127.654 0.00026957
131.563 0.000262347
128.264 0.000237265
126.079 0.000242287
127.444 0.00024072
129.89 0.000116503
130.856 0.000277561
133.21 0.000240717
125.509 0.000258132
127.6 0.000247513
130.184 0.000240814
131.083 0.00025683
130.967 0.000242019
129.44 0.000260302
130.084 0.000240713
131.937 0.000274635
130.802 0.000277273
129.758 0.000237452
130.475 0.000242294
132.063 0.000241147
129.592 0.000242149
129.02 0.000188234
129.999 0.000255261
128.427 0.000248308
128.667 0.000272936
129.78 0.000240198
122.355 0.000247892
130.876 0.000252893
126.563 0.000246016
132.329 0.000246928
129.549 0.000247559
130.439 0.000252079
131.211 0.000237037
130.083 0.000245046
131.51 0.000274342
131.941 0.000261708
129.599 0.000241532
130.321 0.000251068
130.214 0.000274411
128.407 0.000238513
131.638 0.000246068
128.415 0.000251601
121.643 0.000236708
132.107 0.000205041
130.523 0.000242181
119.349 0.000237292
128.254 0.000250348
131.831 4.60166e-06
129.344 0.00027709
133.094 0.000277047
127.521 0.000253034
129.334 0.000248721
127.238 0.00018901
127.547 2.8458e-06
131.653 5.28007e-05
129.153 0.000237854
129.856 0.000248601
126.645 0.000201497
128.13 0.000240859
132.393 0.000114575
127.199 0.000248613
130.266 0.000244451
131.416 0.000115102
132.736 0.000226383
129.551 0.000257638
130.219 0.000240658
127.797 0.000232326
130.726 0.000251362
130.247 0.000222235
128.486 0.000246598
129.729 0.000235762
130.562 0.000254095
129.519 0.000251576
129.306 7.42474e-06
131.245 0.000243835
129.857 0.000246387
128.991 0.000278254
130.253 0.000230708
128.799 9.39371e-05
129.989 0.000244569
129.645 0.000245608
128.986 0.000275767
120.712 0.000287669
131.205 0.00024396
129.612 7.27667e-06
129.347 0.00024444
126.024 0.000258927
128.36 0.000238576
130.551 7.22166e-06
126.876 0.000253394
126.371 0.000209438
131.698 0.000268729
127.896 0.000279982
126.055 0.000250744
128.993 0.000255373
127.982 0.000243406
130.344 1.78653e-05
126.56 0.000249274
130.636 0.000243046
133.189 0.000275423
127.73 0.000227753
126.114 6.82526e-05
128.603 0.000245633
128.597 0.00026124
127.769 0.000278457
127.901 0.000261092
129.389 0.000246031
127.39 0.000250847
128.741 0.00023529
128.655 0.000247575
130.317 0.000170071
128.109 0.000252548
129.453 0.000251504
123.427 0.000249489
123.752 2.56594e-05
128.736 0.000241422
133.39 7.16317e-05
133.221 0.000162862
129.753 0.000259987
116.694 0.000270028
131.655 0.000243504
123.848 0.000226926
128.932 1.78623e-05
128.711 0.000250041
129.132 0.000248658
129.483 0.000270602
125.363 0.000265809
128.779 0.000240812
134.655 0.000228245
127.933 0.000174833
129.697 0.0002752
127.115 0.000243038
130.5 0.000277186
130.358 0.000242406
128.847 0.000117688
130.225 0.000241676
128.35 0.000244075
127.976 0.000243319
126.737 0.000269058
129.999 0.000274048
128.802 0.000263121
126.363 0.00025095
128.749 0.000242914
129.379 0.000242555
129.792 0.000241995
128.897 0.00025017
129.441 0.000261259
130.533 0.000138993
126.621 0.000273395
128.442 0.000241085
126.59 2.42476e-05
117.248 0.000216393
129.011 0.000274695
129.375 0.000269983
128.45 0.000242857
128.357 0.000273909
129.775 0.000255792
127.564 0.000245296
130.565 9.24537e-05
130.069 0.000227977
129.565 0.000250073
129.135 0.000194853
126.859 0.000117438
129.926 0.000234873
130.106 0.000273437
122.874 0.000241768
129.327 0.000232925
128.569 0.000262042
129.668 0.000239467
127.203 0.000244496
129.397 0.000237641
130.54 0.000275506
131.372 0.000255806
130.7 0.000249436
131.408 0.000244587
130.307 0.000188812
127.199 0.000253269
130.689 0.000253132
119.719 1.80616e-05
130.251 0.000243129
118.419 0.00027421
129.979 0.00025583
129.065 0.000245959
129.375 0.0001646
129.13 0.000208955
130.584 0.00025386
124.943 0.000271396
125.775 0.000222728
130.764 0.000278674
125.568 0.000244582
130.094 0.000240768
130.908 0.000266013
131.491 0.000237493
128.569 0.000269474
130.536 0.000228583
130.632 0.000258424
130.522 0.000246746
129.392 0.000238698
131.133 0.000275524
132.485 0.00026386
129.79 0.00025557
131.676 0.000233745
131.86 0.000268154
129.146 0.000256957
131.643 0.000264642
128.977 0.000240245
127.758 0.000181172
115.968 0.000242013
130.794 0.000242238
130.421 0.000214548
130.199 0.000239791
127.526 0.000250224
131.349 0.000244183
128.04 0.000244371
122.542 0.000233209
129.55 0.000249837
131.312 0.000246707
129.649 0.000251272
130.562 0.000275514
127.716 0.000238345
126.798 0.000240042
130.821 0.000288118
128.445 0.000223372
130.586 0.000185366
128.994 0.000259819
123.786 0.000252528
129.332 0.000241024
122.47 0.000283633
134.843 0.000228429
127.031 0.000237612
120.014 0.000243569
131.05 0.000248124
128.539 0.000236436
132.525 0.000251409
129.923 0.000273379
130.908 0.000277925
130.839 0.000211375
129.831 0.000254703
132.396 0.000244991
130.11 0.000243268
128.233 0.00026361
129.108 0.000225292
128.063 7.28779e-06
134.458 0.000278318
129.752 0.000238336
130.604 0.000200246
126.917 0.000234621
129.831 0.000240429
129.096 0.000281776
129.285 0.000141379
125.737 0.000246359
130.66 0.000269994
130.391 0.000241443
124.992 0.000261597
129.82 0.000243347
128.301 0.000259789
121.443 0.000139032
129.379 0.000252762
130.752 0.000255332
129.909 0.000275168
130.64 0.000260322
127.813 4.63416e-06
129.77 0.000274974
129.703 0.000242608
128.267 0.000254985
128.083 0.000252564
130.467 0.000244616
129.662 0.000247645
130.887 0.000207312
132.621 0.000238457
115.34 0.000244536
128.562 0.000244355
133.497 0.0002373
128.415 0.000246314
127.35 0.000261114
129.949 0.000226775
120.438 0.000246531
128.596 0.000264408
129.844 0.000239842
124.954 0.000182386
129.479 0.000272024
130.597 6.59587e-05
132.129 0.000245847
128.565 0.000239365
119.659 4.64538e-05
130.17 1.17981e-05
129.929 0.000266055
129.355 0.000115476
132.409 0.000243578
129.603 0.000114005
127.212 1.01198e-06
129.389 0.000274829
130.087 0.000250346
133.799 0.000249434
131.145 0.000163447
130.619 0.00028182
127.4 0.000231895
121.932 0.000256491
132.613 0.000243242
129.537 0.000247477
130.529 0.000241919
131.015 0.000227473
127.932 0.000250368
120.682 0.000240886
132.072 0.000251992
129.826 0.000238063
131.946 0.000164662
129.124 0.00024954
125.849 0.00025045
127.072 0.000253913
131.472 0.000251726
131.666 0.000261525
129.598 0.0002611
124.054 0.000253619
130.165 0.000271875
128.507 0.000265578
125.645 0.000251096
129.238 0.000240618
126.826 0.000247744
135.002 0.000256189
126.628 0.000278943
126.256 0.000270197
132.878 0.000256042
130.965 0.000235539
128.512 0.000278662
130.254 0.000240632
129.219 0.000270662
130.108 0.000245432
129.135 0.000252187
128.302 0.000259357
129.87 0.000277071
130.635 0.000246688
130.039 0.000287107
129.502 0.000235336
130.644 0.000277359
128.539 0.000260257
126.02 0.000271917
127.704 0.000268114
129.784 0.000210634
127.721 0.00024975
130.27 0.000272583
128.385 0.000241072
131.012 0.000211736
129.062 0.000263738
130.312 0.000247629
137.167 0.000231088
128.499 0.00023043
119.733 0.00023035
129.085 2.66702e-05
129.171 0.000270854
131.215 0.000248029
130.018 0.000273885
129.588 0.000243101
132.201 0.000164949
133.011 0.000251228
127.883 0.000242068
128.469 0.000251248
130.141 0.000242168
129.223 0.000244106
129.422 0.000243554
129.785 0.000252918
133.001 0.0002472
131.289 0.000228289
133.266 0.000234811
128.564 0.00024902
129.248 0.000162053
131.759 0.000227151
127.022 0.000187829
127.137 0.000232769
130.087 0.000273258
131.871 0.00026012
130.952 0.000248434
129.268 0.00021163
131.497 4.61405e-06
120.241 0.000247966
128.405 0.000158883
128.927 0.000229747
128.562 0.000226941
130.904 0.00024585
122.215 0.000241237
131.697 0.00024956
130.383 0.000271151
129.281 0.000207198
124.07 0.00023663
127.179 0.000241019
127.608 0.000243726
129.348 0.000231528
131.26 3.86187e-05
121.744 0.000248715
130.995 0.000163951
132.853 0.000238786
130.764 0.000279348
128.921 7.1262e-05
126.598 0.000242582
130.406 0.000276029
131.538 0.000238834
129.03 0.000277269
130.284 0.000265115
129.442 0.000248888
129.801 0.000243095
129.555 0.000237514
127.897 0.000245839
130.63 0.000246113
128.854 0.00024481
128.481 0.000270564
129.646 0.000258884
126.991 0.000115103
130.246 0.000261463
128.759 0.000225675
129.888 0.000248271
129.015 0.000139347
127.788 2.79345e-06
130.386 0.00013749
128.176 0.000252397
130.564 0.000276695
130.837 0.000257675
130.415 0.000266375
130.318 0.000255116
130.061 0.000239197
129.124 0.000241722
128.64 0.000269241
129.009 0.000242266
129.755 0.000247101
129.341 0.00027283
129.473 0.000248436
129.649 0.000238892
130.227 0.000189552
130.447 0.000148992
127.953 0.0002684
128.909 1.14154e-05
128.324 0.000221678
129.945 0.00023989
129.014 0.000241476
131.664 0.000243165
129.985 0.000242907
133.146 0.000251324
131.882 0.000275461
130.571 0.000238401
128.07 0.000222401
129.037 7.16067e-05
130.275 0.000248768
129.652 0.000250111
132.042 0.000234202
127.528 0.000250474
130.094 0.000240193
130.402 0.000245804
128.46 0.000246568
128.338 0.00021068
131.983 0.000267166
130.958 0.000244903
131.288 0.00027409
130.72 0.000285797
132.907 7.00418e-05
129.546 0.00023954
127.895 0.000244409
131.027 0.000273419
130.083 0.000266029
132.04 0.000263311
131.022 0.000241217
130.931 0.000233846
129.445 0.000275852
128.456 0.000266428
125.722 0.000259588
131.607 0.000238762
131.975 0.000222374
132.318 0.000256608
134.147 0.000163545
129.379 0.000225045
128.397 1.02996e-06
129.64 0.000238039
127.599 9.25264e-05
125.506 0.000275728
128.488 0.000240191
121.228 0.000242669
125.661 0.000245781
131.564 0.000241477
118.916 0.000259946
128.778 0.000247733
129.816 0.00023733
130.544 0.000214399
131.253 0.000245476
124.819 4.90198e-05
128.979 0.000246957
127.846 0.000238322
130.251 0.00027082
125.141 0.000236483
130.478 0.000239325
128.927 0.000264196
127.195 0.000256099
131.505 0.000283549
129.643 0.000255567
128.99 0.000249452
131.262 0.000246752
132.55 0.00022802
132.067 0.000237696
130.645 0.000253856
118.071 0.000257993
130.25 2.7902e-06
129.333 0.000244078
130.312 0.000248585
135.117 0.000233518
133.704 0.000236578
134.582 0.000247033
126.906 0.000250033
128.763 0.000278109
128.085 0.000251774
133.451 0.00021858
131.517 0.00028037
129.264 0.000247078
128.64 0.000241763
132.12 0.000262086
129.275 0.000243834
130.252 0.000240312
129.383 0.000256946
119.288 0.000248259
128.318 0.000245879
131.525 0.00024283
122.564 0.000237339
125.24 0.000238322
130.122 0.000247179
127.743 0.000242662
130.879 0.000260029
133.396 0.000270355
127.862 0.0002586
127.59 0.000234438
127.841 4.88492e-05
124.426 0.000249133
129.006 4.56026e-06
122.863 0.000276951
129.377 0.000263512
130.436 0.000280176
130.841 0.000244944
127.663 0.000258751
129.754 0.000247035
129.932 0.000249933
126.17 0.000225706
130.723 7.17196e-05
129.759 0.000234765
128.451 0.000241824
125.376 0.000253149
132.386 0.000280459
129.072 0.000235586
127.076 0.000248398
130.229 0.000203547
130.792 0.000243605
127.481 0.000239459
129.062 0.000229196
122.887 0.000250035
131.014 0.00011455
122.726 0.000254582
130.658 0.000276708
127.396 0.00024358
133.503 0.000233269
127.671 0.000242377
129.491 0.000245705
131.753 0.000277612
131.103 0.00018077
132.778 0.000266535
129.276 0.000278571
131.423 0.000234457
129.25 0.000241729
128.29 0.000254256
127.224 0.000237829
130.586 0.000245235
129.852 0.000265148
129.676 0.00016279
127.627 0.000272484
125.75 0.000248505
130.428 0.000276921
130.602 0.000253639
127.919 0.000246972
128.589 0.000256334
130.564 0.000243042
129.659 0.000237003
130.715 0.00027336
129.592 0.000248935
121.746 0.000257947
131.946 0.000275801
130.584 0.000261144
129.148 0.000264913
129.576 2.46976e-05
128.505 0.000192088
129.642 0.000238679
128.957 0.000245141
130.024 0.000248268
126.797 0.000252426
130.643 0.000275337
130.835 0.000274429
127.592 0.00025845
130.322 0.00026602
130.809 0.000238616
128.253 0.000265619
130.893 5.17453e-05
132.051 0.000265355
121.939 0.000238283
130.705 0.000274344
129.668 0.000250396
130.353 0.000258973
131.213 0.000248151
133.068 0.000235577
131.517 0.00024743
131.764 0.000238091
131.849 0.00023648
132.231 0.000233433
130.577 0.000232331
129.367 0.000239238
129.894 0.000243652
123.621 0.000251584
129.048 5.22342e-05
