117.463 0.000244609
120.388 0.00025514
120.701 0.000251991
119.1 0.000124313
123.752 0.000251527
126.95 0.000262071
117.417 5.49588e-05
117.255 0.000260428
119.495 0.00027785
115.98 0.0003635
119.814 3.94288e-05
119.548 0.000316902
115.818 0.000391511
119.799 0.000415659
119.593 0.000395709
120.524 0.000379352
117.729 0.000369382
125.394 0.000384836
115.575 0.000373267
120.277 7.31128e-06
122.004 0.000410725
117.741 0.000377035
118.672 0.000388792
121.861 0.000378381
121.1 0.00036593
120.561 0.000416536
116.172 0.000377151
