122.432 0.000218067
127.288 0.000233261
130.214 0.000229738
129.715 1.58772e-06
124.665 0.000252138
132.046 0.000278794
128.588 0.000250717
130.843 0.000238027
130.408 0.000273141
128.739 0.000252663
128.133 0.000243725
129.939 0.000239537
129.776 0.000233782
126.85 0.000273348
128.833 0.000251335
127.5 0.000238439
119.037 0.00027211
132.218 0.000268831
127.951 0.000260243
130.102 0.000247207
122.637 0.000251199
129.365 0.000276629
125.727 0.000245813
127.319 0.00014623
129.12 0.000164022
128.219 0.000246786
125.814 0.000247941
131.984 0.000242238
130.028 0.000287252
130.071 2.64397e-06
129.679 0.000264236
132.43 0.000270388
133.925 0.000254317
130.812 0.000256008
117.251 0.000273804
128.897 0.000271445
131.951 0.000275848
133.554 0.000244858
123.496 0.000226746
126.522 5.21156e-05
129.103 0.000255755
129.641 0.000257982
124.45 0.000277616
129.753 0.000239001
127.24 0.000253169
129.833 0.000134051
130.162 0.000256154
129.26 0.000254004
131.835 0.000252754
128.943 0.000237094
132.203 0.000259999
129.188 0.000262383
127.481 0.000250627
130.53 0.000245264
131.96 0.000244655
131.294 1.17029e-05
129.533 0.000246624
129.748 0.000245425
128.963 0.000251686
125.479 0.00022515
129.055 0.000249983
129.521 0.000249311
128.04 0.000250246
130.51 0.000270586
130.263 0.000238454
130.906 0.000270017
129.922 0.000239317
130.141 0.000241747
127.482 5.21633e-05
130.526 0.000244328
131.77 0.000267304
129.035 0.000242655
131.106 0.000256027
126.123 0.000260705
128.665 0.000251357
130.018 0.000262788
130.315 0.000243681
132.668 0.000271574
130.337 0.000240949
130.421 0.000242559
126.688 0.000255593
116.207 0.000247753
133.02 0.000248075
131.206 0.000272407
129.314 0.000243478
131.594 0.000243796
119.873 0.000270715
126.705 0.000249135
129.59 0.000251269
132.135 0.000263172
127.896 0.000271165
128.99 0.000267628
129.067 1.71145e-06
131.195 0.000249398
129.088 0.000250318
129.039 0.000243969
126.255 0.000247498
131.729 0.000280637
129.174 0.000259781
125.811 0.000244484
127.582 0.00023734
129.346 0.000139892
128.799 0.000255399
131.692 0.000234489
130.534 0.000233769
132.329 0.00025162
129.184 2.64154e-05
126.15 2.84044e-06
128.386 0.000227549
127.459 0.000275237
129.709 0.000223707
128.679 0.000249961
130.376 1.76775e-05
130.578 0.000239243
128.757 0.000255491
126.417 0.000257476
128.294 0.000243043
130.607 5.04494e-05
129.246 7.30796e-06
125.65 0.000249727
130.024 0.00022583
136.491 0.000242029
122.977 0.000244528
128.445 0.000268003
128.01 7.125e-05
129.319 0.000236961
126.346 0.000270775
127.799 0.000244494
129.334 0.000238121
133.065 0.000243546
127.629 0.00024991
130.471 0.000268616
129.018 0.000251225
127.214 0.000243723
130.553 0.000241778
130 0.000261757
129.485 0.000272531
128.665 0.000248794
136.1 0.000253213
129.459 0.000244887
130.657 0.000259242
130.809 0.00024016
128.641 0.000266319
129.244 0.000255364
125.973 0.000249104
126.225 0.000239359
128.323 0.000282875
130.166 0.000247821
130.284 0.000252068
124.06 0.000251003
131.066 0.000241546
132.133 0.000242616
130.635 0.000281903
130.176 0.000239592
122.523 0.00024329
132.301 0.000242547
126.435 0.00020806
126.765 0.00025309
126.32 0.00026432
127.048 0.000241195
130.07 0.000241582
129.329 0.000274274
129.427 0.000246841
131.02 9.38313e-05
126.025 0.000243459
126.791 0.000247953
129.675 9.34523e-05
132.707 0.000265879
130.177 0.000262425
128.459 7.35575e-05
124.998 0.000245517
126.926 0.000257918
129.214 0.000281442
130.882 0.000238536
130.605 0.000245194
129.388 0.000260624
117.772 0.000235431
128.998 0.000274585
130.545 0.000243593
118.29 0.000226382
128.591 0.000142564
130.153 0.000140429
129.027 0.000250729
129.558 0.000219664
130.072 0.000270134
127.375 0.000246776
133.826 0.000229422
127.251 0.000205049
125.257 0.00024923
124.251 0.000225794
130.979 0.000280691
129.081 0.000240604
135.709 0.000140903
130.746 0.00025246
130.44 0.000239378
128.45 0.000247293
131.074 0.000231128
130.587 0.000261965
130.97 0.00027714
126.976 0.000229575
127.64 0.000258332
131.998 0.000257566
135 0.000256148
129.728 5.00296e-05
129.152 0.000284697
128.72 0.000282514
126.8 0.000245773
131.62 0.000229647
132.639 0.000275355
130.95 0.000242225
132.651 0.000222743
124.01 0.000259625
131.147 0.000190106
128.695 0.000261569
128.084 0.000269282
131.218 0.000239857
130.18 0.000181046
117.252 0.000244499
126.449 0.000237886
131.582 3.52412e-05
131.623 0.000237285
130.204 0.000236814
136.031 0.00022941
130.987 0.00027111
116.08 7.2038e-05
128.048 6.81561e-06
130.458 0.000241011
128.694 0.000271726
134.642 0.000254648
127.898 0.000240364
129.192 0.000208861
130.351 0.000262987
134.031 5.18341e-05
127.648 0.000255516
130.036 0.000251891
128.389 0.000207877
128.021 0.000253622
129.667 0.000248101
130.628 0.000243763
127.062 0.000256206
128.068 0.000224307
131.588 0.00023495
129.312 1.75306e-05
131.353 0.000235714
130.984 0.000251806
130.839 0.0002544
130.229 0.000238715
129.552 0.000240396
129.056 0.000272583
132.003 0.00024871
130.031 0.000272794
128.983 0.000271488
131.8 0.000239122
130.003 0.000239912
129.325 2.67107e-05
128.06 0.000236564
127.998 0.000271673
129.246 0.000285619
129.311 0.000251084
131.44 0.000248715
130.454 0.00024077
128.885 0.00023602
130.998 0.000245017
128.917 0.000245348
129.817 0.000264564
125.799 0.000275977
128.181 0.000275792
130.236 0.000248937
127.896 0.000244721
128.885 5.39533e-05
129.983 0.000246858
127.498 0.000242433
129.099 0.000276498
129.155 0.000248765
123.147 0.000254477
128.489 0.000234703
130.776 0.000245326
129.708 0.000116583
129.468 0.000248792
129.806 0.000239761
134.98 0.000236249
128.973 0.000241816
131.07 0.00026076
129.795 0.000248436
125.761 0.000274297
128.795 0.000241282
130.404 0.000278651
118.904 0.000264723
130.67 0.000242765
129.772 0.000243318
132.862 0.000238092
133.895 0.000279013
130.992 0.000244927
130.099 0.000246353
127.508 0.000265457
130.329 0.000244258
127.732 0.000242723
130.16 0.000251101
130.115 0.000244371
130.561 0.00025161
128.739 0.000240982
129.504 0.000227006
127.235 0.000279203
130.855 0.000229668
129.142 0.000247218
130.409 0.000276967
138.523 0.00025028
129.914 0.000251595
125.779 0.000252696
128.43 0.00022699
129.742 0.000258943
128.984 0.000245461
130.993 0.000267484
128.929 0.000241972
131.584 0.000245798
128.02 0.000258324
127.815 0.000247868
126.638 0.000241352
133.267 0.000251444
132.155 0.00023907
129.384 3.73371e-05
126.548 0.000137758
128.208 0.000249481
130.157 0.000223556
129.353 0.000238017
131.755 0.000276339
131.606 0.000219964
133.882 0.000227165
130.191 0.000114896
132.061 0.000250316
125.898 0.000239245
127.543 5.46646e-05
127.727 0.000236598
129.176 0.000241652
131.344 0.000287074
131.218 0.000237217
129.898 0.000188948
126.668 0.000253228
124.605 0.000228989
128.441 0.000116948
127.796 0.000257724
128.023 1.17676e-05
130.281 0.000225695
129.375 0.000163228
129.399 0.000229864
130.592 0.000238426
132.168 0.000213122
132.25 0.000251152
132.347 0.00024175
131.298 0.000176273
129.594 0.000113487
131.811 0.000255481
130.132 0.0002502
124.611 0.000118337
124.274 0.000274226
130.211 0.000274399
127.378 0.000269951
128.187 0.000238335
130.977 0.000252355
131.353 9.32189e-05
130.189 0.000227687
129.417 0.000235712
129.293 0.00025068
125.274 0.000204874
130.043 0.000229543
129.792 0.00024806
128.572 0.00023717
129.917 0.000240583
118.976 0.000251426
127.62 0.000238753
122.693 0.000275963
129.504 0.000243406
126.491 0.000251439
123.87 0.000164774
127.943 0.000243757
132.673 0.000232215
128.81 0.000247599
119.015 0.000245563
129.064 0.000246129
133.149 0.000243093
128.496 0.0002378
130.251 7.51485e-06
129.136 0.000275587
127.805 0.000263891
129.261 0.000239771
131.64 0.000241845
126.646 0.000231969
128.229 0.000237361
127.963 0.000265761
129.876 0.000235604
129.675 0.000249437
122.989 0.000244394
130.127 0.00022159
121.355 0.000223719
133.622 0.000263688
128.827 0.000233623
119.059 0.000164243
132.376 0.000228358
125.187 0.000246101
130.364 0.000205354
128.833 0.000243219
130.32 0.000238932
129.339 0.000241324
128.613 0.000265931
130.092 0.000291587
129.73 0.000244217
129.026 0.000238891
128.806 0.000249031
129.938 0.000253705
129.894 0.000275008
125.992 0.00022816
123.907 0.000185367
131.429 0.00026936
129.031 8.89411e-05
127.943 1.12045e-05
135.914 0.000234995
130.097 0.000243085
129.581 0.000248467
124.185 0.000249139
126.936 0.00022809
117.08 0.000262672
126.826 0.000195901
130.933 0.000243481
130.863 0.000257603
127.406 0.000274123
130.044 0.000263409
129.588 0.000244099
127.445 0.000276089
135.654 0.000237337
130.925 0.000259431
129.836 0.000208892
129.679 0.000251829
128.91 0.000273595
131.131 0.000258456
129.6 0.000262049
136.977 0.000245175
128.935 0.000267175
130.97 0.000242281
119.683 0.000242972
131.71 0.000255053
133.28 3.69989e-05
128.748 0.000269572
127.323 1.67987e-06
129.489 3.83134e-05
127.867 0.000253646
126.662 0.000244025
124.765 0.000242584
130.687 0.00027164
123.242 0.000153203
131.622 0.000283945
128.66 0.000225504
123.233 0.000277709
128.354 0.000247553
131.096 0.000247411
123.503 0.000243079
130.549 0.000138224
127.568 0.000253924
127.63 0.000228716
128.981 0.000230374
129.059 0.000259609
130.271 0.000140177
127.484 0.000272282
128.748 0.000208347
131.452 7.33671e-06
129.786 0.000248118
127.571 0.000275802
130.237 0.000242178
128.762 0.000270738
129.326 0.000251034
131.056 0.000258466
131.338 0.000262045
128.187 0.000243557
128.298 0.000248285
129.579 0.000241094
124.573 0.000260701
131.231 0.000263478
130.478 0.000227115
126.262 0.000268456
130.184 0.000251649
129.325 0.000238842
131.092 0.000206768
126.13 0.000244017
130.014 0.00027202
128.421 0.000246951
130.918 0.000240591
127.635 0.000238241
130.826 0.000251264
129.046 0.000241324
130.927 0.000141423
130.426 0.000236846
129.876 0.000261118
124.482 0.000145498
124.946 0.000252428
131.342 0.0002371
129.547 0.000246227
130.005 0.000241149
126.916 0.000233508
128.344 7.06124e-05
128.386 0.00011291
128.095 0.000232235
130.155 0.000248867
128.089 0.000258206
131.716 6.81061e-05
128.148 0.000115204
129.759 0.000241344
129.437 0.000227301
131.302 0.000244681
130.806 0.000243325
129.933 0.000238953
131.492 0.000238886
129.245 0.000233294
128.484 0.000250377
130.548 0.000277886
126.986 0.000247359
129.682 0.000239181
129.432 1.75023e-05
129.995 0.000258392
128.648 0.000273796
131.29 0.000242007
131.918 0.00023935
129.903 0.000276298
130.031 1.1809e-05
128.375 0.00023785
132.498 0.000242358
128.593 0.000114604
132.954 0.000231392
129.503 0.000243616
133.68 0.000262198
130.118 0.000243937
129.256 0.000203199
128.175 0.000248978
129.879 0.000240472
129.583 2.64707e-05
129.22 0.000259908
131.007 0.000248191
128.335 0.000249324
130.269 0.000237704
131.709 0.000249143
130.639 0.000242981
132.523 9.38566e-05
129.838 0.000239334
132.527 0.000223779
127.011 0.000236526
117.481 0.000207401
130.321 0.00023843
131.005 0.000239313
131.156 1.62502e-07
130.855 0.000116896
131.124 0.000240366
129.052 0.000188017
124.818 0.000253389
132.291 0.000241745
128.993 0.000276471
132.094 0.000249033
129.839 0.000229865
133.006 0.000241995
128.619 0.000239218
133.639 0.00023935
129.126 0.000241014
129.827 0.000249447
129.263 9.37685e-05
131.828 0.000260653
131.467 0.000274476
128.226 0.000276899
128.644 0.00024193
128.874 0.000239212
130.281 0.000225975
129.6 0.000243116
123.192 0.00027063
131.022 0.000273052
130.255 0.000138724
131.077 0.000243258
131.074 0.000246481
129.509 0.000244706
129.211 0.000244069
126.073 0.000278586
131.017 0.000240543
129.113 0.000270445
130.805 0.000245937
126.847 0.000248193
127.537 0.000240871
133.694 0.000241037
128.605 3.72622e-05
127.519 0.000262206
129.093 3.50891e-05
129.603 0.000272014
126.454 0.000273314
130.477 0.0002378
129.824 3.79777e-05
128.607 0.000268454
123.867 0.00027341
125.681 0.000272415
129.115 0.000246634
126.578 0.000274834
124.965 0.000239158
129.135 0.000241948
127.483 0.000164577
129.136 0.000249895
132.103 5.31019e-05
128.75 0.000242892
128.812 0.000252654
129.876 0.000255363
125.299 0.000242795
130.525 0.000239274
127.594 0.000113965
131.047 0.000278897
131.145 0.000244555
128.529 0.000229255
126.901 0.000247037
127.218 0.000261075
130.14 0.000268344
128.673 0.000251012
126.036 0.000244601
130.658 0.000240248
129.977 0.000264226
128.557 0.000211501
130.408 0.000250403
127.768 0.00024794
131.624 0.000241862
130.205 0.000241401
134.216 0.000254712
130.621 0.00023911
129.401 0.000223077
130.434 0.00024378
131.458 0.000164521
129.491 1.1592e-05
130.914 0.000200939
132.937 0.000250464
124.634 0.000243376
129.664 0.000225758
122.032 0.000240385
126.729 0.000278842
123.072 0.000235029
126.833 0.000274036
127.117 0.000223009
126.799 0.000263058
127.502 0.000260795
127.46 0.00024106
129.024 0.000263091
129.933 0.000277905
131.403 0.000229882
130.3 0.000258729
129.249 0.000267635
128.56 0.000260843
130.991 8.68635e-05
129.277 0.000252387
126.474 0.000270728
130.271 0.000246154
129.354 5.24886e-05
130.297 0.000251696
129.58 0.000253415
127.936 0.000273524
126.985 0.000263246
117.1 0.000252677
120.914 0.000238262
130.83 0.000199013
129.787 0.000253166
130.681 0.000238211
128.562 0.000238909
129.884 0.000244565
132.163 0.00025372
129.409 1.1743e-05
128.197 0.000269718
126.979 0.000259155
130.189 0.000258828
129.829 0.000276371
127.609 0.000270285
127.064 0.000245525
133.035 0.000250608
128.598 0.000251103
129.72 0.000263825
122.612 0.000261061
127.102 0.000249029
126.399 0.000252095
129.57 0.000249988
126.615 0.000169829
129.409 0.000113627
128.027 0.000253538
128.811 0.000238516
131.299 0.000243437
131.633 0.000243386
127.974 -0.000252888
124.633 0.000266726
130.025 0.000258829
129.346 1.1706e-05
132.196 0.000272616
129.713 0.000247798
129.784 0.000259073
127.879 0.000260188
128.817 0.000222121
129.01 0.000239319
128.686 0.000274892
131.333 0.000277896
129.357 0.000246708
126.493 0.000238822
129.304 0.000247268
128.607 0.000239667
120.274 0.000243849
131.058 0.000239875
131.706 0.000270693
129.715 0.000262703
119.733 0.000275452
130.146 0.000276469
130.504 0.000279706
126.29 0.000262346
130.136 0.000188603
122.826 0.000277859
138.493 0.000235627
129.358 0.000245306
129.249 0.000167149
122.751 0.000278693
131.57 0.000263436
132.475 0.00024896
131.074 0.000274895
129.704 0.000236062
128.347 0.000274548
131.483 0.000243709
131.729 0.000239847
131.228 0.000253732
129.803 0.00024414
131.426 0.000250214
127.362 0.000265397
128.383 0.000222933
129.057 0.000282655
127.796 0.000272051
130.244 0.000241458
130.88 0.000245646
130.401 0.000265645
128.72 0.000223757
131.557 0.000246491
133.205 0.000243834
127.838 9.40841e-05
133.892 0.000270619
131.586 0.000226214
130.142 0.000251632
131.61 0.00024703
129.085 0.000252073
127.826 0.000256421
127.422 0.000240681
132.844 0.000245832
131.84 0.000249552
130.22 0.000248055
131.094 0.00024272
128.629 0.000243227
130.651 0.000260196
127.547 0.000111855
133.479 0.000236575
122.78 0.000205971
127.602 0.000247069
132.501 0.000278693
129.063 0.000254601
130.426 0.000242052
128.244 0.000253678
125.526 0.000264855
131.745 0.00024448
123.863 0.00025497
127.291 0.000244444
128.983 1.16195e-05
127.152 3.77697e-05
131.048 0.000260006
128.89 0.000252207
127.524 0.000242269
128.172 1.69188e-06
129.77 0.000275624
130.21 0.000287867
130.61 2.62942e-05
129.218 0.000237356
127.479 0.000259203
132.359 0.000242623
128.376 0.000238543
126.989 0.000226251
123.16 2.23853e-07
129.038 0.000229312
132.037 0.000258468
130.012 0.000251098
129.428 5.32335e-05
130.038 0.000258815
127.827 0.000273313
129.236 0.000237597
129.738 0.000191651
126.986 0.000220627
130.758 0.00025978
128.78 0.000278929
131.535 0.00026596
129.529 0.000242866
133.535 0.000232648
127.407 0.000282437
128.901 0.000258584
129.507 0.000243737
126.551 0.000240722
127.731 0.000238626
121.422 0.00024038
129.812 0.000241851
130.957 0.000258828
127.564 0.000248117
128.423 0.000242364
129.869 0.000209926
133.076 0.000196475
129.034 0.00025265
130.292 0.00025535
129.58 0.000225771
126.781 0.000243171
131.142 0.000241684
130.901 0.000222356
128.333 0.000240198
128.275 0.000247275
126.784 0.000276241
128.723 0.000245355
133.186 0.000254824
128.293 0.000242764
130.372 0.000253022
124.002 0.000242727
127.961 0.000231479
128.019 0.000251918
130.044 0.000262054
131.027 0.000239084
130.974 0.000191891
128.148 0.00028005
128.359 0.000232517
129.628 0.000241435
130.428 0.000254826
131.384 0.000272275
115.28 0.000250006
132.457 0.000279974
124.473 0.000214435
127.839 0.000250553
116.733 0.000244267
130.91 0.000246684
129.654 0.000198279
134.698 0.000255541
120.956 0.000244351
134.151 0.00024824
132.365 0.000270162
130.3 0.000251941
131.515 0.000252476
127.903 0.000232502
130.538 0.000243917
132.831 0.000227309
127.736 0.000138972
129.958 0.00024704
132.674 0.000279422
130.284 0.000267561
132.563 0.000241324
120.053 1.70715e-06
130.353 0.000275257
130.266 0.000256676
127.656 0.000239619
120.349 0.000253207
129.857 7.06274e-05
130.497 0.000247719
129.313 0.000254942
129.472 0.000242528
126.673 0.000274823
128.38 0.000276285
132.831 0.000212156
127.003 0.000241546
129.186 0.000241207
130.802 0.000256726
126.573 0.00024642
130.503 0.000245045
131.976 0.000253807
124.419 0.000244652
129.997 0.000257407
131.525 0.000241189
131.884 0.000196848
123.6 1.65813e-06
128.82 0.000271626
122.569 0.000209018
127.137 0.000252911
131.885 0.000227474
129.44 0.000242561
127.364 1.17094e-05
128.477 0.000237839
133.329 0.000233856
132.005 0.000266085
128.71 0.000250176
129.308 0.000244696
126.997 0.000272293
131.976 0.000238335
126.005 0.000201484
121.232 0.000228974
129.113 0.000237959
129.172 0.000245241
128.349 0.000249008
128.46 0.000243135
120.761 0.00025556
125.014 0.000238465
127.322 0.000243194
129.588 0.000229135
129.012 0.000251006
128.705 0.000251637
126.416 0.000263445
130.034 0.000237859
129.049 0.000240125
129.417 0.000245645
128.207 7.09574e-05
129.921 0.000166992
127.628 0.000247814
129.876 0.000241464
128.857 0.000238247
135.232 0.00025592
126.055 0.000115119
129.331 0.000272671
126.223 2.59946e-05
124.88 0.000251315
118.704 0.000250015
121.521 0.000271888
119.079 0.000274411
131.832 0.000275833
131.925 0.000185742
131.141 0.000275476
130.765 0.000238627
125.601 0.000249737
129.158 0.000243416
129.574 0.000244606
131.955 0.000235202
128.9 0.000277475
131.621 0.000259009
134.746 0.000235009
130.552 0.000237931
129.571 0.00024888
132.499 0.000268858
131.197 0.000251798
127.236 0.000273473
127.59 0.000243294
130.766 0.000266531
130.366 0.000244286
129.738 0.000247373
130.444 0.000246103
130.574 0.000262155
132.328 0.000239544
130.241 0.000259471
125.939 0.000260811
129.703 0.000274846
129.989 0.000250306
127.268 0.000242879
130.296 0.000279897
128.278 0.000275792
134.206 0.000271636
130.21 0.000247568
125.38 0.000260268
130.757 0.000253227
131.196 0.000240343
127.042 0.00022866
129.066 0.000271215
131.395 0.000242324
129.775 1.16436e-05
129.206 0.000262068
132.105 0.000194046
128.429 0.000208972
125.177 3.8757e-05
133.462 0.000242175
127.661 0.000247547
128.977 0.000233543
130.563 0.000240957
128.571 0.000243527
128.158 0.000241173
123.911 0.000245104
126.065 1.74526e-05
125.283 0.000211138
130.829 0.000229403
128.563 0.000250306
130.257 0.000117061
128.455 0.00023689
129.268 0.00025235
129.98 0.000231871
131.66 0.000240037
130.52 0.000264741
133.361 0.000234663
129.858 0.000244722
127.77 0.000247905
125.705 0.00024712
131.456 0.000262013
130.921 0.000228048
129.852 9.23814e-05
129.703 0.000229764
129.312 0.000242941
129.972 0.000272481
130.76 0.000265514
131.613 0.000278674
128.567 0.000247536
129.547 0.000228459
130.438 0.00025104
124.673 0.000270383
127.307 0.000243626
131.282 0.000238948
127.753 0.000270663
129.556 0.000244615
130.274 0.000252018
132.022 0.000244483
128.592 0.000257175
124.983 0.000229813
128.186 0.000246191
130.43 0.000251854
127.525 0.000223932
129.962 0.000243408
129.666 0.000239234
127.462 0.000240222
129.763 0.000264934
129.448 0.000257645
128.303 0.000243293
128.401 0.000252927
128.401 0.00026391
132.834 0.000256772
123.504 0.000259951
131.193 0.00023493
128.294 0.000235908
128.644 0.00023863
129.205 0.000275809
127.922 0.000242922
125.775 0.000262515
128.028 0.000250303
130.788 0.000238093
124.461 0.00027448
127.428 0.000250887
129.123 0.000140145
131.279 0.000248374
129.182 0.00024113
126.072 0.000215701
126.511 0.000244021
130.299 0.000243045
125.432 0.000239747
129.627 0.000240205
128.553 9.15307e-05
127.549 0.000269678
126.886 0.000230134
128.303 0.00024248
129.819 0.000245613
128.48 0.000256072
131.025 0.000276127
127.894 3.56978e-07
130.395 0.00025511
129.826 0.000205224
131.734 0.000250304
128.432 0.00025729
131.785 0.000274004
124.42 0.000273487
130.126 0.0002396
129.869 0.000263965
130.408 0.000279665
130.671 0.000238086
128.905 0.000264336
128.727 0.000271525
125.939 0.000239317
127.995 0.000206148
128.606 0.000247795
131.675 0.000221344
129.403 0.000272392
130.044 0.000248761
126.256 0.000248639
129.35 0.000230478
133.341 0.000242973
127.454 0.000237351
130.247 0.000241608
127.29 0.000277516
128.002 0.000279874
128.847 0.000251136
129.809 0.000283969
132.132 0.000187709
128.542 0.000243709
132.36 0.000255182
129.856 0.000272874
121.665 0.000115256
122.605 0.000241558
130.698 0.000248337
129.786 9.17975e-05
128.767 0.000246642
127.264 0.000242515
128.564 0.000286245
126.906 0.0002541
127.056 0.000250776
130.354 0.000251886
122.551 0.000235958
131.011 0.000248775
129.844 0.000289721
129.141 0.000259355
128.159 0.00024017
123.968 0.000248313
131.667 0.000250313
127.372 0.000276402
129.21 0.000260025
129.712 0.000280538
130.775 0.000248365
129.701 0.000262366
126.56 0.000223046
129.373 6.12652e-07
131.62 0.000230223
130.262 0.000272378
128.447 0.000273689
131.629 0.000271072
130.648 0.000260486
129.604 0.000238605
127.781 0.000274664
128.516 0.00027476
127.876 0.000260011
127.192 0.000243363
128.547 0.000243968
127.807 0.000248621
129.488 0.000189792
129.122 0.000241117
127.463 0.000242551
117.477 0.000242672
129.573 0.000243443
128.931 0.000269872
130.415 0.000224167
131.378 0.000244114
129.21 3.71996e-05
131.69 0.000240468
128.805 0.000269536
131.665 3.75154e-05
128.772 0.000235991
124.52 0.000252238
128.181 0.000236762
129.648 7.07568e-05
