139.611 0.000562394
145.588 0.000626797
128.27 0.000539146
132.268 0.000507067
129.166 1.46811e-06
134.465 0.000599452
131.733 0.000583283
167.228 0.00057747
143.796 0.000609924
130.55 0.000422469
146.459 0.000577676
130.252 0.00062762
140.373 0.000650524
146.321 1.81351e-05
129.645 0.00066952
129.17 0.00057673
132.377 0.000578949
130.723 0.000576713
116.496 0.000577182
121.223 -0.00064705
131.189 0.000593433
128.786 0.000592331
130.313 0.000609454
132.14 0.000553866
125.617 0.000578263
129.466 0.000500812
130.743 0.000629266
127.574 0.000616115
134.212 0.000642573
128.292 0.000608406
128.04 0.000394526
130.159 0.000606549
126.935 -0.000549326
150.017 0.000569513
129.232 0.000587166
154.973 0.00058125
164.253 0.000625332
126.726 0.000586915
131.118 0.000579886
130.635 0.000661233
147.437 0.000632817
129.938 0.000169526
158.088 0.000577037
129.909 0.00045429
130.995 0.000596731
127.615 0.000610326
130.133 6.38683e-05
130.974 2.81344e-05
128.481 0.000604271
126.866 0.000666138
149.647 0.000667547
151.327 0.000393613
130.259 0.000570573
127.633 0.000589415
129.684 0.000646965
120.797 0.00056015
169.966 0.000565829
132.842 0.000662795
129.925 0.000629152
125.174 0.000584068
130.151 0.000583031
126.314 0.000528251
129.852 0.000638911
142.604 0.000580183
125.003 0.000619151
130.977 0.000614369
122.823 0.000599519
136.563 0.000584982
126.534 0.000590237
137.108 0.000587875
129.137 0.000583489
130.263 0.000609109
129.069 0.000619574
126.683 0.00059629
130.253 0.000587505
131.681 0.000569642
126.834 0.000602895
128.556 -0.000582502
131.331 0.000571223
164.647 0.000579698
141.767 0.000597286
126.996 0.00058467
128.389 0.000628598
121.891 0.000616779
130.046 0.000609844
129.582 0.000577806
124.718 0.000641195
122.096 0.000532585
130.161 0.000645833
150.159 0.000607784
150.245 0.000579651
131.258 0.000540613
163.568 8.30497e-05
129.814 0.000546678
128.503 0.000607837
166.083 0.000611875
128.409 0.000595537
129.05 0.000650946
126.604 0.000613088
130.357 0.000627078
165.477 0.000610832
129.956 0.000454521
126.866 0.000613224
129.365 0.00027105
141.695 0.000507488
131.89 0.000648602
139.058 0.000550388
128.229 0.000612011
126.066 0.0005835
138.085 0.000609868
120.651 0.000602255
133.314 0.000558189
159.848 0.00056616
129.846 0.000562667
133.55 0.000637171
131.462 0.00021897
122.023 0.000647447
144.361 0.000585764
129.482 0.000642658
131.257 0.000540915
130.252 0.00021924
130.999 0.000591463
123.911 0.000580699
129.131 0.000644464
134.43 0.000582693
129.359 0.00056855
129.322 0.000529753
131.912 0.000170238
116.673 0.000602786
120.176 0.00066701
130.642 0.000608857
149.796 0.000573266
132.203 0.000577854
130.143 0.000562465
132.975 0.000659982
148.226 0.000653487
136.952 0.000678605
130.302 0.000571114
129.841 0.000594632
129.476 0.000513446
129.742 0.00058205
129.866 0.000603498
130.834 0.000572125
130.768 0.000650604
128.74 0.000569667
156.255 0.00061276
135.667 0.000597509
123.323 0.000602997
126.108 -0.000558087
128.166 0.000654689
129.24 0.000567549
130.434 0.000584433
123.176 0.00057565
154.243 0.000568009
133.974 0.000575393
131.178 0.000558948
130.563 0.000580891
134.676 0.00057671
133.471 0.000606543
130.576 0.00065896
157.053 0.00057154
125.778 0.00060752
117.645 0.000597054
156.46 0.000585384
129.578 0.000604477
127.989 0.000580353
166.959 2.44275e-06
129.912 0.000582867
129.125 0.000584639
132.771 0.000597845
130.956 0.000634195
125.048 0.000590574
130.942 0.000703738
132.599 8.98998e-05
124.025 0.000589607
127.809 1.85548e-05
123.583 0.000602309
128.305 0.000541328
128.844 -0.000605562
141.519 0.000568537
130.533 0.000643412
131.848 0.000581697
130.874 0.000603784
128.831 0.000542155
131.567 0.000574945
133.787 6.36994e-05
128.838 0.00059744
130.585 0.00050156
119.052 0.000559101
124.455 0.00059313
131.343 0.000538465
130.353 0.000603131
131.03 0.000608077
129.675 0.000582186
127.987 0.000581648
131.482 0.000466571
130.719 0.000586889
135.814 0.000605255
130.636 0.000590828
133.047 0.000566178
127.809 0.000571565
156.907 0.000627333
122.429 0.000667911
131.313 4.05522e-06
129.322 0.000575891
150.356 0.000552808
128.707 0.000663613
130.599 0.000576628
129.993 0.000606366
130.477 0.000595689
142.265 0.000654438
136.554 0.000562503
129.138 0.000638008
132.417 0.000550695
124.237 0.000564999
123.093 -0.000342431
128.16 0.000613183
129.965 0.000578352
130.265 -0.000586658
152.051 0.000648305
123.812 0.000645148
127.87 0.000441515
130.486 0.000564821
145.772 0.000570021
162.007 0.000570784
130.796 0.000589866
132.284 2.46861e-06
125.868 0.00054628
149.218 0.000568881
122.372 0.000611455
138.443 0.000658445
126.475 0.000623129
129.113 0.000651208
127.376 0.00057402
131.323 0.000597302
129.544 0.00057648
155.312 0.000124889
130.712 0.00038939
117.437 0.000580714
128.496 0.00055442
129.273 0.000577192
130.219 0.000655962
140.02 -0.000511602
131.572 0.000636075
161.18 0.000569114
158.13 0.000593
148.866 0.000658896
129.555 0.000606861
126.384 0.000612658
165.971 0.000573863
129.556 0.000581173
133.443 0.000540225
130.575 0.000553446
161.21 0.000566983
129.225 0.000575515
162.979 3.76275e-06
130.159 0.000603952
130.64 0.000598992
129.638 0.000637328
129.923 0.0005707
126.446 0.00058368
130.089 0.000570421
141.026 0.000603626
130.065 6.70805e-06
128.866 0.000569747
129.651 0.000658936
126.671 0.000551113
144.656 0.000654929
121.192 0.00053479
139.203 0.000580195
130.761 0.000516523
124.378 0.000599998
122.775 0.000581745
126.513 0.000582588
124.323 0.000661616
127.84 0.00059405
123.129 0.000598679
130.294 0.000591705
128.796 0.000643964
137.738 0.000601352
130.137 0.000579268
169.001 0.000602921
129.49 0.000572682
128.615 0.000529881
128.326 0.000575966
130.737 0.000595903
158.022 0.000655636
124.786 2.75111e-05
133.638 0.000576716
130.826 0.000587583
130.913 -0.000620211
129.204 0.000575323
155.976 0.000585222
124.983 0.000606514
131.534 0.000584356
131.108 0.000175192
132.3 0.000577795
119.657 0.000644409
145.27 0.000494117
128.391 2.41126e-06
130.566 0.000654548
166.99 0.000602795
127.052 0.000593677
145.59 0.00052995
128.099 0.000604468
135.786 0.000576041
125.421 0.000223415
124.241 0.000591277
130.951 0.000600854
131.316 0.000615248
127.695 0.000383143
129.072 0.000691925
131.431 0.000572729
156.073 0.000543752
130.771 0.000673129
124.364 0.00060589
127.582 0.000601286
130.367 0.000585048
148.396 0.000577428
129.025 0.000597559
130.389 -0.000543646
142.232 0.000646364
134.528 0.000566521
129.063 0.000548288
143.791 0.000653279
124.803 0.000639383
130.502 0.000587307
132.478 -0.000565472
129.691 0.000633519
130.632 0.000612826
126.056 0.000580601
130.043 -0.000590841
126.132 0.000641362
126.236 0.000607642
136.544 0.00039159
126.251 0.00047054
128.636 0.000588027
130.142 0.000550286
139.999 0.000578231
130.849 0.00059392
129.067 0.000584719
127.808 0.000592945
116.849 0.000587385
120.844 0.000542764
131.963 0.000644829
126.487 0.000577514
132.309 0.000557497
123.602 0.000619309
128.581 0.000585142
127.768 0.000554259
131.014 0.000584564
129.726 0.000388208
128.698 0.000574423
128.889 0.000598635
129.415 -0.000545328
160.976 0.00066226
131.876 0.000604806
130.38 0.000566321
155.329 0.000544725
132.151 0.000565475
131.774 0.000565362
150.622 0.00059935
155.853 0.000549164
130.571 0.000580904
125.322 0.000606741
124.527 0.000614655
124.682 0.000594395
127.619 0.000513061
129.734 0.000602726
142.891 1.68247e-05
161.59 0.000664319
157.498 0.00058054
128.831 0.000603365
151.259 0.000557255
129.526 0.000572287
147.247 0.000653242
128.937 0.000581406
131.396 0.000613694
131.603 0.000589488
154.741 0.000570924
120.737 0.000679761
134.119 -0.000440407
125.775 0.000585485
142.54 0.000585524
133.319 0.000527867
128.412 0.000389224
128.206 0.000595723
131.817 0.0005893
159.159 0.000585128
151.375 0.000529676
127.684 0.000568334
130.933 0.000570114
123.007 0.000532006
130.479 0.000169591
154.156 0.000544134
131.011 0.000584567
130.644 0.00054457
134.075 0.000607735
123.864 -0.000115119
127.509 0.0005889
131.574 0.000280247
131.211 0.000576723
125.694 0.000589349
169.039 0.00063653
130.837 -0.000585712
127.863 0.000604031
131.703 0.000582448
132.35 0.000606416
166.414 0.000610522
130.167 0.00058675
125.045 0.000645678
128.276 0.000604359
131.166 0.000603729
126.439 0.000654034
128.855 0.000585546
128.134 4.2716e-05
132.894 0.000598164
129.409 0.000620217
123.276 0.00057437
115.662 0.0006563
141.899 0.000400993
126.738 0.000602106
128.119 0.000590193
131.88 0.000126596
149.718 0.000578021
129.559 0.000635086
131.048 0.000571037
136.337 0.00060605
128.43 0.000521569
130.249 0.000631775
133.43 0.000624261
125.955 0.000657117
125.304 0.000582815
137.687 0.000405765
129.17 0.000565488
157.681 0.00058661
130.473 2.45238e-06
130.998 0.000221745
117.818 0.00059828
128.529 0.000601157
132.539 7.76713e-07
156.607 0.00055727
159.379 4.01239e-06
125.053 0.000668522
151.522 0.000678533
127.919 0.000603196
129.022 4.29342e-05
122.497 1.09242e-05
120.061 0.000541897
148.022 0.000573046
127.487 0.000580618
122.89 0.000536509
163.82 0.000504624
116.284 0.000609172
129.314 0.00060848
129.056 0.000611432
129.215 0.00062447
120.695 0.000528723
116.624 0.000568142
130.032 0.000592135
128.614 0.000547319
115.125 0.000567645
134.329 0.000586288
150.839 0.000367339
126.736 0.000588709
129.412 0.000609845
152.868 0.000542355
131.137 0.000603646
127.508 0.000653222
159.424 0.000551623
129.849 0.000590143
118.206 0.000583494
149.539 0.000578736
125.126 -0.000581033
129.247 0.00064125
140.443 0.000627143
128.542 1.11161e-05
130.478 0.000574099
151.873 0.000606709
147.592 0.000570014
139.648 0.000663635
151.328 0.000586685
132.271 0.000676981
129.95 0.000651336
144.691 0.000591555
121.863 0.000340847
125.732 0.000654003
143.485 0.000223607
119.476 0.000604804
158.947 0.000583773
139.194 0.000606502
115.436 0.000573333
129.212 0.00049578
142.727 8.85673e-05
117.115 0.000635027
127.782 0.000575264
129.552 0.000653876
129.827 0.000371247
131.845 0.000589734
134.388 0.000590208
125.542 0.000613969
116.756 0.00056818
126.88 0.000467671
133.044 0.000586646
141.813 0.000530556
128.106 0.000565198
150.221 0.00058577
128.865 0.000571068
128.875 0.000325555
