126.036 0.000644757
125.477 0.00068719
124.924 0.000725529
123.999 0.00065423
124.715 0.00064965
123.518 0.000659168
127.236 0.00068367
125.176 0.000652963
125.754 0.000560813
125.319 0.000713985
124.773 0.000730824
125.588 0.000743704
115.67 0.000639758
123.26 0.000733984
123.762 0.000725328
125.48 0.000644996
122.916 0.000642938
124.559 0.000675643
124.241 0.000581727
124.719 0.000663916
124.973 0.000654719
122.052 0.000687186
127.25 0.000430087
124.468 0.000678448
126.256 0.000701485
125.613 0.000743885
128.652 0.000665709
122.8 0.000655836
124.005 0.00063873
126.491 0.000684408
123.565 0.000642371
126.564 0.000677721
124.008 0.000667322
124.518 0.000723386
124.043 0.000671348
124.338 0.000650398
125.172 0.000706571
115.179 0.000682661
119.973 0.000651872
124.553 0.000651279
119.356 0.000640201
127.801 0.000657071
124.817 0.000637862
125.652 0.000666169
123.886 0.000638664
124.258 0.000644275
123.729 0.00074333
126.286 3.13393e-05
125.151 0.000680403
125.241 0.000675198
125.784 0.000737024
123.156 0.000667543
124.287 0.000642993
118.891 0.000599284
123.809 0.000649393
126.07 0.000629907
125.54 0.000704962
123.283 0.000640318
124.342 0.000648262
122.385 0.000683118
126.01 0.000639837
124.009 0.000747307
124.112 0.000660815
117.965 0.000637895
124.665 0.000639264
123.97 1.93093e-05
126.787 0.000719473
124.817 0.000644078
124.581 0.000671002
122.569 0.000646664
124.5 0.000741558
124.674 0.000640772
122.654 0.000248321
122.913 0.000652765
125.693 0.000641545
124.321 0.000646663
123.133 0.00067736
122.096 0.000674887
121.445 0.00063752
123.701 0.000648124
125.263 0.000749952
124.753 0.000638245
126.708 0.000672856
125.797 0.000698352
124.66 0.000719547
122.637 1.95585e-05
116.921 0.000668248
126.892 0.000655945
125.687 0.000668464
124.2 0.000651906
122.86 0.000643215
130.371 0.000687602
125.472 0.000651128
123.968 0.00065333
121.801 0.000442684
118.251 0.000642135
120.803 0.000244021
116.252 0.000645665
123.568 0.000640276
124.088 0.000561848
124.523 0.000640809
124.248 0.000697697
124.431 0.000660875
124.281 0.000705652
123.57 0.000686274
124.281 0.000656632
125.16 0.000311826
123.709 0.000438425
128.439 0.000689073
124.772 0.000676544
125.113 0.000628696
123.757 0.000732255
124.746 0.000645034
123.43 0.000718289
123.69 0.000652711
122.672 0.000666659
124.299 0.000749271
123.219 0.000725759
124.724 0.000645355
124.551 0.000723262
124.581 0.000698026
125.279 0.000730344
123.88 0.000663837
123.786 0.000739543
123.27 0.000671011
125.737 0.000137753
124.863 0.000650326
124.704 0.000731281
125.218 0.000671541
124.164 0.000665771
124.23 0.000643219
125.399 0.000726499
123.425 0.000663031
124.421 0.00073351
125.089 0.000654444
124.605 0.000666168
124.467 0.000663378
124.781 0.000661239
125.834 0.000728091
125.257 0.000713057
126.59 0.00066659
124.659 2.69007e-06
125.352 0.000722368
124.96 0.000721548
121.577 0.000504572
124.511 0.000667093
124.899 0.000652031
123.452 0.000671892
124.438 0.00064163
124.053 0.000729867
123.926 0.000665942
124.818 0.000679314
123.781 0.000654069
123.144 0.000640536
124.976 0.000643903
124.247 0.000447707
124.805 0.000441185
124.159 0.000729532
123.907 0.000666627
127.613 0.000644139
125.522 0.000661226
124.295 0.000500227
126.757 0.000501986
122.496 0.000435037
124.252 0.000660817
123.665 0.000674914
123.829 0.000621238
125.171 0.000663456
122.796 0.000547516
121.717 0.000547839
123.914 0.000630156
125.639 0.000631721
124.392 0.000549178
123.545 0.000245902
124.292 0.00069569
124.204 0.000716636
122.065 0.000732913
124.858 0.000644314
124.506 0.000649521
124.9 0.000723163
129.841 0.000608287
124.782 0.000676825
124.277 0.000652385
124.695 0.000648618
123.862 0.000644976
124.344 0.000744573
124.544 0.000605488
124.988 0.000505763
123.736 0.000660537
125.038 0.000654489
124.619 0.000443543
123.821 0.000707787
123.936 0.000633673
127.198 0.000674841
124.71 0.000750308
124.055 0.00062725
125.449 0.00068193
122.86 0.00065177
122.927 0.000674991
125.207 0.000721404
124.663 0.000629804
123.931 0.000644973
125.684 0.000724682
124.492 0.00064144
123.567 0.000643879
123.361 0.000701587
125.585 0.000635716
117.241 0.000685341
124.814 0.000687789
123.539 0.000656079
122.638 0.00061098
127.304 0.000648651
125.935 0.000628599
124.263 0.000643609
123.829 0.000677009
124.498 0.000593612
123.852 0.000641592
125.611 0.000647284
122.86 0.00068137
125.024 0.000661128
126.067 0.00064359
124.068 0.000667918
125.854 0.000745324
124.324 0.000644043
124.505 0.000658875
127.977 0.000676654
125.271 0.000623082
124.598 0.000669811
126.993 0.000439601
123.532 0.000637987
126.696 0.000684698
122.685 0.000639744
124.231 0.000735415
123.259 0.00063381
126.652 0.000633588
122.469 0.000752542
121.633 0.000641591
124.633 0.000658864
124.27 0.000678149
126.248 0.000497337
126.085 0.000660175
124.822 0.000722169
124.901 0.000652144
125.459 0.000671654
124.589 0.000658691
123.191 0.000247372
127.09 0.000643363
125.454 0.000642748
124.251 0.000585886
123.902 0.000723847
125.973 0.000732054
123.646 0.000510078
126.277 0.000645937
126.533 0.000653171
124.955 0.000738886
121.315 0.000609303
124.001 0.000646011
124.111 0.000660205
125.799 0.000744522
126.227 0.000729488
124.954 0.000140671
125.463 0.0005857
121.227 0.000686493
125.768 0.00049637
125.035 0.000739049
124.266 0.000737481
125.411 0.00063725
124.46 0.000675506
115.049 0.000702755
126.729 0.000660622
123.463 0.000666633
125.621 0.000711285
123.038 0.000703784
123.846 0.000682471
123.838 0.000629827
124.191 4.46026e-06
125.1 0.000673339
124.477 0.000692485
125.515 0.000649064
121.223 0.000635202
123.51 0.000669675
117.624 0.000650407
126.311 0.000307754
125.927 0.00072874
126.603 0.000664718
119.701 0.000689598
125.043 0.000638991
124.417 0.000679407
123.825 0.000642401
125.385 0.000246108
124.742 0.000649142
125.568 0.000622972
125.016 0.000738506
124.668 0.000640714
126.05 0.00067094
123.693 4.46828e-06
123.608 0.000553428
125.797 0.000640811
126.452 0.000716822
123.463 0.000647657
123.499 0.000371876
116.618 0.000668946
124.702 0.000670216
123.94 0.00063965
124.747 0.000684313
125.23 0.000649773
125.922 0.000688616
127.03 0.000658744
126.013 0.000681526
125.67 0.000188029
123.585 0.000645577
123.047 0.000641568
118 0.000713449
124.751 0.000742663
125.711 0.000646689
125.335 0.000641289
125.639 0.000659332
122.86 0.000652104
126.336 0.000646722
124.674 0.00066348
124.142 0.000650288
125.474 0.000681447
125.266 4.46475e-06
125.138 0.00060441
123.485 0.000646064
125.746 0.000724511
124.196 0.000667383
122.966 0.000709273
126.134 0.000659109
124.102 0.000634657
124.655 0.000664874
125.984 0.000638128
124.546 0.000725961
124.276 0.000645879
125.168 0.000672332
126.973 0.0006662
126.82 0.000643589
124.75 0.000639799
124.045 0.000679314
124.754 0.000435916
123.971 0.000588929
122.336 0.000658975
125.758 0.000668343
125.891 0.000656398
122.458 0.000657899
126.112 0.000714302
123.332 0.00063087
123.866 1.9592e-05
124.245 0.000728573
124.518 0.000719191
120.722 0.000640672
127.542 0.000633744
125.548 0.000640874
124.804 0.000634746
124.472 0.00055352
124.857 0.0006919
121.557 0.000648254
124.658 0.000664279
125.212 0.000670036
127.572 0.000100726
123.602 0.000651716
128.445 0.000736545
122.862 0.000638849
125.025 0.000651878
115.121 0.000659547
126.937 0.000650784
123.557 0.000604125
124.682 0.000666919
125.332 0.000655085
125.416 0.000671099
124.573 0.000289918
125.005 0.000646584
122.027 0.000737507
124.454 0.00065948
124.407 0.000697058
125.161 0.000675638
123.122 0.000634298
124.116 0.000725097
125.822 0.000740596
121.849 0.000578852
126.389 0.000650872
121.378 0.000643167
119.497 0.000666932
115.911 0.000651352
126.956 0.000728564
125.346 0.000635464
124.696 0.000722433
126.268 0.000651598
125.779 0.000642358
118.567 0.000732461
126.264 0.000635543
122.34 0.000605087
128.59 0.000649267
123.768 0.000662379
126.513 0.00031112
118.175 0.000722018
125.64 0.000680179
124.687 0.000645203
119.628 0.000659371
124.297 0.000654425
128.897 0.000652486
125.062 0.000651333
125.353 0.000652183
124.516 0.000686486
123.217 0.000739294
125.086 0.000694019
125.755 0.000652445
125.831 0.00072831
123.23 0.000730392
124.935 0.00064899
122.059 0.000662695
127.402 0.000690007
126.179 0.000740826
125.64 0.000635586
124.745 0.00063601
126.577 0.000665298
124.439 9.93863e-05
124.432 0.000736583
125.346 0.000658308
123.278 0.000670325
125.197 0.000675806
124.18 0.000732214
124.136 0.000737052
124.717 0.000660934
125.367 0.000667392
126.899 0.000609176
123.283 0.000253443
124.835 3.1354e-05
125.822 0.000652425
125.392 0.000641511
124.703 0.000667201
124.634 0.000708673
124.02 0.000659975
123.169 0.000642632
121.012 0.000635845
124.952 0.000642816
122.84 0.000665459
125.205 0.000638032
123.878 0.000723688
124.697 0.000672119
122.299 0.000671456
125.486 0.000649344
123.784 0.000725646
126.195 0.000669399
118.257 0.00014031
123.326 0.000698826
123.972 0.000719116
124.358 0.000736679
125.661 0.000669981
123.584 0.000651361
123.933 0.00024624
126.465 0.000648878
124.51 0.000660437
126.194 0.000665074
124.242 0.000670288
122.667 0.000675797
127.665 0.000605108
124.246 0.000441918
117.101 0.000687245
121.381 0.000632394
124.972 0.000673807
124.009 0.000638791
124.856 0.000637304
126.118 0.00071513
125.426 0.000643685
123.241 0.000600443
125.409 0.000636702
120.922 0.000735285
123.689 0.000688277
125.527 0.000656963
125.512 0.000626227
125.239 0.000744467
124.875 0.000645753
115.755 0.000679777
122.465 0.00036761
123.296 0.000763298
124.117 0.000634723
125.763 0.000636739
125.325 0.000370763
120.865 0.000637769
123.459 0.000660961
126.532 0.000651435
125.995 0.000660704
122.668 0.000691725
125.17 0.000633626
125.237 0.000703165
127.391 0.000313597
125.415 0.000694807
124.24 0.000635108
124.218 0.000736089
125.848 0.000726236
123.839 0.000660175
126.12 0.000648783
120.34 0.000650247
121.786 0.000710137
124.942 0.00065522
125.208 0.000557217
124.185 0.000702959
124.547 0.000682303
124.04 0.000644102
124.922 0.000652604
125.656 0.000670485
126.12 0.000676194
117.73 0.000642443
124.28 0.000652894
123.426 0.000736061
122.463 0.00064109
125.288 0.000637399
123.473 0.000660011
126.499 0.00067577
125.837 0.000140206
125.439 0.000640754
123.619 0.000664117
126.073 0.000710274
125.232 0.000668343
123.487 0.00068301
126.709 0.000720836
123.282 0.000659259
122.407 0.000620399
124.917 0.000633651
123.021 7.03845e-05
121.442 0.000665297
125.818 0.000650522
124.982 0.000642836
118.034 0.00065196
124.831 0.000689908
124.795 0.000646948
119.175 0.000735857
125.397 0.000665637
123.871 0.0006841
125.803 0.00066609
123.481 0.000640763
124.078 0.000678834
124.988 0.000640217
125.048 0.000644379
124.819 0.000634435
120.427 0.000644038
121.895 0.000633977
125.689 0.000647643
126.457 0.000740272
124.34 0.000723847
123.434 0.000701933
122.301 0.000681837
119.73 0.000371497
119.033 0.000636527
124.5 0.000741881
125 0.000664357
125.048 0.000190056
125.93 0.000654838
125.576 0.000638887
126.194 0.000725097
124.964 0.000663048
126.133 0.000689195
124.073 0.000668469
119.199 4.48873e-05
124.335 0.000646007
124.537 0.000698434
126.47 0.000655223
125.6 0.000635429
125.175 0.000650453
126.009 0.000651116
123.928 0.000662193
124.352 0.000633301
126.157 0.000659856
128.257 0.000738377
126.323 0.000644309
126.268 0.000667541
125.693 0.000633211
127.168 0.000372664
124.766 0.000644308
123.225 0.000640093
125.165 0.00065858
124.585 0.000657962
117.518 0.00066628
124.992 0.00055959
125.093 0.00071295
126.982 0.000698418
125.757 0.000655454
124.634 0.00064504
124.955 0.000670567
124.789 0.000191665
122.091 0.000555073
125.495 0.00064864
125.194 7.08111e-05
126.884 0.000721659
125.045 0.00063848
127.677 0.000646054
124.693 0.00063737
125.847 0.00065464
125.62 0.000640498
121.143 0.000746432
126.494 0.000634514
125.811 0.000633014
118.343 0.000673825
124.555 0.00064885
127.271 0.000654014
124.2 0.000682085
124.498 0.000719629
124.875 0.000726114
124.183 0.000654513
124.497 0.000663517
123.053 0.000645474
124.528 0.000649721
126.66 0.000141262
120.553 0.000703199
126.879 7.51936e-06
123.07 0.000646352
125.146 0.000498224
125.921 0.000648206
123.497 0.000728656
125.719 0.000728656
125.549 2.71109e-06
124.215 0.000675342
128.297 0.000639435
123.805 0.000669725
120.852 0.000652814
123.167 0.000600825
121.206 0.000750683
