149.923 0.000369755
119.155 0.000116425
119.827 0.000437235
119.258 0.00039256
117.495 0.000430703
121.924 -0.000405799
115.42 0.000375679
115.885 0.000394932
117.659 0.000387407
121.974 0.000378756
142.139 0.00027003
120.2 0.000391951
122.997 0.000384213
122.863 0.0003806
154.203 0.000181553
120.33 0.000449101
117.548 0.000381444
119.476 0.000440776
119.862 0.000410032
119.466 0.000452433
118.092 0.000433782
120.097 7.44101e-06
154.082 0.000372189
131.752 0.000409198
156.033 0.000375827
119.706 0.000393887
118.342 0.000380983
118.752 0.000382136
129.717 0.000442577
122.136 0.000403288
120.215 0.000190088
119.895 0.000403845
147.177 0.000423877
148.746 0.000390524
120.313 0.000380145
116.05 0.000325454
121.348 0.000386522
163.3 0.000410205
122.126 0.000348067
162.353 0.000388222
119.504 0.000370913
124.55 0.000383029
155.463 0.000396263
121.064 0.000366519
133.795 1.15702e-05
160.182 6.0468e-05
118.448 0.00044275
154.243 0.000396927
118.549 0.000394894
162.575 0.000386525
146.426 0.000190152
117.821 0.000389027
120.633 0.000384938
160.244 0.00041618
164.33 0.000413834
117.842 0.000327466
120.477 0.00043606
121.985 0.00037231
118.772 0.00038917
115.285 0.000426186
158.028 0.000386455
157.43 0.000376641
168.146 0.000381331
127.068 0.000228007
121.066 0.00035921
152.204 0.000298165
121.925 0.0003873
118.371 0.000450437
117.836 0.000404492
120.419 0.000386414
117.606 0.000390514
161.245 0.000375704
121.237 0.000396901
118.529 0.000452296
119.416 0.000361571
118.049 -0.000387221
119.147 0.000395096
119.246 0.000382233
117.011 0.000385914
122.372 0.000405839
119.589 8.53612e-05
134.251 6.92921e-06
119.64 0.000379806
120.607 0.000371679
115.5 0.000375692
119.034 0.000404505
157.02 0.0004149
119.365 0.000249159
120.29 0.000378001
160.104 0.000429117
119.792 0.000436498
121.168 0.000361963
142.453 0.000434507
119.626 0.00039877
124.814 0.000458101
119.049 0.000429046
120.647 0.00029843
119.572 0.000392477
116.67 0.000399748
154.559 0.000376306
124.423 0.000361616
120.891 0.000452859
132.786 0.000380064
115.622 0.000375429
120.066 0.000396106
122.769 0.00037899
115.953 0.000385487
141.612 0.00039984
122.164 0.00039861
118.213 0.000412845
124.314 0.000383965
123.994 0.000428796
137.62 0.000376924
121.102 0.000259044
121.995 0.000395275
119.228 0.000401849
116.666 0.000399479
137.26 0.000302775
159.137 0.000456085
121.348 0.000388526
117.802 0.000435015
119.991 0.000377526
118.55 0.000219369
129.359 0.000348102
123.692 0.000396051
120.617 0.000382111
124.179 0.000414159
119.933 0.0001806
122.262 0.000399659
119.262 0.000439847
121.327 6.02167e-05
120.399 0.00038605
133.398 0.0003679
120.589 0.000437387
164.508 0.000392496
146.317 0.000409121
144.382 0.000390418
131.926 0.000375255
154.047 0.00041173
118.356 0.000396578
125.754 0.000446073
116.77 0.000437787
117.069 0.000427317
165.664 0.000360287
149.397 0.000379395
168.288 0.000422749
118.965 0.000392865
153.212 0.000375594
120.351 -0.00035919
157.324 0.000381882
115.692 0.000373653
120.61 0.000397629
166.25 0.000416241
117.028 0.000391656
154.93 0.00038451
123.514 0.000416234
118.805 0.000367169
118.88 0.000395877
116.548 0.000395569
169.747 0.000390631
118.163 0.00042746
156.852 0.000376669
119.207 0.000358561
116.856 0.000333926
120.421 0.00039779
121.189 0.000385389
118.516 0.000418441
118.271 0.000395347
119.626 0.000450708
155.053 0.00036871
119.485 0.000432893
118.832 0.000376533
117.166 0.000392761
118.197 0.000412909
118.764 0.000403468
119.647 0.000382842
158.945 0.000390387
156.886 0.000428164
115.415 -0.000399985
118.508 0.000405575
156.018 0.000386429
121.351 0.000388695
119.429 0.00037538
126.909 0.000363668
127.302 0.000395645
116.962 0.000396187
168.428 0.000377503
124.919 0.000366238
119.262 0.000380992
117.999 0.00043776
122.21 0.000388461
120.003 0.000397943
120.025 0.000400132
116.902 0.000390217
120.636 0.000406171
165 0.00038172
121.893 0.000392674
118.03 -0.000433247
120.242 0.000380232
119.736 0.000390249
120.831 7.32773e-06
119.943 0.000379355
138.595 0.000370648
120.779 0.000381891
122.142 -0.000259956
118.37 0.000376215
132.223 0.000427278
119.874 0.000394101
157.584 0.000377593
119.828 0.000436121
118.01 0.000435025
121.562 0.000424067
120.964 0.000389357
140.028 0.000383542
120.359 0.000402026
118.066 0.000116163
164.709 6.03397e-05
120.419 0.000393009
120.202 0.000318951
116.663 0.000413547
151.613 0.00042114
118.784 0.000450845
165.696 8.24276e-05
120.999 0.00044055
121.002 0.000295492
119.92 0.000402504
146.667 0.000371735
116.882 0.000380936
118.814 0.000381271
120.004 0.000409971
150.486 0.000380186
120.152 0.000378338
117.422 0.000388629
115.946 0.000389693
122.445 0.000397609
149.383 0.000518004
117.778 0.000378069
153.064 0.00041661
121.338 0.000397738
118.35 0.000379362
152.646 0.00038317
145.018 0.000378334
122.661 0.000393753
129.429 7.97106e-05
153.299 0.000401494
121.06 0.000407627
120.449 0.000385309
122.711 0.000393422
119.97 0.000385003
161.898 0.000364027
119.928 0.000412449
116.658 0.000394928
117.432 0.000147774
117.33 0.00043562
116.883 0.000368889
119.506 0.000387211
160.761 0.000431702
142.542 7.36615e-06
153.155 0.000396495
118.853 0.000371019
120.131 0.000380267
167.973 0.000379897
120.805 0.00043072
122.051 0.000374659
121.741 0.000372961
119.031 0.000424072
129 0.000381791
138.972 0.000388223
120.427 0.000386023
162.74 0.000397938
115.628 0.00049159
119.955 0.00020957
142.796 0.000395016
115.418 0.000392379
123.636 0.000359553
119.261 0.000445879
155.907 0.000381699
122.624 1.73146e-05
127.947 0.000393861
119.311 0.000422014
121.228 0.000383099
115.493 0.000376707
115.605 0.000459323
117.825 8.23493e-05
121.08 0.000400385
160.384 0.000190196
162.11 0.000359111
161.658 0.000396083
132.107 0.000406193
151.769 0.000398132
132.034 0.000357133
118.893 0.000328532
153.455 0.000457431
120 0.000353852
119.349 0.000384379
139.924 0.000392729
123.138 0.000377639
118.141 0.000382602
115.227 0.000373105
121.58 0.000410671
145.606 0.00039378
119.61 0.000380507
119.903 0.0002524
163.598 0.000379365
140.775 0.000384478
121.484 0.000393677
138.77 0.000148969
118.158 0.000388061
118.498 0.000383691
119.814 0.000370537
124.775 0.000440316
115.351 0.000397794
120.351 0.000377063
118.84 0.000392313
121.716 0.000386924
117.833 0.000384178
119.998 0.000297667
118.485 0.000382515
115.122 0.000417265
124.778 0.000383133
