160.833 0.000433203
142.508 0.000405585
116.913 4.18531e-05
134.789 0.00037024
116.723 5.89581e-07
142.961 0.000405331
141.971 0.00037109
121.16 0.000392497
120.379 0.000410923
137.046 0.000388973
166.261 0.000397317
120.869 0.000376986
118.426 0.000415304
125.753 0.000410721
134.446 0.00039964
135.774 0.00037128
118.461 0.00039159
119.816 0.000423076
119.331 0.000375145
121.97 0.000399201
125.254 0.000435715
120.298 0.000396193
126.143 0.000328795
135.042 0.0003969
118.53 0.000398428
131.287 0.00038248
143.953 1.10515e-05
118.485 0.00040736
158.37 0.000390777
115.429 0.000427333
120.455 6.2389e-05
129.928 0.000373509
120.956 0.0003917
124.342 0.000411411
118.606 0.000406398
121.653 0.000380612
118.487 0.000391729
120.538 0.000454056
122.858 0.000373412
156.482 0.000368107
118.596 0.000450938
127.457 0.000396381
118.775 0.00039578
134.617 0.000429732
119.834 -2.87913e-05
146.882 0.000152783
123.984 0.000397395
128.053 0.000422292
118.877 0.000335986
164.439 0.000158878
120.462 0.000383423
134.1 0.000395924
121.875 0.000383331
124.129 0.000390644
120.711 0.000440183
135.31 0.000422873
146.414 0.000187767
120.766 0.000430135
129.587 0.000394593
118.919 -0.000404043
151.275 0.000455347
122.212 0.000459979
119.275 0.000400889
135.545 0.000377844
123.039 0.00037382
118.76 0.000420199
119.536 0.000399547
137.33 0.000399395
121.649 0.000402132
123.854 0.000394288
134.936 -0.000422377
120.327 0.000413844
116.012 0.000369002
119.627 0.000450967
149.635 0.000457379
117.925 0.00043062
131.881 0.00039226
117.765 0.000394369
119.959 0.000435292
120.216 4.34405e-05
152.392 0.000394724
121.703 0.000375819
121.687 0.000408018
121.036 0.000407336
128.491 0.000393499
119.978 0.000443675
120.227 0.000364051
119.868 0.000368136
134.207 0.000190332
119.88 0.000389481
124.321 0.000399536
141.816 0.000421609
125.287 0.000409194
119.103 0.000397129
122.923 0.000387929
137.715 0.000400007
118.968 0.000348128
120.596 0.000395913
122.125 0.000447633
120.926 0.000365803
117.511 0.000299214
120.694 0.000414766
116.589 0.000431838
141.959 0.000397645
118.132 0.000432669
130.878 -0.000396907
137.278 0.000117756
149.419 0.000395612
116.089 0.000383195
131.334 0.000377651
115.462 0.000236099
120.438 0.000406318
118.628 0.000375964
120.729 0.000403402
126.455 0.000412925
121.217 0.000402983
154.386 0.000416913
119.448 0.000417982
