133.649 0.000159895
129.148 0.000159578
124.521 0.00016089
129.728 0.00018729
124.293 0.000164731
145.393 0.000157863
139.37 0.000178715
119.303 0.000107056
140.491 0.000158932
160.432 0.000167474
123.313 0.000158126
117.467 0.000184837
124.446 0.000180526
124.466 3.33209e-05
127.308 0.000165617
145.336 0.000157343
136.59 0.000165361
129.745 0.000158822
122.488 0.000161475
126.088 0.000179564
137.006 0.000119484
123.874 3.41728e-05
125.056 4.76839e-05
124.401 7.16487e-05
145.386 0.00015086
124.953 0.000161552
123.268 0.000165274
159.2 0.000161995
126.448 0.000164663
125.736 0.00010104
122.296 0.000164327
125.813 0.000167032
140.002 0.000170715
143.737 0.000162164
122.68 0.000160488
147.249 0.000180352
124.119 0.000161415
123.774 0.000187911
127.698 -0.000161142
120.006 0.000170787
122.995 0.00016159
148.633 0.000147265
133.417 0.000160017
125.344 0.000166055
126.382 0.000159842
119.072 0.00015087
162.455 0.000161484
126.992 0.000158539
168.442 0.000160458
141.625 0.000160964
122.563 0.000156866
121.498 0.000172852
122.663 0.000164712
140.487 0.000157552
123.998 0.000164687
153.543 0.000199522
158.559 0.000159817
118.194 0.000162377
123.3 0.000160597
115.48 0.000173307
121.724 0.000159272
117.624 0.000174344
124.463 0.000165249
121.17 0.000151887
125.287 0.000179506
127.779 0.000167844
125.985 0.000186061
119.051 0.000158774
126.796 0.000159211
123.088 0.000173095
124.307 0.000172466
151.028 0.000166694
125.264 0.00016116
138.305 0.000157812
119.351 3.39788e-05
119.803 0.000179242
140.724 0.000171419
125.46 0.000163201
128.124 0.000190246
142.546 0.000160411
122.588 0.000159581
123.874 6.77986e-07
122.552 0.000123261
122.38 0.000180043
119.964 0.00014769
130.752 0.000169185
148.598 0.000171084
124.374 0.000180949
123.864 0.000163695
118.226 0.000183183
125.306 0.000185817
161.883 0.00016006
125.047 0.000165847
124.984 0.000160846
125.848 0.000164685
124.591 0.00016235
123.514 0.000176295
133.123 3.34659e-05
145.942 0.000157179
123.394 0.000166981
125.459 0.000173565
133.899 0.000162003
156.043 0.000179944
119.123 0.000165736
129.486 0.000181975
125.017 0.000178993
122.092 0.000161497
162.78 0.000107676
126.252 8.9493e-05
122.361 0.000157199
134.008 0.000169566
141.009 0.000194516
122.432 0.000158049
157.795 0.000155628
118.215 0.000153801
122.31 0.000168568
122.913 0.000187167
120.682 0.000153368
147.236 0.00011156
120.487 0.000159888
123.695 0.000160632
125.084 0.00018172
119.187 0.000159911
126.282 0.000182976
125.332 0.000160977
124.347 0.000159673
129.632 -0.000179396
160.451 6.36876e-05
126.107 1.75669e-05
122.051 0.000180087
126.512 0.000183095
146.879 0.000165143
163.396 0.00016411
128.987 0.000149543
121.964 1.15428e-06
167.772 0.000158916
133.273 0.000157475
133.896 0.000164308
122.744 0.000160742
127.39 0.000149171
125.454 9.136e-05
121.118 0.000160012
122.498 0.000173167
160.607 0.000159192
124.631 0.000125229
144.255 0.000160677
118.802 0.000185998
145.213 0.000180998
124.197 0.000158047
147.968 0.000182979
125.634 0.000164488
138.371 0.000160727
123.591 0.000165068
125.2 0.000160783
123.906 4.68647e-05
124.139 0.000158084
167.501 0.000157395
131.819 0.000107945
135.308 0.000184104
123.784 0.000156984
122.608 0.000183371
124.298 0.000138018
124.264 0.000165839
129.764 0.000157239
144.351 0.000137193
128.711 0.000178044
124.878 0.000159754
125.143 0.000166228
123.428 0.000177823
125.12 0.000158295
133.563 0.000145888
121.59 0.000162041
117.909 0.000149107
126.255 0.000168258
123.034 0.000163922
158.214 0.000169481
124.538 0.000161145
124.77 0.000160392
122.297 0.000178542
117.192 0.000181249
116.343 0.000154651
152.472 6.05863e-05
125.958 0.000159624
123.855 0.000149873
120.432 0.000168401
128.856 0.000167517
144.409 0.000158309
122.63 0.000171605
142.6 0.00017544
162.4 0.000130123
116.094 0.000151879
124.685 0.000182346
125.612 0.000160503
126.767 0.000159326
127.914 0.000169301
126.018 0.000147572
123.347 0.000156506
145.103 0.000174647
136.854 0.000164789
130.026 0.000169287
127.102 0.000107181
120.9 0.000176044
128.428 0.000172058
115.026 0.000166119
122.895 0.00016774
118.184 0.000167172
116.001 0.000168913
149.376 0.000153836
126.071 0.000161519
125.861 0.000157889
125.746 0.000164603
123.639 0.000182253
122.989 0.000164734
135.881 0.000158277
133.259 0.00018122
121.353 0.000162068
115.34 0.000164233
127.031 0.000166433
135.459 0.000157369
128.655 0.000108589
125.664 0.00017604
122.473 0.000187632
166.791 0.000159324
126.591 0.000168815
124.249 0.000181207
116.869 0.000166001
125.939 0.000159206
142.442 0.000160257
124.825 0.000163613
121.678 -0.000152453
124.644 0.000158928
133.09 0.000153348
147.709 0.000169254
132.111 0.000165216
142.029 0.000159594
124.86 0.000161232
136.821 0.000161022
127.519 3.15823e-06
117.06 0.000149529
122.781 0.00017317
124.477 0.000145616
160.218 3.45321e-05
123.403 0.000169951
122.837 0.000174527
144.776 0.000179814
118.322 0.000174879
119.914 0.00016709
124.917 9.35846e-05
124.371 0.000175664
124.576 0.000167882
130.278 0.000162999
117.638 0.000179012
122.537 -0.000166267
150.082 0.000159489
124.352 0.000171287
118.442 0.000122906
122.958 0.000148596
163.219 0.000134363
125.71 0.00017403
149.33 0.000164494
119.082 0.000180592
125.595 0.000150559
122.327 1.17609e-05
129.016 0.000170277
121.273 0.000150245
147.157 0.000161354
124.856 0.000180998
123.685 0.000163088
121.858 -0.000187871
139.043 0.000151801
132.495 0.000146301
120.26 0.000160956
