121.411 0.000147639
119.708 0.000170452
119.437 0.000146765
120.697 0.000149062
119.771 0.000167023
120.964 0.000156114
120.521 0.000154287
117.734 5.43527e-05
121.177 0.000106508
120.512 0.000101948
119.06 0.00013649
119.982 5.75878e-05
115.677 0.000139341
118.186 0.000157971
118.473 5.72893e-05
120.084 0.0001585
120.746 0.000148302
117.981 0.000135161
123.172 0.000122095
118.976 0.000166538
119.203 0.000150942
118.765 0.000148503
120.283 0.000179292
116.773 0.000132046
118.365 0.000148335
120.071 0.000156405
118.462 0.000163168
117.428 0.000160298
119.545 0.000158904
123.488 0.000167685
120.487 0.000151963
120.029 0.000155126
123.139 0.000147921
118.297 0.000166985
117.715 2.24211e-05
118.984 0.000146506
118.628 0.00014954
119.316 0.000153858
120.42 0.000147699
119.753 1.64847e-05
119.034 0.000150604
120.352 0.000177026
121.518 0.000157272
120.442 0.000129504
120.827 0.000139681
118.508 0.000156117
119.164 0.000167386
120.108 8.72528e-05
119.648 1.09335e-05
120.838 0.000165546
122.097 0.000167497
119.631 0.00015311
120.197 0.000145234
118.063 0.000169267
123.955 6.643e-05
116.136 0.000147833
121.407 0.000168695
115.276 0.000149386
120.165 0.000154871
118.875 0.00014837
119.364 0.000129581
118.269 0.000150997
117.749 7.43672e-05
115.186 0.000161304
120.68 0.000146267
122.618 0.000166206
116.935 0.00016474
118.009 0.000151477
121.876 0.000159618
118.389 0.000152456
118.495 0.000170685
116.814 0.00016069
118.575 0.000162737
119.908 0.000147303
120.234 0.0001374
121.654 0.000150442
117.568 0.000160616
120.015 0.000174363
118.927 0.000157892
120.372 0.000151572
119.79 0.000150304
115.699 0.000150049
118.95 7.10336e-05
118.74 0.000153817
121.197 0.000157094
119.1 0.000164204
118.591 0.000149248
119.999 0.000161659
115.593 0.000156802
119.09 0.000150564
117.691 0.000154811
116.345 0.000140254
117.776 0.000160251
120.785 0.000135602
122.416 0.000151716
119.34 0.000156327
122.618 0.000155754
120.715 0.000145869
118.47 0.000134526
120.641 0.000152037
117.143 0.000157953
118.317 0.00015964
120.974 0.000170168
119.824 0.000150735
120.763 3.19281e-05
121.027 0.000177582
119.686 0.000147972
121.368 0.000146879
122.047 0.000140093
120.491 0.000147411
116.857 0.0001754
119.399 0.000167537
120.555 0.000147808
120.938 0.000170137
117.977 0.000131611
122.661 0.000150408
120.424 0.000154325
120.313 0.00014644
118.709 3.28866e-05
119.146 0.000163382
122.341 0.00014512
119.774 0.000147394
119.16 0.000149939
118.486 0.000150825
120.816 0.000157985
118.408 0.000142188
122.586 0.000158675
119.688 0.000112311
120.31 0.000162837
121.574 3.27534e-05
117.929 2.94624e-06
118.381 0.000103943
121.6 0.000160315
120.303 0.00014816
122.439 0.000135688
118.188 0.000148391
119.402 0.000149566
120.392 0.000156782
120.461 0.000164501
123.309 0.000158712
120.301 0.000168373
118.634 0.000164996
123.089 0.000153034
120.017 0.000150375
120.276 0.000156714
120.137 0.0001039
119.146 0.000159923
121.071 0.000165508
119.305 3.75402e-07
119.325 0.00014933
120.903 0.000153108
118.185 0.000155375
120.404 0.000157857
115.38 0.000173068
120.008 0.000151734
119.479 0.00015482
120.875 0.000151273
119.602 0.000127344
118.501 3.30285e-05
121.66 0.000169364
115.908 0.000156017
115.097 0.000149709
116.706 0.000135866
117.812 0.000168086
118.91 9.95296e-05
123.122 0.000151844
120.143 0.00015072
118.814 0.000176922
118.395 0.000159279
123.57 0.000149956
117.442 0.000105534
121.236 0.000154819
121.549 0.000148164
120.231 0.0001531
120.901 0.000150447
119.109 0.000150128
120.55 0.000146554
119.757 0.000164277
120.661 0.000163625
120.871 0.000149274
119.299 3.22667e-05
119.164 0.000167438
121.796 0.000152097
120.394 0.000148609
122.597 0.000146544
117.599 0.000150893
120.724 0.000141091
118.075 0.000140285
119.733 6.80227e-06
118.6 0.000133159
119.575 0.000150246
120.857 5.37761e-05
119.512 9.90377e-05
120.83 0.000147322
119.322 3.23804e-05
118.743 0.000148484
120.462 4.55247e-06
119.341 0.000156523
119.149 0.000149891
119.795 0.000167453
118.878 0.000171662
118.188 0.000147215
120.536 0.000154922
121.009 0.000147911
119.236 0.000152065
119.846 0.000149045
121.394 0.000151097
120.373 0.000166511
119.444 0.000147463
120.151 7.20512e-06
121.914 0.000146895
121.074 0.000151691
118.514 0.000160301
117.604 0.000150682
121.915 0.000149307
116.897 0.000152015
118.19 2.31495e-05
121.508 0.000148084
118.589 0.000157154
120.017 0.000141312
119.664 0.00015532
117.294 0.000163761
119.065 0.000148652
119.36 0.000156535
120.737 0.000150081
120.684 0.000149932
120.524 0.000149484
121.963 0.000122581
118.714 0.000171103
119.172 0.000133799
122.779 0.000140849
118.073 0.000160993
116.105 0.000137227
119.149 0.000157379
120.811 0.000153131
122.755 0.000141364
121.951 0.000150851
118.295 0.000146864
120.57 0.000147936
118.43 0.000147167
120.136 0.000138805
122.583 0.000145424
120.858 0.000147636
118.07 0.00014305
116.096 0.000161605
121.135 0.000158401
118.22 0.000156337
120.74 0.000147674
115.825 0.000148229
119.793 0.000155374
121.139 0.000146848
119.321 0.000170137
120.167 0.000152115
120.913 0.000163036
121.37 7.12471e-05
122.677 0.000151061
117.82 0.000146343
120.006 0.000148733
119.513 0.00014693
116.894 0.000163729
119.825 0.000144767
118.631 2.28778e-05
124.983 0.000150018
121.7 0.00016763
120.353 0.000157856
120.086 0.000148944
117.855 0.000150062
118.42 0.000141267
122.011 0.000154876
119.784 0.000149666
123.567 0.000159399
119.683 2.31307e-05
120.945 0.000157361
119.361 0.00015916
117.958 0.000114592
120.302 0.000146553
118.95 0.000151715
118.435 0.000159128
119.157 0.000152081
123.553 0.000155882
118.301 0.00013733
119.774 0.000154258
119.123 0.000140899
118.949 0.00012043
121.408 0.000160157
122.16 0.000153382
120.571 0.000154466
119.718 0.000164195
118.532 0.000150691
123.073 0.000149933
118.476 0.000136017
120.303 0.00014325
120.219 0.00014976
121.076 0.000146003
120.218 0.000157146
119.381 0.000153132
118.695 0.000155422
120.547 0.000165267
117.919 0.00014603
117.385 0.000149808
120.813 0.00014607
121.468 0.000140857
120.152 0.000147373
121.628 0.000153704
120.316 0.000172623
119.779 0.000141936
119.037 0.000155179
120.422 0.000144578
117.808 0.000168566
120.73 0.000149313
119.441 0.000153151
119.519 0.000147325
123.315 7.04984e-05
120.697 4.29541e-06
121.831 0.000140286
118.287 0.000161542
124.198 0.000155533
119.04 0.000166866
120.919 0.000152173
118.749 0.000174529
118.772 0.000133089
121.715 0.000125166
119.213 0.000141489
120.884 0.000150654
115.862 0.000146076
121.57 0.000142341
120.407 0.000170005
116.626 0.000140379
120.823 0.000147351
118.274 0.000163609
121.326 0.000152103
120.207 0.000151171
118.005 0.000154941
119.769 0.000159912
118.793 0.000147335
121.371 0.000136333
119.512 0.00016719
118.385 0.000149355
123.583 0.000146903
115.611 0.000141181
115.646 0.000147228
121.785 0.000153736
116.599 0.000169288
120.788 6.57008e-05
121.35 5.72728e-05
119.429 0.000146534
116.622 0.000171647
121.566 0.0001736
120.809 0.000138325
118.832 0.000146941
121.229 0.000116026
121.48 0.000151087
122.15 0.000150473
119.976 0.000157884
116.692 0.000166172
120.228 7.16949e-05
118.081 0.000150038
120.705 0.000147082
120.485 0.000158708
117.136 0.000155293
116.78 8.49566e-05
117.373 0.000175051
121.068 0.000158755
119.366 0.000147457
120.915 0.000166255
120.819 0.000165075
120.162 0.000147063
118.044 0.000160346
120.792 0.000151668
118.582 0.000157717
116.099 0.000151844
122.535 -0.000139292
123.024 0.000166834
127.318 9.59124e-05
120.607 7.07644e-05
121.261 4.40331e-06
118.884 0.000150326
119.327 0.000146269
120.431 0.000137834
119.919 2.17627e-07
121.854 0.000154409
116.93 0.000140089
116.233 0.000147284
119.282 0.000115307
120.179 0.000139556
118.008 0.000142285
120.38 0.000149445
121.418 0.000154575
119.37 0.000159161
118.492 0.0001453
120.855 0.000147472
120.729 0.000147783
121.009 0.000164842
119.07 1.07871e-05
115.605 0.00015527
117.488 0.000171842
121.697 0.000143547
120.734 0.000169062
118.86 0.000137824
121.37 0.000149028
119.59 0.000169389
119.292 0.000154907
117.415 0.000159377
120.493 1.59436e-05
119.367 0.000147169
119.862 0.000149346
121.265 0.000152972
119.597 0.000156824
118.834 0.000167882
121.065 5.61848e-05
121.903 0.000150425
121.83 0.000152052
118.34 0.000145855
117.09 0.000149469
122.369 0.000154809
120.34 0.000148612
121.156 0.000151565
121.574 0.000126331
120.868 0.000147041
120.635 0.000150816
120.061 0.000145385
119.416 0.000152695
116.489 0.000157628
117.804 0.000100971
117.997 0.000145683
120.503 0.00015472
122.748 0.000149217
119.684 0.00017166
117.453 0.000147868
119.583 0.000146425
119.02 0.000147815
119.206 0.00012983
125.647 0.000154305
120.241 0.000164536
118.35 0.00014966
118.523 0.000148425
117.894 0.000169984
119.664 0.000120234
120.478 0.000156747
