131.321 0.000336622
127.792 0.000303306
128.09 0.00033774
127.356 0.000391454
126.99 9.75942e-05
130.647 0.000332508
128.99 0.000315867
131.094 0.000353163
129.402 0.000330192
132.542 0.00033988
126.904 0.000265328
131.465 0.00036578
121.45 0.000319291
128.712 0.000366869
127.535 0.000123909
120.179 0.000372153
128.823 0.000341406
127.77 0.000355211
135.097 0.000338601
130.71 0.000332054
129.922 0.000344715
128.455 0.000331892
127.618 4.92547e-05
129.632 0.000375826
147.21 0.000320496
129.148 0.000375205
128.525 0.000253446
130.388 0.000324394
128.422 0.000341707
126.673 0.0003695
130.051 0.000381166
127.653 0.000333772
131.197 0.000352703
131.595 0.000370744
123.492 0.000351356
133.703 0.000367567
128.842 0.000304964
128.982 0.000374604
129.359 0.00036486
131.236 0.000329537
127.54 0.000377237
126.069 0.000367505
129.577 0.000384136
120.222 0.000220616
128.732 0.000374147
124.709 0.000331273
134.388 0.000353043
129.194 0.000350933
128.931 0.000316756
128.517 0.000313235
128.958 0.00033101
130.779 0.000258447
126.588 0.000374365
128.172 0.000344868
129.971 0.000328697
131.534 0.000222703
123.118 -0.000323849
127.936 0.000370579
129.074 -0.000360231
130.683 0.000375206
129.319 0.000282516
131.551 0.00032826
131.74 0.000342647
131.629 0.000540993
130.7 0.00049189
129.967 0.000528063
130.198 0.00056634
132.048 0.000550351
122.364 0.000551115
123.497 0.00051921
122.18 0.000564174
122.278 0.000259659
126.008 0.000539937
130.869 0.000557735
135.13 0.000561476
130.137 0.000539455
130.777 0.000500687
128.891 0.000520619
129.75 0.000508211
128.581 0.000598077
131.201 3.95405e-05
152.244 0.000558632
127.083 0.000545201
131.342 0.0005604
126.226 0.000577173
131.399 0.000592633
128.36 0.000545571
132.392 0.000547193
129.957 0.000521312
128.052 0.000463494
128.914 0.000336307
130.234 -8.11753e-05
129.292 0.00053457
120.464 0.000524365
137.121 1.0456e-05
129.874 0.000545183
129.48 0.000616049
131.639 0.000609975
129.88 0.000510076
130.295 0.000567107
131.011 0.000584171
129.649 0.00031344
129.667 0.000514591
126.878 0.000556601
126.804 0.000536498
126.2 0.000422593
128.125 0.000561537
129.833 0.000524849
129.666 -0.000597821
129.693 0.000533451
122.727 0.000583431
136.713 0.00056912
