121.898 0.000253636
120.175 0.000245897
117.139 0.000257964
118.202 0.000249468
122.814 0.000243517
120.327 0.000253646
121.577 0.000249359
121.65 2.6791e-05
117.649 6.97149e-05
121.284 0.000247083
120.049 0.000253474
120.717 0.000263512
116.447 -0.000266563
117.586 0.000284196
118.548 0.000248836
119.525 0.000236571
123.587 0.000252481
119.882 0.000255384
123.597 0.000247352
121.224 0.000246594
117.77 0.000279324
116.345 0.000248044
134.646 0.000242583
119.524 2.86323e-06
120.198 0.000254924
118.857 0.000277904
117.693 0.000255622
115.997 0.000257893
117.258 0.000257205
126.377 0.000277179
116.21 0.000283198
118.72 0.000256789
117.493 0.000271989
118.126 0.000249188
120.661 0.000255426
124.157 0.000264517
118.454 0.000246685
141.933 0.000388633
123.491 0.000361047
120.067 0.00037089
118.667 0.000378709
116.057 0.000422184
123.357 0.000365117
120.765 0.000362891
120.336 -0.000456326
121.034 4.31544e-06
118.789 0.000364371
119.516 0.000173887
115.59 0.000402956
115.046 0.00036412
121.986 0.000424336
119.683 0.000375856
119.821 0.000390321
116.494 0.000284479
116.17 0.00042338
119.858 0.000404764
119.869 0.000377767
118.731 0.00039266
120.65 -0.000379233
119.738 0.000365367
116.972 0.000318795
119.256 0.000357479
116.264 0.000363277
115.536 0.000398509
120.506 0.000377998
119.932 7.67407e-05
