122.08 0.000136853
126.066 0.000146952
145.807 0.000136711
125.467 0.000137318
125.306 4.13203e-06
125.336 0.000142198
123.955 0.000143018
161.459 0.000156274
123.484 0.000137754
161.199 0.000149022
126.977 0.000140048
124.678 0.000134774
139.979 0.000154281
124.611 0.000142189
121.27 0.000137126
123.583 0.00015763
125.298 4.01936e-05
125.647 0.000124037
153.517 0.000144236
126.167 0.000137153
119.467 5.95017e-05
123.084 0.000153309
121.355 0.000139695
124.781 0.000123517
126.763 0.000134798
161.979 0.000136855
134.502 0.000154091
157.813 0.000137508
124.235 0.000150339
124.103 0.000132723
125.22 0.000134747
120.163 0.000139927
168.848 0.000153096
124.032 5.06665e-05
124.293 2.42994e-06
158.582 0.000145213
126.326 0.000132543
134.282 0.000142458
123.198 0.000137608
123.255 0.000162423
123.972 0.000139032
120.093 0.000136531
155.554 0.000126857
123.874 0.000140962
125.997 0.000139478
