124.192 0.000101255
124.887 3.83426e-05
125.722 0.000105109
125.493 0.000103458
124.019 9.20147e-05
122.858 9.57855e-05
124.433 0.000102077
123.309 0.000101328
125.809 3.00986e-06
123.675 0.000100778
125.119 0.000100075
123.74 0.000104138
123.248 9.80385e-05
124.77 9.30231e-05
127.437 0.000104653
124.516 0.000102419
125.575 0.000115246
124.777 9.19918e-05
123.909 9.9568e-05
124.772 0.000103653
124.589 8.72934e-05
124.692 0.000105591
123.312 9.98578e-05
122.698 0.000109156
124.886 0.000114478
124.679 0.000100198
126.483 0.000112697
135.642 0.00011532
124.969 0.000100588
122.401 0.000102194
125.651 9.43427e-05
130.012 0.000108286
124.17 0.000102269
124.465 9.80012e-05
124.081 0.000100135
125.61 0.000103475
118.29 0.000105247
127.831 9.89584e-05
125.567 0.000106952
124.721 0.000108217
124.068 0.000104147
124.832 0.000100443
125.864 0.000100983
125.433 8.72838e-05
125.632 9.3383e-05
117.183 9.89745e-05
126.395 0.00010221
126.129 9.94763e-05
124.743 0.000103441
123.29 0.000102228
123.278 9.96503e-05
125.129 9.94847e-05
122.504 0.000106289
124.374 0.00010484
125.613 0.000104922
123.166 0.000114762
126.785 0.000112295
121.556 0.000107369
124.642 6.80675e-05
124.314 0.000104182
125.481 0.000100903
123.887 0.000100136
125.377 0.000102264
125.377 0.000101485
128.833 9.98064e-05
125.927 0.000104837
125.008 9.90572e-05
126.819 9.04162e-05
123.996 0.000101515
124.647 0.000105861
122.198 0.000112442
125.605 0.000102791
119.613 9.37595e-05
124.476 0.000104406
124.36 0.00010313
125.131 0.000104279
126.328 5.68623e-05
129.005 9.83004e-05
125.306 9.9997e-05
123.752 0.000105936
127.229 0.000115512
122.014 0.000103262
126.47 9.35937e-05
126.803 0.000101571
118.237 0.00010244
123.774 0.000100481
124 0.000113213
124.469 0.000114026
120.49 9.91614e-05
126.399 0.000103937
125.337 9.99628e-05
123.247 0.000103864
125.614 0.000100705
123.573 0.000104755
127.211 9.9806e-05
129.018 5.28879e-05
123.765 0.000101987
125.563 9.5405e-05
123.507 0.000106751
123.46 0.000106595
126 9.7652e-05
125.745 0.00010224
125.391 0.000104234
121.339 0.00010091
123.635 9.75164e-05
124.101 0.000101482
126.182 0.000102431
119.653 0.000110196
122.271 0.000109255
119.383 0.000104164
126.558 9.76439e-05
123.544 0.000104264
124.071 4.76797e-05
126.236 0.00010444
121.765 0.000104178
125.5 0.000110814
123.922 0.00010882
123.582 2.15956e-05
126.183 0.000101723
122.124 0.000106971
125.335 0.000100012
123.119 2.87896e-06
124.372 0.000102146
127.314 9.21871e-05
125.834 9.82277e-05
124.189 0.000107387
120.459 3.77543e-05
124.28 0.000111963
124.609 0.000108444
122.129 0.000100538
125.48 0.000107742
124.63 0.000100263
125.825 0.000115395
123.043 0.00010173
124.074 9.27535e-05
125.993 0.00010377
124.105 0.000114927
125.37 0.000100486
124.717 9.45147e-05
125.453 0.000102948
125.593 9.87212e-05
124.517 9.82165e-05
124.902 9.91787e-05
120.269 0.000108535
126.027 9.98558e-05
126.395 0.00011256
143.878 3.78242e-05
126.553 0.000100836
123.914 0.000100292
123.714 0.000103696
127.739 0.000100868
120.218 9.84866e-05
122.847 9.76683e-05
127.398 0.000106192
124.079 9.36345e-05
125.51 0.000101686
124.906 0.000104081
124.164 0.00010206
123.804 0.000105926
124.563 0.000116264
121.997 0.000102061
119.198 9.68211e-05
123.741 0.000103363
126.851 1.08053e-05
126.184 4.93738e-06
123.861 0.000102168
120.874 9.82851e-05
125.222 0.000101331
124.699 0.000107844
121.179 0.000114086
118.015 0.00010881
116.779 0.000100977
127.276 0.000112182
124.582 6.74671e-05
122.722 0.000102804
125.568 6.88193e-05
124.557 9.54685e-05
126.677 0.000105212
123.105 0.00010236
125.48 0.000100836
126.198 9.75523e-05
124.701 0.000100915
116.67 0.000103166
120.136 9.4846e-05
123.193 0.000104521
126.586 -0.000107621
124.212 0.000101574
122.177 0.000107524
124.73 9.9882e-05
124.143 9.38989e-05
125.93 0.000106097
124.053 9.98054e-05
127.495 9.20842e-05
126.339 2.19742e-05
122.147 0.000105618
129.802 9.58614e-05
124.378 9.99733e-05
126.947 0.000105638
125.637 9.36878e-05
119.451 0.000101892
124.267 0.000115121
125.788 0.000100283
124.609 0.000103693
125.008 9.91138e-05
127.988 0.000119502
124.063 9.96981e-05
124.852 7.8258e-05
124.486 0.000116458
118.205 9.95938e-05
125.537 0.000100945
121.53 0.000104345
123.831 0.000104054
123.961 9.95135e-05
125.348 9.96302e-05
126.008 0.000105864
123.73 0.000103624
123.485 0.000100854
124.27 3.76366e-05
120.772 9.75089e-05
122.092 7.37477e-06
124.869 0.000114463
121.197 0.00010776
117.298 0.000104399
123.061 0.000102412
122.313 0.00010137
123.911 9.98494e-05
123.802 0.000100031
122.001 9.41315e-05
126.096 0.000112771
121.956 0.000114347
123.418 0.000113423
126.777 0.000115963
125.931 9.9256e-05
124.925 0.000113528
122.508 0.000108792
125.641 2.17416e-05
122.984 0.000100118
121.276 0.000100551
116.92 0.000101463
124.731 9.87325e-05
122.895 6.85154e-05
127.469 0.000103636
123.298 0.000101464
126.267 0.00010169
124.435 0.00010412
126.488 0.000100197
125.697 0.000110952
124.622 0.00011473
125.069 9.998e-05
124.092 3.82539e-05
126.363 0.000112077
123.345 9.98698e-05
124.538 2.50132e-07
124.09 9.90077e-05
125.116 0.000112955
119.527 8.97566e-05
118.694 3.75305e-05
125.945 0.000102139
124.677 0.000116136
125.041 9.98049e-05
125.566 9.90252e-05
124.104 0.000100175
125.121 3.88052e-05
125.112 1.53971e-05
122.685 0.000103738
125.279 1.93402e-06
130.414 0.000102597
125.858 0.000103643
124.105 0.000116249
126.421 9.99342e-05
123.304 0.000100585
127.223 0.000102226
125.166 9.97912e-05
122.668 0.000104559
124.527 0.000102471
125.613 9.98271e-05
122.506 5.74603e-05
125.256 0.000104895
124.856 9.91206e-05
124.512 2.15873e-05
125.993 0.00010136
125.576 0.000100993
123.791 0.000115104
126.686 0.000107947
124.161 0.000114171
124.57 6.36137e-08
123.819 4.23057e-07
126.291 0.000100885
126.397 6.02667e-05
134.297 6.29808e-05
122.012 0.000110667
122.222 5.3685e-05
122.963 9.58941e-05
126.07 0.000100011
125.209 0.000106098
124.925 0.000113134
124.484 0.000101778
126.071 0.000103393
124.935 0.00010137
122.641 0.00010222
123.825 9.73635e-05
127.665 0.000102963
125.201 4.73093e-05
123.529 9.46463e-05
123.987 0.000100376
123.403 2.06861e-05
117.328 9.57319e-05
124.822 0.000106101
119.253 0.000108659
123.737 0.000119943
123.518 0.000102916
122.791 0.000103185
123.377 7.84378e-05
122.418 9.85603e-05
126.991 0.000105206
120.653 0.000105078
122.508 1.04624e-05
123.732 9.84571e-05
124.433 9.22629e-05
127.354 0.000108103
124.029 3.88493e-05
126.202 0.000102417
123.41 0.000103597
125.483 0.000100259
125.422 4.85355e-05
124.359 9.93319e-05
124.92 0.000103162
124.797 0.000100614
123.17 0.000105924
125.756 0.000102399
125.994 0.000114016
125.839 -0.000103538
169.898 0.000100188
125.042 4.86965e-05
124.15 0.000100613
126.341 9.39187e-05
125.27 0.000114127
126.521 0.000107519
126.723 0.000105764
118.86 -0.000101183
122.332 0.000103733
115.061 0.000108207
126.452 0.000104815
136.207 9.99296e-05
125.81 0.000111694
126.789 5.80901e-05
125.535 0.000105185
125.177 3.81157e-05
127.904 4.84667e-05
124.641 0.000100936
125.422 0.000110008
126.674 0.000102586
129.899 0.000103988
123.655 0.000103687
125.648 0.000102524
122.779 0.00010537
119.947 0.000106849
121.528 9.96567e-05
122.905 1.20844e-06
125.558 0.000103197
126.364 2.10326e-05
123.534 0.000110384
123.133 0.000110907
125.697 9.86833e-05
123.877 0.000102919
120.663 0.00010046
125.278 0.000107777
125.012 0.000107639
123.275 0.00010295
122.903 0.000114862
123.386 7.5592e-05
123.722 0.00011219
123.964 0.000105775
125.152 0.000107048
123.157 0.000102212
121.208 0.000112959
119.848 9.87849e-05
121.383 1.14765e-06
124.946 8.66492e-05
124.82 0.000114837
126.163 9.9663e-05
121.542 2.13548e-05
123.908 0.000102089
128.146 9.85561e-05
126.06 0.000107329
125.376 0.000111074
126.287 0.000110844
124.845 9.78575e-05
123.585 9.99859e-05
124.301 0.00011072
123.295 0.000103177
154.45 0.000106737
126.024 0.000104127
125.397 0.00010366
124.493 9.7739e-05
124.385 0.000100662
129.27 0.000100321
122.471 9.90824e-05
120.028 0.000103703
122.882 1.46991e-07
124.855 0.000115951
123.31 9.496e-05
123.764 0.000109414
126.666 0.000101115
124.297 9.98842e-05
126.724 0.000104639
122.689 2.90433e-05
121.37 0.000114394
128.519 0.00010256
125.48 9.83722e-05
127.124 7.25006e-06
125.84 0.000102279
124.365 9.91417e-05
125.817 0.000102267
126.367 9.88065e-05
126.934 0.000110636
125.473 9.90264e-05
124.29 0.000101104
122.189 0.000105482
127.601 4.75491e-05
126.533 0.00010395
125.299 9.9785e-05
126.262 4.77288e-05
125.537 0.00010174
123.689 0.000103078
125.588 0.000106806
124.598 1.55654e-05
122.467 0.000109539
123.806 9.78473e-05
123.627 9.92572e-05
127.098 0.000113235
120.263 9.93597e-05
121.598 0.000102672
123.751 9.90208e-05
124.917 0.000110623
124.52 9.90984e-05
115.583 0.000105459
121.73 0.00011318
125.868 9.77118e-05
123.998 0.000104111
125.554 9.7871e-05
122.885 9.93754e-05
122.862 0.000115012
124.908 0.000103852
125.002 0.00010883
123.912 1.57795e-05
125.815 7.29107e-07
127.188 0.000101517
122.639 9.97626e-05
125.685 0.000102331
129.883 9.78706e-05
119.239 4.00526e-05
128.109 0.000111483
125.3 0.000110841
126.745 0.000103621
126.332 9.93865e-05
122.619 0.000100054
125.911 9.79647e-05
125.753 0.000104525
124.447 0.000103172
126.829 1.45912e-05
124.923 9.92003e-05
125.396 0.000109518
124.857 0.000104317
125.495 4.76396e-05
124.217 9.46072e-05
122.642 9.36545e-05
121.452 0.000115042
124.436 9.97795e-05
124.305 9.97457e-05
126.757 6.84055e-05
124.178 0.00010627
124.948 0.000107157
125.129 0.00010083
120.628 0.00010141
126.578 0.000102781
129.923 9.50897e-05
123.604 0.000114154
126.246 0.000107993
126.51 9.76699e-05
123.636 0.000100644
124.593 0.000109332
125.095 9.6524e-05
125.754 -9.89958e-05
124.644 9.93991e-05
124.853 0.000110836
125.167 9.31329e-05
121.241 0.000100076
124.862 -0.000114173
123.171 0.000102168
124.462 0.000100871
123.598 5.03306e-06
126.282 0.000106289
124.245 0.000100281
124.005 0.000113999
122.627 9.62973e-05
126.646 9.80137e-05
122.498 0.000115472
121.255 9.26057e-05
124.41 9.98608e-05
124.021 0.000100915
124.797 0.00010293
126.519 0.000114543
119.152 0.000114652
122.062 0.000101557
123.943 9.31351e-05
126.081 9.81669e-05
124.401 0.000103003
124.785 0.000104443
123.678 0.000101948
127.895 0.000109127
123.506 0.000112331
118.966 9.5892e-05
125.867 7.80122e-05
128.244 0.000106156
123.95 9.74749e-05
123.525 0.000114135
123.098 0.000115142
125.335 3.86994e-05
121.878 9.98731e-05
124.41 0.000103003
125.056 0.000112966
118.202 9.43266e-05
125.379 9.18175e-05
126.621 7.31415e-06
125.712 0.000114568
129.305 9.04973e-05
125.002 0.000104164
124.773 0.00011163
124.507 7.82356e-05
128.359 9.92079e-05
123.05 0.000101118
124.288 0.000108612
125.343 3.86991e-05
126.263 0.000102624
124.342 9.47418e-05
123.727 7.89153e-05
124.364 7.7239e-05
125.304 1.57462e-05
124.242 0.000100479
125.789 9.75307e-05
125.993 9.96783e-05
124.563 0.000103219
121.981 0.000103444
121.699 2.82779e-05
124.267 9.56056e-05
122.545 0.000101711
125.592 1.54643e-05
125.121 9.93772e-05
121.688 4.77707e-05
126.623 0.000104396
126.782 9.97605e-05
124.769 3.00543e-06
126.089 0.000102259
125.731 0.000116019
125.968 9.31442e-05
125.854 0.000106559
119.087 9.62153e-05
127.447 0.000109616
122.392 5.70918e-05
125.159 9.35719e-05
125.469 7.84691e-05
127.094 0.000108449
123.893 2.91994e-05
126.013 7.80181e-05
122.966 0.000100509
124.813 0.000113837
125.509 9.99968e-05
125.653 9.95117e-05
126.417 9.92669e-05
125.065 0.000104112
121.845 0.000116392
124.45 0.000104278
125.519 3.22853e-06
125.557 0.000103959
125.298 9.99292e-05
124.631 9.88541e-05
125.725 0.000113291
122.948 9.96341e-05
125.424 9.87053e-05
124.58 0.000104349
124.243 0.000105684
123.478 0.000103803
126.214 0.000100561
122.761 0.000107635
121.291 0.000100272
125.849 7.85223e-05
121.333 0.000110263
122.664 9.86305e-05
125.588 9.85981e-05
125.546 9.99707e-05
118.738 0.000110259
123.188 9.93055e-05
125.076 0.000104034
125.235 0.000105574
123.927 0.000102094
124.712 9.95138e-05
123.537 0.000115762
125.308 0.000115701
121.542 9.84694e-05
128.182 9.44908e-05
123.285 0.00010159
124.818 0.000113129
124.189 0.000103352
124.723 9.84648e-05
126.895 0.000103542
125.066 9.86394e-05
123.821 8.67509e-05
123.914 0.000106328
122.496 0.000116386
125.709 1.91554e-06
124.42 0.000105525
123.662 0.000106973
124.156 9.80567e-05
121.362 0.000107069
123.132 9.49266e-05
123.358 9.74164e-05
125.82 0.000114402
124.313 0.000103829
121.611 0.000105728
125.58 0.000100509
126.205 5.64661e-05
122.619 0.000101027
124.266 9.22055e-05
118.719 0.000101343
123.363 1.10153e-05
122.806 0.000103734
124.574 0.000105325
126.768 0.000109354
124.91 9.92983e-05
125.277 0.000101817
122.752 0.000100875
124.809 0.000111518
121.432 0.000103673
126.394 0.000111122
125.018 0.000113621
125.709 0.000103205
125.446 9.9357e-05
125.308 0.000112317
125.103 0.000103235
124.703 0.000100499
124.866 9.91868e-05
120.075 0.000107955
125.713 9.93224e-05
126.265 0.00010166
124.069 0.000112639
125.839 0.000114958
124.836 1.55352e-05
125.657 4.84995e-05
125.501 0.000102728
122.899 0.000100218
125.485 0.000112309
125.205 0.000100675
127.933 9.99772e-05
125.104 9.83073e-05
125.256 0.000100892
126.358 3.62393e-05
124.838 -8.78347e-05
122.511 0.000103351
127.726 0.000113825
128.063 0.000108304
122.157 0.000101993
119.396 0.000101026
124.089 7.64811e-05
126.368 0.0001016
126.466 0.000111934
125.229 0.000113809
119.196 0.000113864
125.094 9.98642e-05
125.385 9.92078e-05
121.194 -9.5994e-05
126.675 0.000102788
124.392 0.000103719
124.81 9.92421e-05
126.101 0.000104645
124.773 0.000107962
125.2 0.00011167
124.117 0.000119489
126.262 4.55445e-05
125.509 5.77455e-05
126.087 1.0926e-05
122.486 0.000105827
126.372 0.000106192
125.967 0.000100792
120.031 9.9189e-05
125.509 0.00010843
122.611 0.000100868
123.189 0.000107531
124.012 9.98446e-05
125.548 0.000102491
124.189 0.0001141
123.095 9.67487e-05
126.445 0.000119635
122.588 0.000102883
125.619 9.89724e-05
125.054 9.1084e-05
125.63 0.000166115
123.671 0.000162255
125.085 0.000183772
125.413 0.000155075
125.857 0.000156349
128.407 0.000164344
125.27 0.000162068
126.147 0.00010544
125.469 0.000159652
126.34 0.000156353
124.275 9.00652e-05
119.547 0.000175352
124.263 6.98155e-06
125.696 0.000160147
115.455 0.000163656
125.711 0.000176627
123.675 0.000161677
123.994 0.000169657
123.456 5.94281e-05
126.38 0.000174886
126.094 0.000162225
120.061 0.000157164
125.396 0.000162079
124.298 7.30073e-05
124.047 0.000172552
125.049 0.000150513
117.702 0.000160528
118.847 0.000120759
128.41 0.000148632
126.723 0.000147195
124.652 0.000154024
125.822 0.000151852
125.935 0.000174411
123.532 0.000159635
123.919 0.00015526
127.279 0.000152591
128.868 0.000152924
125.959 0.000150465
128.589 0.000145461
120.329 0.000140351
124.242 0.000156844
128.237 0.000160492
126.037 0.000155854
123.47 0.000146656
124.466 0.000126909
125.682 0.000155892
125.986 0.000177608
123.848 0.000168627
118.933 2.3909e-05
125.202 0.000157039
124.197 0.000158731
124.916 0.00015574
122.807 0.000150103
125.463 0.000127743
125.935 0.000160585
124.738 0.000152116
125.73 0.000150172
124.924 0.000152341
122.927 3.25943e-05
124.754 -7.2984e-05
125.808 0.000156181
123.017 0.000153039
126.383 1.66857e-05
124.589 0.000153754
123.946 0.000157615
124.285 0.000164781
125.207 0.000178719
121.225 0.000164579
124.953 0.000154731
123.524 0.000155613
126.005 0.000151702
122.848 0.000161555
124.445 0.000162353
127.446 0.00016791
123.111 1.6599e-05
117.186 4.31649e-05
126.437 0.000162644
123.634 1.52569e-05
150.005 0.000154869
123.815 0.000155365
124.597 0.000155691
123.553 -0.00015338
124.786 0.000156206
124.693 0.000174595
121.303 0.000101336
123.547 0.000162403
124.654 0.000158013
124.264 0.000159193
123.984 0.000161096
121.856 0.000158496
125.259 0.00014204
124.873 0.000159562
126.109 0.000148137
124.615 0.000151408
125.974 2.41036e-05
126.233 0.000150915
125.44 0.000175204
124.732 0.000153553
122.108 0.000154995
126.193 0.000112868
124.104 5.43547e-05
124.917 0.000155967
117.091 0.000171793
125.317 1.77854e-06
124.422 0.000159366
125.15 0.000128895
125.655 0.000172097
124.526 0.000151781
125.914 0.00015422
122.786 0.000174638
124.468 0.000160484
122.343 0.000131073
123.4 0.000160613
123.457 0.000166956
124.665 0.000151504
127.366 0.000177623
125.33 0.000164225
128.753 0.0001517
126.273 4.65015e-06
122.423 0.000163326
124.86 0.000175458
123.829 2.47722e-05
124.95 3.89051e-07
125.972 7.45617e-05
126.358 0.000165348
121.713 0.000123827
123.567 0.000159369
122.902 0.00016488
124.14 0.000183815
120.618 0.000176894
124.46 0.00015783
130.691 0.000161252
121.052 0.000155285
123.189 0.000156344
123.039 0.000152323
123.426 0.000173879
127.906 0.000147536
122.068 0.000162263
125.49 0.000154841
125.222 0.000175323
122.204 0.000158785
125.337 0.000151674
123.515 0.000164373
125.735 0.000134435
125.168 0.000132273
126.347 0.00015722
122.754 0.000159943
123.679 0.000160559
125.539 0.000154661
124.817 0.000160425
125.209 0.00015682
127.718 0.000130631
125.213 0.000160711
122.786 0.000157578
126.786 0.000136755
123.741 0.000159521
124.658 0.000149562
126.565 0.000160607
121.337 0.000159946
121.728 0.000153349
121.281 0.000153123
121.834 0.000164026
124.824 0.000154195
123.468 0.000161017
124.751 0.000162121
121.15 0.000171361
124.532 0.000155664
123.26 0.00014695
124.221 0.000145457
127.124 0.00015208
125.762 0.000172051
123.156 0.000121589
126.036 0.000155677
128.139 0.000154535
126.839 0.00015982
124.341 0.000150533
124.954 0.000154683
124.376 0.000176245
124.824 0.000144253
124.286 0.000153339
124.328 0.000160453
125.791 0.000176603
125.644 0.00015084
125.247 0.000104998
125.369 0.000155188
124 -0.000153697
124.379 0.000158955
126.719 0.000159605
126.035 6.464e-07
126.635 0.00016043
124.195 0.000155229
124.836 0.000160193
123.187 0.000161473
127.177 0.000161278
125.888 5.76082e-05
122.504 0.000159664
120.768 0.000102847
126.09 0.000148815
150.633 0.000161151
124.768 0.000157251
120.708 7.38079e-05
123.67 0.000162637
124.278 0.000162045
126.07 1.66791e-05
126.023 0.000154868
126.408 0.000142805
119.898 0.000177907
121.727 0.000159622
127.01 0.000146415
123.035 0.000154641
124.364 0.000173187
125.277 0.000174553
127.23 0.000172872
123.23 0.000158032
129.378 3.21464e-05
121.485 0.000157291
120.577 0.000178114
123.773 6.55062e-07
125.914 0.000146063
125.88 0.000176733
123.891 0.000174367
128.008 0.000158809
128.351 0.000160598
123.457 0.000154357
125.912 0.00010352
124.521 0.000177081
126.499 2.38875e-05
126.973 -0.000155908
125.294 0.00016011
125.05 4.54253e-05
126.395 0.000178067
124.681 1.83361e-06
125.055 0.000168632
124.069 0.000158954
123.488 0.000151465
124.872 0.000158388
125.976 0.000159961
123.658 0.000166055
122.824 4.46788e-05
119.377 0.000169157
126.489 0.00013494
125.874 0.000138646
125.552 3.34979e-05
127.87 0.000144766
123.288 9.21327e-05
120.505 0.000150793
118.641 0.000171894
135.633 0.000171188
119.412 0.000163392
123.241 0.00014869
125.613 0.0001056
121.562 0.000160595
127.313 1.13871e-05
125.001 0.000160788
123.517 0.000155387
115.606 0.000158359
125.732 0.000153955
126.013 0.000168771
127.745 0.000150016
124.556 0.000155531
118.737 0.000152105
123.25 0.000146164
119.98 0.000176264
125.844 2.41441e-05
126.741 0.000157686
124.688 0.000155801
125.893 0.000154875
125.076 0.000162926
128.985 0.000182241
126.032 0.000152774
124.378 0.00017267
123.816 0.000141493
125.528 0.000154907
119.941 0.000144924
125.635 0.00014794
123.574 0.000136941
123.278 0.000173317
125.061 0.000173431
124.387 0.000145094
125.358 0.000158918
126.594 0.000163131
121.805 0.000158893
124.625 0.000165488
124.734 0.000175149
125.504 0.000161216
121.044 0.000153797
115.686 0.000121725
120.575 0.000174884
124.846 0.000177801
124.195 4.65793e-06
127.816 0.000161222
125.683 3.01183e-06
125.61 0.000154776
124.453 0.000175441
125.479 0.000126279
117.469 0.000164865
124.472 0.000154226
124.847 -0.00017602
123.244 0.000154393
126.191 0.000173892
125.122 -7.24058e-05
126.864 0.000166667
123.08 0.000171417
125.384 1.10784e-05
125.986 6.51843e-07
123.014 0.000176966
123.538 0.000157331
124.235 0.000156163
124.951 0.000158671
127.515 0.000158999
124.638 0.000173241
125.606 2.41627e-05
115.807 0.000156598
122.694 0.000154143
124.281 0.000167502
122.682 0.000153998
125.813 0.000154185
122.35 0.000149966
125.897 0.000146731
123.548 0.000159332
125.926 0.000163369
125.563 0.000175497
124.003 0.000150819
121.925 0.000179496
125.183 0.000175532
124.906 0.000146824
124.55 0.00015967
125.731 0.000157653
118.003 0.000167095
122.715 0.000163412
126.189 0.000166854
123.847 0.000167338
123.033 0.00015654
124.787 0.000159341
123.676 0.00017894
122.18 0.000164535
119.795 0.000152582
122.954 0.000168414
118.319 0.000143159
125.827 0.000155789
120.942 0.000155681
121.39 0.000159638
122.264 0.000151863
123.224 0.000156063
148.839 0.000168315
125.537 0.000153173
124.918 0.00015441
124.687 3.28511e-05
125.125 0.000164245
123.669 5.98442e-05
127.554 0.000157097
125.458 0.00015802
121.974 0.000168823
124.499 0.000155769
127.003 0.000153645
123.191 7.41143e-06
123.895 5.45439e-05
160.314 0.000155984
125.425 0.000153313
125.585 0.000174115
124.393 0.000173968
127.002 0.000139541
122.529 0.000129685
124.321 0.000152134
124.474 0.00015254
125.402 0.000156307
125.693 0.000157026
125.131 0.000105428
124.016 0.00015404
124.197 0.000154476
154.85 0.000160236
125.646 5.96869e-05
124.173 0.000151908
125.507 0.000159067
122.665 6.2024e-05
124.296 0.000162128
124.805 0.000173233
127.441 0.000153794
126.204 0.000179225
122.735 0.000155849
126.365 0.000172883
125.173 0.00015517
127.169 2.97403e-06
121.366 0.000159794
156.007 0.000158371
118.811 0.000165743
123.643 9.01055e-05
124.828 0.000149702
127.171 5.99326e-05
122.998 0.000168001
124.031 0.000157902
123.813 0.000155957
124.451 0.000131005
123.499 0.00017241
120.636 0.000165368
126.617 0.000158718
116.953 0.000154976
125.851 0.000156682
127.722 0.000159017
127.962 0.00014807
125.469 0.000153115
125.752 6.19674e-07
126.244 0.000169044
124.559 0.000155316
124.69 1.11946e-05
124.897 0.000151422
124.735 0.000158088
122.803 0.000149007
125.994 0.000167646
120.69 0.000160412
122.373 0.00010441
123.371 0.000159329
126.635 0.000153879
121.81 0.000103386
125.358 0.00017582
125.663 0.00015604
124.919 0.000160968
123.439 0.000162338
124.86 0.000157507
124.899 0.000160386
128.781 0.00014858
124.083 0.000171218
126.918 0.000144052
127.554 6.2343e-07
125.888 0.000151543
121.825 0.0001488
123.657 0.000149315
125.759 0.000174621
125.491 0.000152909
126.448 0.000155719
125.46 0.000165514
126.837 0.000155491
124.182 0.000161229
127.171 0.000158219
125.923 0.00016588
127.009 0.000151348
124.762 0.00015111
126.914 0.000162806
123.067 0.000160129
125.321 0.000162152
124.649 0.000175132
123.73 0.000160894
125.079 0.000162807
125.794 0.000146146
126.624 5.87563e-05
124.464 0.000157062
123.886 0.000161345
115.023 0.000165659
130.263 0.000146707
119.052 0.000159062
123.776 0.000160665
117.295 0.000149759
127.121 1.59608e-06
121.391 0.000163107
123.1 0.000174259
124.651 0.000151235
120.495 8.65834e-05
126.31 0.000161006
126.203 0.000152061
125.018 0.000165681
128.854 0.000154254
122.962 0.000158842
134.301 6.8513e-05
127.331 0.000160773
125.973 0.000154854
123.551 0.000161923
127.11 0.000160777
125.719 0.000132107
123.893 0.000158554
123.504 0.000159721
127.33 0.000151299
126.838 0.00016005
124.095 0.000169929
125.584 0.000177122
125.089 0.000166397
124.338 0.000156229
129.58 0.000170354
116.969 0.00015193
128.533 0.000152643
122.84 0.000178585
125.457 0.000159757
127.194 0.000152485
126.18 0.000152968
124.581 9.48432e-05
117.974 0.000185006
118.996 0.000156169
125.85 0.00016228
123.492 0.000143652
119.975 4.39277e-05
126.588 0.000159793
126.097 0.000167233
122.479 -0.000141818
121.923 0.000171543
118.862 0.000157587
122.116 0.000159616
123.727 0.00016011
123.373 0.000156759
116.247 0.000172946
126.825 0.000160133
125.158 0.000163363
121.628 0.000150275
123.274 0.000161884
123.627 0.000127434
126.452 0.00016083
126.227 0.000157165
121.21 0.000166609
121.075 0.000148093
123.922 0.000162696
126.252 0.000153938
123.164 0.000144797
124.144 0.00014875
126.635 0.000152205
126.76 0.00015825
118.79 0.000152257
123.612 0.000169798
123.12 0.000172209
126.927 0.000164873
124.599 0.000155901
125.249 0.000155155
115.492 0.000156855
125.57 0.000145065
126.548 0.000118797
124.513 0.000153486
123.636 0.00015579
127.011 0.000172632
124.111 0.000104044
120.376 0.000175937
126.178 0.000172787
121.601 0.000162389
124.38 0.000154828
117.134 0.000155063
124.831 0.000159747
126.101 6.50144e-07
128.088 0.000154586
123.031 0.000176373
125.389 0.000160894
128.646 2.40541e-05
124.577 0.000174939
125.835 0.000158156
127.321 1.6269e-05
126.063 0.000177698
122.596 0.000157015
125.672 0.000157788
124.572 0.000119509
124.613 0.000171114
124.708 0.000144308
128.18 0.00015017
124.627 0.000167874
123.75 1.77045e-06
127.091 0.000151881
125.742 0.000152211
124.412 0.000147833
124.844 0.000154913
123.384 0.000172504
121.665 0.000144273
126.342 0.000178296
124.558 0.000157343
120.444 0.000158127
124.539 0.00015018
123.674 0.000170759
125.036 0.00017745
127.706 0.000157696
126.236 0.000179119
125.859 0.00016437
125.931 0.000152631
125.011 0.00015883
126.318 0.000171727
124.83 0.000153655
126.614 0.000146008
124.958 4.53274e-05
125.464 0.000162049
124.378 0.000176342
127.628 0.000161095
125.111 0.000161314
124.528 0.000108753
122.559 2.91711e-06
121.56 0.000169242
128.448 0.000154856
122.284 0.000147216
122.753 0.00016415
126.848 0.000178676
125.225 0.000158746
127.436 0.00013234
125.089 0.000162408
124.049 0.000159968
125.204 0.000157026
125.616 0.000183366
127.353 0.000156933
126.497 1.79568e-06
123.265 0.000146603
124.72 0.000175861
127.343 0.000149098
122.772 0.000161819
123.92 0.000154602
124.991 0.000168083
124.91 0.000176324
119.058 0.000155013
123.635 0.000175943
122.029 0.000153735
125.833 0.000159209
127.114 0.000153722
124.887 0.000152879
124.869 6.08862e-07
125.881 0.000155406
126.169 0.000152098
124.394 0.000125892
122.686 0.000158865
124.364 0.000158428
125.871 0.000162906
119.261 0.000160904
126.085 0.000158089
123.731 0.000161
123.283 0.000167623
131.762 0.00016907
126.874 6.32176e-07
134.636 0.000144206
135.063 0.00015694
124.439 0.000163949
124.547 2.92789e-06
126.502 0.000160823
120.53 0.000156081
123.909 8.88294e-05
126.773 0.00017055
122.942 0.000123688
124.985 5.89972e-05
126.344 0.000138943
126.143 0.000159699
125.805 1.4101e-07
126.625 0.000143985
125.088 0.000160368
124.094 0.000167317
124.329 0.000121024
126.774 0.000120171
124.628 0.000159583
123.075 0.000138712
124.08 0.000181642
123.687 0.000152422
125.162 0.000166158
121.318 0.000145502
126.041 0.000157106
125.839 4.1549e-05
126.386 9.00746e-07
119.46 0.00010807
127.701 0.000155723
125.038 0.000152704
123.26 2.38843e-05
123.84 0.000176296
123.986 0.000158831
126.896 0.000173141
124.516 0.000164582
127.287 0.000143857
125.501 0.000166137
124.713 0.000133807
116.579 0.000175662
123.446 0.000160653
125.628 0.000149875
128.459 0.000157167
125.552 0.000168265
122.399 0.000154603
124.728 0.000157235
125.835 0.000166135
128.223 0.000107324
126.698 0.000144445
124.361 0.000153159
119.269 0.000155611
126.628 0.000153875
121.855 8.87029e-05
125.487 0.000153319
123.34 0.000169642
122.35 0.00016024
124.082 4.75382e-05
128.273 0.000160392
122.573 5.619e-05
123.8 0.00016006
124.558 0.000155639
126.554 0.000155448
124.917 0.000154441
121.201 0.00017346
126.676 0.000144506
126.185 0.000154931
123.31 0.000121485
124.551 -0.000156295
123.771 0.000158282
124.224 0.000161354
123.298 0.000156354
124.961 0.000153104
124.013 0.000171675
122.782 -0.000177537
126.15 7.47923e-06
124.731 0.000162066
