122.875 1.85751e-05
122.614 0.000412001
131.471 0.000329038
119.748 0.000147971
147.801 0.000387496
120.816 0.000447967
121.11 0.0003945
117.262 0.000383722
115.937 0.000388466
119.317 0.000396208
115.601 0.000397678
117.217 0.000328126
120.353 0.000373755
116.29 0.000386915
124.049 0.00039811
118.27 0.000401701
120.572 0.000385496
116.285 0.000387157
120.444 0.000378995
122.609 0.000409804
124.261 0.000375279
134.014 0.000435565
118.448 0.000387715
120.95 0.000382281
131.329 0.000378349
119.993 0.000415095
116.558 0.000390536
131.195 0.000377558
122.249 0.000442655
116.191 0.000352392
122.396 0.000432658
115.812 0.000385665
126.755 0.00021431
120.355 0.000376372
122.354 0.00040092
128.541 0.000425488
145.816 0.000383848
122.49 0.000372359
121.61 0.000395533
119.944 0.000394029
121.65 0.000368709
151.032 0.000406209
117.315 0.000391957
120.022 0.000423033
115.281 0.000431425
116.5 0.000395337
119.042 0.000382022
118.51 0.000379845
120.574 0.000383689
116.616 0.000409902
118.045 0.000382582
121.453 6.0397e-05
132.729 0.000400078
125.11 0.000442085
118.644 0.000432713
117.774 0.000321695
122.257 0.000379737
116.751 0.000405749
122.912 0.000390512
119.752 0.000395674
117.832 0.000374394
125.577 0.000437437
122.459 0.000390541
129.845 0.000438883
116.804 0.000409124
131.335 4.22222e-05
117.654 0.000396084
130.17 0.000378239
116.229 0.000379133
116.063 0.000147947
118.868 0.000426945
128.909 0.000375847
121.964 0.000381886
123.954 0.000385024
118.777 0.000413013
128.224 0.000380286
117.89 0.000389694
120.382 0.000385141
119.631 0.000145254
119.487 0.000182256
121.984 0.000182687
132.03 2.68857e-05
116.301 0.000407343
130.999 0.000389024
137.506 0.00043183
122.87 0.000373333
142.721 0.000427389
147.642 5.97863e-05
119.716 0.000378002
119.286 0.000404562
145.544 0.000343596
115.852 0.000384051
121.069 0.000429986
120.371 0.00039988
139.447 0.000410168
137.162 0.000386082
124.25 0.000426203
121.788 0.000382754
116.111 0.000392772
118.67 0.000386287
154.58 0.000349546
119.658 0.000435609
136.345 0.000114343
132.153 0.000386696
126.001 0.000369727
119.221 0.000421948
118.288 0.000379454
117.488 0.000295445
119.03 -0.000363732
117.933 0.000392814
117.21 0.000390236
119.197 0.000371159
115.525 0.000391468
143.294 0.000410923
119.488 0.000427639
119.541 0.000385228
119.203 0.00038724
121.065 0.000388592
118.61 0.000114962
121.786 0.000394581
120.782 0.000261164
123.838 0.000329034
118.624 0.000380081
120.895 0.000369981
123.058 0.000376604
127.514 0.000404147
119.279 0.000441785
123.126 0.000364639
116.549 0.000340847
131.016 -0.000397529
120.187 0.000380026
