121.958 6.4156e-05
126.599 0.000134036
122.475 7.56821e-05
120.207 0.000134537
120.893 0.00013402
124.515 3.98946e-06
117.238 0.000132793
139.046 0.000125379
126.354 0.000140289
124.695 0.000130046
123.647 0.000146153
126.269 0.000131085
139.836 0.000131976
135.542 0.000142323
118.983 0.00013882
125.513 0.000130834
121.762 0.000129989
128.893 0.000143558
122.789 0.000104811
123.799 0.000140489
127.806 0.000132301
128.749 0.000128004
126.837 0.000138136
134.224 0.000138519
127.694 0.000137413
121.245 0.000105073
134.534 0.000142242
125.782 0.000130996
115.445 0.000122678
123.716 0.000154365
138.154 0.000142453
125.63 9.8029e-06
160.109 0.000149842
121.943 0.00013939
125.551 0.000133031
124.726 0.000129781
131.696 0.000101755
124.705 0.000131416
152.305 0.00013093
123.518 0.000120262
128.266 0.000132398
125.087 0.000135176
123.713 0.00013441
124.108 0.000137731
123.351 0.000132119
122.466 0.000157917
125.995 0.000130121
123.89 0.000131956
123.518 0.000132543
125.676 0.000132264
125.675 0.000131788
122.674 0.000133434
121.994 0.000137845
126.407 0.000131736
141.807 0.000129688
125.629 0.000140192
157.626 0.000131977
117.652 0.000152936
124.449 0.000131852
148.79 0.000149123
121.807 0.000131992
125.894 0.000137229
124.595 0.000135139
129.431 0.000134716
124.335 0.000148529
124.476 0.000128985
122.436 0.000137676
118.836 0.000139986
125.619 6.32683e-05
117.653 0.000127391
127.342 0.000138856
124.721 0.000133036
125.46 0.000133904
126.218 0.000135459
125.632 0.000141897
123.132 0.000149192
126.974 0.000147575
125.457 0.000135392
121.24 0.000138442
123.277 0.000135415
125.296 0.000132736
119.656 7.65267e-05
123.559 0.000140704
115.291 0.000148793
126.521 0.00013731
117.334 0.000150038
127.555 0.000142618
125.921 0.000132152
118.341 0.000140909
125.749 5.25295e-05
123.677 8.8938e-06
116.524 0.000135195
123.724 0.000122261
120.312 0.000132593
126.478 0.000130615
129.598 0.000137426
124.35 0.000148111
125.872 0.000149658
124.209 0.000131503
118.507 0.000140243
122.588 0.000132364
125.926 0.000106123
125.333 0.000113137
123.497 0.000131088
117.626 0.000134598
124.531 0.000137181
125.053 0.000114318
126.081 1.57197e-06
138.938 0.000150301
124.054 0.000149937
124.285 1.3962e-05
127.603 0.000126303
126.746 2.06218e-05
122.963 0.000136113
121.765 0.000139538
126.532 0.000129842
160.806 0.000140449
117.32 0.000137375
124.737 0.00013533
127.044 0.000150834
127.199 0.000136184
127.768 0.000130731
125.318 0.000133302
125.728 8.83847e-05
126.87 -0.000138025
124.641 0.000154654
124.377 0.000149357
123.31 0.000130906
124.4 0.000136864
118.436 0.000139946
126.984 0.000122156
133.572 0.000136602
158.397 0.000148545
123.666 0.000133044
123.75 0.000130605
123.072 0.000135669
130.894 0.000153597
126.162 0.000139009
115.742 0.000135724
164.731 0.000129513
125.051 0.00011203
133.294 0.000144368
122.19 0.000149553
124.331 0.000138023
120.99 0.000137351
120.384 0.000134454
127.183 0.000132232
125.499 0.000135702
137.469 0.0001521
123.755 0.000149916
125.384 0.000133686
127.494 0.000125472
124.221 0.000137022
124.838 0.000154677
122.781 0.000138686
126.208 0.000133585
121.623 0.000136453
125.988 0.000126904
120.998 0.000124311
120.079 0.000134056
124.487 0.000138089
121.003 0.000131316
120.381 0.000144768
156.321 0.000144706
124.084 0.000128752
124.419 0.000132851
121.068 0.000151664
124.76 0.000138209
117.924 0.000115448
119.991 0.000121418
127.616 0.000148173
120.528 0.000132717
127.56 0.000124486
122.129 0.000130761
123.52 0.0001527
123.749 0.000136577
127.417 0.000131284
125.367 0.000130495
123.804 0.000138056
123.514 0.000142901
126.215 0.000139037
124.39 0.000142426
127.707 0.000138638
125.096 0.000133234
125.473 0.000146808
124.112 0.000151196
123.789 0.000126428
125.695 0.000152695
123.464 0.00014971
122.455 0.000132557
120.466 0.000150917
121.512 0.000129307
124.043 0.000143018
122.001 0.000131814
126.755 0.000133369
123.834 0.000129982
158.631 0.000137643
116.786 0.000130951
116.673 0.00013961
125.997 0.000126433
125.731 0.000109868
126.085 0.00014849
124.403 0.000141583
121.481 0.000134385
128.945 0.000124741
124.308 0.000141118
119.406 0.000120908
130.21 0.000131221
122.105 0.000149582
122.245 0.000137961
121.63 0.000128689
169.699 0.000135586
119.879 1.02584e-05
118.275 0.00013305
123.194 0.000134919
123.714 0.00013837
123.216 0.000151644
123.834 0.000148345
126.853 0.000139214
131.513 2.51476e-06
124.424 5.07533e-05
117.192 0.00013377
125.436 5.09844e-07
115.4 0.000131591
124.065 0.000134453
122.215 0.000131219
123.243 0.000129632
124.527 0.000130418
122.158 0.000137894
130.415 0.00013079
123.533 0.00012353
122.233 0.000132091
119.789 0.000131691
122.22 0.000131177
123.862 0.00015143
149.852 0.000134326
127.647 0.000129677
124.63 0.000148415
122.69 0.000128654
125.95 0.000132791
127.203 0.000132104
124.75 0.000151623
126.801 0.000122811
134.76 0.00013335
124.027 0.00013068
148.855 0.000131209
120.941 0.000133077
122.68 0.000132466
119.485 0.000134991
125.991 0.000130643
126.015 0.000133123
123.211 0.000148177
124.23 0.000132452
119.574 0.000133675
120.875 0.000136423
137.98 0.000129843
118.361 0.000131972
132.721 0.000127167
116.27 0.000133686
119.481 0.000143674
125.117 0.000134025
148.755 0.000128911
118.361 0.000149879
151.978 0.000141734
122.256 0.000130948
128.291 -0.000137098
123.222 0.00014063
125.8 -0.000133033
125.395 0.000130985
122.118 0.000149229
123.729 0.000126848
117.872 0.000146049
124.727 0.000137273
124.817 0.000130959
122.744 0.000131055
128.789 0.000131758
125.318 0.000125667
122.749 0.000131618
123.69 0.000130789
159.281 0.000130641
127.485 0.000149361
123.105 0.000148678
122.245 0.000141144
123.26 0.000127906
117.766 0.000128183
125.919 0.000129518
126.571 0.000140254
122.311 0.000130997
163.331 0.000151136
124.376 0.00012913
124.069 0.000137069
125.792 0.000130581
153.536 0.000138156
124.835 8.99792e-05
123.609 0.000137272
124.245 0.000131466
125.706 0.000129858
125.998 0.000133515
126.119 0.000130652
126.812 0.000130241
123.509 1.49572e-06
122.5 0.000146605
125.911 0.000123096
116.67 0.000132058
120.79 0.000152266
129.127 0.000149829
120.795 0.000142699
144.191 0.000133801
121.716 0.000131442
124.272 0.000148354
121.809 0.000115124
125.742 5.61394e-07
123.102 0.000135757
150.112 0.000150203
128.271 0.000133735
121.338 6.2995e-05
124.365 0.000130614
126.234 0.000127171
126.229 0.000128762
125.061 3.94973e-06
126.058 8.76067e-05
123.655 0.000147098
131.425 9.41953e-06
125.329 0.000130639
124.758 0.000129424
122.426 0.000137024
123.591 0.00013542
140.367 0.000140578
129.333 0.000131
123.092 0.000133997
127.557 0.000142863
124.936 3.91552e-06
128.007 0.000123117
125.668 3.83817e-05
126.212 0.000138701
127.832 0.000135329
124.234 0.000140265
127.691 2.73561e-05
123.955 0.000136148
122.821 0.000135445
124.191 0.000122335
123.176 -0.000133205
122.438 0.000130114
126.833 0.000135805
122.465 0.000131816
120.652 0.000139397
124.607 0.000135822
128.256 0.000134154
122.923 0.000135476
123.71 0.000134859
120.912 0.000137866
120.866 0.000133635
126.16 0.00013204
130.735 0.00015369
127.868 0.000129573
127.873 0.000132178
125.953 0.000132447
120.241 0.000132091
153.751 0.000141692
125.536 0.000146152
125.287 0.000123781
126.125 3.84989e-05
124.917 7.64728e-05
125.456 0.000147574
129.245 5.23742e-05
126.629 1.39223e-05
125.416 0.000131569
124.41 0.000142579
123.955 0.000132662
124.376 0.000103798
121.94 0.000139828
125.616 0.000135529
120.871 0.000149834
126.027 0.000132095
123.999 0.000133945
122.918 0.000134289
123.764 0.000146492
124.959 0.000125676
127.425 0.000130327
122.276 0.00013632
124.439 0.000141184
125.203 0.000133044
121.595 0.00013245
121.12 0.00013716
124.165 0.000132699
128.613 0.000140162
155.113 5.57905e-07
123.703 7.68291e-05
126.54 0.000131356
121.133 0.000118619
128.066 0.000131824
117.808 0.000155376
116.055 0.000144685
122.593 9.35655e-07
124.2 0.000130495
125.616 0.000131374
126.703 0.000150704
119.261 0.000129067
150.135 0.000126442
123.452 0.000132131
122.997 0.000140518
123.212 0.000101428
125.637 0.000131436
125.249 0.000138114
126.13 -2.524e-06
122.457 0.000147323
120.376 0.000151817
121.774 0.000127566
124.074 0.000131513
123.131 0.000127164
122.554 0.000131193
123.088 0.000134801
125.356 0.000134388
125.41 0.0001317
123.98 0.000147573
126.095 0.000139602
124.763 0.000142784
121.824 0.000148746
126.316 0.000130764
120.885 0.000133433
123.225 0.000142693
126.455 0.00012929
120.395 0.000141111
121.24 0.000122151
123.588 0.000134067
120.692 -0.000132796
118.689 0.000131747
125.199 0.000120155
125.438 0.000135856
123.17 0.000129418
126.424 0.000131094
124.112 3.8502e-05
124.487 0.000138381
122.752 2.82879e-05
117.233 0.000129536
127.268 0.000140175
115.399 0.000134502
119.943 1.44785e-05
128.003 5.1092e-05
123.362 0.00013101
123.434 0.000130001
124.386 0.000131825
123.203 0.000130947
123.756 0.000161355
115.225 0.000131722
124.799 0.000149258
126.079 0.000133719
123.963 9.03301e-05
123.05 0.000132663
167.79 0.000137629
125.831 0.000132009
123.138 0.00013892
125.578 0.000130966
129.572 0.000149559
128.651 0.000137746
135.628 0.000158468
123.656 0.000132469
123.13 0.000131759
157.092 0.000135822
128.533 0.000136884
147.561 0.000134436
124.373 0.000135237
127.876 3.664e-06
123.451 0.000130553
122.817 0.000136613
121.725 0.000135365
125.738 0.00011372
125.512 0.000132618
126.788 0.000147109
119.807 0.000151844
124.159 0.000142484
125.183 0.000131986
124.126 0.000132241
119.337 0.000134455
121.662 0.000103104
124.248 0.00013234
123.159 0.00015181
153.024 1.56215e-06
125.659 0.000142773
121.02 0.000131828
122.233 0.000145842
125.596 0.000132539
121.757 0.00014053
124.491 0.000134666
119.365 0.000131029
128.254 0.000148272
122.917 0.000150399
125.032 0.000101676
123.384 0.000110569
126.663 0.0001428
122.746 0.000132482
124.684 1.42802e-05
124.821 0.000139117
123.612 0.000145749
123.565 0.000143076
123.401 0.000124128
125.79 -0.000114407
123.501 3.86605e-05
124.9 0.000136461
124.655 0.000132164
127.034 0.000152416
123.832 0.00014386
142.664 0.000131086
120.339 6.58686e-06
122.119 0.000132028
119.314 0.000134999
127.064 0.000135418
120.193 0.000143336
125.36 0.000132245
120.556 0.000121358
115.386 0.00015167
124.579 0.000150902
123.996 0.000151658
123.31 0.00014829
124.723 0.00013701
130.897 -0.0001298
128.205 0.000126488
125.682 0.000135537
126.85 0.000142525
124.181 0.000135371
123.392 0.000143407
122.013 0.000130771
123.533 0.000141863
121.419 0.000150399
127.201 0.00012077
123.681 0.000131886
124.789 0.000131388
125.001 0.000137813
125.387 0.000150718
136.63 0.000123951
126.645 0.000114993
125.355 0.000139303
128.269 0.000117137
126.575 0.000113631
127.595 0.000129575
125.241 0.00014261
126.889 0.000132498
126.297 0.000133309
123.441 0.00012716
125.067 0.000131261
122.171 0.000123921
133.529 0.000146001
126.477 0.000126991
120.75 0.000132119
123.562 0.000134744
125.091 0.0001316
122.24 0.000137837
125.598 0.000131637
119.765 0.000119839
124.107 0.000140619
120.322 0.000124811
125.224 0.00013358
121.148 0.000137179
123.714 0.000140875
136.548 0.00013452
126.121 0.000132539
123.574 0.00013091
121.652 0.00012575
126.487 0.000141122
119.941 0.000130682
125.09 0.000129823
123.047 0.000146934
127.83 0.000133982
129.327 0.000130881
122.074 0.000136127
124.088 9.50622e-08
122.43 0.000132475
126.019 0.00013244
122.27 0.000133382
118.181 0.000146498
125.266 0.00013026
126.693 0.000131331
144.082 0.000143996
141.231 0.000130135
121.769 0.000133762
123.028 0.000140651
124.427 0.000132161
131.198 0.00013036
125.188 0.000151725
119.058 0.000147161
124.997 0.000139421
129.21 0.000152249
121.595 0.000136195
125.051 0.000131378
140.573 0.000133634
126.033 0.000132434
131.92 0.000122051
124.758 0.000137012
117.313 0.000136672
119.627 0.000130303
124.664 3.83625e-05
123.391 0.000150626
123.756 0.000153146
121.952 0.000143919
141.565 0.000134377
121.805 0.000151391
129.088 0.000137508
123.925 0.00010188
126.034 0.0001313
123.473 0.000132079
118.687 0.000142283
124.726 0.000137044
126.693 0.000132883
126.607 0.000134149
157.662 0.000138379
123.538 0.000133624
127.527 0.000142978
126.389 0.000138702
121.673 -0.000133956
122.954 0.000135668
122.442 0.000131891
126.999 0.000124982
124.97 0.000130065
125.621 4.66609e-05
126.955 0.000132797
126.89 7.58186e-05
126.516 0.000124355
130.02 0.000139631
125.461 0.000121873
140.712 0.000132451
121.566 0.000148589
122.636 0.000131025
116.29 0.000125729
124.531 0.000149497
126.001 0.000124131
125.344 0.000148009
120.658 0.000150771
119.145 0.000131201
124.268 0.00012217
125.12 0.000144454
128.381 0.000135427
125.971 0.000148941
145.535 0.000144948
128.865 0.000131622
123.663 0.000138642
120.477 0.000127227
125.721 0.000132082
121.164 0.000136748
154.729 0.000138442
130.648 0.000131738
129.278 0.000162299
126.796 0.000146689
125.194 0.00013708
147.899 6.21432e-06
120.313 6.03943e-05
127.115 0.000129782
123.648 0.000130079
125.121 0.000147957
121.946 0.000138752
125.939 0.000113561
131.333 0.000144433
124.353 1.88509e-05
122.463 0.000132857
124.943 0.000132174
120.048 0.000134678
123.479 5.02759e-05
127.585 0.000131258
126.759 4.05643e-06
124.727 0.000148221
125.733 0.000138743
124.802 0.000113505
120.894 0.000136048
121.062 0.000134956
131.726 0.000151287
130.801 0.000131821
126.331 0.000150697
122.523 0.000144498
125.126 0.000128956
124.326 0.000133593
121.969 0.000134854
118.206 0.000150908
123.843 0.000140857
124.593 0.000130875
125.113 0.000140338
119.485 0.000117297
126.621 0.000131656
119.822 0.000143638
124.301 0.000135532
126.877 0.000133201
123.256 0.000125388
122.192 0.000132571
120.753 0.000134547
118.895 0.000132414
126.211 0.000152334
122.318 0.000129202
126.586 0.000139451
122.545 0.000131937
117.443 0.000137487
126.165 0.000139145
162.375 0.000135417
125.215 0.000149335
123.909 0.000151788
125.347 0.000142748
116.195 0.000117598
125.405 0.000136423
124.045 0.000132841
126.339 2.92249e-05
125.732 0.000137265
124.711 0.000122799
122.513 5.03847e-05
126.744 0.000135588
121.783 0.000139267
124.194 2.01707e-05
124.463 0.000134957
125.253 0.000140423
124.309 0.000128446
125.746 0.000136974
