139.191 0.000100126
125.997 0.000101093
122.53 8.58439e-05
123.291 8.97538e-05
118.724 0.000104359
125.581 0.00010226
123.395 0.000104247
125.105 9.10791e-05
122.626 8.86029e-05
127.474 9.80843e-05
122.547 8.92498e-05
126.698 9.54985e-05
123.271 5.56963e-05
118.262 0.000100068
124.994 9.86518e-05
124.133 0.000101834
125.404 9.75047e-05
121.367 9.76546e-05
129.789 9.88982e-05
123.646 7.53433e-05
125.124 0.000101072
131.134 9.60124e-05
124.955 4.65323e-05
124.343 0.000109715
126.166 9.83209e-05
120.11 0.000113979
126.564 3.84325e-05
121.67 0.000100208
123.349 0.000100516
125.091 0.000111509
123.815 1.93883e-05
126.675 0.000102876
125.686 0.000109155
126.789 0.000102052
124.519 9.64073e-05
125.317 0.000102909
125.918 9.15977e-08
125.707 9.78515e-05
123.931 0.000100897
123.402 9.85752e-05
122.98 0.000111338
123.512 9.93299e-05
157.241 9.97861e-05
126.161 9.65023e-05
117.957 0.000114379
122.633 0.000113758
125.002 0.000103026
124.387 6.58787e-05
124.511 0.000102169
129.583 0.000108083
119.281 0.000103904
122.249 7.17135e-07
122.318 0.000100514
127.662 9.55708e-05
150.488 9.77585e-05
126.265 9.5673e-05
118.466 0.000103962
124.928 9.77212e-05
122.633 9.49499e-05
121.177 9.81398e-05
118.16 0.000111697
144.135 8.85381e-05
122.668 0.000101269
129.413 5.83336e-05
123.976 0.000110302
124.68 0.000105355
157.212 0.000106016
120.268 0.00011006
116.452 9.27177e-05
125.9 9.66746e-05
127.024 1.44179e-05
124.636 0.000100085
124.034 9.17595e-05
120.888 9.62472e-05
121.786 9.19149e-05
123.303 0.000101127
122.562 9.99441e-05
124.45 0.000101699
124.582 9.87447e-05
121.862 9.58964e-05
127.066 9.70135e-05
123.54 0.000109496
119.31 9.93913e-05
123.64 9.99755e-05
125.819 9.42663e-05
116.28 -0.000100859
119.908 3.93202e-07
123.508 0.000110142
120.111 9.00834e-05
124.52 9.96595e-05
127.627 9.9384e-05
164.686 9.88213e-05
124.615 7.51757e-05
124.91 0.000100957
127.669 0.000105422
124.405 9.58605e-05
115.15 0.000106574
123.631 8.2374e-05
125.108 9.64461e-05
123.263 0.000110354
120.414 9.67741e-05
117.566 9.95821e-05
123.124 0.000107786
127.153 9.02491e-05
126.299 9.51341e-05
147.365 0.000104925
122.088 9.78077e-06
124.444 0.000100777
122.086 0.000115456
129.935 0.000113309
126.894 9.66065e-05
117.131 0.000106168
121.937 9.40317e-05
124.31 8.17212e-05
126.727 9.19506e-05
123.965 9.81055e-05
124.165 0.000105854
123.239 0.000100902
123.531 9.73334e-05
127.192 9.38135e-05
127.003 5.64487e-05
125.313 0.000105664
129.434 -0.000101571
125.389 9.75411e-05
126.797 0.000176402
117.486 0.000163277
125.723 0.000162042
124.324 1.04258e-06
120.121 0.000117288
122.111 0.000146748
127.187 4.4823e-06
125.816 0.000155312
124.849 0.000148828
124.904 0.000147394
122.933 0.000159713
126.056 0.000149284
128.143 0.00013441
121.024 0.000160968
137.391 0.000152184
127.742 0.000155154
139.984 0.000166193
126.966 0.000148588
120.11 0.000150068
140.97 4.07622e-06
121.402 0.000138259
121.382 0.000101217
144.934 0.000165457
123.448 0.000154523
125.836 0.000152176
129.089 0.000134642
123.052 0.00015304
159.151 0.000156663
121.46 0.000156035
125.217 0.000140726
162.795 0.00015537
126.059 6.36009e-07
129.189 0.00013444
119.568 8.52337e-05
120.688 0.00014878
124.162 0.000134114
121.77 0.000132093
123.679 0.000143568
163.153 0.000142189
128.731 0.000175481
155.966 0.000161191
120.419 0.000170526
123.626 0.000150417
121.299 0.000153284
123.806 0.000168111
124.786 0.0001571
124.957 0.00016663
119.641 0.000148112
122.387 0.00016994
116.341 0.000149537
126.943 0.000157217
166.032 3.15153e-05
126.956 -0.000154423
128.212 0.000147857
121.157 0.000149938
117.573 0.000154459
123.751 0.000131852
126.457 5.4592e-05
119.319 0.00014253
122.447 0.000151002
127.051 0.000154674
121.845 2.82522e-06
164.476 0.000156319
156.221 0.000173938
124.348 0.000155878
119.193 0.000149388
119.633 -0.000174105
123.414 0.000168166
123.361 0.000144135
121.187 0.000159052
124.122 0.000160395
126.219 0.000150918
119.289 0.000149958
120.042 0.000157052
124.515 0.000170168
115.371 0.000155221
119.602 0.000180008
124.439 0.000168773
123.478 5.45823e-05
125.039 -0.000148292
118.305 0.000151992
125.854 9.81424e-05
123.11 0.000162542
121.126 0.000145777
123.617 0.000150579
122.725 0.000179437
162.536 0.000169101
122.434 0.00017018
116.308 0.000167888
123.041 0.000153502
126.479 0.000147799
121.927 0.000146067
123.759 0.000169371
118.217 0.000141393
123.865 0.000171879
125.069 0.000155428
122.62 7.47095e-06
124.659 0.00017682
123.493 0.000149643
122.795 0.000144092
123.817 0.000156074
121.704 0.000144971
125.667 0.000152822
126.282 4.5626e-05
123.433 0.000163054
125.319 0.000136124
119.986 0.000152644
124.634 0.000145305
125.715 0.000152249
122.146 0.000149875
123.36 0.00012577
123.232 0.000125365
121.936 0.000159746
127.18 0.000147101
115.624 0.000148259
123.218 0.000148502
125.268 0.00014707
