126.467 0.000329919
127.492 0.000329124
134.907 0.000330182
132.363 0.000313192
128.418 0.000305324
131.478 0.000149894
131.178 0.000298267
128.956 0.000323132
124.504 0.000148917
130.48 0.000307064
132.029 0.00031772
129.97 4.75326e-05
124.186 0.000346943
130.002 0.000329991
125.676 0.000337535
128.352 0.000320001
136.127 0.000319559
131.013 0.00031237
134.318 0.000279708
126.929 0.000352363
128.584 0.000330527
131.445 0.00027305
130.292 0.000325742
130.046 0.000361671
133.19 0.000327254
132.641 -0.000330961
127.549 0.000324738
129.635 0.000351336
128.299 0.000293201
126.89 0.000310941
127.078 0.000325641
137.479 0.000311056
129.061 0.000354747
131.76 0.000320277
132.589 0.000298729
134.375 0.000151296
128.339 0.000334835
123.318 0.000335626
130.195 0.000323796
125.561 0.000335981
125.289 0.000326258
129.953 0.00034596
128.096 0.000328654
118.438 0.000246267
127.367 -0.000217291
129.94 0.000318761
130.242 0.000326994
123.38 0.000150182
133.677 0.000338747
129.554 0.000329476
128.621 0.00032615
125.305 0.000353509
133.446 0.00032919
124.583 3.43811e-05
129.958 0.000322299
130.086 0.000291185
121.867 0.000327362
135.836 0.000320968
156.634 0.000299033
128.022 0.000309698
125.451 0.000328288
131.031 2.59124e-07
127.135 0.000305367
122.985 0.000295919
120.062 0.00052207
116.456 0.000524727
129.524 0.000518853
127.002 0.000548506
129.957 -0.000540072
130.324 0.000599776
132.225 0.00010532
130.505 0.000587685
131.852 0.000527012
124.548 0.000554504
129.417 0.000585698
130.143 0.000542961
131.663 0.000515394
125.577 0.000552818
117.908 0.000617275
135.621 0.000511005
133.751 0.000159482
128.317 0.000556228
128.654 0.000516606
128.802 0.000522794
130.828 0.000478865
129.443 0.000435001
116.995 0.000488852
119.487 0.000545262
129.28 0.000586155
129.959 0.000541873
123.839 0.000469266
126.471 0.000529623
130.057 0.00042946
125.649 0.000542393
126.927 0.00053955
130.74 0.000565351
120.673 0.000505264
126.978 0.000589651
129.325 0.000604458
130.065 0.000490146
129.237 0.00054999
128.178 0.000574675
